# x and average y for the best solution found, chi=1.414277
#  q       exp_intensity   weighted_intensity
0.014190 734.699000 727.611684
0.015100 713.369000 714.017983
0.016020 693.117000 700.111835
0.016930 690.698000 685.666958
0.017850 672.187000 670.912374
0.018760 654.094000 655.917488
0.019670 641.642000 640.738470
0.020590 632.450000 625.431794
0.021500 609.494000 610.051590
0.022420 584.609000 594.648655
0.023330 569.503000 579.276657
0.024240 560.428000 563.981298
0.025160 546.875000 548.807362
0.026070 535.513000 533.794417
0.026990 517.660000 518.988219
0.027900 503.197000 504.543136
0.028820 487.341000 490.280744
0.029730 468.800000 476.308078
0.030640 455.427000 462.658734
0.031560 442.855000 449.355270
0.032470 429.440000 436.413290
0.033390 418.565000 423.846196
0.034300 410.354000 411.662612
0.035220 396.943000 399.891392
0.036130 383.104000 388.565418
0.037040 370.736000 377.568241
0.037960 364.250000 366.988362
0.038870 359.809000 356.821967
0.039790 349.481000 347.043535
0.040700 340.349000 337.644695
0.041610 332.324000 328.640755
0.042530 321.583000 320.002627
0.043440 311.067000 311.693095
0.044360 304.307000 303.704517
0.045270 295.575000 296.037359
0.046190 290.802000 288.677450
0.047100 287.138000 281.615684
0.048010 278.698000 274.881153
0.048930 274.577000 268.376076
0.049840 269.741000 262.121065
0.050760 261.623000 256.097923
0.051670 254.790000 250.291402
0.052590 249.451000 244.721527
0.053500 245.868000 239.333478
0.054410 236.857000 234.101910
0.055330 231.466000 229.037633
0.056240 225.865000 224.137539
0.057160 222.829000 219.401619
0.058070 219.297000 214.796205
0.058990 214.168000 210.303426
0.059900 208.332000 205.940122
0.060810 204.231000 201.689384
0.061730 199.967000 197.575812
0.062640 195.355000 193.541793
0.063560 192.109000 189.589740
0.064470 186.789000 185.728179
0.065380 182.320000 181.968050
0.066300 179.401000 178.299233
0.067210 179.787000 174.684595
0.068130 176.259000 171.148656
0.069040 169.726000 167.703343
0.069960 164.128000 164.329259
0.070870 159.660000 161.014094
0.071780 157.574000 157.765824
0.072700 154.922000 154.608838
0.073610 152.932000 151.503389
0.074530 148.193000 148.451884
0.075440 144.904000 145.471613
0.076360 141.835000 142.560637
0.077270 139.606000 139.705892
0.078180 136.817000 136.905844
0.079100 134.431000 134.177715
0.080010 130.500000 131.505943
0.080930 127.624000 128.886630
0.081840 125.597000 126.326056
0.082750 123.216000 123.843307
0.083670 121.838000 121.403221
0.084580 118.538000 119.012099
0.085500 116.239000 116.689199
0.086410 115.147000 114.420706
0.087330 111.518000 112.197121
0.088240 108.961000 110.033479
0.089150 107.216000 107.917909
0.090070 105.298000 105.846276
0.090980 102.855000 103.836515
0.091900 100.956000 101.877114
0.092810 99.305100 99.957219
0.093730 97.535500 98.091617
0.094640 95.866000 96.272294
0.095550 94.437100 94.491362
0.096470 92.563900 92.759942
0.097380 90.267000 91.071646
0.098300 89.599900 89.416450
0.099210 88.970800 87.807011
0.100130 85.282600 86.232504
0.101040 82.948900 84.689060
0.101950 83.299000 83.199383
0.102870 82.478400 81.726666
0.103780 81.298200 80.294852
0.104700 80.307300 78.893838
0.105610 77.692200 77.522622
0.106520 75.004300 76.177460
0.107440 74.208400 74.856444
0.108350 73.341100 73.560635
0.109270 70.987200 72.293911
0.110180 69.316400 71.049258
0.111100 68.056200 69.826477
0.112010 66.087700 68.624539
0.112920 66.229900 67.446264
0.113840 65.540300 66.286132
0.114750 64.176700 65.144426
0.115670 63.446400 64.021181
0.116580 62.283200 62.911518
0.117500 60.877600 61.820914
0.118410 59.070200 60.750038
0.119320 58.217400 59.694652
0.120240 57.481300 58.657762
0.121150 57.263400 57.637080
0.122070 56.416900 56.634510
0.122980 55.507000 55.647111
0.123900 54.790200 54.680939
0.124810 53.531500 53.731414
0.125720 53.437000 52.801147
0.126640 52.337900 51.888754
0.127550 51.264600 50.994523
0.128470 50.828500 50.120399
0.129380 49.450700 49.265794
0.130290 47.676300 48.431330
0.131210 47.054800 47.615494
0.132120 47.446600 46.821599
0.133040 46.365800 46.047278
0.133950 45.270800 45.295494
0.134870 45.255900 44.568960
0.135780 44.833300 43.857638
0.136690 44.884800 43.167056
0.137610 44.352100 42.495625
0.138520 43.442000 41.843627
0.139440 42.369400 41.209550
0.140350 41.929900 40.594032
0.141270 40.969000 39.996128
0.142180 40.088400 39.414202
0.143090 39.433900 38.849132
0.144010 38.727300 38.301088
0.144920 40.019300 37.764345
0.145840 40.346400 37.241016
0.146750 39.400200 36.728593
0.147660 37.462800 36.226485
0.148580 35.971700 35.736528
0.149490 36.053200 35.252163
0.150410 34.300000 34.775092
0.151320 32.865000 34.307126
0.152240 32.721800 33.841775
0.153150 33.369600 33.382619
0.154060 34.009300 32.929402
0.154980 32.863900 32.473351
0.155890 32.318300 32.025898
0.156810 32.834100 31.578086
0.157720 31.796100 31.131899
0.158630 30.738200 30.689228
0.159550 29.840900 30.246375
0.160460 28.812300 29.803090
0.161380 28.294700 29.362852
0.162290 28.411600 28.923256
0.163210 27.767200 28.482122
0.164120 27.603000 28.046642
0.165030 27.125500 27.612986
0.165950 26.432400 27.176246
0.166860 26.173600 26.747298
0.167780 25.549100 26.321536
0.168690 24.119300 25.894801
0.169610 24.244500 25.474690
0.170520 23.577700 25.060735
0.171430 23.097400 24.649197
0.172350 23.264300 24.241859
0.173260 23.139400 23.843970
0.174180 23.810800 23.451288
0.175090 23.580100 23.061766
0.176000 22.854300 22.683449
0.176920 21.625400 22.312736
0.177830 21.497400 21.949843
0.178750 20.933800 21.591153
0.179660 20.798100 21.242856
0.180580 21.107700 20.903489
0.181490 20.656000 20.570030
0.182410 20.623000 20.244412
0.183320 20.216500 19.929199
0.184230 19.749600 19.621703
0.185150 18.275100 19.320965
0.186060 19.118800 19.025077
0.186980 17.950000 18.740351
0.187890 17.068700 18.463120
0.188810 17.921500 18.192531
0.189720 17.558500 17.925729
0.190630 17.202800 17.667145
0.191550 17.382100 17.415609
0.192460 17.256300 17.169757
0.193380 17.392800 16.927832
0.194290 16.646400 16.690529
0.195200 16.022000 16.460540
0.196120 16.045800 16.235341
0.197030 16.823200 16.014590
0.197950 17.398400 15.797520
0.198860 16.398900 15.584765
0.199780 15.550600 15.377554
0.200690 14.912800 15.174893
0.201600 15.627700 14.976099
0.202520 14.831400 14.780947
0.203430 14.479100 14.589203
0.204350 14.645600 14.401965
0.205260 14.316300 14.219646
0.206170 12.922000 14.041587
0.207090 12.839100 13.867666
0.208000 13.235500 13.696932
0.208920 14.121300 13.532245
0.209830 14.012300 13.370210
0.210750 13.013400 13.213795
0.211660 12.765300 13.062045
0.212570 12.901100 12.914599
0.213490 12.902000 12.770888
0.214400 12.822400 12.631809
0.215320 12.259600 12.497635
0.216230 13.228200 12.367365
0.217150 12.457900 12.240653
0.218060 12.129900 12.118923
0.218970 12.058100 12.001404
0.219890 12.642300 11.888064
0.220800 12.623100 11.777767
0.221720 12.808800 11.671400
0.222630 12.348400 11.568675
0.223540 12.675600 11.468997
0.224460 13.177500 11.372295
0.225370 12.537400 11.277861
0.226290 12.102300 11.185411
0.227200 11.231400 11.096164
0.228120 10.261100 11.008812
0.229030 10.141200 10.923102
0.229950 10.290400 10.838353
0.230860 10.059900 10.755626
0.231770 10.817100 10.673923
0.232690 11.301000 10.593074
0.233600 9.588330 10.512898
0.234520 10.143500 10.432967
0.235430 10.790800 10.353472
0.236340 10.391000 10.274249
0.237260 10.320700 10.194990
0.238170 10.564100 10.115642
0.239090 10.582400 10.036161
0.240000 10.333800 9.956463
0.240910 9.851360 9.876801
0.241830 9.634120 9.796117
0.242740 9.696720 9.715584
0.243660 8.652450 9.635162
0.244570 8.978780 9.554267
0.245490 8.698140 9.473349
0.246400 8.839710 9.392648
0.247320 9.654390 9.312191
0.248230 9.427160 9.231886
0.249140 10.018500 9.151860
0.250060 9.477140 9.072392
0.250970 9.563260 8.993164
0.251890 9.291070 8.915183
0.252800 8.407810 8.837882
0.253710 8.537690 8.761618
0.254630 8.476910 8.686360
0.255540 8.473910 8.612534
0.256460 8.362960 8.540100
0.257370 7.985550 8.469379
0.258280 7.453060 8.400514
0.259200 7.949550 8.332913
0.260110 7.874070 8.267183
0.261030 8.208530 8.203373
0.261940 8.305570 8.142203
0.262860 7.802180 8.082631
0.263770 7.432000 8.025183
0.264690 6.925930 7.969957
0.265600 7.466970 7.916849
0.266510 8.482890 7.865932
0.267430 8.362460 7.817144
0.268340 8.099130 7.770558
0.269260 7.485440 7.726116
