 0.141882E-01  0.734699E+03  0.921016E+01
 0.151024E-01  0.713369E+03  0.758607E+01
 0.160166E-01  0.693117E+03  0.131460E+02
 0.169308E-01  0.690698E+03  0.550906E+01
 0.178451E-01  0.672187E+03  0.460689E+01
 0.187593E-01  0.654094E+03  0.433053E+01
 0.196735E-01  0.641642E+03  0.123640E+02
 0.205877E-01  0.632450E+03  0.517579E+01
 0.215019E-01  0.609494E+03  0.463938E+01
 0.224162E-01  0.584609E+03  0.390689E+01
 0.233304E-01  0.569503E+03  0.335199E+01
 0.242446E-01  0.560428E+03  0.324707E+01
 0.251588E-01  0.546875E+03  0.313342E+01
 0.260731E-01  0.535513E+03  0.294969E+01
 0.269873E-01  0.517660E+03  0.289305E+01
 0.279015E-01  0.503197E+03  0.281286E+01
 0.288157E-01  0.487341E+03  0.267836E+01
 0.297299E-01  0.468800E+03  0.260708E+01
 0.306442E-01  0.455427E+03  0.254069E+01
 0.315584E-01  0.442855E+03  0.248808E+01
 0.324726E-01  0.429440E+03  0.248421E+01
 0.333868E-01  0.418565E+03  0.240146E+01
 0.343011E-01  0.410354E+03  0.242283E+01
 0.352153E-01  0.396943E+03  0.239417E+01
 0.361295E-01  0.383104E+03  0.240268E+01
 0.370437E-01  0.370736E+03  0.238059E+01
 0.379579E-01  0.364250E+03  0.236269E+01
 0.388722E-01  0.359809E+03  0.235920E+01
 0.397864E-01  0.349481E+03  0.230786E+01
 0.407006E-01  0.340349E+03  0.222156E+01
 0.416148E-01  0.332324E+03  0.215461E+01
 0.425290E-01  0.321583E+03  0.211768E+01
 0.434433E-01  0.311067E+03  0.207558E+01
 0.443575E-01  0.304307E+03  0.200073E+01
 0.452717E-01  0.295575E+03  0.194032E+01
 0.461859E-01  0.290802E+03  0.193521E+01
 0.471002E-01  0.287138E+03  0.190202E+01
 0.480144E-01  0.278698E+03  0.191267E+01
 0.489286E-01  0.274577E+03  0.192810E+01
 0.498428E-01  0.269741E+03  0.194691E+01
 0.507570E-01  0.261623E+03  0.192422E+01
 0.516713E-01  0.254790E+03  0.194229E+01
 0.525855E-01  0.249451E+03  0.193562E+01
 0.534997E-01  0.245868E+03  0.190981E+01
 0.544139E-01  0.236857E+03  0.191211E+01
 0.553282E-01  0.231466E+03  0.185641E+01
 0.562424E-01  0.225865E+03  0.182671E+01
 0.571566E-01  0.222829E+03  0.180824E+01
 0.580708E-01  0.219297E+03  0.178331E+01
 0.589850E-01  0.214168E+03  0.176838E+01
 0.598993E-01  0.208332E+03  0.173075E+01
 0.608135E-01  0.204231E+03  0.170336E+01
 0.617277E-01  0.199967E+03  0.165994E+01
 0.626419E-01  0.195355E+03  0.162916E+01
 0.635562E-01  0.192109E+03  0.163674E+01
 0.644704E-01  0.186789E+03  0.160658E+01
 0.653846E-01  0.182320E+03  0.161696E+01
 0.662988E-01  0.179401E+03  0.162065E+01
 0.672130E-01  0.179787E+03  0.160416E+01
 0.681273E-01  0.176259E+03  0.159143E+01
 0.690415E-01  0.169726E+03  0.158470E+01
 0.699557E-01  0.164128E+03  0.167828E+01
 0.708699E-01  0.159660E+03  0.109966E+01
 0.717842E-01  0.157574E+03  0.107913E+01
 0.726984E-01  0.154922E+03  0.107234E+01
 0.736126E-01  0.152932E+03  0.107001E+01
 0.745268E-01  0.148193E+03  0.107254E+01
 0.754410E-01  0.144904E+03  0.108051E+01
 0.763553E-01  0.141835E+03  0.106634E+01
 0.772695E-01  0.139606E+03  0.105672E+01
 0.781837E-01  0.136817E+03  0.104157E+01
 0.790979E-01  0.134431E+03  0.102235E+01
 0.800122E-01  0.130500E+03  0.102157E+01
 0.809264E-01  0.127624E+03  0.100608E+01
 0.818406E-01  0.125597E+03  0.100157E+01
 0.827548E-01  0.123216E+03  0.993203E+00
 0.836690E-01  0.121838E+03  0.976615E+00
 0.845833E-01  0.118538E+03  0.970892E+00
 0.854975E-01  0.116239E+03  0.966398E+00
 0.864117E-01  0.115147E+03  0.965614E+00
 0.873259E-01  0.111518E+03  0.958588E+00
 0.882401E-01  0.108961E+03  0.945356E+00
 0.891544E-01  0.107216E+03  0.943720E+00
 0.900686E-01  0.105298E+03  0.930288E+00
 0.909828E-01  0.102855E+03  0.923521E+00
 0.918970E-01  0.100956E+03  0.921717E+00
 0.928113E-01  0.993051E+02  0.920514E+00
 0.937255E-01  0.975355E+02  0.921765E+00
 0.946397E-01  0.958660E+02  0.912201E+00
 0.955539E-01  0.944371E+02  0.909002E+00
 0.964681E-01  0.925639E+02  0.914285E+00
 0.973824E-01  0.902670E+02  0.910432E+00
 0.982966E-01  0.895999E+02  0.898150E+00
 0.992108E-01  0.889708E+02  0.875962E+00
 0.100125E+00  0.852826E+02  0.875500E+00
 0.101039E+00  0.829489E+02  0.866288E+00
 0.101953E+00  0.832990E+02  0.864925E+00
 0.102868E+00  0.824784E+02  0.858776E+00
 0.103782E+00  0.812982E+02  0.865978E+00
 0.104696E+00  0.803073E+02  0.874358E+00
 0.105610E+00  0.776922E+02  0.894318E+00
 0.106525E+00  0.750043E+02  0.920403E+00
 0.107439E+00  0.742084E+02  0.831539E+00
 0.108353E+00  0.733411E+02  0.813958E+00
 0.109267E+00  0.709872E+02  0.801887E+00
 0.110181E+00  0.693164E+02  0.786502E+00
 0.111096E+00  0.680562E+02  0.776276E+00
 0.112010E+00  0.660877E+02  0.772281E+00
 0.112924E+00  0.662299E+02  0.761070E+00
 0.113838E+00  0.655403E+02  0.760394E+00
 0.114753E+00  0.641767E+02  0.755492E+00
 0.115667E+00  0.634464E+02  0.754451E+00
 0.116581E+00  0.622832E+02  0.748491E+00
 0.117495E+00  0.608776E+02  0.749350E+00
 0.118409E+00  0.590702E+02  0.745769E+00
 0.119324E+00  0.582174E+02  0.742954E+00
 0.120238E+00  0.574813E+02  0.732856E+00
 0.121152E+00  0.572634E+02  0.723286E+00
 0.122066E+00  0.564169E+02  0.712662E+00
 0.122981E+00  0.555070E+02  0.722026E+00
 0.123895E+00  0.547902E+02  0.715921E+00
 0.124809E+00  0.535315E+02  0.713333E+00
 0.125723E+00  0.534370E+02  0.703887E+00
 0.126637E+00  0.523379E+02  0.694962E+00
 0.127552E+00  0.512646E+02  0.695427E+00
 0.128466E+00  0.508285E+02  0.694039E+00
 0.129380E+00  0.494507E+02  0.696936E+00
 0.130294E+00  0.476763E+02  0.694335E+00
 0.131209E+00  0.470548E+02  0.691269E+00
 0.132123E+00  0.474466E+02  0.684168E+00
 0.133037E+00  0.463658E+02  0.673736E+00
 0.133951E+00  0.452708E+02  0.671565E+00
 0.134865E+00  0.452559E+02  0.674561E+00
 0.135780E+00  0.448333E+02  0.675784E+00
 0.136694E+00  0.448848E+02  0.672855E+00
 0.137608E+00  0.443521E+02  0.670605E+00
 0.138522E+00  0.434420E+02  0.672456E+00
 0.139437E+00  0.423694E+02  0.672184E+00
 0.140351E+00  0.419299E+02  0.670924E+00
 0.141265E+00  0.409690E+02  0.666365E+00
 0.142179E+00  0.400884E+02  0.672422E+00
 0.143093E+00  0.394339E+02  0.673105E+00
 0.144008E+00  0.387273E+02  0.668629E+00
 0.144922E+00  0.400193E+02  0.665880E+00
 0.145836E+00  0.403464E+02  0.661059E+00
 0.146750E+00  0.394002E+02  0.658390E+00
 0.147665E+00  0.374628E+02  0.655940E+00
 0.148579E+00  0.359717E+02  0.653157E+00
 0.149493E+00  0.360532E+02  0.652053E+00
 0.150407E+00  0.343000E+02  0.654805E+00
 0.151321E+00  0.328650E+02  0.657747E+00
 0.152236E+00  0.327218E+02  0.660885E+00
 0.153150E+00  0.333696E+02  0.653065E+00
 0.154064E+00  0.340093E+02  0.657054E+00
 0.154978E+00  0.328639E+02  0.649212E+00
 0.155893E+00  0.323183E+02  0.648300E+00
 0.156807E+00  0.328341E+02  0.638560E+00
 0.157721E+00  0.317961E+02  0.633600E+00
 0.158635E+00  0.307382E+02  0.629332E+00
 0.159549E+00  0.298409E+02  0.620494E+00
 0.160464E+00  0.288123E+02  0.617215E+00
 0.161378E+00  0.282947E+02  0.609203E+00
 0.162292E+00  0.284116E+02  0.605782E+00
 0.163206E+00  0.277672E+02  0.608554E+00
 0.164121E+00  0.276030E+02  0.609962E+00
 0.165035E+00  0.271255E+02  0.608960E+00
 0.165949E+00  0.264324E+02  0.608877E+00
 0.166863E+00  0.261736E+02  0.613472E+00
 0.167777E+00  0.255491E+02  0.610830E+00
 0.168692E+00  0.241193E+02  0.615174E+00
 0.169606E+00  0.242445E+02  0.614097E+00
 0.170520E+00  0.235777E+02  0.616314E+00
 0.171434E+00  0.230974E+02  0.612153E+00
 0.172349E+00  0.232643E+02  0.603723E+00
 0.173263E+00  0.231394E+02  0.599778E+00
 0.174177E+00  0.238108E+02  0.600038E+00
 0.175091E+00  0.235801E+02  0.590006E+00
 0.176005E+00  0.228543E+02  0.587199E+00
 0.176920E+00  0.216254E+02  0.585426E+00
 0.177834E+00  0.214974E+02  0.583024E+00
 0.178748E+00  0.209338E+02  0.582198E+00
 0.179662E+00  0.207981E+02  0.582890E+00
 0.180577E+00  0.211077E+02  0.581466E+00
 0.181491E+00  0.206560E+02  0.586518E+00
 0.182405E+00  0.206230E+02  0.590696E+00
 0.183319E+00  0.202165E+02  0.587252E+00
 0.184233E+00  0.197496E+02  0.593790E+00
 0.185148E+00  0.182751E+02  0.593735E+00
 0.186062E+00  0.191188E+02  0.595246E+00
 0.186976E+00  0.179500E+02  0.600819E+00
 0.187890E+00  0.170687E+02  0.582708E+00
 0.188805E+00  0.179215E+02  0.579026E+00
 0.189719E+00  0.175585E+02  0.576317E+00
 0.190633E+00  0.172028E+02  0.570826E+00
 0.191547E+00  0.173821E+02  0.564498E+00
 0.192461E+00  0.172563E+02  0.562179E+00
 0.193376E+00  0.173928E+02  0.562885E+00
 0.194290E+00  0.166464E+02  0.561765E+00
 0.195204E+00  0.160220E+02  0.560506E+00
 0.196118E+00  0.160458E+02  0.560469E+00
 0.197033E+00  0.168232E+02  0.567639E+00
 0.197947E+00  0.173984E+02  0.571143E+00
 0.198861E+00  0.163989E+02  0.569405E+00
 0.199775E+00  0.155506E+02  0.569202E+00
 0.200689E+00  0.149128E+02  0.571066E+00
 0.201604E+00  0.156277E+02  0.569882E+00
 0.202518E+00  0.148314E+02  0.567249E+00
 0.203432E+00  0.144791E+02  0.562696E+00
 0.204346E+00  0.146456E+02  0.560417E+00
 0.205261E+00  0.143163E+02  0.558818E+00
 0.206175E+00  0.129220E+02  0.556463E+00
 0.207089E+00  0.128391E+02  0.551506E+00
 0.208003E+00  0.132355E+02  0.550771E+00
 0.208917E+00  0.141213E+02  0.551139E+00
 0.209832E+00  0.140123E+02  0.552228E+00
 0.210746E+00  0.130134E+02  0.550772E+00
 0.211660E+00  0.127653E+02  0.552861E+00
 0.212574E+00  0.129011E+02  0.556739E+00
 0.213489E+00  0.129020E+02  0.556938E+00
 0.214403E+00  0.128224E+02  0.554411E+00
 0.215317E+00  0.122596E+02  0.551634E+00
 0.216231E+00  0.132282E+02  0.550778E+00
 0.217145E+00  0.124579E+02  0.549049E+00
 0.218060E+00  0.121299E+02  0.544092E+00
 0.218974E+00  0.120581E+02  0.542645E+00
 0.219888E+00  0.126423E+02  0.542424E+00
 0.220802E+00  0.126231E+02  0.542251E+00
 0.221717E+00  0.128088E+02  0.547541E+00
 0.222631E+00  0.123484E+02  0.543730E+00
 0.223545E+00  0.126756E+02  0.538655E+00
 0.224459E+00  0.131775E+02  0.541473E+00
 0.225373E+00  0.125374E+02  0.545676E+00
 0.226288E+00  0.121023E+02  0.545768E+00
 0.227202E+00  0.112314E+02  0.541544E+00
 0.228116E+00  0.102611E+02  0.538318E+00
 0.229030E+00  0.101412E+02  0.540301E+00
 0.229945E+00  0.102904E+02  0.542245E+00
 0.230859E+00  0.100599E+02  0.539420E+00
 0.231773E+00  0.108171E+02  0.535725E+00
 0.232687E+00  0.113010E+02  0.530097E+00
 0.233601E+00  0.958833E+01  0.528886E+00
 0.234516E+00  0.101435E+02  0.534110E+00
 0.235430E+00  0.107908E+02  0.579760E+00
 0.236344E+00  0.103910E+02  0.545605E+00
 0.237258E+00  0.103207E+02  0.525570E+00
 0.238173E+00  0.105641E+02  0.521321E+00
 0.239087E+00  0.105824E+02  0.521849E+00
 0.240001E+00  0.103338E+02  0.522794E+00
 0.240915E+00  0.985136E+01  0.527682E+00
 0.241829E+00  0.963412E+01  0.525969E+00
 0.242744E+00  0.969672E+01  0.526080E+00
 0.243658E+00  0.865245E+01  0.530682E+00
 0.244572E+00  0.897878E+01  0.531602E+00
 0.245486E+00  0.869814E+01  0.529045E+00
 0.246401E+00  0.883971E+01  0.527269E+00
 0.247315E+00  0.965439E+01  0.527363E+00
 0.248229E+00  0.942716E+01  0.523975E+00
 0.249143E+00  0.100185E+02  0.519800E+00
 0.250057E+00  0.947714E+01  0.513157E+00
 0.250972E+00  0.956326E+01  0.511200E+00
 0.251886E+00  0.929107E+01  0.507690E+00
 0.252800E+00  0.840781E+01  0.512340E+00
 0.253714E+00  0.853769E+01  0.507660E+00
 0.254629E+00  0.847691E+01  0.505794E+00
 0.255543E+00  0.847391E+01  0.505358E+00
 0.256457E+00  0.836296E+01  0.506854E+00
 0.257371E+00  0.798555E+01  0.511361E+00
 0.258285E+00  0.745306E+01  0.510054E+00
 0.259200E+00  0.794955E+01  0.514313E+00
 0.260114E+00  0.787407E+01  0.516533E+00
 0.261028E+00  0.820853E+01  0.515586E+00
 0.261942E+00  0.830557E+01  0.514359E+00
 0.262857E+00  0.780218E+01  0.514999E+00
 0.263771E+00  0.743200E+01  0.510212E+00
 0.264685E+00  0.692593E+01  0.507569E+00
 0.265599E+00  0.746697E+01  0.501095E+00
 0.266513E+00  0.848289E+01  0.498180E+00
 0.267428E+00  0.836246E+01  0.494529E+00
 0.268342E+00  0.809913E+01  0.497733E+00
 0.269256E+00  0.748544E+01  0.496065E+00
 0.270170E+00  0.856034E+01  0.493832E+00
 0.271085E+00  0.868815E+01  0.498124E+00
 0.271999E+00  0.797754E+01  0.499237E+00
 0.272913E+00  0.793980E+01  0.497833E+00
 0.273827E+00  0.800755E+01  0.497759E+00
 0.274741E+00  0.849243E+01  0.508008E+00
 0.275656E+00  0.770780E+01  0.514440E+00
 0.276570E+00  0.808463E+01  0.517780E+00
 0.277484E+00  0.876767E+01  0.521852E+00
 0.278398E+00  0.863429E+01  0.523761E+00
 0.279313E+00  0.790210E+01  0.524063E+00
 0.280227E+00  0.723095E+01  0.522631E+00
 0.281141E+00  0.690800E+01  0.523643E+00
 0.282055E+00  0.679470E+01  0.527057E+00
 0.282969E+00  0.660412E+01  0.525472E+00
 0.283884E+00  0.754417E+01  0.527915E+00
 0.284798E+00  0.809535E+01  0.526042E+00
 0.285712E+00  0.726926E+01  0.528331E+00
 0.286626E+00  0.726682E+01  0.531978E+00
 0.287541E+00  0.691503E+01  0.533924E+00
 0.288455E+00  0.734702E+01  0.535648E+00
 0.289369E+00  0.730604E+01  0.535488E+00
 0.290283E+00  0.718197E+01  0.539187E+00
 0.291197E+00  0.691326E+01  0.542709E+00
 0.292112E+00  0.719363E+01  0.541969E+00
 0.293026E+00  0.753615E+01  0.543376E+00
 0.293940E+00  0.719000E+01  0.543720E+00
 0.294854E+00  0.633328E+01  0.545274E+00
 0.295769E+00  0.667600E+01  0.543810E+00
 0.296683E+00  0.781721E+01  0.544119E+00
 0.297597E+00  0.794728E+01  0.545506E+00
 0.298511E+00  0.678702E+01  0.546974E+00
 0.299425E+00  0.732612E+01  0.554988E+00
 0.300340E+00  0.774231E+01  0.550695E+00
 0.301254E+00  0.747607E+01  0.549707E+00
 0.302168E+00  0.800705E+01  0.551793E+00
 0.303082E+00  0.747138E+01  0.550750E+00
 0.303997E+00  0.651491E+01  0.553450E+00
 0.304911E+00  0.638578E+01  0.553584E+00
 0.305825E+00  0.681495E+01  0.556073E+00
 0.306739E+00  0.677170E+01  0.555063E+00
 0.307653E+00  0.692053E+01  0.552251E+00
 0.308568E+00  0.624876E+01  0.553913E+00
 0.309482E+00  0.605663E+01  0.551538E+00
 0.310396E+00  0.729251E+01  0.556262E+00
 0.311310E+00  0.632838E+01  0.554841E+00
 0.312225E+00  0.569155E+01  0.554192E+00
 0.313139E+00  0.670356E+01  0.558610E+00
 0.314053E+00  0.709142E+01  0.560975E+00
 0.314967E+00  0.723318E+01  0.572382E+00
 0.315881E+00  0.830990E+01  0.576565E+00
 0.316796E+00  0.809238E+01  0.579996E+00
 0.317710E+00  0.778275E+01  0.585067E+00
 0.318624E+00  0.760800E+01  0.587984E+00
 0.319538E+00  0.640809E+01  0.586734E+00
 0.320453E+00  0.590649E+01  0.586842E+00
 0.321367E+00  0.700128E+01  0.597443E+00
 0.322281E+00  0.745586E+01  0.616924E+00
 0.323195E+00  0.644136E+01  0.605285E+00
 0.324109E+00  0.637034E+01  0.604654E+00
 0.325024E+00  0.717200E+01  0.607662E+00
 0.325938E+00  0.779337E+01  0.618069E+00
 0.326852E+00  0.694329E+01  0.618394E+00
 0.327766E+00  0.673879E+01  0.618511E+00
 0.328681E+00  0.735269E+01  0.626920E+00
 0.329595E+00  0.814905E+01  0.623022E+00
 0.330509E+00  0.811068E+01  0.622334E+00
 0.331423E+00  0.717722E+01  0.623626E+00
 0.332337E+00  0.768077E+01  0.624293E+00
 0.333252E+00  0.813670E+01  0.630643E+00
 0.334166E+00  0.859429E+01  0.635511E+00
 0.335080E+00  0.736160E+01  0.638699E+00
 0.335994E+00  0.630803E+01  0.648855E+00
 0.336909E+00  0.684116E+01  0.667764E+00
 0.337823E+00  0.584916E+01  0.705629E+00
 0.338737E+00  0.512073E+01  0.674909E+00
 0.339651E+00  0.540732E+01  0.660787E+00
 0.340565E+00  0.614337E+01  0.662955E+00
 0.341480E+00  0.682960E+01  0.656486E+00
 0.342394E+00  0.808733E+01  0.654117E+00
 0.343308E+00  0.760036E+01  0.657759E+00
 0.344222E+00  0.679827E+01  0.663294E+00
 0.345137E+00  0.629592E+01  0.672388E+00
 0.346051E+00  0.596848E+01  0.676949E+00
 0.346965E+00  0.649345E+01  0.677868E+00
 0.347879E+00  0.653002E+01  0.689599E+00
 0.348793E+00  0.614786E+01  0.686637E+00
 0.349708E+00  0.631547E+01  0.690649E+00
 0.350622E+00  0.571439E+01  0.691626E+00
 0.351536E+00  0.655219E+01  0.689255E+00
 0.352450E+00  0.707018E+01  0.691148E+00
 0.353365E+00  0.721755E+01  0.693112E+00
 0.354279E+00  0.757279E+01  0.691546E+00
 0.355193E+00  0.706850E+01  0.692423E+00
 0.356107E+00  0.730226E+01  0.695919E+00
 0.357021E+00  0.822164E+01  0.698403E+00
 0.357936E+00  0.890908E+01  0.705490E+00
 0.358850E+00  0.864162E+01  0.714203E+00
 0.359764E+00  0.781370E+01  0.717806E+00
 0.360678E+00  0.735859E+01  0.714794E+00
 0.361593E+00  0.663514E+01  0.713623E+00
 0.362507E+00  0.663819E+01  0.709337E+00
 0.363421E+00  0.708835E+01  0.717053E+00
 0.364335E+00  0.753149E+01  0.719047E+00
 0.365249E+00  0.765581E+01  0.717560E+00
 0.366164E+00  0.753057E+01  0.714976E+00
 0.367078E+00  0.737445E+01  0.715464E+00
 0.367992E+00  0.732220E+01  0.725556E+00
 0.368906E+00  0.805074E+01  0.731597E+00
 0.369821E+00  0.679376E+01  0.733639E+00
 0.370735E+00  0.832212E+01  0.744651E+00
 0.371649E+00  0.720274E+01  0.762140E+00
 0.372563E+00  0.548893E+01  0.767506E+00
 0.373477E+00  0.709893E+01  0.773086E+00
 0.374392E+00  0.697743E+01  0.786353E+00
 0.375306E+00  0.624459E+01  0.794335E+00
 0.376220E+00  0.614268E+01  0.809259E+00
 0.377134E+00  0.674301E+01  0.824480E+00
 0.378049E+00  0.578938E+01  0.830610E+00
 0.378963E+00  0.673443E+01  0.839093E+00
 0.379877E+00  0.693289E+01  0.855144E+00
 0.380791E+00  0.691607E+01  0.872636E+00
 0.381705E+00  0.664256E+01  0.886053E+00
 0.382620E+00  0.756035E+01  0.887925E+00
 0.383534E+00  0.748796E+01  0.897998E+00
 0.384448E+00  0.934140E+01  0.911595E+00
 0.385362E+00  0.867490E+01  0.921867E+00
 0.386277E+00  0.875240E+01  0.933110E+00
 0.387191E+00  0.778657E+01  0.935210E+00
 0.388105E+00  0.722589E+01  0.960060E+00
 0.389019E+00  0.816511E+01  0.963890E+00
 0.389933E+00  0.759917E+01  0.973226E+00
 0.390848E+00  0.568265E+01  0.994860E+00
 0.391762E+00  0.555145E+01  0.101199E+01
 0.392676E+00  0.590204E+01  0.103698E+01
 0.393590E+00  0.708103E+01  0.103834E+01
 0.394505E+00  0.926015E+01  0.104738E+01
 0.395419E+00  0.814112E+01  0.106022E+01
 0.396333E+00  0.796514E+01  0.107433E+01
 0.397247E+00  0.735139E+01  0.108303E+01
 0.398161E+00  0.679705E+01  0.110745E+01
 0.399076E+00  0.786229E+01  0.112730E+01
 0.399990E+00  0.689929E+01  0.113210E+01
 0.400904E+00  0.564400E+01  0.114168E+01
 0.401818E+00  0.606227E+01  0.115796E+01
 0.402733E+00  0.850690E+01  0.118671E+01
 0.403647E+00  0.911519E+01  0.119906E+01
 0.404561E+00  0.898587E+01  0.120927E+01
 0.405475E+00  0.952482E+01  0.123084E+01
 0.406389E+00  0.901653E+01  0.125333E+01
 0.407304E+00  0.988720E+01  0.129552E+01
