# SAXS profile: number of points = 386, q_min = 0.00961705, q_max = 0.361593, delta_q = 0.000914223246753247
# offset = 0.00000000000000, scaling c = 0.000620536030165001, Chi = 2.54521849534429
#  q       exp_intensity   model_intensity
0.00962    1510.16000000   1533.02716674  
0.01053    1497.54000000   1524.36630332  
0.01145    1491.04000000   1514.99784100  
0.01236    1488.72000000   1504.93873091  
0.01327    1478.64000000   1494.20737722  
0.01419    1466.56000000   1482.82178671  
0.01510    1453.86000000   1470.80579821  
0.01602    1438.58000000   1458.18221611  
0.01693    1428.91000000   1445.12583747  
0.01785    1417.78000000   1431.30608988  
0.01876    1402.58000000   1416.93781315  
0.01967    1390.33000000   1402.06005007  
0.02059    1371.28000000   1386.69948288  
0.02150    1357.93000000   1370.88172588  
0.02242    1335.68000000   1354.63175112  
0.02333    1321.26000000   1337.98085357  
0.02424    1307.58000000   1320.95487833  
0.02516    1292.42000000   1303.58209286  
0.02607    1274.03000000   1285.88750028  
0.02699    1258.87000000   1267.90069957  
0.02790    1240.43000000   1249.63121016  
0.02882    1223.03000000   1231.29104501  
0.02973    1201.48000000   1212.62763241  
0.03064    1186.35000000   1193.75477120  
0.03156    1169.58000000   1174.73935742  
0.03247    1149.62000000   1155.60740096  
0.03339    1134.94000000   1136.38571686  
0.03430    1117.11000000   1117.09818987  
0.03522    1098.15000000   1097.77594369  
0.03613    1079.33000000   1078.44159967  
0.03704    1063.81000000   1059.12774733  
0.03796    1036.90000000   1039.99603904  
0.03887    1021.09000000   1020.78613116  
0.03979    1011.22000000   1001.65768962  
0.04070    991.81200000    982.64016289   
0.04161    969.80200000    963.75309078   
0.04253    948.30000000    945.01613991   
0.04344    928.42500000    926.51060558   
0.04436    911.88400000    908.20991463   
0.04527    897.36400000    890.03118769   
0.04619    879.42500000    872.07191191   
0.04710    866.95600000    854.34630645   
0.04801    848.19300000    836.87159032   
0.04893    827.80200000    819.68292679   
0.04984    810.70800000    802.88112894   
0.05076    795.61200000    786.27811080   
0.05167    780.95200000    769.94833102   
0.05259    766.53100000    753.92545070   
0.05350    751.44400000    738.21498348   
0.05441    734.46000000    722.82279628   
0.05533    719.92900000    707.78907556   
0.05624    703.24700000    693.12293891   
0.05716    691.36000000    678.71272700   
0.05807    680.88500000    664.63523416   
0.05899    666.41900000    650.90007575   
0.05990    649.81600000    637.62030996   
0.06081    635.17200000    624.59538724   
0.06173    626.85500000    611.89473059   
0.06264    617.96500000    599.52742518   
0.06356    605.57800000    587.48844673   
0.06447    591.61600000    575.82068113   
0.06538    576.36700000    564.48078980   
0.06630    563.15100000    553.40942413   
0.06721    550.21900000    542.65100541   
0.06813    538.35200000    532.20971539   
0.06904    532.71300000    522.13351806   
0.06996    522.92500000    512.29119953   
0.07087    512.30400000    502.74974556   
0.07178    504.25600000    493.48517330   
0.07270    490.35700000    484.54622834   
0.07361    481.40100000    475.83803663   
0.07453    472.59700000    467.35960576   
0.07544    463.41400000    459.12621690   
0.07636    455.75900000    451.15442041   
0.07727    447.16300000    443.43220040   
0.07818    437.40400000    435.88162764   
0.07910    428.89000000    428.54801253   
0.08001    419.43700000    421.47054483   
0.08093    411.22500000    414.54066106   
0.08184    405.47800000    407.79485090   
0.08275    400.14500000    401.27228536   
0.08367    394.21100000    394.88131372   
0.08458    387.82800000    388.63071858   
0.08550    381.31400000    382.53019425   
0.08641    374.77400000    376.59557140   
0.08733    365.95800000    370.80479742   
0.08824    357.71100000    365.10488812   
0.08915    350.76800000    359.53278091   
0.09007    347.99600000    354.11386006   
0.09098    341.53800000    348.75366007   
0.09190    335.44900000    343.50082237   
0.09281    330.79500000    338.38552831   
0.09373    323.67400000    333.32292032   
0.09464    319.90900000    328.33260084   
0.09555    316.34600000    323.44894004   
0.09647    310.73900000    318.63298112   
0.09738    303.65900000    313.86263946   
0.09830    299.80800000    309.17317484   
0.09921    296.24600000    304.56585508   
0.10013    293.89100000    299.98772276   
0.10104    287.73700000    295.50321769   
0.10195    280.55200000    291.03248645   
0.10287    277.83300000    286.61021099   
0.10378    275.06700000    282.27841536   
0.10470    271.69100000    277.96845126   
0.10561    266.42900000    273.69388450   
0.10652    263.03900000    269.48307015   
0.10744    258.91100000    265.31894016   
0.10835    253.25100000    261.19225597   
0.10927    251.56300000    257.12128394   
0.11018    247.62400000    253.06513560   
0.11110    244.50100000    249.05176910   
0.11201    239.09100000    245.11854181   
0.11292    235.81700000    241.19478484   
0.11384    231.32300000    237.34845423   
0.11475    228.59800000    233.51466136   
0.11567    225.41800000    229.72291284   
0.11658    220.82100000    225.99800895   
0.11750    217.21200000    222.31203236   
0.11841    215.17200000    218.67122718   
0.11932    213.07500000    215.08004383   
0.12024    209.08900000    211.52686953   
0.12115    207.01000000    208.04105712   
0.12207    204.47300000    204.57646888   
0.12298    200.28600000    201.15929222   
0.12390    196.12800000    197.83024382   
0.12481    193.56600000    194.52488247   
0.12572    189.87900000    191.29170092   
0.12664    188.76400000    188.09569751   
0.12755    185.83700000    184.95657581   
0.12847    183.20300000    181.87021240   
0.12938    180.08200000    178.83432425   
0.13029    176.32800000    175.85875400   
0.13121    174.88300000    172.92004193   
0.13212    172.81900000    170.05491437   
0.13304    168.19200000    167.22098497   
0.13395    163.30300000    164.46749956   
0.13487    162.09200000    161.74420394   
0.13578    160.29700000    159.09028779   
0.13669    158.57100000    156.47541963   
0.13761    158.23200000    153.92169731   
0.13852    156.35400000    151.41281947   
0.13944    154.25300000    148.95180414   
0.14035    149.95600000    146.54559532   
0.14127    147.89600000    144.17969601   
0.14218    147.17600000    141.87281518   
0.14309    144.71700000    139.59593790   
0.14401    139.65800000    137.38128590   
0.14492    136.70500000    135.19601553   
0.14584    135.07300000    133.07318335   
0.14675    133.38000000    130.97670209   
0.14766    133.21100000    128.92904676   
0.14858    132.74200000    126.91542813   
0.14949    129.58700000    124.94313705   
0.15041    126.73600000    123.00799930   
0.15132    126.41000000    121.10423041   
0.15224    124.71700000    119.24523365   
0.15315    120.85300000    117.41789330   
0.15406    116.68200000    115.60761285   
0.15498    114.80400000    113.84602616   
0.15589    115.45300000    112.09646127   
0.15681    112.63900000    110.39220193   
0.15772    109.59300000    108.70290706   
0.15863    107.72000000    107.04766387   
0.15955    107.02200000    105.42240254   
0.16046    105.13200000    103.81135466   
0.16138    102.67400000    102.22367035   
0.16229    100.63400000    100.66219917   
0.16321    98.38160000     99.11538752    
0.16412    96.21190000     97.59746351    
0.16503    93.64830000     96.08861630    
0.16595    92.23590000     94.61470947    
0.16686    91.28920000     93.15964214    
0.16778    92.16440000     91.71067430    
0.16869    91.33820000     90.28658441    
0.16961    89.21160000     88.88456458    
0.17052    86.96740000     87.49182811    
0.17143    84.40670000     86.11638646    
0.17235    82.78150000     84.75806297    
0.17326    83.07990000     83.41334093    
0.17418    82.04200000     82.09387681    
0.17509    80.84930000     80.78904925    
0.17600    78.21760000     79.48909146    
0.17692    76.45150000     78.21751693    
0.17783    75.59900000     76.96336304    
0.17875    74.08580000     75.71611833    
0.17966    74.49970000     74.49113885    
0.18058    74.13010000     73.28463775    
0.18149    71.66040000     72.08979067    
0.18241    70.30260000     70.91101695    
0.18332    69.65300000     69.75516676    
0.18423    69.09580000     68.61363579    
0.18515    66.71860000     67.48221901    
0.18606    64.19130000     66.37736305    
0.18698    62.71600000     65.29065743    
0.18789    62.72480000     64.21338023    
0.18881    60.92370000     63.16158407    
0.18972    59.66320000     62.12904077    
0.19063    59.20510000     61.10911442    
0.19155    58.40200000     60.10973912    
0.19246    58.44550000     59.13211079    
0.19338    58.06590000     58.16840624    
0.19429    56.95190000     57.22162941    
0.19520    55.89210000     56.29921070    
0.19612    54.53370000     55.39484955    
0.19703    53.34270000     54.50766205    
0.19795    53.87870000     53.63342560    
0.19886    52.71330000     52.78547868    
0.19978    52.38790000     51.95586172    
0.20069    52.12800000     51.13877915    
0.20160    50.85080000     50.34137526    
0.20252    49.19570000     49.56485394    
0.20343    49.71190000     48.80560240    
0.20435    48.77610000     48.06077707    
0.20526    47.35150000     47.32958956    
0.20617    46.98000000     46.62002391    
0.20709    45.74190000     45.92665081    
0.20800    44.60180000     45.24878072    
0.20892    43.51420000     44.58235585    
0.20983    43.38980000     43.93499704    
0.21075    43.76250000     43.30352333    
0.21166    43.76620000     42.68582123    
0.21257    43.27070000     42.07807755    
0.21349    41.60400000     41.48394254    
0.21440    39.71490000     40.90596797    
0.21532    39.77050000     40.34012838    
0.21623    39.44390000     39.78589659    
0.21715    39.28980000     39.24247809    
0.21806    37.95860000     38.70539948    
0.21897    38.01710000     38.18406579    
0.21989    37.72910000     37.67390495    
0.22080    38.01450000     37.17346278    
0.22172    37.10720000     36.68165636    
0.22263    36.51170000     36.19598878    
0.22354    35.50490000     35.71996580    
0.22446    34.72500000     35.25418551    
0.22537    34.67580000     34.79630158    
0.22629    34.86720000     34.34515431    
0.22720    34.80640000     33.90107277    
0.22812    33.93720000     33.46151342    
0.22903    33.11470000     33.03185757    
0.22995    32.73550000     32.60946939    
0.23086    30.55390000     32.19369484    
0.23177    29.93480000     31.78403348    
0.23269    30.37780000     31.38055367    
0.23360    31.42010000     30.98335581    
0.23452    30.57940000     30.58918098    
0.23543    29.91320000     30.20135228    
0.23634    29.90520000     29.82159059    
0.23726    30.27700000     29.44752094    
0.23817    30.35740000     29.07886267    
0.23909    29.02350000     28.71632477    
0.24000    28.94330000     28.35977573    
0.24091    28.05910000     28.00993125    
0.24183    26.99840000     27.66335464    
0.24274    26.84640000     27.32462078    
0.24366    27.05760000     26.99308322    
0.24457    26.99540000     26.66793259    
0.24549    26.48070000     26.34922667    
0.24640    25.97500000     26.03683106    
0.24732    25.65530000     25.73156815    
0.24823    26.89080000     25.43297049    
0.24914    25.90000000     25.14109257    
0.25006    24.48180000     24.85636718    
0.25097    24.61310000     24.57623948    
0.25189    24.90760000     24.30739895    
0.25280    24.64260000     24.04547683    
0.25371    23.89890000     23.79139297    
0.25463    23.41400000     23.54445571    
0.25554    22.67690000     23.30563583    
0.25646    23.68200000     23.07456212    
0.25737    22.56930000     22.85119597    
0.25828    23.53160000     22.63582515    
0.25920    23.29490000     22.42804601    
0.26011    23.88700000     22.22822927    
0.26103    23.66630000     22.03616454    
0.26194    22.30900000     21.85264442    
0.26286    21.97420000     21.67660408    
0.26377    21.59060000     21.50858812    
0.26469    21.08140000     21.34808701    
0.26560    21.69810000     21.19472204    
0.26651    22.69290000     21.04876936    
0.26743    22.04700000     20.90987284    
0.26834    21.85470000     20.77791208    
0.26926    21.89580000     20.65228893    
0.27017    21.34180000     20.53241005    
0.27109    20.92660000     20.41961234    
0.27200    21.29580000     20.31348260    
0.27291    20.95620000     20.21320598    
0.27383    21.82120000     20.11810696    
0.27474    21.52380000     20.02844106    
0.27566    20.83110000     19.94329372    
0.27657    20.08430000     19.86282211    
0.27748    19.93670000     19.78676253    
0.27840    19.61340000     19.71440108    
0.27931    19.20350000     19.64533950    
0.28023    19.68620000     19.57982203    
0.28114    19.18380000     19.51716960    
0.28206    18.69040000     19.45835817    
0.28297    18.96520000     19.40057382    
0.28388    18.72160000     19.34438364    
0.28480    19.20840000     19.28990593    
0.28571    20.25730000     19.23665715    
0.28663    21.09060000     19.18419504    
0.28754    19.44280000     19.13223052    
0.28846    20.30160000     19.08075477    
0.28937    19.41480000     19.02931095    
0.29028    18.35500000     18.97755572    
0.29120    17.68070000     18.92554631    
0.29211    17.49300000     18.87280059    
0.29303    18.10950000     18.81909926    
0.29394    17.92160000     18.76431463    
0.29485    18.14600000     18.70821006    
0.29577    17.35530000     18.65037761    
0.29668    17.41220000     18.59111832    
0.29760    17.01260000     18.53032108    
0.29851    17.01320000     18.46771722    
0.29942    17.45460000     18.40367743    
0.30034    16.90900000     18.33783107    
0.30125    17.50280000     18.26945685    
0.30217    17.91810000     18.19907522    
0.30308    16.83560000     18.12667895    
0.30400    16.75550000     18.05248441    
0.30491    16.32690000     17.97600019    
0.30583    17.40250000     17.89768679    
0.30674    17.08980000     17.81795323    
0.30765    15.57500000     17.73642430    
0.30857    16.62340000     17.65386897    
0.30948    16.68100000     17.56962035    
0.31040    18.08950000     17.48358685    
0.31131    19.37640000     17.39652992    
0.31222    19.25880000     17.30815264    
0.31314    18.29390000     17.21921728    
0.31405    16.12270000     17.12952340    
0.31497    14.77990000     17.03925033    
0.31588    15.06090000     16.94878885    
0.31680    15.24310000     16.85891025    
0.31771    15.87080000     16.76839393    
0.31862    15.67800000     16.67821122    
0.31954    14.66610000     16.58846684    
0.32045    14.46580000     16.49910921    
0.32137    15.66500000     16.41083682    
0.32228    17.30430000     16.32396597    
0.32320    16.98200000     16.23835047    
0.32411    15.02410000     16.15357466    
0.32502    14.66250000     16.07045426    
0.32594    14.50970000     15.98893166    
0.32685    14.71540000     15.90961095    
0.32777    16.40580000     15.83311558    
0.32868    16.32190000     15.75808414    
0.32960    17.28500000     15.68524025    
0.33051    16.43560000     15.61484679    
0.33142    16.69060000     15.54697109    
0.33234    18.44290000     15.48197986    
0.33325    16.61630000     15.41988884    
0.33417    14.81110000     15.36011495    
0.33508    15.22380000     15.30311440    
0.33599    14.75960000     15.24883626    
0.33691    15.19250000     15.19764918    
0.33782    17.66960000     15.15025535    
0.33874    18.54130000     15.10522113    
0.33965    17.36970000     15.06283636    
0.34057    15.62050000     15.02334071    
0.34148    15.23420000     14.98723010    
0.34239    15.85600000     14.95391102    
0.34331    15.93770000     14.92277606    
0.34422    15.10570000     14.89459354    
0.34514    15.86730000     14.86896817    
0.34605    16.43240000     14.84646615    
0.34697    17.69110000     14.82591291    
0.34788    17.81460000     14.80753758    
0.34879    17.51540000     14.79197082    
0.34971    16.05850000     14.77889649    
0.35062    15.33430000     14.76742176    
0.35154    15.25840000     14.75756027    
0.35245    16.82050000     14.74959761    
0.35336    16.50540000     14.74361071    
0.35428    16.42170000     14.73931847    
0.35519    16.15320000     14.73617478    
0.35611    16.40940000     14.73427159    
0.35702    16.65270000     14.73404430    
0.35794    16.90080000     14.73457696    
0.35885    16.99500000     14.73596185    
0.35976    17.06980000     14.73841491    
0.36068    17.06330000     14.74143023    
0.36159    15.33990000     14.74490005    
