# x and average y for the best solution found, chi=2.130854
#  q       exp_intensity   weighted_intensity
0.009620 1510.160000 1525.038664
0.010530 1497.540000 1516.741147
0.011450 1491.040000 1507.761850
0.012360 1488.720000 1498.116135
0.013270 1478.640000 1487.820844
0.014190 1466.560000 1476.892109
0.015100 1453.860000 1465.351700
0.016020 1438.580000 1453.220777
0.016930 1428.910000 1440.674194
0.017850 1417.780000 1427.375546
0.018760 1402.580000 1413.538353
0.019670 1390.330000 1399.199612
0.020590 1371.280000 1384.383744
0.021500 1357.930000 1369.114134
0.022420 1335.680000 1353.413652
0.023330 1321.260000 1337.311315
0.024240 1307.580000 1320.830729
0.025160 1292.420000 1303.997831
0.026070 1274.030000 1286.835886
0.026990 1258.870000 1269.371769
0.027900 1240.430000 1251.612083
0.028820 1223.030000 1233.702508
0.029730 1201.480000 1215.563771
0.030640 1186.350000 1197.174763
0.031560 1169.580000 1178.601555
0.032470 1149.620000 1159.890587
0.033390 1134.940000 1141.067081
0.034300 1117.110000 1122.153572
0.035220 1098.150000 1103.179658
0.036130 1079.330000 1084.166769
0.037040 1063.810000 1065.146711
0.037960 1036.900000 1046.280410
0.038870 1021.090000 1027.302308
0.039790 1011.220000 1008.375324
0.040700 991.812000 989.527863
0.041610 969.802000 970.779449
0.042530 948.300000 952.149348
0.043440 928.425000 933.692050
0.044360 911.884000 915.423264
0.045270 897.364000 897.295922
0.046190 879.425000 879.316235
0.047100 866.956000 861.539151
0.048010 848.193000 843.982343
0.048930 827.802000 826.679257
0.049840 810.708000 809.689210
0.050760 795.612000 792.946811
0.051670 780.952000 776.430958
0.052590 766.531000 760.182778
0.053500 751.444000 744.222271
0.054410 734.460000 728.556603
0.055330 719.929000 713.227820
0.056240 703.247000 698.246646
0.057160 691.360000 683.501172
0.058070 680.885000 669.071365
0.058990 666.419000 654.967580
0.059900 649.816000 641.266014
0.060810 635.172000 627.876661
0.061730 626.855000 614.778325
0.062640 617.965000 601.996840
0.063560 605.578000 589.537085
0.064470 591.616000 577.425960
0.065380 576.367000 565.652444
0.066300 563.151000 554.175386
0.067210 550.219000 542.987968
0.068130 538.352000 532.115493
0.069040 532.713000 521.587634
0.069960 522.925000 511.361454
0.070870 512.304000 501.413125
0.071780 504.256000 491.749128
0.072700 490.357000 482.399249
0.073610 481.401000 473.324693
0.074530 472.597000 464.495839
0.075440 463.414000 455.914263
0.076360 455.759000 447.599429
0.077270 447.163000 439.550491
0.078180 437.404000 431.724091
0.079100 428.890000 424.109074
0.080010 419.437000 416.747187
0.080930 411.225000 409.606134
0.081840 405.478000 402.646973
0.082750 400.145000 395.909992
0.083670 394.211000 389.340655
0.084580 387.828000 382.955271
0.085500 381.314000 376.737713
0.086410 374.774000 370.687420
0.087330 365.958000 364.806810
0.088240 357.711000 359.062243
0.089150 350.768000 353.447359
0.090070 347.996000 347.992341
0.090980 341.538000 342.657450
0.091900 335.449000 337.431608
0.092810 330.795000 332.344237
0.093730 323.674000 327.359166
0.094640 319.909000 322.459111
0.095550 316.346000 317.665547
0.096470 310.739000 312.968755
0.097380 303.659000 308.344354
0.098300 299.808000 303.798415
0.099210 296.246000 299.344462
0.100130 293.891000 294.956201
0.101040 287.737000 290.642335
0.101950 280.552000 286.371402
0.102870 277.833000 282.175275
0.103780 275.067000 278.048274
0.104700 271.691000 273.958431
0.105610 266.429000 269.925203
0.106520 263.039000 265.946773
0.107440 258.911000 262.019752
0.108350 253.251000 258.137136
0.109270 251.563000 254.296195
0.110180 247.624000 250.484871
0.111100 244.501000 246.724744
0.112010 239.091000 243.014723
0.112920 235.817000 239.326231
0.113840 231.323000 235.710889
0.114750 228.598000 232.103462
0.115670 225.418000 228.542508
0.116580 220.821000 225.027332
0.117500 217.212000 221.548500
0.118410 215.172000 218.107145
0.119320 213.075000 214.696430
0.120240 209.089000 211.323490
0.121150 207.010000 208.008214
0.122070 204.473000 204.704871
0.122980 200.286000 201.450555
0.123900 196.128000 198.246960
0.124810 193.566000 195.078376
0.125720 189.879000 191.953595
0.126640 188.764000 188.858143
0.127550 185.837000 185.812358
0.128470 183.203000 182.807925
0.129380 180.082000 179.842751
0.130290 176.328000 176.926931
0.131210 174.883000 174.037083
0.132120 172.819000 171.210367
0.133040 168.192000 168.404449
0.133950 163.303000 165.668618
0.134870 162.092000 162.952924
0.135780 160.297000 160.297944
0.136690 158.571000 157.673253
0.137610 158.232000 155.101754
0.138520 156.354000 152.567559
0.139440 154.253000 150.074298
0.140350 149.956000 147.629658
0.141270 147.896000 145.219479
0.142180 147.176000 142.863030
0.143090 144.717000 140.532106
0.144010 139.658000 138.259564
0.144920 136.705000 136.012788
0.145840 135.073000 133.825894
0.146750 133.380000 131.663251
0.147660 133.211000 129.548259
0.148580 132.742000 127.466455
0.149490 129.587000 125.425857
0.150410 126.736000 123.422795
0.151320 126.410000 121.451922
0.152240 124.717000 119.525354
0.153150 120.853000 117.629038
0.154060 116.682000 115.763999
0.154980 114.804000 113.936374
0.155890 115.453000 112.138718
0.156810 112.639000 110.377473
0.157720 109.593000 108.644716
0.158630 107.720000 106.948372
0.159550 107.022000 105.280068
0.160460 105.132000 103.634704
0.161380 102.674000 102.018825
0.162290 100.634000 100.430476
0.163210 98.381600 98.867780
0.164120 96.211900 97.330884
0.165030 93.648300 95.818872
0.165950 92.235900 94.341356
0.166860 91.289200 92.882319
0.167780 92.164400 91.444167
0.168690 91.338200 90.028787
0.169610 89.211600 88.641359
0.170520 86.967400 87.269792
0.171430 84.406700 85.919927
0.172350 82.781500 84.593456
0.173260 83.079900 83.284767
0.174180 82.042000 81.998605
0.175090 80.849300 80.735352
0.176000 78.217600 79.484613
0.176920 76.451500 78.255525
0.177830 75.599000 77.050947
0.178750 74.085800 75.855814
0.179660 74.499700 74.684955
0.180580 74.130100 73.534132
0.181490 71.660400 72.396085
0.182410 70.302600 71.275080
0.183320 69.653000 70.177595
0.184230 69.095800 69.094614
0.185150 66.718600 68.021755
0.186060 64.191300 66.975096
0.186980 62.716000 65.945952
0.187890 62.724800 64.924987
0.188810 60.923700 63.928243
0.189720 59.663200 62.949317
0.190630 59.205100 61.981074
0.191550 58.402000 61.031484
0.192460 58.445500 60.101489
0.193380 58.065900 59.182986
0.194290 56.951900 58.278784
0.195200 55.892100 57.396243
0.196120 54.533700 56.528510
0.197030 53.342700 55.672429
0.197950 53.878700 54.832310
0.198860 52.713300 54.012274
0.199780 52.387900 53.204426
0.200690 52.128000 52.410204
0.201600 50.850800 51.631975
0.202520 49.195700 50.870404
0.203430 49.711900 50.121546
0.204350 48.776100 49.384598
0.205260 47.351500 48.661077
0.206170 46.980000 47.953704
0.207090 45.741900 47.257615
0.208000 44.601800 46.576757
0.208920 43.514200 45.907099
0.209830 43.389800 45.251542
0.210750 43.762500 44.607221
0.211660 43.766200 43.975926
0.212570 43.270700 43.354692
0.213490 41.604000 42.744686
0.214400 39.714900 42.146979
0.215320 39.770500 41.559370
0.216230 39.443900 40.983481
0.217150 39.289800 40.417469
0.218060 37.958600 39.858157
0.218970 38.017100 39.309800
0.219890 37.729100 38.773759
0.220800 38.014500 38.247074
0.221720 37.107200 37.728543
0.222630 36.511700 37.217121
0.223540 35.504900 36.713479
0.224460 34.725000 36.219531
0.225370 34.675800 35.734529
0.226290 34.867200 35.256416
0.227200 34.806400 34.786132
0.228120 33.937200 34.321463
0.229030 33.114700 33.864265
0.229950 32.735500 33.416416
0.230860 30.553900 32.975977
0.231770 29.934800 32.542355
0.232690 30.377800 32.115478
0.233600 31.420100 31.694332
0.234520 30.579400 31.278139
0.235430 29.913200 30.869763
0.236340 29.905200 30.469301
0.237260 30.277000 30.075107
0.238170 30.357400 29.686904
0.239090 29.023500 29.305260
0.240000 28.943300 28.928684
0.240910 28.059100 28.560998
0.241830 26.998400 28.197960
0.242740 26.846400 27.842116
0.243660 27.057600 27.493532
0.244570 26.995400 27.151485
0.245490 26.480700 26.815940
0.246400 25.975000 26.486092
0.247320 25.655300 26.163034
0.248230 26.890800 25.847370
0.249140 25.900000 25.538132
0.250060 24.481800 25.235696
0.250970 24.613100 24.938303
0.251890 24.907600 24.650642
0.252800 24.642600 24.369434
0.253710 23.898900 24.095193
0.254630 23.414000 23.827341
0.255540 22.676900 23.566200
0.256460 23.682000 23.312051
0.257370 22.569300 23.065239
0.258280 23.531600 22.825423
0.259200 23.294900 22.592154
0.260110 23.887000 22.365962
0.261030 23.666300 22.146355
0.261940 22.309000 21.934208
0.262860 21.974200 21.728423
0.263770 21.590600 21.529593
0.264690 21.081400 21.337283
0.265600 21.698100 21.151167
0.266510 22.692900 20.971504
0.267430 22.047000 20.797532
0.268340 21.854700 20.629539
0.269260 21.895800 20.467757
0.270170 21.341800 20.311274
0.271090 20.926600 20.160790
0.272000 21.295800 20.016394
0.272910 20.956200 19.877268
0.273830 21.821200 19.742949
0.274740 21.523800 19.613845
0.275660 20.831100 19.489001
0.276570 20.084300 19.368875
0.277480 19.936700 19.253153
0.278400 19.613400 19.141309
0.279310 19.203500 19.033074
0.280230 19.686200 18.928718
0.281140 19.183800 18.827763
0.282060 18.690400 18.730763
0.282970 18.965200 18.636117
0.283880 18.721600 18.544074
0.284800 19.208400 18.454842
0.285710 20.257300 18.367877
0.286630 21.090600 18.282888
0.287540 19.442800 18.199746
0.288460 20.301600 18.118614
0.289370 19.414800 18.039000
0.290280 18.355000 17.960623
0.291200 17.680700 17.883718
0.292110 17.493000 17.807798
0.293030 18.109500 17.732784
0.293940 17.921600 17.658622
0.294850 18.146000 17.585238
0.295770 17.355300 17.512052
0.296680 17.412200 17.439473
0.297600 17.012600 17.367354
0.298510 17.013200 17.295462
0.299420 17.454600 17.223976
0.300340 16.909000 17.152818
0.301250 17.502800 17.081609
0.302170 17.918100 17.010081
0.303080 16.835600 16.938627
0.304000 16.755500 16.867156
0.304910 16.326900 16.795615
0.305830 17.402500 16.724007
0.306740 17.089800 16.652806
0.307650 15.575000 16.581433
0.308570 16.623400 16.510459
0.309480 16.681000 16.439429
0.310400 18.089500 16.368303
0.311310 19.376400 16.297545
0.312220 19.258800 16.226821
0.313140 18.293900 16.156989
0.314050 16.122700 16.087248
0.314970 14.779900 16.017827
0.315880 15.060900 15.949189
0.316800 15.243100 15.881621
0.317710 15.870800 15.814310
0.318620 15.678000 15.747990
0.319540 14.666100 15.682544
0.320450 14.465800 15.617863
0.321370 15.665000 15.554637
0.322280 17.304300 15.492906
0.323200 16.982000 15.432034
0.324110 15.024100 15.372352
0.325020 14.662500 15.314078
0.325940 14.509700 15.257141
0.326850 14.715400 15.202165
0.327770 16.405800 15.149258
0.328680 16.321900 15.097792
0.329600 17.285000 15.047878
0.330510 16.435600 14.999687
0.331420 16.690600 14.953332
0.332340 18.442900 14.909045
0.333250 16.616300 14.866837
0.334170 14.811100 14.826296
0.335080 15.223800 14.787927
0.335990 14.759600 14.751173
0.336910 15.192500 14.716565
0.337820 17.669600 14.684555
0.338740 18.541300 14.654183
0.339650 17.369700 14.625778
0.340570 15.620500 14.599307
0.341480 15.234200 14.575063
0.342390 15.856000 14.552666
0.343310 15.937700 14.531771
0.344220 15.105700 14.513083
0.345140 15.867300 14.496315
0.346050 16.432400 14.481345
0.346970 17.691100 14.467895
0.347880 17.814600 14.455925
0.348790 17.515400 14.445989
0.349710 16.058500 14.438040
0.350620 15.334300 14.431239
0.351540 15.258400 14.425510
0.352450 16.820500 14.421196
0.353360 16.505400 14.418512
0.354280 16.421700 14.417228
0.355190 16.153200 14.416848
0.356110 16.409400 14.417528
0.357020 16.652700 14.419477
0.357940 16.900800 14.422581
0.358850 16.995000 14.426403
0.359760 17.069800 14.431066
0.360680 17.063300 14.436688
0.361590 15.339900 14.442935
