# SAXS profile: number of points = 501, q_min = 0, q_max = 0.5, delta_q = 0.001
#    q    intensity 
0.00000    162236928.00000000 101201896.00000000 256270928.00000000 105588.10937500 8277838.50000000 6537789.00000000 
0.00100    162208208.00000000 101183424.00000000 256224784.00000000 105562.85156250 8276033.00000000 6536401.50000000 
0.00200    162121072.00000000 101128896.00000000 256085456.00000000 105485.32031250 8270695.00000000 6532223.00000000 
0.00300    161975776.00000000 101038248.00000000 255854496.00000000 105357.64843750 8261841.50000000 6525217.50000000 
0.00400    161770192.00000000 100910648.00000000 255529888.00000000 105178.92968750 8249435.00000000 6515438.50000000 
0.00500    161504480.00000000 100747440.00000000 255114640.00000000 104949.32812500 8233514.50000000 6502954.00000000 
0.00600    161180864.00000000 100547512.00000000 254606368.00000000 104669.82031250 8214114.50000000 6487684.50000000 
0.00700    160798448.00000000 100312384.00000000 254007504.00000000 104340.42968750 8191246.00000000 6469666.50000000 
0.00800    160360192.00000000 100042160.00000000 253318784.00000000 103961.58593750 8164926.50000000 6448954.00000000 
0.00900    159860928.00000000 99736712.00000000 252539424.00000000 103533.85156250 8135225.00000000 6425604.50000000 
0.01000    159309824.00000000 99396392.00000000 251673296.00000000 103057.98437500 8102134.00000000 6399589.00000000 
0.01100    158702256.00000000 99022192.00000000 250720192.00000000 102534.91406250 8065750.00000000 6370937.50000000 
0.01200    158041200.00000000 98614016.00000000 249680128.00000000 101965.49218750 8026136.00000000 6339775.50000000 
0.01300    157325392.00000000 98171704.00000000 248553744.00000000 101349.78125000 7983302.50000000 6306083.00000000 
0.01400    156556384.00000000 97697672.00000000 247344384.00000000 100689.64062500 7937303.50000000 6269905.00000000 
0.01500    155732624.00000000 97189968.00000000 246054352.00000000 99985.62500000  7888208.50000000 6231281.00000000 
0.01600    154859472.00000000 96651144.00000000 244681888.00000000 99239.00000000  7836126.00000000 6190307.00000000 
0.01700    153935376.00000000 96081640.00000000 243230720.00000000 98451.13281250  7781108.50000000 6146987.50000000 
0.01800    152963072.00000000 95481096.00000000 241701904.00000000 97622.31250000  7723161.00000000 6101406.00000000 
0.01900    151942064.00000000 94851336.00000000 240097936.00000000 96754.55468750  7662481.00000000 6053670.50000000 
0.02000    150871632.00000000 94191864.00000000 238419104.00000000 95848.56250000  7599043.00000000 6003728.50000000 
0.02100    149758416.00000000 93504736.00000000 236669760.00000000 94906.52343750  7533013.00000000 5951770.50000000 
0.02200    148601760.00000000 92789704.00000000 234848768.00000000 93928.85156250  7464432.50000000 5897777.00000000 
0.02300    147398480.00000000 92047728.00000000 232960576.00000000 92917.82031250  7393359.50000000 5841858.00000000 
0.02400    146155600.00000000 91280536.00000000 231008112.00000000 91874.22656250  7319952.00000000 5784107.50000000 
0.02500    144872176.00000000 90488432.00000000 228989952.00000000 90799.39843750  7244247.50000000 5724510.50000000 
0.02600    143549712.00000000 89671584.00000000 226911216.00000000 89695.60937500  7166407.00000000 5663239.00000000 
0.02700    142189984.00000000 88831392.00000000 224772560.00000000 88564.04687500  7086489.00000000 5600316.00000000 
0.02800    140793280.00000000 87968952.00000000 222579248.00000000 87405.71093750  7004602.50000000 5535858.50000000 
0.02900    139362144.00000000 87085560.00000000 220330112.00000000 86222.63281250  6920830.50000000 5469925.00000000 
0.03000    137899520.00000000 86181280.00000000 218030144.00000000 85017.15625000  6835304.00000000 5402614.00000000 
0.03100    136404752.00000000 85257896.00000000 215679504.00000000 83789.96875000  6748118.50000000 5333964.00000000 
0.03200    134880832.00000000 84315736.00000000 213282304.00000000 82542.50000000  6659363.00000000 5264074.00000000 
0.03300    133328024.00000000 83356088.00000000 210842304.00000000 81277.40625000  6569148.00000000 5193040.50000000 
0.03400    131749112.00000000 82380104.00000000 208359616.00000000 79995.14062500  6477633.00000000 5120943.50000000 
0.03500    130145336.00000000 81388864.00000000 205836720.00000000 78698.49218750  6384866.50000000 5047919.50000000 
0.03600    128518408.00000000 80382496.00000000 203277120.00000000 77388.43750000  6290922.00000000 4973952.00000000 
0.03700    126869864.00000000 79363016.00000000 200685120.00000000 76066.49218750  6196014.50000000 4899188.50000000 
0.03800    125201656.00000000 78329944.00000000 198059024.00000000 74734.58593750  6100184.50000000 4823736.50000000 
0.03900    123514608.00000000 77286472.00000000 195406608.00000000 73394.28125000  6003510.50000000 4747589.00000000 
0.04000    121812088.00000000 76232536.00000000 192726192.00000000 72047.21875000  5906175.00000000 4670904.50000000 
0.04100    120094264.00000000 75169256.00000000 190022912.00000000 70694.62500000  5808216.50000000 4593758.00000000 
0.04200    118362576.00000000 74097624.00000000 187299344.00000000 69338.54687500  5709782.50000000 4516215.50000000 
0.04300    116619656.00000000 73018936.00000000 184555904.00000000 67979.96875000  5610962.50000000 4438330.00000000 
0.04400    114866832.00000000 71933176.00000000 181796400.00000000 66620.51562500  5511817.50000000 4360260.00000000 
0.04500    113105392.00000000 70842008.00000000 179023680.00000000 65261.87109375  5412499.50000000 4282002.50000000 
0.04600    111337120.00000000 69745872.00000000 176240208.00000000 63905.01562500  5313105.50000000 4203640.00000000 
0.04700    109564208.00000000 68647032.00000000 173447760.00000000 62551.60546875  5213710.50000000 4125296.75000000 
0.04800    107786800.00000000 67544864.00000000 170649392.00000000 61203.53515625  5114380.50000000 4047015.25000000 
0.04900    106007760.00000000 66441844.00000000 167847440.00000000 59861.66796875  5015258.50000000 3968895.75000000 
0.05000    104227608.00000000 65337948.00000000 165042864.00000000 58526.59765625  4916432.50000000 3890972.75000000 
0.05100    102448368.00000000 64234232.00000000 162240528.00000000 57200.50000000  4817944.50000000 3813347.75000000 
0.05200    100671816.00000000 63131452.00000000 159441408.00000000 55884.05859375  4719922.00000000 3736043.00000000 
0.05300    98898384.00000000 62030808.00000000 156647744.00000000 54578.91796875  4622402.00000000 3659150.25000000 
0.05400    97130368.00000000 60933208.00000000 153860512.00000000 53285.53906250  4525503.00000000 3582757.50000000 
0.05500    95368584.00000000 59838960.00000000 151082960.00000000 52005.37500000  4429293.00000000 3506869.00000000 
0.05600    93614320.00000000 58749484.00000000 148317152.00000000 50738.74218750  4333841.00000000 3431566.25000000 
0.05700    91868760.00000000 57664952.00000000 145566352.00000000 49487.63281250  4239183.50000000 3356933.75000000 
0.05800    90134184.00000000 56586336.00000000 142829520.00000000 48251.98828125  4145472.25000000 3282984.25000000 
0.05900    88410088.00000000 55514732.00000000 140111360.00000000 47032.94531250  4052689.00000000 3209797.25000000 
0.06000    86698200.00000000 54450460.00000000 137413424.00000000 45831.35937500  3960935.50000000 3137389.00000000 
0.06100    85000408.00000000 53394532.00000000 134734336.00000000 44648.31640625  3870256.00000000 3065813.25000000 
0.06200    83316152.00000000 52347424.00000000 132079320.00000000 43483.59375000  3780692.75000000 2995143.00000000 
0.06300    81648608.00000000 51309776.00000000 129448528.00000000 42338.57421875  3692321.50000000 2925384.75000000 
0.06400    79997616.00000000 50281672.00000000 126842624.00000000 41213.31250000  3605158.25000000 2856560.50000000 
0.06500    78364008.00000000 49264484.00000000 124264040.00000000 40108.30468750  3519283.75000000 2788774.75000000 
0.06600    76748792.00000000 48258816.00000000 121714024.00000000 39024.61718750  3434723.50000000 2721984.25000000 
0.06700    75152264.00000000 47264064.00000000 119194504.00000000 37962.13281250  3351477.25000000 2656256.25000000 
0.06800    73576088.00000000 46282112.00000000 116706544.00000000 36921.20312500  3269643.75000000 2591632.50000000 
0.06900    72021120.00000000 45312692.00000000 114250272.00000000 35902.28125000  3189213.75000000 2528094.00000000 
0.07000    70486424.00000000 44356152.00000000 111827728.00000000 34905.48828125  3110222.50000000 2465692.50000000 
0.07100    68974584.00000000 43412992.00000000 109438952.00000000 33930.91406250  3032674.50000000 2404440.00000000 
0.07200    67485048.00000000 42483896.00000000 107086352.00000000 32978.95703125  2956655.75000000 2344349.25000000 
0.07300    66018432.00000000 41569128.00000000 104769656.00000000 32049.73046875  2882113.00000000 2285433.50000000 
0.07400    64576100.00000000 40668528.00000000 102489976.00000000 31142.93554688  2809093.00000000 2227717.25000000 
0.07500    63156912.00000000 39783040.00000000 100248312.00000000 30259.13281250  2737585.50000000 2171205.50000000 
0.07600    61763032.00000000 38912636.00000000 98044624.00000000 29397.88281250  2667632.50000000 2115888.50000000 
0.07700    60393876.00000000 38057520.00000000 95880560.00000000 28559.31445312  2599234.75000000 2061796.50000000 
0.07800    59049552.00000000 37217824.00000000 93755304.00000000 27743.13085938  2532371.50000000 2008926.37500000 
0.07900    57730668.00000000 36393852.00000000 91671008.00000000 26949.17382812  2467036.25000000 1957257.62500000 
0.08000    56437752.00000000 35585640.00000000 89626512.00000000 26177.40039062  2403291.75000000 1906813.62500000 
0.08100    55170564.00000000 34793516.00000000 87622160.00000000 25427.75000000  2341061.00000000 1857593.37500000 
0.08200    53929636.00000000 34017252.00000000 85659512.00000000 24699.53320312  2280359.75000000 1809560.50000000 
0.08300    52714564.00000000 33257300.00000000 83737544.00000000 23992.83007812  2221210.25000000 1762733.12500000 
0.08400    51525720.00000000 32513658.00000000 81856712.00000000 23307.17382812  2163542.25000000 1717111.00000000 
0.08500    50363140.00000000 31786194.00000000 80017760.00000000 22642.43164062  2107405.50000000 1672658.25000000 
0.08600    49226432.00000000 31075204.00000000 78219744.00000000 21998.14648438  2052741.87500000 1629379.87500000 
0.08700    48116568.00000000 30380240.00000000 76463016.00000000 21373.76171875  1999563.00000000 1587269.25000000 
0.08800    47032296.00000000 29701476.00000000 74746808.00000000 20769.14843750  1947829.87500000 1546295.12500000 
0.08900    45974052.00000000 29039166.00000000 73072368.00000000 20183.73828125  1897527.00000000 1506445.62500000 
0.09000    44941408.00000000 28392666.00000000 71439072.00000000 19617.28906250  1848629.12500000 1467708.62500000 
0.09100    43935044.00000000 27762096.00000000 69845296.00000000 19069.04882812  1801124.87500000 1430071.37500000 
0.09200    42953700.00000000 27147666.00000000 68291832.00000000 18538.75390625  1754979.87500000 1393496.12500000 
0.09300    41997892.00000000 26549038.00000000 66778332.00000000 18025.88867188  1710179.25000000 1357992.50000000 
0.09400    41066956.00000000 25965782.00000000 65304836.00000000 17530.04882812  1666677.62500000 1323490.50000000 
0.09500    40160804.00000000 25397888.00000000 63869896.00000000 17050.69531250  1624468.25000000 1290032.50000000 
0.09600    39278728.00000000 24845352.00000000 62473620.00000000 16587.31445312  1583497.12500000 1257545.62500000 
0.09700    38421036.00000000 24307980.00000000 61115840.00000000 16139.57910156  1543768.75000000 1226022.00000000 
0.09800    37587224.00000000 23785402.00000000 59795568.00000000 15706.62304688  1505221.25000000 1195454.00000000 
0.09900    36776636.00000000 23277448.00000000 58511448.00000000 15288.51269531  1467844.12500000 1165807.37500000 
0.10000    35988584.00000000 22784012.00000000 57265092.00000000 14884.33496094  1431613.75000000 1137052.50000000 
0.10100    35224000.00000000 22304682.00000000 56053432.00000000 14493.60546875  1396453.37500000 1109162.75000000 
0.10200    34480756.00000000 21839364.00000000 54877192.00000000 14116.14648438  1362396.37500000 1082118.12500000 
0.10300    33759604.00000000 21387442.00000000 53735500.00000000 13750.99511719  1329355.87500000 1055898.75000000 
0.10400    33059378.00000000 20949196.00000000 52627604.00000000 13398.15527344  1297338.12500000 1030475.81250000 
0.10500    32380706.00000000 20524104.00000000 51553272.00000000 13056.86132812  1266304.50000000 1005828.93750000 
0.10600    31722270.00000000 20111684.00000000 50510636.00000000 12726.81640625  1236197.75000000 981926.06250000 
0.10700    31083734.00000000 19711902.00000000 49499868.00000000 12407.45312500  1207020.50000000 958749.68750000 
0.10800    30464646.00000000 19324472.00000000 48520092.00000000 12098.42675781  1178710.87500000 936272.62500000 
0.10900    29864460.00000000 18948948.00000000 47570368.00000000 11799.29492188  1151260.62500000 914467.25000000 
0.11000    29282890.00000000 18584990.00000000 46649928.00000000 11509.58984375  1124642.87500000 893313.56250000 
0.11100    28719144.00000000 18232594.00000000 45758520.00000000 11228.85058594  1098810.75000000 872790.75000000 
0.11200    28173016.00000000 17890970.00000000 44894516.00000000 10956.79394531  1073742.25000000 852866.56250000 
0.11300    27643940.00000000 17560250.00000000 44057716.00000000 10693.04296875  1049410.62500000 833524.25000000 
0.11400    27131276.00000000 17240010.00000000 43247156.00000000 10437.22753906  1025793.37500000 814757.56250000 
0.11500    26634872.00000000 16929964.00000000 42462164.00000000 10188.92285156  1002850.18750000 796518.75000000 
0.11600    26153952.00000000 16629698.00000000 41702012.00000000 9947.87597656   980558.87500000 778791.12500000 
0.11700    25687918.00000000 16338938.00000000 40965652.00000000 9713.60742188   958906.68750000 761571.81250000 
0.11800    25236508.00000000 16057339.00000000 40252248.00000000 9485.99902344   937842.87500000 744827.37500000 
0.11900    24799168.00000000 15784788.00000000 39561512.00000000 9264.64160156   917358.06250000 728538.68750000 
0.12000    24375414.00000000 15520707.00000000 38892240.00000000 9049.29785156   897427.68750000 712687.81250000 
0.12100    23965114.00000000 15265045.00000000 38244072.00000000 8839.75585938   878038.37500000 697262.93750000 
0.12200    23566990.00000000 15017386.00000000 37615968.00000000 8635.65722656   859154.37500000 682245.62500000 
0.12300    23181232.00000000 14777435.00000000 37007392.00000000 8436.82714844   840757.87500000 667607.68750000 
0.12400    22807298.00000000 14544874.00000000 36417488.00000000 8243.03417969   822826.56250000 653347.37500000 
0.12500    22444546.00000000 14319464.00000000 35845108.00000000 8054.01708984   805342.50000000 639436.62500000 
0.12600    22092754.00000000 14100964.00000000 35290424.00000000 7869.68945312   788298.93750000 625880.18750000 
0.12700    21751366.00000000 13889125.00000000 34752324.00000000 7689.78710938   771666.43750000 612643.37500000 
0.12800    21419974.00000000 13683529.00000000 34230224.00000000 7514.14550781   755428.25000000 599719.50000000 
0.12900    21098168.00000000 13484053.00000000 33723436.00000000 7342.61474609   739566.87500000 587101.68750000 
0.13000    20785518.00000000 13290424.00000000 33231136.00000000 7175.07568359   724079.12500000 574771.18750000 
0.13100    20481814.00000000 13102276.00000000 32752668.00000000 7011.33789062   708930.75000000 562720.37500000 
0.13200    20186488.00000000 12919405.00000000 32287662.00000000 6851.35009766   694125.93750000 550934.93750000 
0.13300    19899198.00000000 12741725.00000000 31835532.00000000 6694.91113281   679646.56250000 539414.56250000 
0.13400    19619642.00000000 12568864.00000000 31395648.00000000 6541.96582031   665480.06250000 528137.12500000 
0.13500    19347260.00000000 12400578.00000000 30967240.00000000 6392.43554688   651616.56250000 517098.50000000 
0.13600    19082202.00000000 12236662.00000000 30550236.00000000 6246.19335938   638037.25000000 506290.71875000 
0.13700    18823494.00000000 12077062.00000000 30143628.00000000 6103.17919922   624747.68750000 495707.21875000 
0.13800    18571386.00000000 11921363.00000000 29747130.00000000 5963.28320312   611719.37500000 485337.15625000 
0.13900    18325206.00000000 11769397.00000000 29360016.00000000 5826.52929688   598964.18750000 475181.62500000 
0.14000    18084894.00000000 11621051.00000000 28982300.00000000 5692.73486328   586457.62500000 465224.37500000 
0.14100    17849976.00000000 11476287.00000000 28613200.00000000 5561.96630859   574204.87500000 455465.37500000 
0.14200    17620300.00000000 11334566.00000000 28252268.00000000 5434.05175781   562189.06250000 445896.03125000 
0.14300    17395504.00000000 11195959.00000000 27899080.00000000 5309.02148438   550407.12500000 436515.78125000 
0.14400    17175520.00000000 11060223.00000000 27553216.00000000 5186.80664062   538855.18750000 427312.62500000 
0.14500    16959996.00000000 10927254.00000000 27214434.00000000 5067.42089844   527525.06250000 418286.50000000 
0.14600    16748611.00000000 10796890.00000000 26882372.00000000 4950.81201172   516414.21875000 409436.34375000 
0.14700    16541369.00000000 10668919.00000000 26556370.00000000 4836.86230469   505518.06250000 400757.53125000 
0.14800    16337708.00000000 10543191.00000000 26236276.00000000 4725.58984375   494830.03125000 392239.03125000 
0.14900    16137681.00000000 10419780.00000000 25921780.00000000 4617.00878906   484346.75000000 383886.75000000 
0.15000    15941158.00000000 10298327.00000000 25612538.00000000 4511.03417969   474063.34375000 375695.84375000 
0.15100    15747790.00000000 10178760.00000000 25308314.00000000 4407.63378906   463977.21875000 367655.59375000 
0.15200    15557567.00000000 10061126.00000000 25008942.00000000 4306.86914062   454089.15625000 359772.12500000 
0.15300    15370034.00000000 9945065.00000000 24714002.00000000 4208.60253906   444390.00000000 352044.34375000 
0.15400    15185318.00000000 9830618.00000000 24422960.00000000 4112.83154297   434881.09375000 344463.12500000 
0.15500    15003114.00000000 9717680.00000000 24135962.00000000 4019.59277344   425554.15625000 337028.84375000 
0.15600    14823316.00000000 9606135.00000000 23852664.00000000 3928.73364258   416413.09375000 329735.87500000 
0.15700    14646018.00000000 9495959.00000000 23573032.00000000 3840.33422852   407453.50000000 322593.78125000 
0.15800    14470696.00000000 9387009.00000000 23296500.00000000 3754.28906250   398668.75000000 315586.09375000 
0.15900    14297462.00000000 9279178.00000000 23023094.00000000 3670.58447266   390062.65625000 308723.18750000 
0.16000    14126071.00000000 9172432.00000000 22752456.00000000 3589.21484375   381628.25000000 301994.96875000 
0.16100    13956754.00000000 9066732.00000000 22484736.00000000 3510.12500000   373365.40625000 295403.96875000 
0.16200    13788987.00000000 8961989.00000000 22219572.00000000 3433.28515625   365272.12500000 288948.59375000 
0.16300    13622939.00000000 8858187.00000000 21956940.00000000 3358.58740234   357343.25000000 282624.00000000 
0.16400    13458506.00000000 8755144.00000000 21696542.00000000 3286.07397461   349582.28125000 276429.37500000 
0.16500    13295406.00000000 8652890.00000000 21438228.00000000 3215.65820312   341984.18750000 270364.25000000 
0.16600    13133887.00000000 8551464.00000000 21182268.00000000 3147.29760742   334543.56250000 264427.03125000 
0.16700    12973568.00000000 8450675.00000000 20928034.00000000 3080.91967773   327259.46875000 258612.81250000 
0.16800    12814499.00000000 8350541.00000000 20675436.00000000 3016.52221680   320128.65625000 252921.25000000 
0.16900    12656772.00000000 8251045.50000000 20425034.00000000 2954.05371094   313153.81250000 247355.25000000 
0.17000    12500080.00000000 8152177.50000000 20176024.00000000 2893.42016602   306327.06250000 241904.32812500 
0.17100    12344622.00000000 8053804.50000000 19928632.00000000 2834.57983398   299647.75000000 236570.65625000 
0.17200    12190108.00000000 7955984.00000000 19682684.00000000 2777.47680664   293111.03125000 231351.62500000 
0.17300    12036716.00000000 7858668.00000000 19438426.00000000 2722.06103516   286716.96875000 226247.20312500 
0.17400    11884249.00000000 7761797.00000000 19195492.00000000 2668.30786133   280462.28125000 221253.39062500 
0.17500    11732753.00000000 7665436.50000000 18953746.00000000 2616.10766602   274345.31250000 216366.21875000 
0.17600    11582076.00000000 7569472.50000000 18713200.00000000 2565.37231445   268355.12500000 211584.00000000 
0.17700    11432383.00000000 7473973.50000000 18474226.00000000 2516.14990234   262498.75000000 206908.89062500 
0.17800    11283496.00000000 7378890.50000000 18236132.00000000 2468.28979492   256766.90625000 202331.23437500 
0.17900    11135403.00000000 7284196.50000000 17999382.00000000 2421.77880859   251159.76562500 197853.01562500 
0.18000    10988202.00000000 7189882.50000000 17763706.00000000 2376.53295898   245672.35937500 193470.01562500 
0.18100    10841865.00000000 7096019.00000000 17529280.00000000 2332.55761719   240305.12500000 189184.78125000 
0.18200    10696136.00000000 7002513.50000000 17295672.00000000 2289.65869141   235045.85937500 184985.95312500 
0.18300    10551252.00000000 6909338.50000000 17063524.00000000 2247.92163086   229897.15625000 180875.73437500 
0.18400    10407103.00000000 6816529.00000000 16832348.00000000 2207.19311523   224858.00000000 176852.17187500 
0.18500    10263768.00000000 6724179.00000000 16602125.00000000 2167.47875977   219921.78125000 172910.93750000 
0.18600    10121111.00000000 6632096.00000000 16373035.00000000 2128.69042969   215085.96875000 169048.65625000 
0.18700    9979121.00000000 6540479.50000000 16145009.00000000 2090.78955078   210344.71875000 165265.79687500 
0.18800    9837993.00000000 6449171.00000000 15917940.00000000 2053.72949219   205698.15625000 161556.28125000 
0.18900    9697560.00000000 6358275.00000000 15692105.00000000 2017.48120117   201144.48437500 157921.40625000 
0.19000    9557833.00000000 6267682.00000000 15467032.00000000 1981.92297363   196673.45312500 154352.60937500 
0.19100    9418935.00000000 6177660.50000000 15243380.00000000 1947.13305664   192290.75000000 150855.70312500 
0.19200    9280642.00000000 6087895.00000000 15020731.00000000 1912.93505859   187983.98437500 147419.96875000 
0.19300    9143228.00000000 5998611.00000000 14799192.00000000 1879.40026855   183758.87500000 144048.60937500 
0.19400    9006449.00000000 5909721.00000000 14578735.00000000 1846.42004395   179604.65625000 140735.43750000 
0.19500    8870504.00000000 5821223.50000000 14359411.00000000 1814.00952148   175525.04687500 137479.56250000 
0.19600    8735216.00000000 5733178.50000000 14141323.00000000 1782.09375000   171510.25000000 134278.78125000 
0.19700    8600845.00000000 5645592.50000000 13924297.00000000 1750.68859863   167565.64062500 131130.73437500 
0.19800    8467212.00000000 5558424.00000000 13708544.00000000 1719.72167969   163681.03125000 128033.16406250 
0.19900    8334437.50000000 5471786.50000000 13494065.00000000 1689.22204590   159858.87500000 124985.99218750 
0.20000    8202428.50000000 5385599.00000000 13280779.00000000 1659.10156250   156092.76562500 121983.38281250 
0.20100    8071310.50000000 5299906.50000000 13068880.00000000 1629.40380859   152384.82812500 119026.85156250 
0.20200    7940929.00000000 5214726.00000000 12858114.00000000 1600.07873535   148727.48437500 116111.95312500 
0.20300    7811544.50000000 5130092.00000000 12648879.00000000 1571.14428711   145124.76562500 113239.32031250 
0.20400    7682961.50000000 5045995.50000000 12440951.00000000 1542.53479004   141571.12500000 110405.89062500 
0.20500    7555294.50000000 4962428.00000000 12234445.00000000 1514.30725098   138064.95312500 107610.57812500 
0.20600    7428512.00000000 4879398.00000000 12029301.00000000 1486.39074707   134602.10937500 104850.17187500 
0.20700    7302725.00000000 4796961.00000000 11825683.00000000 1458.85266113   131187.09375000 102127.44531250 
0.20800    7177820.00000000 4715151.50000000 11623542.00000000 1431.63403320   127813.39062500 99437.23437500  
0.20900    7054020.50000000 4633966.00000000 11423110.00000000 1404.81225586   124485.49218750 96784.21093750  
0.21000    6931106.50000000 4553353.50000000 11224159.00000000 1378.27709961   121193.42968750 94158.68750000  
0.21100    6809194.50000000 4473429.00000000 11026862.00000000 1352.12023926   117943.65625000 91566.42187500  
0.21200    6688386.00000000 4394140.50000000 10831063.00000000 1326.31042480   114731.20312500 89004.38281250  
0.21300    6568565.50000000 4315533.00000000 10637021.00000000 1300.86706543   111557.05468750 86472.76562500  
0.21400    6449884.50000000 4237578.50000000 10444698.00000000 1275.83227539   108421.25781250 83970.46875000  
0.21500    6332318.50000000 4160421.00000000 10254234.00000000 1251.17578125   105324.08593750 81498.97656250  
0.21600    6215802.50000000 4083909.75000000 10065438.00000000 1226.90502930   102260.48437500 79053.14062500  
0.21700    6100476.00000000 4008182.50000000 9878521.00000000 1203.07092285   99236.02343750  76638.28906250  
0.21800    5986307.50000000 3933155.50000000 9693542.00000000 1179.65905762   96246.31250000  74250.60937500  
0.21900    5873243.50000000 3858883.75000000 9510291.00000000 1156.67517090   93291.71875000  71889.92187500  
0.22000    5761433.00000000 3785378.00000000 9329009.00000000 1134.16320801   90374.37500000  69558.21875000  
0.22100    5650882.50000000 3712734.50000000 9149861.00000000 1112.14599609   87495.47656250  67257.17187500  
0.22200    5541530.50000000 3640857.50000000 8972589.00000000 1090.62414551   84652.82812500  64983.58984375  
0.22300    5433481.50000000 3569806.50000000 8797302.00000000 1069.57983398   81846.56250000  62738.12890625  
0.22400    5326649.50000000 3499558.25000000 8624116.00000000 1049.07507324   79077.09375000  60521.78515625  
0.22500    5221195.50000000 3430208.50000000 8453057.00000000 1029.13720703   76349.35937500  58336.52734375  
0.22600    5116979.00000000 3361667.00000000 8284128.50000000 1009.71997070   73657.42968750  56179.75390625  
0.22700    5014162.50000000 3294034.50000000 8117414.50000000 990.90307617    71007.68750000  54055.71875000  
0.22800    4912715.50000000 3227252.25000000 7952789.50000000 972.66735840    68396.44531250  51961.18750000  
0.22900    4812566.00000000 3161348.75000000 7790271.50000000 955.00823975    65825.05468750  49898.14843750  
0.23000    4713860.00000000 3096359.50000000 7630124.00000000 937.97943115    63297.57812500  47868.11328125  
0.23100    4616555.00000000 3032293.25000000 7472259.00000000 921.57183838    60812.21484375  45871.58203125  
0.23200    4520628.50000000 2969107.00000000 7316555.50000000 905.79266357    58368.85546875  43907.01562500  
0.23300    4426114.50000000 2906870.50000000 7163165.00000000 890.65753174    55969.79296875  41977.91015625  
0.23400    4333063.50000000 2845561.50000000 7012109.50000000 876.18054199    53616.68359375  40083.55468750  
0.23500    4241377.50000000 2785141.75000000 6863257.00000000 862.32104492    51306.26953125  38222.59375000  
0.23600    4151262.00000000 2725731.25000000 6716902.00000000 849.15472412    49045.37109375  36400.70312500  
0.23700    4062568.00000000 2667227.75000000 6572857.00000000 836.64025879    46830.75390625  34614.02343750  
0.23800    3975376.50000000 2609695.50000000 6431187.00000000 824.79907227    44664.30859375  32865.98046875  
0.23900    3889590.25000000 2553104.25000000 6291823.50000000 813.59924316    42545.77343750  31154.35742188  
0.24000    3805330.00000000 2497481.00000000 6154889.00000000 803.06341553    40477.04296875  29482.56054688  
0.24100    3722560.25000000 2442835.25000000 6020421.00000000 793.21459961    38459.95703125  27850.83789062  
0.24200    3641310.50000000 2389136.00000000 5888280.50000000 784.00494385    36492.30859375  26258.71093750  
0.24300    3561522.25000000 2336410.50000000 5758560.50000000 775.43756104    34576.08593750  24706.09179688  
0.24400    3483219.00000000 2284640.00000000 5631217.00000000 767.50097656    32711.23632812  23194.50000000  
0.24500    3406402.75000000 2233830.25000000 5506225.50000000 760.19842529    30898.18750000  21723.91796875  
0.24600    3331075.00000000 2183981.25000000 5383653.50000000 753.51489258    29138.18359375  20294.75195312  
0.24700    3257246.50000000 2135107.75000000 5263536.50000000 747.43695068    27431.28906250  18907.73828125  
0.24800    3184904.75000000 2087173.00000000 5145709.00000000 741.94384766    25777.55078125  17563.35156250  
0.24900    3113997.50000000 2040169.12500000 5030281.50000000 737.02380371    24175.71679688  16260.30273438  
0.25000    3044595.75000000 1994131.25000000 4917181.50000000 732.66101074    22628.81054688  14999.94726562  
0.25100    2976626.75000000 1949031.50000000 4806423.00000000 728.81982422    21133.47851562  13781.93554688  
0.25200    2910163.50000000 1904894.25000000 4698084.50000000 725.52618408    19693.83203125  12607.92968750  
0.25300    2845097.00000000 1861675.87500000 4592008.00000000 722.71173096    18305.92187500  11475.46484375  
0.25400    2781472.75000000 1819368.12500000 4488186.00000000 720.37078857    16971.46875000  10385.63378906  
0.25500    2719248.00000000 1777964.12500000 4386660.50000000 718.49047852    15688.45605469  9337.96777344   
0.25600    2658427.50000000 1737475.50000000 4287386.50000000 717.03387451    14458.54589844  8332.44824219   
0.25700    2598997.50000000 1697877.87500000 4190350.75000000 715.98107910    13280.01464844  7368.79736328   
0.25800    2540921.25000000 1659171.50000000 4095490.50000000 715.30554199    12153.19824219  6446.39404297   
0.25900    2484205.25000000 1621343.50000000 4002849.00000000 714.99877930    11077.05761719  5565.69873047   
0.26000    2428850.25000000 1584359.50000000 3912315.75000000 715.01892090    10051.17968750  4725.58056641   
0.26100    2374773.25000000 1548229.87500000 3823875.50000000 715.32556152    9072.88964844   3924.67016602   
0.26200    2322022.75000000 1512962.25000000 3737609.25000000 715.93487549    8145.85595703   3165.08056641   
0.26300    2270514.00000000 1478492.00000000 3653273.00000000 716.77050781    7263.81982422   2442.87158203   
0.26400    2220261.50000000 1444845.25000000 3571052.75000000 717.84277344    6429.58496094   1759.58386230   
0.26500    2171269.50000000 1412012.87500000 3490786.25000000 719.11169434    5641.13867188   1114.26977539   
0.26600    2123465.50000000 1379950.25000000 3412463.25000000 720.56408691    4897.00878906   505.12026978    
0.26700    2076860.87500000 1348675.12500000 3336074.25000000 722.17285156    4197.15625000   -67.22989655    
0.26800    2031428.37500000 1318156.00000000 3261580.25000000 723.90631104    3540.56274414   -603.84521484   
0.26900    1987099.25000000 1288367.50000000 3188893.75000000 725.72546387    2923.67333984   -1107.64367676  
0.27000    1943914.87500000 1259334.87500000 3118063.75000000 727.64355469    2347.88208008   -1576.31103516  
0.27100    1901812.75000000 1230991.25000000 3048938.75000000 729.60028076    1810.17407227   -2013.78015137  
0.27200    1860809.75000000 1203389.12500000 2981635.75000000 731.62481689    1312.84924316   -2417.57885742  
0.27300    1820800.37500000 1176428.12500000 2915959.00000000 733.64801025    849.76501465    -2792.51831055  
0.27400    1781774.87500000 1150118.75000000 2851847.25000000 735.64160156    420.09484863    -3138.98583984  
0.27500    1743829.50000000 1124507.62500000 2789455.00000000 737.64953613    27.37656593     -3454.32812500  
0.27600    1706734.37500000 1099483.25000000 2728527.00000000 739.58715820    -335.74685669   -3744.26416016  
0.27700    1670658.12500000 1075127.00000000 2669225.25000000 741.49523926    -665.30895996   -4006.17968750  
0.27800    1635477.12500000 1051355.00000000 2611358.50000000 743.32208252    -966.34222412   -4243.28076172  
0.27900    1601167.12500000 1028175.62500000 2554983.25000000 745.07092285    -1238.24157715  -4455.56591797  
0.28000    1567723.50000000 1005566.62500000 2499956.75000000 746.71826172    -1483.32592773  -4644.99902344  
0.28100    1535105.87500000 983522.93750000 2446320.25000000 748.25994873    -1702.74804688  -4812.06640625  
0.28200    1503320.12500000 962028.43750000 2394042.75000000 749.69976807    -1896.50463867  -4957.35400391  
0.28300    1472307.37500000 941058.18750000 2343043.00000000 751.00476074    -2067.78613281  -5082.64697266  
0.28400    1442038.12500000 920591.06250000 2293265.75000000 752.17382812    -2217.15673828  -5189.19726562  
0.28500    1412552.50000000 900640.18750000 2244752.50000000 753.22015381    -2344.56201172  -5276.58447266  
0.28600    1383736.12500000 881158.81250000 2197371.50000000 754.11737061    -2453.69677734  -5347.81494141  
0.28700    1355622.00000000 862155.56250000 2151164.25000000 754.87158203    -2543.82470703  -5402.19726562  
0.28800    1328171.62500000 843597.68750000 2106028.50000000 755.49090576    -2616.43627930  -5441.62011719  
0.28900    1301402.00000000 825513.18750000 2062021.25000000 755.96734619    -2672.45239258  -5466.31054688  
0.29000    1275215.00000000 807825.87500000 2018995.25000000 756.28350830    -2714.20849609  -5478.26953125  
0.29100    1249662.75000000 790584.87500000 1977033.62500000 756.48040771    -2740.35986328  -5476.73486328  
0.29200    1224682.87500000 773728.31250000 1936022.37500000 756.53540039    -2754.14794922  -5463.63818359  
0.29300    1200280.62500000 757279.00000000 1895970.75000000 756.46380615    -2754.67114258  -5439.27099609  
0.29400    1176392.75000000 741181.43750000 1856761.25000000 756.23632812    -2745.50585938  -5406.22412109  
0.29500    1153075.00000000 725486.12500000 1818519.50000000 755.92004395    -2723.76269531  -5362.13134766  
0.29600    1130222.62500000 710127.43750000 1781095.37500000 755.48132324    -2693.61328125  -5310.17431641  
0.29700    1107875.37500000 695113.62500000 1744470.50000000 754.93328857    -2654.66625977  -5250.54443359  
0.29800    1086027.75000000 680441.37500000 1708699.12500000 754.29785156    -2606.32397461  -5183.12304688  
0.29900    1064637.37500000 666102.56250000 1673708.50000000 753.57159424    -2549.88378906  -5108.36914062  
0.30000    1043675.37500000 652066.37500000 1639421.12500000 752.76428223    -2487.90722656  -5028.49658203  
0.30100    1023166.37500000 638352.37500000 1605914.50000000 751.90240479    -2417.86181641  -4941.99316406  
0.30200    1003051.37500000 624914.62500000 1573072.37500000 750.98138428    -2343.09326172  -4851.32666016  
0.30300    983367.12500000 611782.31250000 1540954.62500000 750.02386475    -2261.36279297  -4755.13671875  
0.30400    964081.75000000 598943.75000000 1509516.87500000 749.03643799    -2174.75952148  -4654.63476562  
0.30500    945156.31250000 586351.75000000 1478678.75000000 748.02093506    -2084.30761719  -4551.30273438  
0.30600    926597.56250000 574025.56250000 1448462.00000000 747.00665283    -1989.15393066  -4444.17480469  
0.30700    908433.75000000 561987.37500000 1418932.87500000 746.00823975    -1888.68933105  -4332.99316406  
0.30800    890601.18750000 550172.12500000 1389930.50000000 745.01367188    -1785.31445312  -4219.99121094  
0.30900    873129.06250000 538626.18750000 1361568.12500000 744.06964111    -1677.30444336  -4103.53173828  
0.31000    855995.56250000 527316.31250000 1333754.50000000 743.15661621    -1566.35888672  -3985.07080078  
0.31100    839171.12500000 516229.46875000 1306482.87500000 742.30560303    -1451.80358887  -3864.56787109  
0.31200    822682.56250000 505377.59375000 1279777.25000000 741.52172852    -1333.87280273  -3741.89721680  
0.31300    806518.25000000 494751.34375000 1253586.62500000 740.81311035    -1212.64709473  -3617.56103516  
0.31400    790669.81250000 484361.78125000 1227971.75000000 740.20513916    -1088.01159668  -3490.98925781  
0.31500    775117.75000000 474169.43750000 1202822.37500000 739.68548584    -960.62335205   -3363.36572266  
0.31600    759866.75000000 464197.93750000 1178189.37500000 739.28466797    -829.59735107   -3233.89697266  
0.31700    744923.06250000 454440.25000000 1154069.50000000 739.00457764    -695.37152100   -3102.63134766  
0.31800    730252.43750000 444874.81250000 1130429.75000000 738.83215332    -558.78192139   -2970.81909180  
0.31900    715910.68750000 435531.96875000 1107286.37500000 738.82373047    -417.05923462   -2836.51513672  
0.32000    701839.12500000 426379.81250000 1084622.62500000 738.94409180    -273.20071411   -2701.26928711  
0.32100    688044.81250000 417414.96875000 1062412.87500000 739.21075439    -125.76146698   -2564.72827148  
0.32200    674557.25000000 408668.53125000 1040714.31250000 739.63598633    26.03545380     -2426.08203125  
0.32300    661309.25000000 400083.25000000 1019408.12500000 740.21704102    180.22972107    -2286.83325195  
0.32400    648356.31250000 391695.40625000 998587.43750000 740.95916748    338.81677246    -2145.99218750  
0.32500    635675.37500000 383498.78125000 978213.50000000 741.86560059    500.76043701    -2003.60742188  
0.32600    623275.31250000 375488.43750000 958303.12500000 742.94293213    667.06365967    -1859.47070312  
0.32700    611155.31250000 367659.75000000 938829.62500000 744.19274902    837.43579102    -1713.40930176  
0.32800    599325.06250000 360025.03125000 919834.68750000 745.61468506    1012.76202393   -1565.32543945  
0.32900    587732.68750000 352559.06250000 901240.18750000 747.19201660    1191.24609375   -1416.20495605  
0.33000    576440.93750000 345274.25000000 883101.43750000 748.94689941    1374.87121582   -1264.59020996  
0.33100    565367.75000000 338144.71875000 865348.56250000 750.85815430    1561.69970703   -1112.06518555  
0.33200    554634.37500000 331234.28125000 848118.56250000 752.94323730    1755.18200684   -955.96838379   
0.33300    544130.62500000 324474.46875000 831267.00000000 755.17694092    1951.89001465   -799.02239990   
0.33400    533912.25000000 317895.62500000 814867.12500000 757.57739258    2153.79199219   -639.32849121   
0.33500    523941.00000000 311479.18750000 798864.87500000 760.11138916    2359.92797852   -477.98532104   
0.33600    514248.06250000 305240.65625000 783291.25000000 762.79260254    2570.63964844   -314.40161133   
0.33700    504802.21875000 299158.21875000 768137.56250000 765.60058594    2786.40771484   -148.50714111   
0.33800    495648.15625000 293261.43750000 753423.06250000 768.54150391    3007.27148438   19.95486069     
0.33900    486730.56250000 287510.15625000 739080.56250000 771.59802246    3231.98315430   190.17332458    
0.34000    478083.68750000 281933.68750000 725175.68750000 774.76361084    3461.57861328   362.68731689    
0.34100    469695.31250000 276519.15625000 711675.68750000 778.03204346    3695.73339844   537.47338867    
0.34200    461600.93750000 271289.25000000 698625.25000000 781.39733887    3935.65600586   715.60821533    
0.34300    453718.21875000 266191.46875000 685927.31250000 784.82806396    4178.67529297   894.90533447    
0.34400    446134.56250000 261279.60937500 673683.00000000 788.34179688    4427.26904297   1077.30407715   
0.34500    438773.21875000 256505.21875000 661806.31250000 791.90759277    4679.44531250   1261.41979980   
0.34600    431707.96875000 251913.64062500 650370.18750000 795.53479004    4936.96728516   1448.73254395   
0.34700    424845.12500000 247446.29687500 639252.87500000 799.17120361    5196.87255859   1636.91235352   
0.34800    418252.56250000 243146.65625000 628566.93750000 802.83996582    5460.90087891   1827.48217773   
0.34900    411905.93750000 238995.29687500 618264.18750000 806.52844238    5729.29736328   2020.71813965   
0.35000    405799.56250000 234995.90625000 608334.31250000 810.19677734    6000.51171875   2215.26318359   
0.35100    399964.75000000 231157.14062500 598822.00000000 813.87207031    6276.03076172   2412.79663086   
0.35200    394318.34375000 227437.85937500 589593.37500000 817.50152588    6553.17480469   2610.77392578   
0.35300    388914.71875000 223871.46875000 580760.31250000 821.09698486    6833.25927734   2810.54174805   
0.35400    383768.78125000 220456.89062500 572318.93750000 824.65252686    7116.46826172   3012.36669922   
0.35500    378845.34375000 217175.03125000 564224.62500000 828.13287354    7401.56347656   3215.53076172   
0.35600    374124.53125000 214022.28125000 556447.50000000 831.54180908    7688.49169922   3419.46801758   
0.35700    369635.12500000 211007.07812500 549029.31250000 834.85437012    7977.45800781   3625.05395508   
0.35800    365372.34375000 208132.25000000 541963.00000000 838.07836914    8267.86523438   3831.68310547   
0.35900    361319.50000000 205383.23437500 535226.75000000 841.19158936    8559.25488281   4039.05004883   
0.36000    357492.06250000 202775.76562500 528833.87500000 844.19567871    8852.27441406   4247.68066406   
0.36100    353836.68750000 200271.20312500 522709.96875000 847.04809570    9144.75878906   4455.97314453   
0.36200    350434.12500000 197920.90625000 516987.25000000 849.77703857    9439.14355469   4666.08886719   
0.36300    347172.56250000 195658.43750000 511480.65625000 852.33966064    9731.35742188   4875.01074219   
0.36400    344114.06250000 193516.29687500 506278.96875000 854.73919678    10023.73046875  5084.11474609   
0.36500    341237.25000000 191486.48437500 501374.68750000 856.97027588    10315.20703125  5293.06250000   
0.36600    338569.43750000 189587.81250000 496795.37500000 859.04736328    10606.78613281  5502.63720703   
0.36700    336049.34375000 187774.25000000 492439.90625000 860.90521240    10895.43750000  5710.48193359   
0.36800    333750.59375000 186098.68750000 488427.15625000 862.59619141    11184.49902344  5919.19628906   
0.36900    331594.21875000 184515.85937500 484659.84375000 864.08850098    11470.97070312  6126.81298828   
0.37000    329571.31250000 183010.71875000 481078.09375000 865.34973145    11753.58886719  6332.03955078   
0.37100    327710.40625000 181605.40625000 477764.84375000 866.40679932    12034.00976562  6536.44140625   
0.37200    326037.28125000 180319.48437500 474744.21875000 867.26641846    12312.97656250  6740.49609375   
0.37300    324483.03125000 179103.92187500 471908.93750000 867.88677979    12587.57128906  6942.16796875   
0.37400    323091.84375000 177992.25000000 469328.46875000 868.29357910    12859.63378906  7142.88867188   
0.37500    321832.09375000 176963.48437500 466963.90625000 868.47106934    13127.84179688  7341.82324219   
0.37600    320712.37500000 176023.15625000 464824.18750000 868.41552734    13392.09667969  7538.26904297   
0.37700    319694.21875000 175144.46875000 462842.87500000 868.12182617    13651.53222656  7732.42382812   
0.37800    318821.84375000 174356.29687500 461083.21875000 867.60681152    13906.95703125  7924.59667969   
0.37900    318078.90625000 173655.71875000 459545.09375000 866.85223389    14158.62695312  8114.73046875   
0.38000    317429.28125000 173010.06250000 458155.53125000 865.86309814    14404.32421875  8301.56835938   
0.38100    316880.12500000 172427.09375000 456911.43750000 864.63116455    14644.70800781  8485.39453125   
0.38200    316451.09375000 171925.06250000 455880.25000000 863.17138672    14880.58496094  8667.10839844   
0.38300    316100.59375000 171470.12500000 454965.50000000 861.47265625    15110.03222656  8845.08300781   
0.38400    315872.87500000 171099.98437500 454253.62500000 859.54534912    15335.02539062  9020.48535156   
0.38500    315703.93750000 170761.92187500 453636.56250000 857.38665771    15552.80859375  9192.04199219   
0.38600    315655.12500000 170507.92187500 453223.31250000 855.00939941    15765.94921875  9361.17382812   
0.38700    315657.34375000 170278.87500000 452874.81250000 852.39605713    15971.63378906  9525.63574219   
0.38800    315733.96875000 170108.85937500 452671.96875000 849.56793213    16171.66503906  9686.92480469   
0.38900    315885.40625000 169980.98437500 452573.15625000 846.52392578    16365.02246094  9844.20214844   
0.39000    316130.65625000 169922.87500000 452644.71875000 843.27447510    16552.79882812  9998.54394531   
0.39100    316421.12500000 169885.50000000 452778.43750000 839.80804443    16733.61914062  10148.61425781  
0.39200    316777.50000000 169899.92187500 453036.12500000 836.14904785    16907.92382812  10294.98535156  
0.39300    317179.87500000 169944.14062500 453362.46875000 832.29327393    17075.11914062  10436.88476562  
0.39400    317670.90625000 170046.07812500 453836.87500000 828.24743652    17236.79492188  10575.69140625  
0.39500    318171.37500000 170155.42187500 454332.06250000 824.00598145    17390.19335938  10709.24316406  
0.39600    318722.65625000 170305.18750000 454920.28125000 819.59619141    17537.16210938  10839.01855469  
0.39700    319316.78125000 170478.71875000 455579.25000000 815.00543213    17677.42382812  10964.72753906  
0.39800    319970.75000000 170695.04687500 456334.90625000 810.25695801    17811.31835938  11086.35644531  
0.39900    320639.28125000 170927.51562500 457124.12500000 805.35125732    17938.01757812  11203.45214844  
0.40000    321344.81250000 171184.78125000 457976.40625000 800.28802490    18058.00000000  11316.57617188  
0.40100    322075.15625000 171456.17187500 458870.00000000 795.08172607    18170.62695312  11424.69238281  
0.40200    322851.21875000 171763.62500000 459851.81250000 789.73999023    18277.47265625  11529.34082031  
0.40300    323623.90625000 172071.54687500 460832.40625000 784.26611328    18376.64257812  11628.86718750  
0.40400    324441.59375000 172410.45312500 461882.40625000 778.66772461    18469.95117188  11724.72753906  
0.40500    325266.90625000 172756.25000000 462956.50000000 772.96087646    18556.06640625  11815.77050781  
0.40600    326130.03125000 173128.42187500 464092.50000000 767.15759277    18636.60937500  11903.46484375  
0.40700    326988.62500000 173501.39062500 465232.75000000 761.24035645    18710.25585938  11986.32714844  
0.40800    327859.09375000 173884.43750000 466393.81250000 755.23046875    18776.86718750  12064.60253906  
0.40900    328736.68750000 174273.59375000 467577.21875000 749.13616943    18837.57812500  12138.72167969  
0.41000    329642.71875000 174685.06250000 468802.68750000 742.98107910    18892.90039062  12209.31933594  
0.41100    330540.59375000 175092.06250000 470027.75000000 736.74719238    18941.38671875  12275.31347656  
0.41200    331430.65625000 175496.37500000 471239.59375000 730.44024658    18983.38085938  12336.60839844  
0.41300    332344.46875000 175917.23437500 472499.00000000 724.09307861    19020.42382812  12394.69824219  
0.41400    333240.46875000 176332.54687500 473730.56250000 717.69305420    19051.21093750  12448.22753906  
0.41500    334154.56250000 176758.98437500 475003.56250000 711.26733398    19076.78320312  12498.22167969  
0.41600    335030.87500000 177165.34375000 476211.93750000 704.79205322    19095.65429688  12543.39843750  
0.41700    335934.71875000 177589.26562500 477472.31250000 698.30291748    19110.66015625  12585.62597656  
0.41800    336851.34375000 178024.20312500 478758.84375000 691.80413818    19120.59179688  12624.50000000  
0.41900    337696.37500000 178416.75000000 479935.87500000 685.27856445    19123.32031250  12657.77929688  
0.42000    338575.71875000 178831.28125000 481171.43750000 678.75622559    19122.66601562  12688.76269531  
0.42100    339457.34375000 179247.45312500 482410.43750000 672.23779297    19117.25781250  12716.20410156  
0.42200    340317.43750000 179653.98437500 483623.90625000 665.73718262    19107.06835938  12740.05371094  
0.42300    341145.06250000 180041.04687500 484785.46875000 659.23657227    19091.49023438  12759.92480469  
0.42400    341971.56250000 180429.62500000 485954.09375000 652.76080322    19071.63281250  12776.61425781  
0.42500    342784.31250000 180811.93750000 487100.93750000 646.32495117    19048.00390625  12790.12792969  
0.42600    343562.46875000 181173.06250000 488197.75000000 639.90118408    19019.29882812  12799.94726562  
0.42700    344354.56250000 181544.76562500 489321.62500000 633.53997803    18987.80859375  12807.43750000  
0.42800    345108.09375000 181892.59375000 490386.81250000 627.21228027    18951.56835938  12811.22265625  
0.42900    345876.40625000 182251.28125000 491471.50000000 620.95043945    18912.67382812  12812.87597656  
0.43000    346598.71875000 182584.40625000 492495.40625000 614.73364258    18869.41992188  12811.27343750  
0.43100    347278.90625000 182892.71875000 493454.78125000 608.56652832    18821.92578125  12805.99316406  
0.43200    347976.00000000 183211.26562500 494445.18750000 602.47821045    18772.59179688  12799.34082031  
0.43300    348627.71875000 183507.03125000 495360.25000000 596.46026611    18719.09375000  12789.38574219  
0.43400    349268.68750000 183795.82812500 496265.37500000 590.50622559    18662.86132812  12777.03710938  
0.43500    349873.56250000 184063.26562500 497118.65625000 584.63397217    18603.45312500  12762.09765625  
0.43600    350489.93750000 184339.54687500 497992.40625000 578.85961914    18542.58984375  12745.75097656  
0.43700    351049.59375000 184581.67187500 498773.09375000 573.15795898    18477.92773438  12726.39941406  
0.43800    351574.96875000 184805.70312500 499510.81250000 567.54809570    18410.67968750  12704.87011719  
0.43900    352092.31250000 185027.89062500 500234.03125000 562.03558350    18341.66210938  12681.57812500  
0.44000    352585.50000000 185236.60937500 500927.12500000 556.61224365    18270.40234375  12656.57519531  
0.44100    353051.68750000 185428.04687500 501575.90625000 551.29656982    18196.79296875  12629.42578125  
0.44200    353491.28125000 185608.42187500 502192.40625000 546.08264160    18121.74218750  12600.85644531  
0.44300    353908.93750000 185775.79687500 502769.68750000 540.97576904    18044.73828125  12570.64160156  
0.44400    354297.28125000 185931.62500000 503314.50000000 535.97521973    17966.41406250  12539.02246094  
0.44500    354627.03125000 186047.29687500 503761.03125000 531.07031250    17885.14843750  12505.07226562  
0.44600    354943.18750000 186159.54687500 504192.65625000 526.28875732    17803.05859375  12470.21386719  
0.44700    355254.21875000 186271.89062500 504616.96875000 521.62506104    17720.13476562  12434.58007812  
0.44800    355504.93750000 186350.82812500 504951.68750000 517.05865479    17635.25390625  12397.14746094  
0.44900    355756.75000000 186433.48437500 505293.78125000 512.62927246    17550.30468750  12359.29980469  
0.45000    355980.15625000 186502.34375000 505598.15625000 508.31457520    17464.48046875  12320.72363281  
0.45100    356139.87500000 186532.35937500 505800.37500000 504.10421753    17376.33398438  12280.02050781  
0.45200    356299.12500000 186566.25000000 506006.65625000 500.01934814    17288.46289062  12239.35253906  
0.45300    356409.06250000 186574.98437500 506138.43750000 496.05285645    17199.56445312  12197.56152344  
0.45400    356501.84375000 186576.53125000 506253.18750000 492.20236206    17110.25195312  12155.33398438  
0.45500    356567.87500000 186565.35937500 506325.46875000 488.48040771    17020.62109375  12112.77636719  
0.45600    356592.40625000 186531.87500000 506339.62500000 484.86456299    16929.98046875  12069.15429688  
0.45700    356601.56250000 186490.12500000 506330.28125000 481.38000488    16839.73437500  12025.60058594  
0.45800    356560.15625000 186426.35937500 506254.31250000 478.00555420    16748.98632812  11981.42089844  
0.45900    356491.93750000 186349.79687500 506138.37500000 474.74499512    16657.59570312  11936.71484375  
0.46000    356429.31250000 186275.79687500 506028.25000000 471.61495972    16567.62890625  11892.82226562  
0.46100    356284.53125000 186157.59375000 505794.21875000 468.58068848    16475.68554688  11847.30273438  
0.46200    356151.06250000 186054.56250000 505592.12500000 465.67361450    16385.31640625  11802.78906250  
0.46300    355968.18750000 185925.00000000 505312.59375000 462.87329102    16294.51269531  11757.73925781  
0.46400    355752.68750000 185775.53125000 504983.00000000 460.18347168    16203.73828125  11712.68847656  
0.46500    355522.18750000 185627.50000000 504641.81250000 457.60879517    16113.81054688  11668.02246094  
0.46600    355254.34375000 185454.84375000 504238.21875000 455.12841797    16023.67871094  11623.00878906  
0.46700    354938.75000000 185262.78125000 503780.84375000 452.75393677    15933.48046875  11577.84082031  
0.46800    354640.37500000 185082.25000000 503342.68750000 450.48715210    15844.96093750  11533.76855469  
0.46900    354272.09375000 184865.37500000 502796.03125000 448.31530762    15755.66894531  11489.04687500  
0.47000    353884.96875000 184641.96875000 502232.31250000 446.23394775    15667.11035156  11444.58203125  
0.47100    353478.37500000 184410.12500000 501645.00000000 444.25369263    15579.37792969  11400.76855469  
0.47200    353043.03125000 184165.32812500 501009.09375000 442.36581421    15492.01855469  11357.10742188  
0.47300    352590.40625000 183916.57812500 500356.43750000 440.56268311    15405.72851562  11313.92675781  
0.47400    352080.00000000 183634.53125000 499618.21875000 438.83413696    15318.88671875  11270.20312500  
0.47500    351562.78125000 183357.14062500 498875.06250000 437.20019531    15233.44921875  11227.45507812  
0.47600    351043.78125000 183076.92187500 498129.81250000 435.64724731    15149.22363281  11185.66601562  
0.47700    350447.71875000 182758.43750000 497268.15625000 434.15237427    15063.93457031  11142.50292969  
0.47800    349849.50000000 182444.85937500 496412.59375000 432.73358154    14980.39550781  11100.74511719  
0.47900    349244.90625000 182127.90625000 495551.87500000 431.38836670    14897.76464844  11059.58203125  
0.48000    348586.71875000 181781.65625000 494600.81250000 430.10180664    14814.66601562  11017.76171875  
0.48100    347946.50000000 181453.23437500 493694.93750000 428.88983154    14733.79199219  10977.49414062  
0.48200    347219.21875000 181076.10937500 492649.56250000 427.70538330    14651.51464844  10935.78417969  
0.48300    346494.15625000 180700.35937500 491608.62500000 426.59149170    14570.55761719  10895.02734375  
0.48400    345755.90625000 180323.98437500 490557.46875000 425.52236938    14490.60546875  10854.97851562  
0.48500    344988.93750000 179932.67187500 489458.75000000 424.50375366    14411.08984375  10814.79296875  
0.48600    344212.87500000 179539.04687500 488349.34375000 423.52951050    14332.44238281  10775.24023438  
0.48700    343405.31250000 179129.29687500 487197.12500000 422.58941650    14253.95312500  10735.53222656  
0.48800    342552.12500000 178695.48437500 485978.25000000 421.67486572    14175.34375000  10695.35156250  
0.48900    341695.00000000 178262.53125000 484753.31250000 420.79968262    14097.33984375  10655.77148438  
0.49000    340821.68750000 177822.85937500 483506.56250000 419.95767212    14020.49218750  10616.41992188  
0.49100    339940.37500000 177381.95312500 482247.12500000 419.14059448    13944.41210938  10577.54492188  
0.49200    339012.90625000 176914.65625000 480919.53125000 418.34237671    13867.62500000  10537.82617188  
0.49300    338081.06250000 176445.17187500 479578.78125000 417.56329346    13791.87500000  10498.69140625  
0.49400    337124.12500000 175963.37500000 478211.15625000 416.79833984    13716.14843750  10459.31738281  
0.49500    336145.09375000 175469.96875000 476802.21875000 416.04650879    13640.75292969  10419.71386719  
0.49600    335164.50000000 174981.76562500 475398.25000000 415.31439209    13566.20019531  10380.51757812  
0.49700    334141.06250000 174467.07812500 473931.90625000 414.57971191    13491.11523438  10340.64453125  
0.49800    333121.09375000 173955.12500000 472463.34375000 413.85729980    13416.90234375  10301.00390625  
0.49900    332062.43750000 173420.71875000 470935.65625000 413.12814331    13342.17871094  10260.64257812  
0.50000    331005.06250000 172890.00000000 469414.93750000 412.41351318    13268.15917969  10220.58984375  
