# SAXS profile: number of points = 501, q_min = 0, q_max = 0.5, delta_q = 0.001
#    q    intensity 
0.00000    162231568.00000000 101202720.00000000 256270800.00000000 110101.15625000 8452869.00000000 6676068.00000000 
0.00100    162196848.00000000 101177784.00000000 256208480.00000000 110065.84375000 8450462.00000000 6674195.50000000 
0.00200    162085296.00000000 101105320.00000000 256025776.00000000 109960.18750000 8443307.00000000 6668519.50000000 
0.00300    161894144.00000000 100985336.00000000 255718480.00000000 109783.78125000 8431337.00000000 6659133.00000000 
0.00400    161617744.00000000 100816392.00000000 255288800.00000000 109538.13281250 8414638.00000000 6646025.50000000 
0.00500    161262864.00000000 100600024.00000000 254737696.00000000 109223.81250000 8393217.00000000 6629230.50000000 
0.00600    160836224.00000000 100337160.00000000 254066144.00000000 108840.14062500 8367194.50000000 6608765.50000000 
0.00700    160327728.00000000 100027392.00000000 253278528.00000000 108389.42187500 8336500.00000000 6584706.00000000 
0.00800    159746000.00000000 99672736.00000000 252369936.00000000 107872.58593750 8301320.50000000 6557063.50000000 
0.00900    159094416.00000000 99273240.00000000 251347072.00000000 107289.35937500 8261658.50000000 6525937.00000000 
0.01000    158371952.00000000 98826784.00000000 250209392.00000000 106643.11718750 8217652.50000000 6491315.50000000 
0.01100    157577328.00000000 98337672.00000000 248959952.00000000 105935.42968750 8169299.00000000 6453378.00000000 
0.01200    156707664.00000000 97804584.00000000 247602336.00000000 105165.45312500 8116797.50000000 6412200.50000000 
0.01300    155773088.00000000 97228752.00000000 246136032.00000000 104337.82031250 8060252.00000000 6367722.50000000 
0.01400    154771472.00000000 96613784.00000000 244564944.00000000 103452.34375000 7999737.00000000 6320210.00000000 
0.01500    153706656.00000000 95958256.00000000 242895216.00000000 102512.82812500 7935327.00000000 6269632.00000000 
0.01600    152576960.00000000 95264632.00000000 241125296.00000000 101520.39843750 7867345.00000000 6216188.50000000 
0.01700    151388016.00000000 94533088.00000000 239258992.00000000 100477.35156250 7795728.00000000 6159925.50000000 
0.01800    150140160.00000000 93765704.00000000 237301424.00000000 99386.31250000  7720750.50000000 6101025.50000000 
0.01900    148835248.00000000 92963424.00000000 235254656.00000000 98249.39843750  7642480.00000000 6039520.50000000 
0.02000    147477296.00000000 92127384.00000000 233124624.00000000 97069.14843750  7561149.00000000 5975609.50000000 
0.02100    146066800.00000000 91259704.00000000 230910656.00000000 95847.54687500  7476842.00000000 5909367.00000000 
0.02200    144608784.00000000 90361080.00000000 228619104.00000000 94589.48437500  7389816.00000000 5840957.00000000 
0.02300    143101744.00000000 89433464.00000000 226255200.00000000 93294.55468750  7300118.50000000 5770451.50000000 
0.02400    141551376.00000000 88477928.00000000 223822128.00000000 91967.75000000  7207989.50000000 5698033.00000000 
0.02500    139959152.00000000 87495864.00000000 221322160.00000000 90611.22656250  7113624.00000000 5623806.00000000 
0.02600    138327632.00000000 86490360.00000000 218760304.00000000 89226.67968750  7017134.00000000 5547921.00000000 
0.02700    136659872.00000000 85462408.00000000 216141328.00000000 87816.94531250  6918727.50000000 5470563.00000000 
0.02800    134959296.00000000 84412776.00000000 213469040.00000000 86386.46875000  6818605.50000000 5391778.50000000 
0.02900    133225944.00000000 83343552.00000000 210747152.00000000 84936.70312500  6716925.50000000 5311783.50000000 
0.03000    131465488.00000000 82256360.00000000 207979984.00000000 83471.34375000  6613875.50000000 5230697.00000000 
0.03100    129678480.00000000 81152848.00000000 205170144.00000000 81991.34375000  6509531.00000000 5148626.50000000 
0.03200    127868896.00000000 80035880.00000000 202326224.00000000 80500.77343750  6404182.00000000 5065690.00000000 
0.03300    126039240.00000000 78905048.00000000 199449120.00000000 79001.50000000  6298008.50000000 4982113.00000000 
0.03400    124191672.00000000 77763232.00000000 196543728.00000000 77496.86718750  6191123.00000000 4897953.00000000 
0.03500    122328344.00000000 76611712.00000000 193613872.00000000 75988.73437500  6083676.00000000 4813381.00000000 
0.03600    120453392.00000000 75450928.00000000 190663920.00000000 74479.21093750  5975848.00000000 4728470.00000000 
0.03700    118567976.00000000 74283864.00000000 187696080.00000000 72971.90625000  5867807.50000000 4643355.00000000 
0.03800    116674584.00000000 73111256.00000000 184716928.00000000 71466.96875000  5759672.50000000 4558179.50000000 
0.03900    114777240.00000000 71935136.00000000 181729104.00000000 69968.46093750  5651684.00000000 4473028.00000000 
0.04000    112875840.00000000 70757952.00000000 178735456.00000000 68477.88281250  5543875.00000000 4388015.00000000 
0.04100    110975312.00000000 69579752.00000000 175743104.00000000 66996.96093750  5436433.00000000 4303402.00000000 
0.04200    109076208.00000000 68401208.00000000 172751264.00000000 65527.55859375  5329486.00000000 4219067.50000000 
0.04300    107181512.00000000 67225488.00000000 169765152.00000000 64072.00000000  5223147.00000000 4135217.25000000 
0.04400    105292080.00000000 66051916.00000000 166787440.00000000 62631.91406250  5117636.00000000 4051975.25000000 
0.04500    103411512.00000000 64883628.00000000 163822688.00000000 61208.13281250  5012894.50000000 3969391.00000000 
0.04600    101540984.00000000 63720944.00000000 160873472.00000000 59802.79687500  4909219.00000000 3887522.75000000 
0.04700    99681608.00000000 62565456.00000000 157942736.00000000 58417.05468750  4806561.00000000 3806501.75000000 
0.04800    97837080.00000000 61417428.00000000 155031600.00000000 57052.37890625  4705016.00000000 3726398.50000000 
0.04900    96006680.00000000 60279392.00000000 152145584.00000000 55708.92187500  4604802.00000000 3647272.25000000 
0.05000    94194192.00000000 59150832.00000000 149284608.00000000 54389.03125000  4505916.00000000 3569190.00000000 
0.05100    92400928.00000000 58033148.00000000 146453840.00000000 53092.88281250  4408461.00000000 3492186.25000000 
0.05200    90626680.00000000 56927788.00000000 143653136.00000000 51821.19921875  4312433.50000000 3416350.00000000 
0.05300    88873264.00000000 55835092.00000000 140885888.00000000 50574.91796875  4218061.00000000 3341743.50000000 
0.05400    87142768.00000000 54756044.00000000 138151936.00000000 49354.42187500  4125152.75000000 3268350.00000000 
0.05500    85436720.00000000 53691436.00000000 135456272.00000000 48160.28125000  4033947.25000000 3196252.50000000 
0.05600    83754320.00000000 52641620.00000000 132797592.00000000 46992.59375000  3944434.00000000 3125489.50000000 
0.05700    82097816.00000000 51607172.00000000 130179472.00000000 45852.12109375  3856638.25000000 3056078.50000000 
0.05800    80467128.00000000 50589016.00000000 127603264.00000000 44738.91015625  3770592.00000000 2988021.75000000 
0.05900    78864920.00000000 49587556.00000000 125068952.00000000 43652.82031250  3686322.75000000 2921365.25000000 
0.06000    77289560.00000000 48602676.00000000 122577416.00000000 42593.72265625  3603875.25000000 2856144.00000000 
0.06100    75743192.00000000 47635728.00000000 120131784.00000000 41561.83203125  3523200.50000000 2792311.00000000 
0.06200    74224992.00000000 46685740.00000000 117730712.00000000 40556.62109375  3444364.25000000 2729912.75000000 
0.06300    72737240.00000000 45754400.00000000 115376024.00000000 39578.35546875  3367332.50000000 2668959.75000000 
0.06400    71278736.00000000 44841244.00000000 113068288.00000000 38626.60156250  3292125.25000000 2609401.00000000 
0.06500    69849560.00000000 43946336.00000000 110805648.00000000 37700.69531250  3218674.75000000 2551262.75000000 
0.06600    68451360.00000000 43070400.00000000 108592560.00000000 36800.37500000  3147079.50000000 2494559.00000000 
0.06700    67082200.00000000 42212836.00000000 106426224.00000000 35925.41015625  3077210.50000000 2439244.50000000 
0.06800    65744216.00000000 41374496.00000000 104307368.00000000 35074.67578125  3009127.25000000 2385315.25000000 
0.06900    64436332.00000000 40554704.00000000 102236776.00000000 34247.98828125  2942773.50000000 2332765.50000000 
0.07000    63158712.00000000 39753620.00000000 100212736.00000000 33444.88281250  2878121.00000000 2281551.00000000 
0.07100    61910544.00000000 38971708.00000000 98237088.00000000 32664.65625000  2815163.50000000 2231673.00000000 
0.07200    60692248.00000000 38207520.00000000 96308152.00000000 31906.37304688  2753807.75000000 2183077.00000000 
0.07300    59503600.00000000 37462420.00000000 94426456.00000000 31169.50195312  2694052.75000000 2135775.00000000 
0.07400    58344252.00000000 36735624.00000000 92589760.00000000 30453.80078125  2635937.25000000 2089720.12500000 
0.07500    57213840.00000000 36026932.00000000 90799192.00000000 29757.60156250  2579321.50000000 2044863.87500000 
0.07600    56111664.00000000 35335856.00000000 89054520.00000000 29081.08203125  2524169.00000000 2001199.25000000 
0.07700    55037500.00000000 34662848.00000000 87353032.00000000 28423.00781250  2470530.00000000 1958689.62500000 
0.07800    53991228.00000000 34006808.00000000 85696960.00000000 27782.87695312  2418262.50000000 1917297.25000000 
0.07900    52971804.00000000 33368822.00000000 84081928.00000000 27159.93359375  2367385.00000000 1876985.50000000 
0.08000    51978980.00000000 32746704.00000000 82511072.00000000 26553.59960938  2317820.50000000 1837730.75000000 
0.08100    51011736.00000000 32141288.00000000 80980256.00000000 25962.69921875  2269535.75000000 1799501.87500000 
0.08200    50070344.00000000 31551748.00000000 79489952.00000000 25387.07617188  2222509.25000000 1762263.25000000 
0.08300    49153240.00000000 30978166.00000000 78039344.00000000 24825.79101562  2176663.25000000 1725953.62500000 
0.08400    48260784.00000000 30419876.00000000 76627784.00000000 24278.33789062  2131954.00000000 1690576.00000000 
0.08500    47391592.00000000 29876680.00000000 75253560.00000000 23743.94140625  2088370.50000000 1656088.12500000 
0.08600    46545636.00000000 29348164.00000000 73915688.00000000 23222.19921875  2045867.62500000 1622445.75000000 
0.08700    45721780.00000000 28833650.00000000 72613720.00000000 22712.50000000  2004373.00000000 1589625.37500000 
0.08800    44919804.00000000 28333196.00000000 71347104.00000000 22214.07031250  1963902.50000000 1557587.50000000 
0.08900    44138924.00000000 27846042.00000000 70113072.00000000 21726.55468750  1924338.37500000 1526304.00000000 
0.09000    43378144.00000000 27371990.00000000 68911312.00000000 21249.53320312  1885711.87500000 1495752.87500000 
0.09100    42637232.00000000 26910570.00000000 67742408.00000000 20782.57226562  1847937.12500000 1465882.50000000 
0.09200    41915736.00000000 26461300.00000000 66603388.00000000 20324.92382812  1811018.25000000 1436703.50000000 
0.09300    41212332.00000000 26023928.00000000 65494044.00000000 19876.41601562  1774912.12500000 1408156.37500000 
0.09400    40526404.00000000 25597974.00000000 64412920.00000000 19437.10156250  1739562.62500000 1380214.75000000 
0.09500    39857904.00000000 25183010.00000000 63359600.00000000 19005.54101562  1704960.37500000 1352886.00000000 
0.09600    39206512.00000000 24778646.00000000 62333096.00000000 18582.39257812  1671072.50000000 1326108.37500000 
0.09700    38570800.00000000 24384866.00000000 61331896.00000000 18167.16406250  1637873.00000000 1299891.00000000 
0.09800    37950232.00000000 24000666.00000000 60355316.00000000 17759.30273438  1605337.25000000 1274183.75000000 
0.09900    37345236.00000000 23626244.00000000 59402868.00000000 17358.70703125  1573430.37500000 1248986.25000000 
0.10000    36753952.00000000 23260718.00000000 58472752.00000000 16965.31835938  1542133.25000000 1224270.62500000 
0.10100    36176856.00000000 22904018.00000000 57565132.00000000 16578.60742188  1511419.50000000 1200019.75000000 
0.10200    35612628.00000000 22556124.00000000 56678620.00000000 16198.74609375  1481278.75000000 1176240.00000000 
0.10300    35061084.00000000 22215818.00000000 55812076.00000000 15825.55957031  1451692.62500000 1152881.50000000 
0.10400    34521872.00000000 21883504.00000000 54965352.00000000 15458.71191406  1422637.00000000 1129932.25000000 
0.10500    33994584.00000000 21558758.00000000 54137144.00000000 15098.31347656  1394093.75000000 1107417.87500000 
0.10600    33478298.00000000 21241088.00000000 53327192.00000000 14744.12304688  1366059.50000000 1085277.25000000 
0.10700    32972780.00000000 20930402.00000000 52534116.00000000 14396.23242188  1338512.75000000 1063531.62500000 
0.10800    32477616.00000000 20626086.00000000 51758024.00000000 14054.37695312  1311427.87500000 1042156.43750000 
0.10900    31992656.00000000 20328206.00000000 50997384.00000000 13718.64257812  1284816.87500000 1021148.37500000 
0.11000    31517346.00000000 20036194.00000000 50252040.00000000 13388.90234375  1258656.75000000 1000488.12500000 
0.11100    31051098.00000000 19750050.00000000 49521244.00000000 13065.23632812  1232928.12500000 980175.75000000 
0.11200    30593468.00000000 19469496.00000000 48804396.00000000 12747.40820312  1207638.12500000 960209.50000000 
0.11300    30144558.00000000 19194188.00000000 48100660.00000000 12435.53125000  1182779.75000000 940567.37500000 
0.11400    29703560.00000000 18923946.00000000 47410064.00000000 12129.68554688  1158340.87500000 921257.87500000 
0.11500    29270608.00000000 18658394.00000000 46731668.00000000 11829.69433594  1134298.75000000 902268.00000000 
0.11600    28845254.00000000 18397624.00000000 46064956.00000000 11535.60449219  1110683.25000000 883592.50000000 
0.11700    28426786.00000000 18141134.00000000 45409628.00000000 11247.41406250  1087446.12500000 865231.87500000 
0.11800    28015406.00000000 17888954.00000000 44765448.00000000 10965.06835938  1064602.12500000 847162.00000000 
0.11900    27610790.00000000 17640916.00000000 44130744.00000000 10688.65429688  1042147.06250000 829406.31250000 
0.12000    27212524.00000000 17396590.00000000 43506708.00000000 10417.88671875  1020070.12500000 811939.25000000 
0.12100    26820252.00000000 17156088.00000000 42891876.00000000 10153.06640625  998376.50000000 794771.25000000 
0.12200    26434084.00000000 16918998.00000000 42287028.00000000 9893.92675781   977060.12500000 777893.93750000 
0.12300    26053660.00000000 16685474.00000000 41690572.00000000 9640.63476562   956109.25000000 761301.06250000 
0.12400    25678684.00000000 16455027.00000000 41102136.00000000 9392.93945312   935513.12500000 744993.18750000 
0.12500    25308922.00000000 16227812.00000000 40522636.00000000 9150.91699219   915287.62500000 728962.31250000 
0.12600    24944638.00000000 16003632.00000000 39950252.00000000 8914.55078125   895420.50000000 713211.06250000 
0.12700    24584948.00000000 15782314.00000000 39386092.00000000 8683.80761719   875898.37500000 697730.93750000 
0.12800    24230284.00000000 15563752.00000000 38828840.00000000 8458.37597656   856731.56250000 682519.25000000 
0.12900    23880102.00000000 15347829.00000000 38278440.00000000 8238.46386719   837906.18750000 667580.18750000 
0.13000    23534432.00000000 15134636.00000000 37735320.00000000 8023.91845703   819416.87500000 652899.93750000 
0.13100    23193224.00000000 14923644.00000000 37198328.00000000 7814.67187500   801264.18750000 638481.31250000 
0.13200    22856052.00000000 14715230.00000000 36667976.00000000 7610.54589844   783441.56250000 624319.43750000 
0.13300    22522988.00000000 14509123.00000000 36143708.00000000 7411.58642578   765951.37500000 610414.12500000 
0.13400    22194058.00000000 14305116.00000000 35625900.00000000 7217.63720703   748780.81250000 596757.31250000 
0.13500    21868826.00000000 14103356.00000000 35112968.00000000 7028.64111328   731925.37500000 583345.00000000 
0.13600    21547272.00000000 13903658.00000000 34605808.00000000 6844.36328125   715384.37500000 570183.25000000 
0.13700    21229514.00000000 13705944.00000000 34104428.00000000 6664.91748047   699147.68750000 557254.25000000 
0.13800    20915178.00000000 13510332.00000000 33608140.00000000 6489.98974609   683213.75000000 544563.12500000 
0.13900    20604304.00000000 13316513.00000000 33117184.00000000 6319.62500000   667583.06250000 532106.37500000 
0.14000    20297028.00000000 13124622.00000000 32631248.00000000 6153.65039062   652240.50000000 519880.31250000 
0.14100    19992880.00000000 12934569.00000000 32150242.00000000 5991.92724609   637187.75000000 507880.43750000 
0.14200    19692002.00000000 12746198.00000000 31674180.00000000 5834.44921875   622419.93750000 496099.21875000 
0.14300    19394338.00000000 12559731.00000000 31202860.00000000 5680.96875000   607925.43750000 484539.50000000 
0.14400    19099890.00000000 12374977.00000000 30736010.00000000 5531.49658203   593702.37500000 473184.93750000 
0.14500    18808246.00000000 12191826.00000000 30274046.00000000 5385.86181641   579749.87500000 462047.31250000 
0.14600    18519828.00000000 12010459.00000000 29816164.00000000 5243.94384766   566062.75000000 451121.96875000 
0.14700    18234376.00000000 11830648.00000000 29363072.00000000 5105.72509766   552636.18750000 440390.34375000 
0.14800    17951894.00000000 11652571.00000000 28914540.00000000 4970.98437500   539458.93750000 429863.21875000 
0.14900    17672228.00000000 11476081.00000000 28469924.00000000 4839.70800781   526529.25000000 419529.68750000 
0.15000    17395504.00000000 11301238.00000000 28029826.00000000 4711.80078125   513843.21875000 409385.50000000 
0.15100    17121524.00000000 11127911.00000000 27594190.00000000 4587.18212891   501399.18750000 399439.18750000 
0.15200    16850658.00000000 10956256.00000000 27162716.00000000 4465.71582031   489191.59375000 389676.18750000 
0.15300    16582546.00000000 10786241.00000000 26735512.00000000 4347.33837891   477212.12500000 380096.81250000 
0.15400    16317052.00000000 10617759.00000000 26312520.00000000 4231.97802734   465459.12500000 370694.53125000 
0.15500    16054547.00000000 10450845.00000000 25893910.00000000 4119.60205078   453936.50000000 361470.09375000 
0.15600    15794643.00000000 10285618.00000000 25479374.00000000 4010.09155273   442626.62500000 352419.56250000 
0.15700    15537500.00000000 10121923.00000000 25069182.00000000 3903.41186523   431535.18750000 343543.18750000 
0.15800    15283258.00000000 9959858.00000000 24662950.00000000 3799.41528320   420654.12500000 334832.62500000 
0.15900    15031797.00000000 9799435.00000000 24261410.00000000 3698.19726562   409984.75000000 326290.81250000 
0.16000    14783035.00000000 9640738.00000000 23863830.00000000 3599.58398438   399519.40625000 317909.00000000 
0.16100    14537211.00000000 9483597.00000000 23470962.00000000 3503.61669922   389265.68750000 309698.09375000 
0.16200    14294153.00000000 9328099.00000000 23081962.00000000 3410.20947266   379210.03125000 301642.46875000 
0.16300    14053818.00000000 9174350.00000000 22697602.00000000 3319.31176758   369355.28125000 293746.15625000 
0.16400    13816429.00000000 9022123.00000000 22317528.00000000 3230.92553711   359693.59375000 286005.53125000 
0.16500    13581824.00000000 8871751.00000000 21941908.00000000 3144.98046875   350226.03125000 278421.96875000 
0.16600    13350135.00000000 8723129.00000000 21570606.00000000 3061.50610352   340950.93750000 270990.50000000 
0.16700    13121233.00000000 8576108.00000000 21203944.00000000 2980.40356445   331867.37500000 263710.90625000 
0.16800    12895165.00000000 8430892.00000000 20841600.00000000 2901.66528320   322971.93750000 256579.31250000 
0.16900    12672264.00000000 8287473.50000000 20484002.00000000 2825.33349609   314267.87500000 249600.37500000 
0.17000    12452116.00000000 8145831.50000000 20130726.00000000 2751.30444336   305749.46875000 242767.14062500 
0.17100    12234850.00000000 8005925.00000000 19782100.00000000 2679.59277344   297408.50000000 236081.96875000 
0.17200    12020617.00000000 7867840.50000000 19438056.00000000 2610.16235352   289255.40625000 229539.31250000 
0.17300    11809194.00000000 7731621.00000000 19098998.00000000 2543.04907227   281281.93750000 223141.59375000 
0.17400    11601033.00000000 7597233.00000000 18764244.00000000 2478.20043945   273488.56250000 216887.96875000 
0.17500    11395651.00000000 7464682.00000000 18434392.00000000 2415.55908203   265873.03125000 210773.76562500 
0.17600    11193245.00000000 7333938.50000000 18108802.00000000 2355.09277344   258428.84375000 204799.18750000 
0.17700    10993876.00000000 7205063.00000000 17788508.00000000 2296.88037109   251164.90625000 198965.73437500 
0.17800    10797506.00000000 7078060.00000000 17472754.00000000 2240.77539062   244069.87500000 193268.54687500 
0.17900    10604115.00000000 6952922.00000000 17161664.00000000 2186.83154297   237151.62500000 187708.87500000 
0.18000    10413967.00000000 6829706.50000000 16855468.00000000 2134.98632812   230401.71875000 182283.98437500 
0.18100    10226644.00000000 6708357.00000000 16554134.00000000 2085.25268555   223823.39062500 176995.31250000 
0.18200    10042350.00000000 6588877.00000000 16257175.00000000 2037.50634766   217405.31250000 171835.42187500 
0.18300    9861016.00000000 6471269.00000000 15965245.00000000 1991.79125977   211153.84375000 166806.20312500 
0.18400    9682759.00000000 6355565.50000000 15677909.00000000 1948.04284668   205064.76562500 161907.12500000 
0.18500    9507402.00000000 6241797.00000000 15395548.00000000 1906.20544434   199138.29687500 157137.53125000 
0.18600    9335101.00000000 6129755.50000000 15117814.00000000 1866.24438477   193366.53125000 152488.56250000 
0.18700    9165776.00000000 6019665.00000000 14844744.00000000 1828.13342285   187751.79687500 147965.78125000 
0.18800    8999293.00000000 5911376.00000000 14576244.00000000 1791.74853516   182288.07812500 143564.82812500 
0.18900    8835859.00000000 5805007.50000000 14312592.00000000 1757.15209961   176977.67187500 139284.21875000 
0.19000    8675192.00000000 5700315.00000000 14053321.00000000 1724.15185547   171811.12500000 135115.85937500 
0.19100    8517549.00000000 5597615.00000000 13798754.00000000 1692.82849121   166795.17187500 131068.76562500 
0.19200    8362565.50000000 5496647.00000000 13548574.00000000 1663.00134277   161913.07812500 127130.47656250 
0.19300    8210548.50000000 5397389.00000000 13303016.00000000 1634.67199707   157175.90625000 123305.70312500 
0.19400    8061153.00000000 5299972.00000000 13061700.00000000 1607.74975586   152570.42187500 119585.65625000 
0.19500    7914603.00000000 5204256.50000000 12824834.00000000 1582.15698242   148096.42187500 115971.59375000 
0.19600    7770749.50000000 5110240.00000000 12592236.00000000 1557.84790039   143752.03125000 112460.90625000 
0.19700    7629482.00000000 5017913.00000000 12363926.00000000 1534.75292969   139530.75000000 109047.98437500 
0.19800    7490879.00000000 4927228.50000000 12139687.00000000 1512.78869629   135432.25000000 105732.93750000 
0.19900    7354894.50000000 4838240.50000000 11919775.00000000 1491.89892578   131451.17187500 102512.86718750 
0.20000    7221309.00000000 4750814.00000000 11703636.00000000 1471.95776367   127580.89843750 99381.96875000  
0.20100    7090267.00000000 4664976.50000000 11491549.00000000 1452.95837402   123821.80468750 96340.28125000  
0.20200    6961593.00000000 4580666.50000000 11283171.00000000 1434.78369141   120168.59375000 93383.96875000  
0.20300    6835385.00000000 4497956.50000000 11078795.00000000 1417.38781738   116619.34375000 90510.46875000  
0.20400    6711428.00000000 4416625.50000000 10878132.00000000 1400.69775391   113167.31250000 87715.36718750  
0.20500    6589715.00000000 4336795.50000000 10681038.00000000 1384.63952637   109811.00000000 84997.56250000  
0.20600    6470257.00000000 4258408.50000000 10487530.00000000 1369.11853027   106543.31250000 82352.96875000  
0.20700    6352962.50000000 4181407.75000000 10297490.00000000 1354.14086914   103364.04687500 79779.17968750  
0.20800    6237804.50000000 4105794.25000000 10110750.00000000 1339.54833984   100268.09375000 77273.23437500  
0.20900    6124773.00000000 4031546.75000000 9927558.00000000 1325.40161133   97255.42968750  74835.07812500  
0.21000    6013656.00000000 3958528.00000000 9747436.00000000 1311.50451660   94314.86718750  72456.09375000  
0.21100    5904550.50000000 3886809.25000000 9570420.00000000 1297.92346191   91449.48437500  70138.85937500  
0.21200    5797303.00000000 3816292.25000000 9396546.00000000 1284.51184082   88654.54687500  67877.60937500  
0.21300    5691905.00000000 3747009.75000000 9225745.00000000 1271.28234863   85924.67187500  65671.86718750  
0.21400    5588376.00000000 3678914.75000000 9057800.00000000 1258.19018555   83259.55468750  63519.56250000  
0.21500    5486664.50000000 3611980.00000000 8892802.00000000 1245.19079590   80657.43750000  61418.55468750  
0.21600    5386546.50000000 3546171.00000000 8730514.00000000 1232.19836426   78111.41406250  59363.25390625  
0.21700    5288214.50000000 3481467.25000000 8570984.00000000 1219.25903320   75621.75000000  57356.21875000  
0.21800    5191495.50000000 3417773.75000000 8414044.00000000 1206.30102539   73186.14843750  55392.86718750  
0.21900    5096306.00000000 3355159.75000000 8259654.00000000 1193.28771973   70799.09375000  53470.72265625  
0.22000    5002689.50000000 3293533.00000000 8107711.50000000 1180.23767090   68461.94531250  51590.76171875  
0.22100    4910632.00000000 3232968.25000000 7958400.00000000 1167.12268066   66173.84375000  49751.25000000  
0.22200    4820059.00000000 3173349.75000000 7811478.50000000 1153.93200684   63930.52343750  47949.35937500  
0.22300    4730879.00000000 3114691.25000000 7666876.00000000 1140.66394043   61730.80468750  46184.33984375  
0.22400    4643098.00000000 3056925.75000000 7524453.50000000 1127.28601074   59572.17187500  44453.78125000  
0.22500    4556822.50000000 3000146.00000000 7384537.00000000 1113.87390137   57458.81640625  42760.72265625  
0.22600    4471787.00000000 2944206.50000000 7246668.50000000 1100.35742188   55382.30859375  41099.92968750  
0.22700    4388180.50000000 2889195.25000000 7111040.00000000 1086.77758789   53347.88671875  39473.87500000  
0.22800    4305855.00000000 2835006.00000000 6977466.50000000 1073.12316895   51351.86718750  37879.14453125  
0.22900    4224769.50000000 2781694.25000000 6845998.50000000 1059.43786621   49392.75000000  36316.54687500  
0.23000    4145026.50000000 2729209.75000000 6716621.50000000 1045.73693848   47473.16015625  34786.26171875  
0.23100    4066528.25000000 2677567.50000000 6589317.00000000 1032.04235840   45591.96484375  33288.52343750  
0.23200    3989234.25000000 2626682.25000000 6463982.00000000 1018.34082031   43746.12500000  31820.69726562  
0.23300    3913144.00000000 2576682.25000000 6340630.00000000 1004.68878174   41939.31640625  30384.16796875  
0.23400    3838297.25000000 2527473.00000000 6219231.50000000 991.11590576    40171.10937500  28980.49609375  
0.23500    3764588.25000000 2478973.75000000 6099784.00000000 977.62023926    38438.35937500  27606.05273438  
0.23600    3692151.50000000 2431313.50000000 5982288.50000000 964.28186035    36745.87500000  26264.34179688  
0.23700    3620836.00000000 2384398.50000000 5866613.00000000 951.08929443    35091.50390625  24953.85351562  
0.23800    3550706.50000000 2338289.00000000 5752941.00000000 938.09436035    33476.44531250  23676.00585938  
0.23900    3481726.25000000 2292917.00000000 5641083.00000000 925.29937744    31899.30078125  22428.77734375  
0.24000    3413895.25000000 2248280.50000000 5531036.50000000 912.76177979    30362.82617188  21214.80664062  
0.24100    3347260.50000000 2204417.00000000 5422988.50000000 900.52447510    28868.42382812  20034.74023438  
0.24200    3281752.00000000 2161311.00000000 5316755.50000000 888.58203125    27414.22851562  18886.97070312  
0.24300    3217370.75000000 2118934.25000000 5212333.00000000 876.98193359    26001.64062500  17772.80664062  
0.24400    3154143.25000000 2077286.50000000 5109700.50000000 865.75366211    24630.62109375  16692.15039062  
0.24500    3091999.25000000 2036379.75000000 5008944.50000000 854.90338135    23301.90820312  15645.21875000  
0.24600    3031021.00000000 1996196.37500000 4909977.00000000 844.48699951    22017.57812500  14633.24609375  
0.24700    2971185.00000000 1956767.50000000 4812817.50000000 834.50488281    20776.33398438  13655.96875000  
0.24800    2912440.25000000 1918025.75000000 4717527.50000000 824.99133301    19579.41796875  12713.48144531  
0.24900    2854808.00000000 1880005.12500000 4623925.50000000 815.95922852    18425.77148438  11805.67285156  
0.25000    2798275.75000000 1842701.87500000 4532111.00000000 807.44207764    17317.72851562  10933.46777344  
0.25100    2742846.00000000 1806106.75000000 4442057.50000000 799.41540527    16253.12695312  10096.04003906  
0.25200    2688568.25000000 1770239.12500000 4353888.50000000 791.93560791    15235.33984375  9295.21679688   
0.25300    2635319.50000000 1735058.37500000 4267336.00000000 784.99395752    14262.20800781  8528.92578125   
0.25400    2583218.75000000 1700555.62500000 4182562.00000000 778.60021973    13333.64062500  7798.06640625   
0.25500    2532131.00000000 1666740.12500000 4099464.00000000 772.74713135    12449.26757812  7102.06591797   
0.25600    2482169.50000000 1633624.50000000 4018151.50000000 767.45117188    11609.94140625  6440.79101562   
0.25700    2433206.25000000 1601170.50000000 3938452.25000000 762.70080566    10814.76757812  5813.81250000   
0.25800    2385340.25000000 1569379.00000000 3860452.00000000 758.51318359    10063.74316406  5221.40185547   
0.25900    2338471.25000000 1538251.50000000 3784096.50000000 754.86975098    9355.87500000   4662.58154297   
0.26000    2292669.75000000 1507782.62500000 3709378.50000000 751.75762939    8690.96093750   4137.37500000   
0.26100    2247815.00000000 1477933.12500000 3636202.50000000 749.17108154    8067.00097656   3643.44482422   
0.26200    2204016.25000000 1448733.87500000 3564697.75000000 747.11016846    7485.83544922   3183.38476562   
0.26300    2161145.75000000 1420140.75000000 3494707.25000000 745.52990723    6943.14648438   2752.70166016   
0.26400    2119271.00000000 1392170.62500000 3426279.25000000 744.43920898    6440.74267578   2353.22167969   
0.26500    2078328.00000000 1364787.12500000 3359336.50000000 743.81848145    5976.40576172   1983.33190918   
0.26600    2038306.12500000 1338004.75000000 3293856.50000000 743.63403320    5548.98974609   1641.78930664   
0.26700    1999214.00000000 1311800.00000000 3229862.50000000 743.87768555    5157.79248047   1328.55432129   
0.26800    1961047.25000000 1286170.87500000 3167281.50000000 744.52655029    4801.72021484   1042.22753906   
0.26900    1923671.62500000 1261061.50000000 3106037.00000000 745.53021240    4477.58398438   780.85272217    
0.27000    1887201.25000000 1236525.62500000 3046183.75000000 746.89416504    4186.45849609   544.80914307    
0.27100    1851527.12500000 1212499.12500000 2987639.25000000 748.57238770    3925.03320312   331.77847290    
0.27200    1816713.62500000 1189024.75000000 2930451.50000000 750.56854248    3694.53125000   142.20474243    
0.27300    1782629.50000000 1166002.87500000 2874446.25000000 752.80664062    3489.22485352   -27.42046165    
0.27400    1749286.00000000 1143466.00000000 2819570.75000000 755.27246094    3308.95849609   -177.86495972   
0.27500    1716748.87500000 1121440.87500000 2766028.00000000 757.97686768    3155.86840820   -307.32299805   
0.27600    1684868.00000000 1099824.75000000 2713517.00000000 760.82812500    3023.00244141   -421.32220459   
0.27700    1653710.50000000 1078697.25000000 2662166.75000000 763.86297607    2913.63696289   -516.80267334   
0.27800    1623225.87500000 1057976.62500000 2611885.25000000 767.00494385    2822.53222656   -598.26422119   
0.27900    1593387.75000000 1037697.37500000 2562640.75000000 770.24707031    2750.71679688   -665.13604736   
0.28000    1564147.37500000 1017806.12500000 2514393.75000000 773.56121826    2694.69042969   -719.11145020   
0.28100    1535527.50000000 998304.81250000 2467119.50000000 776.92089844    2654.30004883   -761.22106934   
0.28200    1507498.75000000 979202.62500000 2420806.00000000 780.30206299    2628.17675781   -791.97406006   
0.28300    1480024.87500000 960453.12500000 2375386.50000000 783.68579102    2614.26782227   -813.49194336   
0.28400    1453068.37500000 942055.87500000 2330800.75000000 787.02575684    2611.10522461   -826.35180664   
0.28500    1426663.87500000 924015.68750000 2287112.25000000 790.33532715    2618.67749023   -830.74139404   
0.28600    1400712.75000000 906289.62500000 2244165.75000000 793.56323242    2633.90795898   -829.59509277   
0.28700    1375259.37500000 888885.87500000 2202029.75000000 796.70343018    2656.84887695   -821.78271484   
0.28800    1350269.50000000 871788.43750000 2160630.75000000 799.74829102    2685.99267578   -808.82611084   
0.28900    1325731.12500000 855003.62500000 2120004.75000000 802.67004395    2720.92651367   -791.24554443   
0.29000    1301587.25000000 838480.43750000 2079998.87500000 805.45416260    2759.21508789   -770.68902588   
0.29100    1277879.62500000 822268.81250000 2040748.50000000 808.10461426    2802.07495117   -746.52697754   
0.29200    1254548.25000000 806309.37500000 2002098.62500000 810.58630371    2847.05297852   -720.10534668   
0.29300    1231631.00000000 790620.00000000 1964119.87500000 812.91925049    2894.65478516   -691.19549561   
0.29400    1209022.75000000 775170.12500000 1926700.25000000 815.04797363    2941.61157227   -662.73687744   
0.29500    1186832.25000000 759987.31250000 1889915.12500000 817.03302002    2991.41308594   -631.47821045   
0.29600    1164931.87500000 745032.75000000 1853672.00000000 818.80474854    3039.97265625   -600.65667725   
0.29700    1143373.50000000 730310.56250000 1817971.75000000 820.40277100    3088.02392578   -569.86938477   
0.29800    1122145.62500000 715821.81250000 1782848.75000000 821.81793213    3136.32421875   -538.27215576   
0.29900    1101241.75000000 701576.43750000 1748262.87500000 823.04815674    3183.86865234   -506.83557129   
0.30000    1080628.37500000 687519.50000000 1714157.75000000 824.08081055    3229.41992188   -476.60922241   
0.30100    1060318.50000000 673701.25000000 1680605.00000000 824.93615723    3275.15869141   -445.77514648   
0.30200    1040298.62500000 660074.43750000 1647495.62500000 825.60687256    3317.92480469   -416.03744507   
0.30300    1020578.18750000 646684.37500000 1614951.87500000 826.11401367    3360.80590820   -386.25381470   
0.30400    1001153.75000000 633498.75000000 1582860.50000000 826.46228027    3402.31616211   -356.63403320   
0.30500    981987.43750000 620500.06250000 1551228.00000000 826.62542725    3441.82226562   -328.23400879   
0.30600    963096.18750000 607705.93750000 1520074.75000000 826.64471436    3480.34667969   -299.64923096   
0.30700    944521.81250000 595137.12500000 1489453.50000000 826.53790283    3519.84228516   -270.07260132   
0.30800    926184.12500000 582750.31250000 1459246.50000000 826.27795410    3556.99560547   -241.60041809   
0.30900    908155.43750000 570577.87500000 1429549.37500000 825.91174316    3595.25097656   -211.44894409   
0.31000    890398.93750000 558611.43750000 1400325.50000000 825.42230225    3633.43505859   -181.13629150   
0.31100    872890.43750000 546832.75000000 1371547.62500000 824.83483887    3671.56640625   -149.79397583   
0.31200    855683.93750000 535262.43750000 1343278.25000000 824.15850830    3711.17578125   -117.08309174   
0.31300    838764.06250000 523889.15625000 1315469.87500000 823.40264893    3751.77734375   -82.79817963    
0.31400    822130.37500000 512742.71875000 1288182.00000000 822.58868408    3794.89575195   -46.07488251    
0.31500    805768.12500000 501777.31250000 1261329.50000000 821.71252441    3839.20678711   -7.86356020     
0.31600    789705.31250000 491025.12500000 1234988.62500000 820.79724121    3887.09497070   33.89312363     
0.31700    773935.43750000 480489.96875000 1209144.12500000 819.85107422    3937.94238281   78.10232544     
0.31800    758447.00000000 470153.28125000 1183772.75000000 818.87573242    3991.22167969   124.92218781    
0.31900    743274.93750000 460035.87500000 1158938.37500000 817.91351318    4050.20825195   176.83273315    
0.32000    728394.25000000 450123.46875000 1134607.50000000 816.92889404    4112.55957031   231.61212158    
0.32100    713807.25000000 440420.50000000 1110755.87500000 815.96130371    4179.71044922   290.91638184    
0.32200    699559.43750000 430947.87500000 1087464.62500000 815.02606201    4252.97802734   355.19757080    
0.32300    685575.31250000 421658.96875000 1064631.37500000 814.11291504    4330.49511719   423.29589844    
0.32400    671921.50000000 412594.09375000 1042329.37500000 813.23834229    4414.42382812   496.63937378    
0.32500    658585.68750000 403749.00000000 1020552.06250000 812.41064453    4504.61425781   575.18725586    
0.32600    645560.81250000 395114.78125000 999295.62500000 811.63024902    4601.41699219   659.24090576    
0.32700    632863.06250000 386704.59375000 978587.75000000 810.92816162    4705.39208984   749.42529297    
0.32800    620504.37500000 378517.78125000 958425.43750000 810.28448486    4816.72216797   845.47314453    
0.32900    608441.50000000 370537.84375000 938753.06250000 809.70532227    4934.79980469   946.97070312    
0.33000    596720.56250000 362780.00000000 919646.87500000 809.21771240    5061.06884766   1054.90039062   
0.33100    585290.37500000 355213.40625000 901006.25000000 808.79211426    5193.66406250   1168.09228516   
0.33200    574238.68750000 347899.37500000 882990.37500000 808.46838379    5336.25097656   1289.20239258   
0.33300    563485.25000000 340781.68750000 865452.25000000 808.22332764    5485.28710938   1415.62841797   
0.33400    553064.62500000 333886.09375000 848471.31250000 808.07073975    5642.93750000   1548.77563477   
0.33500    542962.12500000 327189.81250000 831988.62500000 807.99725342    5808.03076172   1687.55822754   
0.33600    533185.37500000 320709.25000000 816029.75000000 808.01544189    5981.18066406   1832.90502930   
0.33700    523726.81250000 314437.96875000 800597.81250000 808.11572266    6162.41210938   1984.34350586   
0.33800    514600.34375000 308380.96875000 785693.75000000 808.31469727    6351.81738281   2142.26464844   
0.33900    505777.31250000 302508.46875000 771275.06250000 808.58911133    6548.15380859   2305.60058594   
0.34000    497275.34375000 296850.31250000 757377.68750000 808.94903564    6752.25244141   2474.82324219   
0.34100    489086.50000000 291388.12500000 743971.68750000 809.38494873    6963.87353516   2649.68261719   
0.34200    481229.09375000 286142.81250000 731113.93750000 809.90502930    7183.57763672   2830.92089844   
0.34300    473647.68750000 281063.09375000 718688.93750000 810.49298096    7409.15087891   3016.57446289   
0.34400    466408.53125000 276203.96875000 706799.50000000 811.15942383    7642.70556641   3208.27539062   
0.34500    459436.15625000 271514.18750000 695342.56250000 811.87683105    7881.99121094   3404.27734375   
0.34600    452793.46875000 267028.15625000 684411.25000000 812.66351318    8128.65722656   3605.76025391   
0.34700    446392.31250000 262693.43750000 673853.50000000 813.49359131    8379.71093750   3810.42968750   
0.34800    440302.84375000 258553.65625000 663786.81250000 814.37023926    8636.89355469   4019.74609375   
0.34900    434490.62500000 254582.40625000 654170.25000000 815.29193115    8899.69531250   4233.24414062   
0.35000    428949.78125000 250779.34375000 644966.37500000 816.24926758    9166.86035156   4449.74560547   
0.35100    423697.68750000 247159.18750000 636231.43750000 817.24072266    9439.65429688   4670.72216797   
0.35200    418660.56250000 243668.93750000 627832.00000000 818.23498535    9715.19726562   4893.33984375   
0.35300    413890.62500000 240348.32812500 619855.87500000 819.25268555    9994.84863281   5118.79345703   
0.35400    409389.21875000 237186.84375000 612301.31250000 820.28045654    10278.21093750  5347.24316406   
0.35500    405120.50000000 234169.79687500 605102.81250000 821.30914307    10564.54980469  5577.49804688   
0.35600    401072.00000000 231284.09375000 598255.37500000 822.32916260    10853.03417969  5809.27392578   
0.35700    397263.34375000 228543.32812500 591779.93750000 823.32580566    11143.58984375  6042.67187500   
0.35800    393687.00000000 225948.32812500 585664.75000000 824.31518555    11436.56542969  6277.33837891   
0.35900    390314.21875000 223479.07812500 579871.68750000 825.27368164    11730.67675781  6512.88134766   
0.36000    387168.03125000 221147.15625000 574435.31250000 826.20776367    12026.31835938  6749.42187500   
0.36100    384196.59375000 218916.70312500 569268.37500000 827.08673096    12321.53710938  6985.47265625   
0.36200    381462.09375000 216842.32812500 564488.68750000 827.94036865    12618.69921875  7222.88818359   
0.36300    378875.34375000 214843.76562500 559912.37500000 828.72235107    12913.81445312  7458.38574219   
0.36400    376465.40625000 212959.26562500 555630.68750000 829.44158936    13208.70605469  7693.50927734   
0.36500    374235.65625000 211183.07812500 551621.62500000 830.09869385    13502.29101562  7927.98779297   
0.36600    372192.59375000 209522.89062500 547913.81250000 830.70422363    13796.05761719  8162.11328125   
0.36700    370290.34375000 207942.28125000 544405.06250000 831.20892334    14086.72656250  8393.67968750   
0.36800    368579.03125000 206486.20312500 541221.12500000 831.65728760    14377.24023438  8625.17968750   
0.36900    367002.43750000 205112.25000000 538235.31250000 832.01281738    14664.95703125  8854.63671875   
0.37000    365528.71875000 203799.82812500 535415.12500000 832.26428223    14948.47265625  9080.62890625   
0.37100    364204.56250000 202578.70312500 532828.06250000 832.42553711    15229.51562500  9304.77734375   
0.37200    363044.34375000 201459.04687500 530492.00000000 832.50494385    15508.66015625  9527.56542969   
0.37300    361976.71875000 200396.84375000 528304.87500000 832.45892334    15783.13769531  9746.62988281   
0.37400    361047.37500000 199422.09375000 526337.12500000 832.32568359    16055.10839844  9963.83789062   
0.37500    360224.43750000 198515.48437500 524536.93750000 832.08709717    16322.63769531  10177.72656250  
0.37600    359520.34375000 197680.37500000 522929.34375000 831.72821045    16585.99804688  10388.41503906  
0.37700    358898.28125000 196896.78125000 521440.00000000 831.24981689    16844.15429688  10595.40917969  
0.37800    358379.40625000 196182.07812500 520128.56250000 830.66619873    17098.45312500  10799.37500000  
0.37900    357976.68750000 195542.62500000 519003.87500000 829.97113037    17348.51953125  11000.35156250  
0.38000    357641.53125000 194943.46875000 517980.28125000 829.15008545    17592.61523438  11196.89160156  
0.38100    357370.81250000 194390.62500000 517066.87500000 828.20220947    17830.97656250  11389.15039062  
0.38200    357201.96875000 193905.40625000 516318.71875000 827.14074707    18065.33593750  11578.33593750  
0.38300    357087.50000000 193454.84375000 515647.15625000 825.95471191    18292.76757812  11762.73925781  
0.38400    357070.90625000 193067.87500000 515150.53125000 824.65386963    18515.48632812  11943.86523438  
0.38500    357083.03125000 192706.67187500 514699.15625000 823.22338867    18731.63476562  12119.94238281  
0.38600    357195.12500000 192409.43750000 514403.75000000 821.67797852    18943.14843750  12292.68359375  
0.38700    357324.75000000 192131.01562500 514150.71875000 819.99951172    19147.13281250  12459.94433594  
0.38800    357518.78125000 191894.78125000 514008.37500000 818.20062256    19345.50390625  12623.20019531  
0.38900    357756.34375000 191690.23437500 513928.06250000 816.28778076    19537.31250000  12781.72753906  
0.39000    358070.46875000 191542.39062500 513985.12500000 814.26831055    19723.68359375  12936.37207031  
0.39100    358403.03125000 191408.79687500 514072.43750000 812.12664795    19903.01171875  13086.05957031  
0.39200    358779.81250000 191310.01562500 514247.00000000 809.85797119    20076.30664062  13231.13281250  
0.39300    359186.78125000 191235.12500000 514457.25000000 807.48388672    20242.60546875  13371.29980469  
0.39400    359654.71875000 191205.98437500 514788.84375000 805.00610352    20403.43945312  13507.52441406  
0.39500    360114.34375000 191179.85937500 515107.31250000 802.40802002    20556.39648438  13638.00292969  
0.39600    360608.15625000 191181.67187500 515499.62500000 799.70025635    20703.37304688  13764.00781250  
0.39700    361119.34375000 191198.03125000 515918.00000000 796.89294434    20843.14062500  13885.28710938  
0.39800    361673.75000000 191251.07812500 516419.40625000 793.98522949    20977.02734375  14002.01074219  
0.39900    362226.96875000 191312.07812500 516922.37500000 790.97839355    21103.70507812  14113.68847656  
0.40000    362798.18750000 191387.25000000 517468.96875000 787.87408447    21224.15820312  14220.60156250  
0.40100    363379.65625000 191478.06250000 518027.15625000 784.67578125    21337.04492188  14322.19335938  
0.40200    363984.28125000 191594.04687500 518649.78125000 781.38781738    21443.99023438  14419.62792969  
0.40300    364574.71875000 191704.01562500 519247.37500000 778.00433350    21543.69531250  14511.60156250  
0.40400    365185.03125000 191836.84375000 519887.75000000 774.54968262    21637.41601562  14599.12988281  
0.40500    365794.09375000 191976.04687500 520546.46875000 771.00366211    21724.03906250  14681.65429688  
0.40600    366427.53125000 192135.42187500 521236.96875000 767.39044189    21805.06640625  14760.14648438  
0.40700    367036.71875000 192292.20312500 521911.15625000 763.69732666    21878.80859375  14833.23046875  
0.40800    367645.15625000 192451.25000000 522583.78125000 759.93469238    21945.86718750  14901.45117188  
0.40900    368243.18750000 192614.01562500 523252.68750000 756.09637451    22006.48437500  14964.78808594  
0.41000    368861.65625000 192795.07812500 523961.59375000 752.21356201    22061.33398438  15024.24218750  
0.41100    369454.09375000 192967.39062500 524637.31250000 748.25524902    22109.54296875  15078.22851562  
0.41200    370019.65625000 193133.64062500 525292.00000000 744.23339844    22150.83203125  15127.49414062  
0.41300    370600.53125000 193313.85937500 525976.25000000 740.16748047    22186.81835938  15172.68359375  
0.41400    371153.59375000 193480.29687500 526611.25000000 736.04498291    22215.97460938  15212.75781250  
0.41500    371711.09375000 193660.48437500 527270.18750000 731.88439941    22239.63671875  15249.07031250  
0.41600    372216.12500000 193815.10937500 527858.93750000 727.65454102    22256.34179688  15279.72363281  
0.41700    372735.68750000 193987.21875000 528478.12500000 723.40301514    22268.24804688  15306.95605469  
0.41800    373261.65625000 194166.31250000 529106.43750000 719.11877441    22274.76953125  15330.33593750  
0.41900    373703.43750000 194301.29687500 529618.37500000 714.77423096    22273.42968750  15347.50195312  
0.42000    374164.84375000 194455.28125000 530165.81250000 710.41760254    22268.04296875  15361.68945312  
0.42100    374613.00000000 194607.79687500 530712.81250000 706.02655029    22257.18554688  15371.91308594  
0.42200    375031.28125000 194748.57812500 531213.50000000 701.61199951    22240.99609375  15377.78613281  
0.42300    375413.50000000 194872.07812500 531660.93750000 697.16589355    22218.50195312  15379.05468750  
0.42400    375782.31250000 194992.25000000 532091.37500000 692.69708252    22191.11523438  15376.65234375  
0.42500    376130.93750000 195105.23437500 532502.00000000 688.21746826    22158.98242188  15370.58886719  
0.42600    376435.87500000 195197.14062500 532841.93750000 683.70819092    22121.11718750  15360.24707031  
0.42700    376745.71875000 195301.21875000 533208.68750000 679.20251465    22079.70507812  15346.54785156  
0.42800    377004.53125000 195377.65625000 533499.25000000 674.67156982    22032.47656250  15329.01367188  
0.42900    377271.25000000 195462.75000000 533806.56250000 670.14196777    21981.68359375  15308.40820312  
0.43000    377492.06250000 195526.56250000 534051.93750000 665.59844971    21925.81640625  15284.11816406  
0.43100    377662.43750000 195562.10937500 534212.50000000 661.04345703    21864.53906250  15255.54394531  
0.43200    377842.96875000 195612.76562500 534404.18750000 656.50128174    21800.72656250  15225.14648438  
0.43300    377974.84375000 195637.31250000 534528.06250000 651.94854736    21731.77929688  15190.54296875  
0.43400    378090.75000000 195654.89062500 534625.06250000 647.39208984    21659.25390625  15153.09375000  
0.43500    378167.09375000 195655.87500000 534670.25000000 642.85253906    21582.49804688  15112.52539062  
0.43600    378252.78125000 195666.32812500 534731.18750000 638.31854248    21503.41406250  15070.13183594  
0.43700    378276.84375000 195642.34375000 534708.43750000 633.78509521    21419.55664062  15023.96679688  
0.43800    378269.03125000 195601.90625000 534632.12500000 629.25842285    21332.35742188  14974.94531250  
0.43900    378255.84375000 195565.42187500 534553.87500000 624.74670410    21242.44726562  14924.05957031  
0.44000    378211.28125000 195515.39062500 534439.18750000 620.24237061    21149.10546875  14870.62695312  
0.44100    378147.37500000 195452.57812500 534283.18750000 615.76574707    21053.00390625  14814.77734375  
0.44200    378055.37500000 195379.87500000 534103.31250000 611.29626465    20954.31250000  14757.01562500  
0.44300    377936.59375000 195296.21875000 533885.75000000 606.84997559    20852.80859375  14697.17968750  
0.44400    377805.18750000 195205.01562500 533636.75000000 602.42437744    20749.37695312  14635.25878906  
0.44500    377607.34375000 195078.12500000 533301.56250000 598.00433350    20641.80273438  14570.80273438  
0.44600    377403.03125000 194951.68750000 532958.31250000 593.61285400    20532.98632812  14504.93457031  
0.44700    377199.75000000 194828.92187500 532628.62500000 589.25970459    20422.73828125  14437.82714844  
0.44800    376945.31250000 194676.51562500 532203.50000000 584.91552734    20309.85742188  14368.72363281  
0.44900    376690.34375000 194530.92187500 531793.75000000 580.61315918    20195.78320312  14298.75878906  
0.45000    376421.25000000 194376.15625000 531363.68750000 576.34906006    20080.47460938  14227.79101562  
0.45100    376090.75000000 194189.65625000 530838.81250000 572.09277344    19962.51953125  14154.59375000  
0.45200    375768.28125000 194008.73437500 530331.12500000 567.88616943    19844.00000000  14081.06054688  
0.45300    375404.84375000 193808.43750000 529760.62500000 563.69982910    19723.69335938  14005.96386719  
0.45400    375036.50000000 193604.18750000 529188.87500000 559.55303955    19602.58203125  13930.47070312  
0.45500    374644.18750000 193391.85937500 528584.18750000 555.45031738    19480.91406250  13854.18945312  
0.45600    374226.25000000 193161.75000000 527929.12500000 551.38549805    19357.67968750  13776.78222656  
0.45700    373792.21875000 192929.32812500 527268.56250000 547.36169434    19234.40429688  13699.24609375  
0.45800    373330.03125000 192680.04687500 526561.12500000 543.37799072    19110.06445312  13621.12597656  
0.45900    372845.56250000 192418.57812500 525816.62500000 539.43109131    18985.05664062  13541.97265625  
0.46000    372373.71875000 192165.65625000 525095.87500000 535.54614258    18861.16015625  13463.85253906  
0.46100    371833.50000000 191875.00000000 524274.59375000 531.68829346    18734.96875000  13383.99218750  
0.46200    371317.03125000 191600.35937500 523492.50000000 527.89172363    18610.11914062  13305.01953125  
0.46300    370759.21875000 191304.01562500 522648.53125000 524.13659668    18484.68750000  13225.52343750  
0.46400    370178.59375000 190992.28125000 521761.84375000 520.43286133    18359.00390625  13145.79199219  
0.46500    369596.21875000 190683.60937500 520887.34375000 516.78643799    18233.87304688  13066.50195312  
0.46600    368981.90625000 190353.20312500 519956.28125000 513.19079590    18108.61718750  12986.98828125  
0.46700    368334.53125000 190008.21875000 518978.12500000 509.63632202    17983.16015625  12907.29296875  
0.46800    367711.93750000 189676.59375000 518041.93750000 506.15237427    17859.52734375  12828.73925781  
0.46900    367032.87500000 189309.56250000 517006.84375000 502.71701050    17734.78515625  12749.61425781  
0.47000    366338.90625000 188939.53125000 515966.46875000 499.33590698    17610.83984375  12670.87890625  
0.47100    365637.09375000 188561.82812500 514907.59375000 496.02120972    17487.83593750  12592.75781250  
0.47200    364911.56250000 188174.00000000 513814.71875000 492.76281738    17365.27929688  12514.86523438  
0.47300    364179.62500000 187780.64062500 512714.25000000 489.56478882    17243.79492188  12437.58105469  
0.47400    363399.78125000 187355.75000000 511534.90625000 486.41677856    17121.66601562  12359.97363281  
0.47500    362618.43750000 186935.93750000 510359.37500000 483.33587646    17001.17968750  12283.38574219  
0.47600    361837.81250000 186515.95312500 509182.25000000 480.31951904    16881.80078125  12207.78027344  
0.47700    360991.31250000 186053.46875000 507904.00000000 477.35247803    16761.33789062  12131.05957031  
0.47800    360150.62500000 185595.15625000 506634.56250000 474.45373535    16643.14843750  12056.01464844  
0.47900    359303.21875000 185137.10937500 505359.50000000 471.61172485    16525.77343750  11981.67285156  
0.48000    358400.53125000 184644.17187500 504004.00000000 468.82992554    16408.44726562  11906.78710938  
0.48100    357533.87500000 184170.60937500 502686.53125000 466.12539673    16292.96484375  11833.60742188  
0.48200    356575.96875000 183643.84375000 501247.03125000 463.45184326    16176.20605469  11759.28417969  
0.48300    355621.34375000 183117.87500000 499804.43750000 460.85070801    16061.22851562  11686.18457031  
0.48400    354659.21875000 182587.68750000 498351.84375000 458.31423950    15947.09667969  11613.66796875  
0.48500    353662.62500000 182040.42187500 496851.34375000 455.82546997    15833.45996094  11541.40429688  
0.48600    352660.53125000 181488.35937500 495339.34375000 453.40859985    15721.17480469  11469.90625000  
0.48700    351629.62500000 180916.89062500 493782.18750000 451.03979492    15608.90820312  11398.41992188  
0.48800    350554.12500000 180319.28125000 492156.65625000 448.71832275    15496.76464844  11326.83007812  
0.48900    349466.78125000 179716.54687500 490516.40625000 446.45645142    15385.55664062  11255.81738281  
0.49000    348369.65625000 179106.59375000 488855.93750000 444.25024414    15275.14257812  11185.37011719  
0.49100    347256.12500000 178488.87500000 487178.87500000 442.10440063    15165.62304688  11115.52734375  
0.49200    346095.31250000 177841.67187500 485425.00000000 439.99963379    15055.84082031  11045.20117188  
0.49300    344922.93750000 177189.93750000 483665.78125000 437.94503784    14946.81347656  10975.42089844  
0.49400    343730.15625000 176523.53125000 481859.06250000 435.93908691    14838.22753906  10905.88964844  
0.49500    342505.71875000 175838.42187500 480008.06250000 433.97622681    14729.64843750  10836.22363281  
0.49600    341276.56250000 175154.68750000 478158.50000000 432.06649780    14622.21777344  10767.17675781  
0.49700    340004.46875000 174443.89062500 476237.96875000 430.18823242    14514.19726562  10697.66992188  
0.49800    338725.06250000 173728.98437500 474308.50000000 428.35818481    14407.00000000  10628.69140625  
0.49900    337405.62500000 172989.31250000 472318.90625000 426.56274414    14299.42578125  10559.14453125  
0.50000    336082.18750000 172249.75000000 470323.62500000 424.80886841    14192.43164062  10490.15917969  
