# SAXS profile: number of points = 501, q_min = 0, q_max = 0.5, delta_q = 0.001
#    q    intensity 
0.00000    162238128.00000000 101202208.00000000 256270896.00000000 111236.06250000 8496330.00000000 6710376.00000000 
0.00100    162209600.00000000 101183392.00000000 256223712.00000000 111209.35156250 8494476.00000000 6708945.00000000 
0.00200    162119504.00000000 101126736.00000000 256080384.00000000 111128.08593750 8488998.00000000 6704628.00000000 
0.00300    161969024.00000000 101033392.00000000 255843584.00000000 110993.30468750 8479795.00000000 6697401.00000000 
0.00400    161757264.00000000 100903048.00000000 255510544.00000000 110804.80468750 8467040.00000000 6687350.50000000 
0.00500    161485296.00000000 100734648.00000000 255083696.00000000 110563.02343750 8450590.00000000 6674398.50000000 
0.00600    161152848.00000000 100529824.00000000 254563344.00000000 110268.11718750 8430567.00000000 6658641.00000000 
0.00700    160761168.00000000 100287672.00000000 253946400.00000000 109920.46093750 8406970.00000000 6640086.00000000 
0.00800    160309808.00000000 100010208.00000000 253239680.00000000 109520.96875000 8379746.00000000 6618701.00000000 
0.00900    159799568.00000000 99696248.00000000 252441968.00000000 109070.16406250 8349070.50000000 6594558.50000000 
0.01000    159233232.00000000 99346904.00000000 251552240.00000000 108568.27343750 8314898.50000000 6567712.50000000 
0.01100    158610432.00000000 98962240.00000000 250573008.00000000 108015.92187500 8277283.00000000 6538180.00000000 
0.01200    157933232.00000000 98543528.00000000 249505440.00000000 107414.82031250 8236356.50000000 6505978.50000000 
0.01300    157200096.00000000 98090464.00000000 248350944.00000000 106765.25000000 8192066.50000000 6471137.00000000 
0.01400    156410288.00000000 97602424.00000000 247111264.00000000 106067.68750000 8144562.50000000 6433784.50000000 
0.01500    155566144.00000000 97082840.00000000 245786336.00000000 105324.40625000 8093814.00000000 6393893.50000000 
0.01600    154670560.00000000 96529264.00000000 244379328.00000000 104535.21093750 8039922.00000000 6351493.50000000 
0.01700    153724336.00000000 95944344.00000000 242891616.00000000 103701.75781250 7983006.50000000 6306753.50000000 
0.01800    152726640.00000000 95328568.00000000 241323920.00000000 102825.14062500 7923085.00000000 6259587.00000000 
0.01900    151680864.00000000 94682760.00000000 239680144.00000000 101906.61718750 7860226.00000000 6210152.50000000 
0.02000    150585904.00000000 94007024.00000000 237959920.00000000 100948.26562500 7794561.50000000 6158496.00000000 
0.02100    149445808.00000000 93302824.00000000 236166640.00000000 99949.76562500  7726124.50000000 6104715.50000000 
0.02200    148259712.00000000 92570280.00000000 234301856.00000000 98913.89062500  7655046.00000000 6048815.00000000 
0.02300    147029072.00000000 91810256.00000000 232368992.00000000 97842.13281250  7581394.00000000 5990856.50000000 
0.02400    145755840.00000000 91024008.00000000 230367760.00000000 96734.55468750  7505262.00000000 5930987.00000000 
0.02500    144442624.00000000 90212984.00000000 228303216.00000000 95593.62500000  7426747.00000000 5869238.50000000 
0.02600    143089312.00000000 89377000.00000000 226175216.00000000 94421.38281250  7345960.00000000 5805698.50000000 
0.02700    141699328.00000000 88517656.00000000 223989600.00000000 93218.55468750  7263031.50000000 5740425.00000000 
0.02800    140270224.00000000 87635576.00000000 221744256.00000000 91987.14062500  7177965.50000000 5673486.00000000 
0.02900    138807904.00000000 86732024.00000000 219446368.00000000 90728.65625000  7090910.00000000 5605066.50000000 
0.03000    137312624.00000000 85808616.00000000 217094880.00000000 89445.03125000  7002040.50000000 5535092.50000000 
0.03100    135785936.00000000 84864680.00000000 214693920.00000000 88137.71093750  6911371.50000000 5463750.00000000 
0.03200    134228064.00000000 83902704.00000000 212246768.00000000 86808.00000000  6819027.50000000 5391101.50000000 
0.03300    132643672.00000000 82923136.00000000 209754960.00000000 85458.58593750  6725178.00000000 5317257.50000000 
0.03400    131031784.00000000 81926984.00000000 207220208.00000000 84089.80468750  6629861.00000000 5242228.50000000 
0.03500    129396184.00000000 80915992.00000000 204647200.00000000 82704.82812500  6533204.50000000 5166189.00000000 
0.03600    127737160.00000000 79890024.00000000 202038592.00000000 81304.04687500  6435325.50000000 5089132.50000000 
0.03700    126056280.00000000 78851688.00000000 199396608.00000000 79889.99218750  6336355.50000000 5011254.00000000 
0.03800    124356976.00000000 77800720.00000000 196722800.00000000 78464.20312500  6236390.00000000 4932561.00000000 
0.03900    122639752.00000000 76738888.00000000 194022384.00000000 77028.48437500  6135544.50000000 4853183.00000000 
0.04000    120905936.00000000 75666976.00000000 191295936.00000000 75583.97656250  6033884.50000000 4773143.50000000 
0.04100    119158632.00000000 74586216.00000000 188547792.00000000 74132.79687500  5931595.00000000 4692607.50000000 
0.04200    117397896.00000000 73497224.00000000 185778208.00000000 72676.39062500  5828742.00000000 4611624.50000000 
0.04300    115627048.00000000 72402352.00000000 182993440.00000000 71216.71875000  5725393.00000000 4530268.50000000 
0.04400    113846600.00000000 71301464.00000000 180193296.00000000 69755.50000000  5621709.50000000 4448630.50000000 
0.04500    112059128.00000000 70195680.00000000 177380752.00000000 68293.07812500  5517803.00000000 4366806.50000000 
0.04600    110265768.00000000 69086232.00000000 174559792.00000000 66832.61718750  5413718.00000000 4284853.50000000 
0.04700    108468320.00000000 67973608.00000000 171731248.00000000 65374.61328125  5309652.00000000 4202882.00000000 
0.04800    106668864.00000000 66859596.00000000 168899648.00000000 63920.67968750  5205606.00000000 4120918.00000000 
0.04900    104868496.00000000 65745380.00000000 166066432.00000000 62472.50781250  5101735.00000000 4039094.25000000 
0.05000    103068064.00000000 64631212.00000000 163234816.00000000 61031.42968750  4998110.50000000 3957455.75000000 
0.05100    101270608.00000000 63518688.00000000 160406496.00000000 59598.81250000  4894866.00000000 3876091.00000000 
0.05200    99476944.00000000 62407840.00000000 157583088.00000000 58175.49218750  4791992.00000000 3795064.75000000 
0.05300    97688416.00000000 61300308.00000000 154767872.00000000 56763.52343750  4689673.50000000 3714436.75000000 
0.05400    95906376.00000000 60196700.00000000 151963520.00000000 55363.95703125  4587995.00000000 3634293.25000000 
0.05500    94132856.00000000 59098288.00000000 149171168.00000000 53977.58984375  4486963.50000000 3554684.25000000 
0.05600    92368720.00000000 58005316.00000000 146393168.00000000 52605.42968750  4386768.00000000 3475650.00000000 
0.05700    90615096.00000000 56918924.00000000 143632704.00000000 51249.36328125  4287357.00000000 3397325.25000000 
0.05800    88873912.00000000 55839572.00000000 140890272.00000000 49909.54296875  4188940.00000000 3319710.50000000 
0.05900    87146136.00000000 54768752.00000000 138170096.00000000 48587.25000000  4091480.00000000 3242864.50000000 
0.06000    85432336.00000000 53706712.00000000 135470992.00000000 47283.67187500  3995109.00000000 3166853.00000000 
0.06100    83734488.00000000 52653952.00000000 132798736.00000000 45999.47656250  3899850.25000000 3091709.00000000 
0.06200    82053736.00000000 51611732.00000000 130151048.00000000 44735.46875000  3805782.50000000 3017514.00000000 
0.06300    80390456.00000000 50580204.00000000 127531120.00000000 43492.23046875  3712989.75000000 2944299.75000000 
0.06400    78745600.00000000 49559956.00000000 124939920.00000000 42270.88281250  3621454.25000000 2872094.25000000 
0.06500    77121008.00000000 48551896.00000000 122380536.00000000 41071.42187500  3531333.75000000 2800949.50000000 
0.06600    75516048.00000000 47556708.00000000 119853000.00000000 39894.96875000  3442565.25000000 2730910.00000000 
0.06700    73933664.00000000 46574180.00000000 117358680.00000000 38741.70312500  3355271.25000000 2661990.00000000 
0.06800    72373128.00000000 45605688.00000000 114900224.00000000 37612.55468750  3269453.00000000 2594240.50000000 
0.06900    70835944.00000000 44651084.00000000 112477064.00000000 36507.80468750  3185156.00000000 2527683.50000000 
0.07000    69322216.00000000 43711008.00000000 110091616.00000000 35427.27734375  3102438.50000000 2462347.00000000 
0.07100    67832248.00000000 42786040.00000000 107743448.00000000 34371.82812500  3021284.75000000 2398263.25000000 
0.07200    66368132.00000000 41876452.00000000 105434816.00000000 33341.70703125  2941757.00000000 2335434.75000000 
0.07300    64929544.00000000 40982216.00000000 103166112.00000000 32336.92968750  2863898.00000000 2273902.75000000 
0.07400    63516216.00000000 40103960.00000000 100938064.00000000 31357.79492188  2787680.75000000 2213669.75000000 
0.07500    62129704.00000000 39241996.00000000 98751136.00000000 30404.34375000  2713142.00000000 2154739.00000000 
0.07600    60769552.00000000 38396268.00000000 96605968.00000000 29476.40039062  2640284.25000000 2097156.50000000 
0.07700    59437044.00000000 37567488.00000000 94503816.00000000 28574.50781250  2569144.75000000 2040915.75000000 
0.07800    58131376.00000000 36755272.00000000 92444184.00000000 27698.17773438  2499727.50000000 1986008.12500000 
0.07900    56853600.00000000 35960284.00000000 90428136.00000000 26847.42968750  2432015.25000000 1932447.00000000 
0.08000    55603360.00000000 35182136.00000000 88454920.00000000 26022.28906250  2366019.75000000 1880235.62500000 
0.08100    54381156.00000000 34421252.00000000 86525848.00000000 25222.44335938  2301748.25000000 1829365.12500000 
0.08200    53186748.00000000 33677356.00000000 84640936.00000000 24447.79101562  2239186.75000000 1779854.75000000 
0.08300    52020584.00000000 32950704.00000000 82799976.00000000 23698.11914062  2178349.75000000 1731672.25000000 
0.08400    50882332.00000000 32241584.00000000 81002240.00000000 22972.93359375  2119191.75000000 1684833.12500000 
0.08500    49771604.00000000 31549476.00000000 79249440.00000000 22272.15234375  2061714.87500000 1639316.75000000 
0.08600    48689528.00000000 30874702.00000000 77539312.00000000 21595.24023438  2005920.75000000 1595115.12500000 
0.08700    47634804.00000000 30217210.00000000 75873896.00000000 20942.02148438  1951791.75000000 1552210.37500000 
0.08800    46607672.00000000 29576352.00000000 74250544.00000000 20312.09765625  1899303.75000000 1510599.25000000 
0.08900    45607772.00000000 28952492.00000000 72671112.00000000 19704.85742188  1848422.75000000 1470263.12500000 
0.09000    44635524.00000000 28345712.00000000 71134568.00000000 19120.01757812  1799129.12500000 1431176.62500000 
0.09100    43689924.00000000 27755136.00000000 69639760.00000000 18556.96679688  1751444.62500000 1393334.87500000 
0.09200    42770668.00000000 27180912.00000000 68187096.00000000 18015.10937500  1705264.25000000 1356690.75000000 
0.09300    41877772.00000000 26623126.00000000 66775104.00000000 17494.39257812  1660626.50000000 1321260.12500000 
0.09400    41010780.00000000 26081158.00000000 65404076.00000000 16993.79882812  1617460.00000000 1286996.00000000 
0.09500    40168980.00000000 25555094.00000000 64072624.00000000 16512.86328125  1575764.62500000 1253872.50000000 
0.09600    39352768.00000000 25044274.00000000 62780956.00000000 16051.25097656  1535485.50000000 1221866.12500000 
0.09700    38560624.00000000 24548926.00000000 61528224.00000000 15608.31054688  1496606.00000000 1190981.37500000 
0.09800    37792884.00000000 24068214.00000000 60313068.00000000 15183.20410156  1459083.87500000 1161147.12500000 
0.09900    37048952.00000000 23602420.00000000 59135156.00000000 14775.85253906  1422891.00000000 1132374.50000000 
0.10000    36327856.00000000 23150756.00000000 57993608.00000000 14385.13378906  1387987.12500000 1104612.00000000 
0.10100    35629364.00000000 22713208.00000000 56887384.00000000 14010.62011719  1354330.12500000 1077825.50000000 
0.10200    34953072.00000000 22289208.00000000 55816144.00000000 13651.95605469  1321887.37500000 1052012.00000000 
0.10300    34298336.00000000 21878450.00000000 54779072.00000000 13308.22167969  1290621.00000000 1027106.93750000 
0.10400    33664156.00000000 21480702.00000000 53774784.00000000 12978.95703125  1260497.12500000 1003122.43750000 
0.10500    33050286.00000000 21095660.00000000 52802560.00000000 12663.48632812  1231469.87500000 980001.06250000 
0.10600    32456408.00000000 20722826.00000000 51861036.00000000 12361.38281250  1203507.12500000 957712.12500000 
0.10700    31881910.00000000 20361882.00000000 50949764.00000000 12071.92578125  1176564.62500000 936234.31250000 
0.10800    31325582.00000000 20012412.00000000 50067964.00000000 11794.50585938  1150621.25000000 915540.00000000 
0.10900    30787402.00000000 19674054.00000000 49214364.00000000 11528.53906250  1125605.00000000 895589.00000000 
0.11000    30266546.00000000 19346526.00000000 48388024.00000000 11273.54199219  1101506.87500000 876358.43750000 
0.11100    29762230.00000000 19029424.00000000 47587516.00000000 11028.88183594  1078273.87500000 857820.18750000 
0.11200    29274194.00000000 18722296.00000000 46813204.00000000 10794.11230469  1055876.50000000 839937.50000000 
0.11300    28801538.00000000 18424756.00000000 46062732.00000000 10568.65917969  1034277.75000000 822683.50000000 
0.11400    28343898.00000000 18136492.00000000 45336164.00000000 10351.88769531  1013433.37500000 806035.37500000 
0.11500    27900522.00000000 17856962.00000000 44631688.00000000 10143.45996094  993314.68750000 789953.12500000 
0.11600    27470498.00000000 17586036.00000000 43949024.00000000 9942.78417969   973879.12500000 774422.56250000 
0.11700    27053600.00000000 17323288.00000000 43286972.00000000 9749.34082031   955099.25000000 759412.25000000 
0.11800    26649038.00000000 17068220.00000000 42644348.00000000 9562.74511719   936934.12500000 744887.43750000 
0.11900    26256684.00000000 16820522.00000000 42020448.00000000 9382.55761719   919351.37500000 730824.12500000 
0.12000    25875386.00000000 16579905.00000000 41414592.00000000 9208.27832031   902318.75000000 717206.68750000 
0.12100    25504754.00000000 16345957.00000000 40825676.00000000 9039.58496094   885814.81250000 704005.56250000 
0.12200    25144434.00000000 16118434.00000000 40252776.00000000 8875.92968750   869792.56250000 691189.06250000 
0.12300    24793818.00000000 15896920.00000000 39695024.00000000 8717.12207031   854241.18750000 678741.75000000 
0.12400    24452102.00000000 15680969.00000000 39151992.00000000 8562.71289062   839113.50000000 666632.93750000 
0.12500    24119094.00000000 15470485.00000000 38622240.00000000 8412.31347656   824388.25000000 654857.37500000 
0.12600    23794384.00000000 15265148.00000000 38105560.00000000 8265.76562500   810052.37500000 643383.12500000 
0.12700    23476884.00000000 15064499.00000000 37600672.00000000 8122.50927734   796061.56250000 632192.06250000 
0.12800    23166670.00000000 14868298.00000000 37107004.00000000 7982.45117188   782395.93750000 621260.12500000 
0.12900    22863300.00000000 14676359.00000000 36624212.00000000 7845.29931641   769043.87500000 610571.93750000 
0.13000    22565966.00000000 14488351.00000000 36151420.00000000 7710.72558594   755967.93750000 600116.37500000 
0.13100    22274360.00000000 14303944.00000000 35687560.00000000 7578.54931641   743155.43750000 589868.18750000 
0.13200    21988546.00000000 14122921.00000000 35232500.00000000 7448.51416016   730585.62500000 579815.81250000 
0.13300    21707404.00000000 13945093.00000000 34785176.00000000 7320.49462891   718243.81250000 569950.56250000 
0.13400    21431066.00000000 13770276.00000000 34345328.00000000 7194.24023438   706104.12500000 560245.18750000 
0.13500    21159042.00000000 13598003.00000000 33912300.00000000 7069.59570312   694152.87500000 550696.18750000 
0.13600    20890952.00000000 13428318.00000000 33485786.00000000 6946.44238281   682380.25000000 541284.43750000 
0.13700    20626560.00000000 13260964.00000000 33064862.00000000 6824.60400391   670764.12500000 532008.50000000 
0.13800    20365352.00000000 13095681.00000000 32649140.00000000 6703.90136719   659297.68750000 522849.90625000 
0.13900    20107338.00000000 12932297.00000000 32238602.00000000 6584.35009766   647964.43750000 513799.71875000 
0.14000    19852208.00000000 12770842.00000000 31832470.00000000 6465.86230469   636753.68750000 504853.84375000 
0.14100    19599532.00000000 12610828.00000000 31430428.00000000 6348.25732422   625659.25000000 496003.37500000 
0.14200    19349292.00000000 12452386.00000000 31031832.00000000 6231.49511719   614668.00000000 487235.21875000 
0.14300    19100966.00000000 12295275.00000000 30637006.00000000 6115.54882812   603774.31250000 478547.00000000 
0.14400    18854772.00000000 12139299.00000000 30244854.00000000 6000.32324219   592966.56250000 469928.81250000 
0.14500    18610270.00000000 11984519.00000000 29855808.00000000 5885.87060547   582247.12500000 461383.53125000 
0.14600    18367290.00000000 11830697.00000000 29469182.00000000 5772.10595703   571602.75000000 452903.90625000 
0.14700    18126014.00000000 11677910.00000000 29084984.00000000 5659.04931641   561033.81250000 444483.84375000 
0.14800    17885750.00000000 11525824.00000000 28702492.00000000 5546.60937500   550529.56250000 436118.68750000 
0.14900    17646810.00000000 11374525.00000000 28322234.00000000 5434.85205078   540090.62500000 427806.90625000 
0.15000    17408796.00000000 11223793.00000000 27943488.00000000 5323.83056641   529712.31250000 419546.56250000 
0.15100    17171872.00000000 11073877.00000000 27566544.00000000 5213.46923828   519398.96875000 411341.21875000 
0.15200    16935780.00000000 10924457.00000000 27191018.00000000 5103.92138672   509150.06250000 403183.90625000 
0.15300    16700793.00000000 10775589.00000000 26816820.00000000 4995.08642578   498954.68750000 395076.50000000 
0.15400    16466346.00000000 10627196.00000000 26443752.00000000 4887.00878906   488821.40625000 387015.96875000 
0.15500    16232945.00000000 10479327.00000000 26072168.00000000 4779.79443359   478748.03125000 379004.46875000 
0.15600    15999986.00000000 10331898.00000000 25701492.00000000 4673.40820312   468732.37500000 371042.84375000 
0.15700    15768039.00000000 10184998.00000000 25332162.00000000 4568.06787109   458782.62500000 363134.59375000 
0.15800    15536625.00000000 10038372.00000000 24963972.00000000 4463.55859375   448893.56250000 355275.21875000 
0.15900    15306097.00000000 9892287.00000000 24596942.00000000 4360.15673828   439074.15625000 347469.53125000 
0.16000    15076168.00000000 9746708.00000000 24230990.00000000 4257.78466797   429322.37500000 339719.43750000 
0.16100    14847124.00000000 9601555.00000000 23866492.00000000 4156.54394531   419642.65625000 332031.43750000 
0.16200    14618935.00000000 9456794.00000000 23503026.00000000 4056.52001953   410038.81250000 324400.37500000 
0.16300    14391548.00000000 9312627.00000000 23140798.00000000 3957.70092773   400512.31250000 316833.00000000 
0.16400    14165073.00000000 9169001.00000000 22780184.00000000 3860.17822266   391067.56250000 309327.15625000 
0.16500    13939455.00000000 9025981.00000000 22420880.00000000 3764.01611328   381709.40625000 301894.28125000 
0.16600    13714931.00000000 8883518.00000000 22063218.00000000 3669.24340820   372437.75000000 294528.40625000 
0.16700    13491351.00000000 8741597.00000000 21707150.00000000 3575.89599609   363258.43750000 287235.18750000 
0.16800    13269046.00000000 8600443.00000000 21352774.00000000 3484.04614258   354173.50000000 280019.31250000 
0.16900    13047891.00000000 8459992.00000000 21000288.00000000 3393.81372070   345192.84375000 272884.87500000 
0.17000    12827948.00000000 8320363.00000000 20649908.00000000 3305.13232422   336316.81250000 265831.43750000 
0.17100    12609305.00000000 8181480.00000000 20301430.00000000 3218.08618164   327543.43750000 258862.21875000 
0.17200    12392219.00000000 8043416.50000000 19955212.00000000 3132.75000000   318887.65625000 251983.48437500 
0.17300    12176599.00000000 7906320.00000000 19611266.00000000 3049.11376953   310345.90625000 245194.92187500 
0.17400    11962503.00000000 7770146.00000000 19269976.00000000 2967.26733398   301922.78125000 238501.51562500 
0.17500    11750165.00000000 7634965.00000000 18931114.00000000 2887.18725586   293623.81250000 231903.25000000 
0.17600    11539414.00000000 7500849.50000000 18594888.00000000 2808.92944336   285447.37500000 225404.32812500 
0.17700    11330616.00000000 7367841.50000000 18261600.00000000 2732.55175781   277404.75000000 219009.46875000 
0.17800    11123626.00000000 7235953.50000000 17931246.00000000 2658.01953125   269491.56250000 212714.82812500 
0.17900    10918750.00000000 7105302.00000000 17604002.00000000 2585.38183594   261713.45312500 206530.15625000 
0.18000    10715814.00000000 6975863.50000000 17279998.00000000 2514.66357422   254076.45312500 200454.87500000 
0.18100    10515220.00000000 6847815.00000000 16959390.00000000 2445.91333008   246581.12500000 194489.34375000 
0.18200    10316635.00000000 6721020.50000000 16642143.00000000 2379.01733398   239225.43750000 188635.17187500 
0.18300    10120427.00000000 6595695.50000000 16328477.00000000 2314.10424805   232015.09375000 182894.42187500 
0.18400    9926520.00000000 6471685.00000000 16018410.00000000 2251.10620117   224951.48437500 177270.76562500 
0.18500    9735146.00000000 6349261.50000000 15712415.00000000 2190.10156250   218037.50000000 171763.64062500 
0.18600    9546177.00000000 6228320.50000000 15410102.00000000 2130.99365234   211273.04687500 166374.37500000 
0.18700    9359833.00000000 6108925.50000000 15111783.00000000 2073.82006836   204659.48437500 161103.09375000 
0.18800    9175987.00000000 5991146.00000000 14817497.00000000 2018.57751465   198196.53125000 155951.54687500 
0.18900    8994932.00000000 5875049.00000000 14527666.00000000 1965.26403809   191888.29687500 150921.95312500 
0.19000    8816428.00000000 5760493.50000000 14241648.00000000 1913.77185059   185729.28125000 146007.87500000 
0.19100    8640871.00000000 5647757.00000000 13960305.00000000 1864.21252441   179729.34375000 141220.81250000 
0.19200    8468008.00000000 5536647.50000000 13683150.00000000 1816.46777344   173876.64062500 136550.07812500 
0.19300    8298014.50000000 5427345.50000000 13410622.00000000 1770.58776855   168181.51562500 132002.32812500 
0.19400    8130863.00000000 5319788.50000000 13142513.00000000 1726.45788574   162636.62500000 127571.73437500 
0.19500    7966617.00000000 5214012.50000000 12878882.00000000 1684.11889648   157241.43750000 123261.99218750 
0.19600    7805316.50000000 5110054.50000000 12619916.00000000 1643.49609375   151998.34375000 119070.78906250 
0.19700    7646992.00000000 5007870.50000000 12365587.00000000 1604.57250977   146905.06250000 114996.50000000 
0.19800    7491558.00000000 4907537.00000000 12115892.00000000 1567.30200195   141958.90625000 111039.17968750 
0.19900    7339143.50000000 4809091.00000000 11870938.00000000 1531.69750977   137161.12500000 107199.50781250 
0.20000    7189735.50000000 4712448.50000000 11630622.00000000 1497.64868164   132503.78125000 103471.48437500 
0.20100    7043254.50000000 4617655.50000000 11395053.00000000 1465.15417480   127992.15625000 99857.39062500  
0.20200    6899735.00000000 4524710.50000000 11164027.00000000 1434.16479492   123620.20312500 96353.44531250  
0.20300    6759225.50000000 4433653.50000000 10937855.00000000 1404.64111328   119387.55468750 92959.89062500  
0.20400    6621754.00000000 4344417.50000000 10716334.00000000 1376.53222656   115289.78906250 89673.69531250  
0.20500    6487130.00000000 4257020.50000000 10499527.00000000 1349.81701660   111326.64843750 86492.22656250  
0.20600    6355496.00000000 4171455.00000000 10287221.00000000 1324.39587402   107491.99218750 83414.49218750  
0.20700    6226790.50000000 4087734.25000000 10079635.00000000 1300.27941895   103786.69531250 80438.34375000  
0.20800    6100923.50000000 4005771.25000000 9876482.00000000 1277.37634277   100204.84375000 77559.60937500  
0.20900    5978045.00000000 3925693.00000000 9678120.00000000 1255.72985840   96748.89843750  74781.71093750  
0.21000    5857868.50000000 3847300.75000000 9484049.00000000 1235.16711426   93407.45312500  72094.58593750  
0.21100    5740553.50000000 3770709.50000000 9294510.00000000 1215.74157715   90183.50000000  69499.67187500  
0.21200    5625983.00000000 3695849.00000000 9109240.00000000 1197.35107422   87071.11718750  66994.92968750  
0.21300    5514094.00000000 3622664.75000000 8928278.00000000 1179.96789551   84068.52343750  64576.37500000  
0.21400    5404950.50000000 3551204.25000000 8751679.00000000 1163.55578613   81171.88281250  62241.98828125  
0.21500    5298460.50000000 3481451.50000000 8579293.00000000 1148.08068848   78380.22656250  59991.87109375  
0.21600    5194493.50000000 3413262.00000000 8410935.00000000 1133.45690918   75683.85156250  57817.82812500  
0.21700    5093097.50000000 3346722.25000000 8246692.00000000 1119.68640137   73085.53125000  55722.09765625  
0.21800    4994210.00000000 3281741.00000000 8086347.00000000 1106.69067383   70578.89843750  53699.77343750  
0.21900    4897695.00000000 3218295.50000000 7929855.00000000 1094.45043945   68160.53125000  51747.00000000  
0.22000    4803581.50000000 3156363.75000000 7777161.50000000 1082.90856934   65828.06250000  49864.10937500  
0.22100    4711818.50000000 3095937.50000000 7628239.00000000 1072.06018066   63580.02734375  48048.00000000  
0.22200    4622299.00000000 3036958.25000000 7482966.00000000 1061.83776855   61410.12500000  46295.26562500  
0.22300    4534997.00000000 2979386.50000000 7341085.50000000 1052.19934082   59316.07031250  44602.65625000  
0.22400    4449813.00000000 2923144.00000000 7202719.00000000 1043.12207031   57293.83203125  42968.03515625  
0.22500    4366795.50000000 2868311.25000000 7067799.00000000 1034.59509277   55344.05468750  41391.97656250  
0.22600    4285733.50000000 2814755.50000000 6936028.00000000 1026.51879883   53458.69531250  39867.13281250  
0.22700    4206740.50000000 2762494.25000000 6807495.00000000 1018.93457031   51638.25000000  38395.75781250  
0.22800    4129597.25000000 2711435.50000000 6682029.00000000 1011.75378418   49877.64843750  36972.14843750  
0.22900    4054274.75000000 2661597.25000000 6559453.50000000 1004.97479248   48174.05468750  35595.03125000  
0.23000    3980815.25000000 2612887.50000000 6439827.00000000 998.57934570    46527.22265625  34263.45312500  
0.23100    3909042.25000000 2565333.25000000 6323036.00000000 992.52416992    44932.66406250  32974.53515625  
0.23200    3838920.25000000 2518844.25000000 6208830.50000000 986.76818848    43387.50781250  31725.21484375  
0.23300    3770465.75000000 2473431.75000000 6097297.00000000 981.32415771    41889.62890625  30515.16210938  
0.23400    3703548.25000000 2429028.25000000 5988301.00000000 976.14801025    40437.96484375  29342.10156250  
0.23500    3638081.75000000 2385580.25000000 5881612.50000000 971.20404053    39026.55859375  28202.24023438  
0.23600    3574106.50000000 2343100.00000000 5777389.00000000 966.50610352    37657.57421875  27097.25781250  
0.23700    3511492.50000000 2301541.00000000 5675383.50000000 962.01477051    36326.68750000  26023.14648438  
0.23800    3450233.75000000 2260853.25000000 5575516.00000000 957.71392822    35033.62109375  24979.59179688  
0.23900    3390229.25000000 2221014.25000000 5477735.00000000 953.57855225    33772.33593750  23963.35351562  
0.24000    3331458.00000000 2181962.00000000 5381968.00000000 949.59887695    32545.30664062  22974.43359375  
0.24100    3273902.75000000 2143740.75000000 5288151.00000000 945.79589844    31351.19140625  22013.01562500  
0.24200    3217453.50000000 2106269.25000000 5196174.50000000 942.11260986    30185.83984375  21075.51757812  
0.24300    3162079.50000000 2069497.62500000 5105950.50000000 938.54962158    29048.88281250  20160.76953125  
0.24400    3107760.75000000 2033426.50000000 5017409.50000000 935.08953857    27938.88085938  19268.75195312  
0.24500    3054395.75000000 1998019.37500000 4930522.50000000 931.71899414    26853.66796875  18397.48632812  
0.24600    3002014.00000000 1963270.00000000 4845206.50000000 928.45880127    25793.87304688  17547.29492188  
0.24700    2950570.00000000 1929132.25000000 4761407.50000000 925.28326416    24758.00390625  16716.59765625  
0.24800    2899976.50000000 1895591.12500000 4678998.50000000 922.17504883    23744.62304688  15904.79882812  
0.24900    2850198.75000000 1862596.87500000 4598009.50000000 919.14129639    22752.30664062  15110.39550781  
0.25000    2801247.25000000 1830164.37500000 4518325.00000000 916.16522217    21781.48437500  14333.83496094  
0.25100    2753037.75000000 1798236.37500000 4439876.00000000 913.24774170    20829.99414062  13573.46875000  
0.25200    2705638.00000000 1766854.50000000 4362764.50000000 910.39807129    19900.64648438  12831.31347656  
0.25300    2658902.00000000 1735952.75000000 4286754.50000000 907.60217285    18988.95507812  12104.42480469  
0.25400    2612845.25000000 1705506.87500000 4211893.00000000 904.84790039    18096.23632812  11392.75683594  
0.25500    2567426.75000000 1675485.37500000 4138084.75000000 902.14581299    17221.73632812  10696.05957031  
0.25600    2522669.75000000 1645933.75000000 4065369.75000000 899.49719238    16365.88867188  10014.73535156  
0.25700    2478512.25000000 1616777.00000000 3993644.00000000 896.88299561    15527.23046875  9348.24707031   
0.25800    2434943.25000000 1588035.00000000 3922878.25000000 894.31921387    14706.62988281  8696.07421875   
0.25900    2391952.75000000 1559692.25000000 3853110.00000000 891.81597900    13903.89746094  8058.54003906   
0.26000    2349507.00000000 1531733.87500000 3784235.75000000 889.35040283    13118.61425781  7435.94482422   
0.26100    2307579.25000000 1504108.75000000 3716182.75000000 886.92199707    12349.56347656  6825.90380859   
0.26200    2266218.25000000 1476895.87500000 3649113.25000000 884.56225586    11600.67187500  6232.36425781   
0.26300    2225311.50000000 1449981.00000000 3582798.50000000 882.22174072    10866.27734375  5651.38427734   
0.26400    2184934.00000000 1423443.50000000 3517346.50000000 879.95367432    10151.09375000  5085.59960938   
0.26500    2145054.75000000 1397228.37500000 3452685.50000000 877.73626709    9453.83886719   4534.40527344   
0.26600    2105610.50000000 1371329.00000000 3388815.00000000 875.57220459    8773.87402344   3997.01562500   
0.26700    2066689.50000000 1345776.75000000 3325734.75000000 873.47583008    8112.81152344   3474.91601562   
0.26800    2028212.62500000 1320532.87500000 3263444.00000000 871.43115234    7470.26074219   2968.07543945   
0.26900    1990176.50000000 1295583.87500000 3201857.00000000 869.44567871    6845.24609375   2474.98974609   
0.27000    1952642.87500000 1270969.25000000 3141083.00000000 867.53125000    6240.08349609   1997.89038086   
0.27100    1915517.12500000 1246628.00000000 3080987.75000000 865.67681885    5653.05273438   1535.11730957   
0.27200    1878898.12500000 1222637.37500000 3021715.00000000 863.91815186    5087.52832031   1089.78991699   
0.27300    1842676.37500000 1198902.37500000 2963124.50000000 862.21057129    4539.35498047   658.37951660    
0.27400    1806870.50000000 1175447.12500000 2905168.50000000 860.54760742    4009.66870117   241.28593445    
0.27500    1771592.12500000 1152341.37500000 2848102.50000000 859.00555420    3503.01977539   -157.33187866   
0.27600    1736686.00000000 1129486.75000000 2791626.50000000 857.50732422    3013.60815430   -542.10388184   
0.27700    1702286.37500000 1106961.37500000 2735989.50000000 856.11669922    2547.05371094   -908.87176514   
0.27800    1668296.37500000 1084710.37500000 2680997.75000000 854.79827881    2099.64013672   -1260.53393555  
0.27900    1634800.25000000 1062766.12500000 2626785.25000000 853.56378174    1674.05004883   -1594.66491699  
0.28000    1601731.25000000 1041110.68750000 2573286.00000000 852.40960693    1269.03466797   -1912.77111816  
0.28100    1569132.50000000 1019769.87500000 2520538.00000000 851.34484863    885.06408691    -2214.40917969  
0.28200    1537005.75000000 998715.68750000 2468542.00000000 850.37823486    523.43518066    -2498.43774414  
0.28300    1505332.87500000 977965.93750000 2417296.75000000 849.49578857    182.60812378    -2765.94433594  
0.28400    1474127.62500000 957507.75000000 2366750.00000000 848.69671631    -137.14692688   -3017.10131836  
0.28500    1443414.37500000 937371.25000000 2317025.50000000 848.00195312    -434.36019897   -3249.91040039  
0.28600    1413146.62500000 917515.87500000 2268014.25000000 847.38781738    -710.86114502   -3466.93676758  
0.28700    1383382.50000000 897981.06250000 2219805.75000000 846.86859131    -965.32934570   -3666.48413086  
0.28800    1354068.87500000 878751.06250000 2172321.00000000 846.43750000    -1198.45043945  -3849.09716797  
0.28900    1325296.75000000 859839.12500000 2125663.25000000 846.10223389    -1409.10742188  -4014.40649414  
0.29000    1296973.12500000 841213.81250000 2079740.25000000 845.85046387    -1599.28295898  -4163.37109375  
0.29100    1269170.25000000 822933.50000000 2034639.62500000 845.69848633    -1766.99169922  -4295.04980469  
0.29200    1241848.87500000 804941.31250000 1990328.00000000 845.63244629    -1914.04040527  -4410.17968750  
0.29300    1215050.12500000 787290.75000000 1946803.75000000 845.66162109    -2039.13781738  -4508.14404297  
0.29400    1188715.50000000 769925.50000000 1904024.75000000 845.75616455    -2145.16723633  -4591.16162109  
0.29500    1162926.37500000 752909.81250000 1862127.87500000 845.96325684    -2228.50903320  -4656.44921875  
0.29600    1137614.87500000 736187.93750000 1820976.87500000 846.22918701    -2292.47387695  -4706.62451172  
0.29700    1112797.37500000 719783.00000000 1780614.75000000 846.57562256    -2337.02636719  -4741.31103516  
0.29800    1088521.12500000 703708.31250000 1741084.12500000 847.00939941    -2360.76318359  -4759.91992188  
0.29900    1064753.75000000 687959.25000000 1702387.87500000 847.52484131    -2364.95947266  -4762.82958984  
0.30000    1041460.81250000 672512.56250000 1664458.12500000 848.08410645    -2351.08007812  -4751.98046875  
0.30100    1018713.93750000 657407.56250000 1627353.37500000 848.73181152    -2317.46459961  -4725.38574219  
0.30200    996442.56250000 642595.93750000 1591004.25000000 849.44415283    -2266.75219727  -4685.39013672  
0.30300    974708.75000000 628123.68750000 1555509.75000000 850.21240234    -2197.53564453  -4630.92041016  
0.30400    953484.62500000 613968.12500000 1520830.62500000 851.04229736    -2110.80029297  -4562.55175781  
0.30500    932729.81250000 600114.50000000 1486887.62500000 851.91571045    -2008.46044922  -4482.15283203  
0.30600    912471.43750000 586574.62500000 1453746.62500000 852.83886719    -1889.80957031  -4388.62060547  
0.30700    892753.75000000 573362.37500000 1421445.50000000 853.82135010    -1754.39099121  -4282.05224609  
0.30800    873489.12500000 560445.06250000 1389865.62500000 854.82714844    -1605.08752441  -4164.59130859  
0.30900    854746.56250000 547849.12500000 1359107.00000000 855.88073730    -1440.36218262  -4034.84814453  
0.31000    836479.31250000 535563.62500000 1329121.75000000 856.96014404    -1262.17407227  -3894.29663086  
0.31100    818671.56250000 523564.25000000 1299844.87500000 858.06384277    -1070.78222656  -3743.46606445  
0.31200    801363.50000000 511879.53125000 1271384.37500000 859.18707275    -866.83843994   -3582.83300781  
0.31300    784521.31250000 500486.43750000 1243631.37500000 860.33270264    -650.66638184   -3412.46557617  
0.31400    768164.75000000 489402.03125000 1216674.25000000 861.48492432    -422.73052979   -3232.84155273  
0.31500    752231.56250000 478589.56250000 1190394.50000000 862.63995361    -184.66886902   -3045.18481445  
0.31600    736775.75000000 468081.50000000 1164856.00000000 863.80224609    64.08471680     -2849.05834961  
0.31700    721754.87500000 457852.18750000 1140023.25000000 864.96453857    321.98059082    -2645.33398438  
0.31800    707168.06250000 447896.06250000 1115885.25000000 866.08886719    587.64416504    -2435.65136719  
0.31900    693031.31250000 438227.12500000 1092460.87500000 867.23364258    863.04327393    -2217.92041016  
0.32000    679300.75000000 428822.90625000 1069692.50000000 868.34246826    1144.91357422   -1995.14550781  
0.32100    665991.93750000 419682.12500000 1047581.37500000 869.42846680    1434.06042480   -1766.95715332  
0.32200    653100.81250000 410818.78125000 1026169.25000000 870.49078369    1729.33923340   -1532.98083496  
0.32300    640577.56250000 402183.93750000 1005332.31250000 871.50604248    2029.25170898   -1295.76684570  
0.32400    628455.87500000 393814.40625000 985135.81250000 872.48193359    2334.40600586   -1054.24011230  
0.32500    616711.81250000 385690.28125000 965545.93750000 873.41351318    2643.38159180   -809.41217041   
0.32600    605343.68750000 377808.25000000 946569.75000000 874.29669189    2956.12548828   -561.57940674   
0.32700    594340.12500000 370160.56250000 928176.00000000 875.12811279    3272.22583008   -310.79220581   
0.32800    583699.93750000 362762.21875000 910388.00000000 875.91271973    3591.01977539   -57.79132462    
0.32900    573387.25000000 355568.71875000 893106.37500000 876.61651611    3910.99096680   196.25500488    
0.33000    563427.50000000 348608.34375000 876417.43750000 877.27069092    4232.70947266   451.83578491    
0.33100    553751.75000000 341834.28125000 860172.31250000 877.83148193    4553.76171875   706.96575928    
0.33200    544452.31250000 335314.40625000 844542.87500000 878.34783936    4877.03222656   964.43157959    
0.33300    535433.56250000 328974.62500000 829375.75000000 878.77075195    5198.74023438   1220.57128906   
0.33400    526723.25000000 322841.68750000 814714.56250000 879.12322998    5520.35058594   1476.99560547   
0.33500    518294.21875000 316892.09375000 800494.00000000 879.38500977    5840.19726562   1732.00061035   
0.33600    510142.50000000 311134.59375000 786751.87500000 879.55786133    6158.06542969   1985.78601074   
0.33700    502257.50000000 305559.68750000 773443.43750000 879.64678955    6474.10839844   2238.34521484   
0.33800    494660.21875000 300172.68750000 760599.25000000 879.65618896    6787.95800781   2489.43676758   
0.33900    487296.06250000 294938.59375000 748129.68750000 879.55236816    7098.24560547   2737.72900391   
0.34000    480177.03125000 289879.96875000 736084.81250000 879.36889648    7405.42529297   2983.99780273   
0.34100    473300.75000000 284982.03125000 724431.93750000 879.08996582    7709.05957031   3227.67822266   
0.34200    466686.53125000 280267.75000000 713219.12500000 878.72198486    8009.96191406   3469.18750000   
0.34300    460258.06250000 275680.75000000 702312.68750000 878.24755859    8305.39941406   3706.80737305   
0.34400    454083.43750000 271260.03125000 691825.12500000 877.68481445    8597.87792969   3942.16088867   
0.34500    448096.50000000 266970.78125000 681646.56250000 877.02246094    8884.61035156   4173.49072266   
0.34600    442341.53125000 262847.40625000 671859.31250000 876.27215576    9168.13085938   4402.13134766   
0.34700    436738.43750000 258827.45312500 662323.18750000 875.41052246    9445.05175781   4625.95458984   
0.34800    431348.78125000 254952.73437500 653146.87500000 874.45520020    9717.43359375   4846.45800781   
0.34900    426142.21875000 251210.37500000 644281.81250000 873.41772461    9985.15234375   5063.38378906   
0.35000    421115.09375000 247588.89062500 635699.68750000 872.26947021    10246.93750000  5275.90039062   
0.35100    416280.59375000 244106.01562500 627453.87500000 871.04431152    10504.74707031  5485.47607422   
0.35200    411571.09375000 240709.46875000 619420.93750000 869.71679688    10755.52343750  5689.68603516   
0.35300    407032.50000000 237437.06250000 611677.75000000 868.29705811    11001.06933594  5890.06201172   
0.35400    402673.28125000 234287.73437500 604230.43750000 866.79516602    11242.05468750  6086.70507812   
0.35500    398460.50000000 231239.40625000 597035.18750000 865.20819092    11477.18261719  6279.22607422   
0.35600    394378.87500000 228287.09375000 590062.43750000 863.53070068    11706.57421875  6467.40283203   
0.35700    390452.68750000 225443.56250000 583347.18750000 861.78131104    11931.10253906  6651.67138672   
0.35800    386675.56250000 222706.89062500 576885.81250000 859.94708252    12150.37402344  6832.34667969   
0.35900    383034.78125000 220064.39062500 570639.87500000 858.03918457    12364.29394531  7008.95166016   
0.36000    379543.78125000 217528.15625000 564664.87500000 856.07366943    12574.25292969  7182.18750000   
0.36100    376155.34375000 215066.07812500 558859.75000000 854.01489258    12777.76171875  7350.88769531   
0.36200    372946.28125000 212726.50000000 553351.68750000 851.91162109    12978.54199219  7517.37744141   
0.36300    369812.78125000 210443.03125000 547972.68750000 849.73272705    13172.70019531  7678.85400391   
0.36400    366808.15625000 208251.37500000 542816.50000000 847.48626709    13362.55566406  7837.18066406   
0.36500    363925.18750000 206143.01562500 537864.25000000 845.18530273    13548.12890625  7992.19628906   
0.36600    361190.25000000 204140.84375000 533156.81250000 842.84918213    13730.63378906  8145.14111328   
0.36700    358542.96875000 202196.56250000 528598.50000000 840.44165039    13907.79394531  8293.74804688   
0.36800    356056.90625000 200367.53125000 524306.87500000 838.00756836    14082.95996094  8441.04296875   
0.36900    353678.25000000 198606.78125000 520190.15625000 835.52618408    14254.06445312  8585.36816406   
0.37000    351369.00000000 196900.06250000 516199.62500000 832.98730469    14420.00781250  8725.56835938   
0.37100    349187.96875000 195280.45312500 512418.62500000 830.41418457    14583.69628906  8864.10644531   
0.37200    347149.37500000 193758.39062500 508876.96875000 827.82421875    14745.33789062  9001.16796875   
0.37300    345195.06250000 192291.84375000 505472.25000000 825.18310547    14902.96972656  9135.39843750   
0.37400    343369.28125000 190914.67187500 502278.12500000 822.53344727    15058.97753906  9268.47656250   
0.37500    341655.09375000 189610.26562500 499266.56250000 819.85650635    15212.74609375  9399.60058594   
0.37600    340052.78125000 188383.79687500 496447.62500000 817.15295410    15363.89746094  9528.88867188   
0.37700    338533.65625000 187214.43750000 493763.65625000 814.42285156    15512.53222656  9656.37988281   
0.37800    337142.71875000 186127.62500000 491284.21875000 811.68298340    15659.93164062  9782.95898438   
0.37900    335878.43750000 185127.46875000 489015.50000000 808.93377686    15806.59179688  9908.96093750   
0.38000    334696.18750000 184181.96875000 486876.12500000 806.16668701    15950.63867188  10033.22753906  
0.38100    333609.62500000 183297.29687500 484891.96875000 803.37805176    16093.03906250  10156.12500000  
0.38200    332647.75000000 182498.18750000 483122.25000000 800.59667969    16235.17773438  10279.05273438  
0.38300    331770.18750000 181751.46875000 481478.18750000 797.79144287    16375.17382812  10400.39843750  
0.38400    331022.43750000 181093.51562500 480053.31250000 794.98846436    16515.46289062  10522.02343750  
0.38500    330351.68750000 180480.57812500 478742.59375000 792.17828369    16654.01757812  10642.32617188  
0.38600    329813.59375000 179958.81250000 477650.50000000 789.36956787    16793.02343750  10763.11621094  
0.38700    329339.21875000 179474.78125000 476663.28125000 786.54663086    16930.15429688  10882.45703125  
0.38800    328975.31250000 179064.25000000 475851.68750000 783.72680664    17067.31054688  11001.96386719  
0.38900    328701.56250000 178712.37500000 475190.21875000 780.89440918    17203.27539062  11120.78027344  
0.39000    328557.06250000 178443.75000000 474731.09375000 778.07006836    17340.20312500  11240.26953125  
0.39100    328481.40625000 178217.85937500 474386.00000000 775.23663330    17476.11523438  11359.17480469  
0.39200    328512.75000000 178060.34375000 474207.31250000 772.41052246    17611.76757812  11477.81152344  
0.39300    328619.12500000 177953.96875000 474150.90625000 769.56707764    17746.81445312  11596.09375000  
0.39400    328849.37500000 177926.01562500 474296.21875000 766.73669434    17882.35937500  11714.94628906  
0.39500    329127.84375000 177928.65625000 474518.37500000 763.88574219    18016.25781250  11832.52929688  
0.39600    329501.06250000 177990.70312500 474887.65625000 761.02770996    18150.01757812  11950.15136719  
0.39700    329955.09375000 178104.95312500 475386.43750000 758.16021729    18283.31250000  12067.51074219  
0.39800    330505.03125000 178284.56250000 476045.18750000 755.29248047    18416.62109375  12184.93847656  
0.39900    331120.71875000 178497.79687500 476801.75000000 752.40954590    18548.67187500  12301.51074219  
0.40000    331811.81250000 178763.95312500 477682.28125000 749.50921631    18680.00390625  12417.81054688  
0.40100    332566.93750000 179072.14062500 478666.81250000 746.59472656    18810.10937500  12533.02636719  
0.40200    333410.03125000 179438.01562500 479790.46875000 743.66839600    18940.13476562  12648.32128906  
0.40300    334293.50000000 179828.45312500 480975.25000000 740.71655273    19067.84960938  12761.91308594  
0.40400    335253.59375000 180269.51562500 482289.96875000 737.74945068    19195.23437500  12875.30566406  
0.40500    336269.87500000 180743.95312500 483694.06250000 734.75561523    19320.75390625  12987.22753906  
0.40600    337357.09375000 181267.59375000 485211.96875000 731.74829102    19445.31835938  13098.86621094  
0.40700    338479.31250000 181812.03125000 486784.81250000 728.70153809    19567.44140625  13208.38085938  
0.40800    339648.59375000 182389.34375000 488433.15625000 725.63128662    19687.36718750  13316.57128906  
0.40900    340855.31250000 182992.25000000 490147.90625000 722.52056885    19804.96679688  13422.85546875  
0.41000    342127.03125000 183632.82812500 491961.59375000 719.38531494    19921.28320312  13528.19140625  
0.41100    343419.28125000 184292.01562500 493803.50000000 716.21026611    20034.07031250  13630.96093750  
0.41200    344723.50000000 184962.51562500 495684.34375000 712.98767090    20143.62695312  13731.21484375  
0.41300    346086.31250000 185668.67187500 497648.40625000 709.73980713    20251.29101562  13830.05078125  
0.41400    347447.81250000 186375.67187500 499614.34375000 706.43206787    20354.63085938  13925.88964844  
0.41500    348849.56250000 187112.39062500 501646.71875000 703.10333252    20455.24023438  14019.43554688  
0.41600    350225.56250000 187835.78125000 503647.21875000 699.69677734    20550.87890625  14109.30273438  
0.41700    351644.43750000 188587.37500000 505720.87500000 696.26672363    20643.79687500  14197.12011719  
0.41800    353087.43750000 189358.73437500 507824.68750000 692.78826904    20733.00781250  14282.22753906  
0.41900    354469.78125000 190090.46875000 509841.56250000 689.23291016    20815.70312500  14362.26464844  
0.42000    355889.50000000 190850.46875000 511918.25000000 685.64404297    20895.27148438  14439.78417969  
0.42100    357309.71875000 191614.82812500 514002.62500000 682.00561523    20970.06445312  14513.91992188  
0.42200    358703.96875000 192367.37500000 516059.15625000 678.30871582    21039.82421875  14584.17187500  
0.42300    360068.78125000 193102.07812500 518055.40625000 674.54779053    21103.46289062  14649.54687500  
0.42400    361419.03125000 193832.21875000 520039.46875000 670.73559570    21162.06054688  14711.17871094  
0.42500    362746.31250000 194552.00000000 521997.75000000 666.87719727    21215.01171875  14768.53125000  
0.42600    364026.71875000 195244.50000000 523876.78125000 662.94451904    21261.57031250  14820.94921875  
0.42700    365305.90625000 195941.50000000 525758.37500000 658.97027588    21303.10546875  14869.55078125  
0.42800    366516.62500000 196601.68750000 527547.31250000 654.93957520    21337.56835938  14912.71582031  
0.42900    367722.65625000 197258.40625000 529321.18750000 650.86187744    21366.90234375  14951.88281250  
0.43000    368863.03125000 197879.68750000 531004.87500000 646.72491455    21389.03515625  14985.46875000  
0.43100    369926.96875000 198458.23437500 532573.43750000 642.52502441    21403.58984375  15013.33300781  
0.43200    370979.78125000 199030.01562500 534121.06250000 638.29003906    21412.87304688  15037.17773438  
0.43300    371949.62500000 199559.45312500 535547.68750000 633.99676514    21414.51562500  15054.95507812  
0.43400    372871.68750000 200059.68750000 536910.06250000 629.65832520    21409.34179688  15067.57714844  
0.43500    373725.03125000 200521.37500000 538154.93750000 625.27307129    21397.31445312  15074.73437500  
0.43600    374545.31250000 200966.32812500 539360.43750000 620.86187744    21379.12890625  15077.38574219  
0.43700    375261.50000000 201352.25000000 540407.06250000 616.39477539    21352.58398438  15073.64160156  
0.43800    375907.00000000 201695.71875000 541347.06250000 611.89489746    21319.00000000  15064.25488281  
0.43900    376496.56250000 202010.78125000 542199.93750000 607.36956787    21278.92578125  15049.78320312  
0.44000    377014.43750000 202282.54687500 542943.25000000 602.80297852    21231.73437500  15029.90332031  
0.44100    377455.09375000 202510.84375000 543569.31250000 598.22174072    21177.38281250  15004.36328125  
0.44200    377819.09375000 202697.35937500 544089.25000000 593.61273193    21116.35742188  14973.65917969  
0.44300    378109.34375000 202838.34375000 544486.87500000 588.98687744    21048.26367188  14937.58789062  
0.44400    378323.15625000 202936.71875000 544776.25000000 584.34893799    20973.40625000  14896.29687500  
0.44500    378421.78125000 202966.93750000 544878.00000000 579.68737793    20890.65429688  14848.79199219  
0.44600    378454.96875000 202961.03125000 544888.87500000 575.02758789    20801.89453125  14796.58789062  
0.44700    378429.84375000 202922.01562500 544810.81250000 570.37445068    20707.16406250  14739.66894531  
0.44800    378295.37500000 202814.00000000 544554.25000000 565.71356201    20605.24414062  14677.21093750  
0.44900    378105.53125000 202682.79687500 544225.18750000 561.07666016    20497.88671875  14610.66210938  
0.45000    377838.06250000 202502.32812500 543783.56250000 556.45208740    20384.85546875  14539.67089844  
0.45100    377451.21875000 202252.31250000 543150.37500000 551.82922363    20264.47070312  14462.76562500  
0.45200    377014.37500000 201970.87500000 542438.68750000 547.24169922    20139.40039062  14382.30664062  
0.45300    376482.71875000 201634.20312500 541578.75000000 542.68548584    20008.43945312  14297.24218750  
0.45400    375882.68750000 201260.21875000 540620.00000000 538.15130615    19872.56054688  14208.24804688  
0.45500    375206.56250000 200842.15625000 539547.43750000 533.66522217    19731.90429688  14115.54394531  
0.45600    374447.28125000 200370.75000000 538339.68750000 529.21893311    19585.93945312  14018.75097656  
0.45700    373623.37500000 199864.59375000 537036.12500000 524.81854248    19436.17187500  13918.85351562  
0.45800    372713.21875000 199306.76562500 535596.56250000 520.47399902    19281.86523438  13815.57226562  
0.45900    371735.09375000 198707.42187500 534055.25000000 516.18560791    19122.93750000  13708.70312500  
0.46000    370719.12500000 198085.34375000 532448.75000000 511.97067261    18962.20507812  13600.12500000  
0.46100    369583.71875000 197395.78125000 530670.06250000 507.80249023    18796.08398438  13487.36523438  
0.46200    368433.00000000 196694.73437500 528858.06250000 503.72140503    18628.32812500  13373.39062500  
0.46300    367197.93750000 195945.76562500 526921.93750000 499.70806885    18457.35742188  13256.79003906  
0.46400    365899.34375000 195157.68750000 524885.43750000 495.77893066    18283.78515625  13138.24414062  
0.46500    364564.18750000 194350.39062500 522790.31250000 491.93939209    18108.52539062  13018.24414062  
0.46600    363165.21875000 193500.65625000 520594.84375000 488.17669678    17931.10546875  12896.44921875  
0.46700    361701.09375000 192614.35937500 518307.78125000 484.50582886    17751.82421875  12773.28906250  
0.46800    360230.50000000 191725.84375000 516009.75000000 480.93667603    17572.43750000  12649.92382812  
0.46900    358683.06250000 190786.84375000 513577.90625000 477.45898438    17391.25976562  12524.96191406  
0.47000    357097.65625000 189830.64062500 511100.25000000 474.08169556    17209.56250000  12399.59375000  
0.47100    355488.46875000 188857.18750000 508587.50000000 470.81069946    17028.11132812  12274.45800781  
0.47200    353844.43750000 187864.57812500 506010.46875000 467.64331055    16846.40429688  12149.12792969  
0.47300    352180.90625000 186862.00000000 503407.03125000 464.58874512    16665.51367188  12024.33789062  
0.47400    350462.46875000 185819.98437500 500715.21875000 461.63241577    16484.41601562  11899.10156250  
0.47500    348736.96875000 184781.20312500 498025.96875000 458.79608154    16304.91699219  11775.19921875  
0.47600    347017.93750000 183744.39062500 495335.28125000 456.07943726    16127.20507812  11652.83007812  
0.47700    345229.46875000 182665.71875000 492539.56250000 453.45739746    15949.33398438  11529.79882812  
0.47800    343460.21875000 181597.39062500 489770.37500000 450.95806885    15774.46972656  11409.32519531  
0.47900    341693.03125000 180534.71875000 487012.75000000 448.57855225    15601.72558594  11290.57031250  
0.48000    339890.15625000 179448.07812500 484197.18750000 446.30261230    15430.69531250  11172.61523438  
0.48100    338131.84375000 178391.39062500 481452.09375000 444.16223145    15263.23437500  11057.62695312  
0.48200    336309.96875000 177293.46875000 478605.37500000 442.10388184    15096.55761719  10943.18457031  
0.48300    334516.93750000 176212.71875000 475801.03125000 440.17272949    14933.66015625  10831.63769531  
0.48400    332740.18750000 175147.01562500 473029.46875000 438.35424805    14774.44335938  10722.77539062  
0.48500    330966.84375000 174081.00000000 470256.71875000 436.64877319    14618.18554688  10616.22070312  
0.48600    329221.46875000 173033.48437500 467538.15625000 435.05749512    14465.98046875  10512.68164062  
0.48700    327476.62500000 171987.98437500 464818.21875000 433.56701660    14316.91601562  10411.53808594  
0.48800    325738.78125000 170941.09375000 462095.75000000 432.17248535    14170.95898438  10312.69531250  
0.48900    324027.87500000 169916.98437500 459427.59375000 430.89083862    14029.38281250  10217.29101562  
0.49000    322346.00000000 168911.56250000 456810.03125000 429.70724487    13892.21875000  10125.16113281  
0.49100    320701.31250000 167930.79687500 454250.12500000 428.63369751    13759.67187500  10036.54785156  
0.49200    319059.03125000 166951.32812500 451689.06250000 427.63714600    13630.40234375  9950.37304688   
0.49300    317456.84375000 165996.18750000 449196.93750000 426.74172974    13505.81152344  9867.86035156   
0.49400    315887.43750000 165062.67187500 446750.78125000 425.93374634    13385.65136719  9788.63574219   
0.49500    314343.34375000 164144.29687500 444348.31250000 425.20846558    13269.64453125  9712.60839844   
0.49600    312849.50000000 163260.98437500 442032.34375000 424.57409668    13158.83203125  9640.57714844   
0.49700    311370.50000000 162387.28125000 439735.62500000 424.00546265    13051.59570312  9571.23144531   
0.49800    309949.15625000 161545.15625000 437523.28125000 423.52038574    12949.57226562  9505.79199219   
0.49900    308541.09375000 160717.73437500 435343.93750000 423.09301758    12851.16601562  9443.14257812   
0.50000    307188.87500000 159925.64062500 433254.65625000 422.74157715    12757.94628906  9384.39843750   
