# SAXS profile: number of points = 501, q_min = 0, q_max = 0.5, delta_q = 0.001
#    q    intensity 
0.00000    162237728.00000000 101201416.00000000 256271696.00000000 97733.20312500  7963966.00000000 6289910.50000000 
0.00100    162206224.00000000 101181288.00000000 256220720.00000000 97709.08593750  7962149.50000000 6288523.00000000 
0.00200    162111488.00000000 101121328.00000000 256068528.00000000 97636.87500000  7956831.00000000 6284309.00000000 
0.00300    161949600.00000000 101021328.00000000 255813776.00000000 97517.01562500  7947945.50000000 6277333.00000000 
0.00400    161723408.00000000 100881120.00000000 255457760.00000000 97349.62500000  7935571.00000000 6267570.50000000 
0.00500    161432048.00000000 100701184.00000000 254999888.00000000 97134.79687500  7919611.50000000 6255017.50000000 
0.00600    161077504.00000000 100482568.00000000 254442688.00000000 96873.28125000  7900230.00000000 6239764.00000000 
0.00700    160658752.00000000 100223408.00000000 253783872.00000000 96564.85937500  7877289.00000000 6221754.50000000 
0.00800    160176912.00000000 99926136.00000000 253029008.00000000 96210.19531250  7851001.50000000 6201060.50000000 
0.00900    159631824.00000000 99591040.00000000 252174944.00000000 95810.10156250  7821295.00000000 6177668.00000000 
0.01000    159026880.00000000 99217032.00000000 251224816.00000000 95365.27343750  7788229.00000000 6151667.50000000 
0.01100    158362576.00000000 98806256.00000000 250178656.00000000 94875.26562500  7751866.00000000 6123056.00000000 
0.01200    157638752.00000000 98358904.00000000 249038528.00000000 94342.31250000  7712255.50000000 6091912.50000000 
0.01300    156855216.00000000 97874216.00000000 247805632.00000000 93766.22656250  7669422.50000000 6058201.50000000 
0.01400    156012832.00000000 97353088.00000000 246480496.00000000 93149.26562500  7623454.00000000 6022048.00000000 
0.01500    155113728.00000000 96797592.00000000 245068832.00000000 92490.00781250  7574438.00000000 5983453.50000000 
0.01600    154159664.00000000 96207576.00000000 243567904.00000000 91791.60156250  7522388.00000000 5942544.50000000 
0.01700    153151248.00000000 95584592.00000000 241982032.00000000 91054.43750000  7467431.50000000 5899276.00000000 
0.01800    152089888.00000000 94928600.00000000 240312528.00000000 90279.04687500  7409608.50000000 5853785.00000000 
0.01900    150976880.00000000 94239976.00000000 238562208.00000000 89467.63281250  7349002.50000000 5806093.00000000 
0.02000    149812432.00000000 93520096.00000000 236733056.00000000 88620.14843750  7285736.00000000 5756295.50000000 
0.02100    148601440.00000000 92770480.00000000 234825808.00000000 87738.98437500  7219857.00000000 5704440.00000000 
0.02200    147341888.00000000 91991312.00000000 232844448.00000000 86824.02343750  7151423.00000000 5650630.00000000 
0.02300    146035840.00000000 91183704.00000000 230791056.00000000 85878.60156250  7080563.50000000 5594882.00000000 
0.02400    144687040.00000000 90349192.00000000 228668848.00000000 84901.92968750  7007433.00000000 5537287.00000000 
0.02500    143294416.00000000 89487992.00000000 226479888.00000000 83897.22656250  6932041.00000000 5477942.50000000 
0.02600    141862576.00000000 88602216.00000000 224225392.00000000 82864.52343750  6854543.00000000 5416929.50000000 
0.02700    140389952.00000000 87691528.00000000 221910592.00000000 81806.58593750  6774975.50000000 5354314.50000000 
0.02800    138881744.00000000 86758328.00000000 219535232.00000000 80723.63281250  6693487.50000000 5290193.50000000 
0.02900    137337296.00000000 85802424.00000000 217107504.00000000 79617.93750000  6610217.50000000 5224671.50000000 
0.03000    135760432.00000000 84826256.00000000 214625296.00000000 78491.05468750  6525189.00000000 5157717.00000000 
0.03100    134150720.00000000 83830248.00000000 212092528.00000000 77344.00000000  6438547.00000000 5089507.50000000 
0.03200    132511776.00000000 82815600.00000000 209513104.00000000 76178.57812500  6350462.00000000 5020134.00000000 
0.03300    130844528.00000000 81783408.00000000 206890080.00000000 74996.28906250  6260923.50000000 4949676.00000000 
0.03400    129151792.00000000 80735352.00000000 204225072.00000000 73798.52343750  6170159.50000000 4878169.00000000 
0.03500    127434520.00000000 79671896.00000000 201525056.00000000 72586.80468750  6078245.50000000 4805752.00000000 
0.03600    125695400.00000000 78595144.00000000 198787152.00000000 71363.10156250  5985206.00000000 4732506.50000000 
0.03700    123936056.00000000 77505360.00000000 196017168.00000000 70129.34375000  5891266.00000000 4658534.00000000 
0.03800    122158720.00000000 76404200.00000000 193218768.00000000 68885.35937500  5796472.00000000 4583832.00000000 
0.03900    120365096.00000000 75292792.00000000 190394384.00000000 67634.60937500  5700911.50000000 4508601.00000000 
0.04000    118557056.00000000 74172616.00000000 187548144.00000000 66377.41406250  5604783.00000000 4432864.50000000 
0.04100    116735992.00000000 73044728.00000000 184682112.00000000 65115.80078125  5508126.00000000 4356736.50000000 
0.04200    114905400.00000000 71910584.00000000 181800000.00000000 63850.45703125  5411055.50000000 4280273.00000000 
0.04300    113064560.00000000 70769848.00000000 178902144.00000000 62583.92187500  5313694.00000000 4203548.00000000 
0.04400    111218600.00000000 69625152.00000000 175993824.00000000 61316.44531250  5216133.50000000 4126682.50000000 
0.04500    109367200.00000000 68476672.00000000 173078144.00000000 60050.39453125  5118480.50000000 4049734.50000000 
0.04600    107511952.00000000 67326432.00000000 170155632.00000000 58786.67968750  5020826.50000000 3972762.25000000 
0.04700    105655424.00000000 66175200.00000000 167232816.00000000 57527.09375000  4923273.00000000 3895868.75000000 
0.04800    103799944.00000000 65023980.00000000 164308944.00000000 56271.32421875  4825916.50000000 3819135.00000000 
0.04900    101946472.00000000 63874196.00000000 161389136.00000000 55022.63671875  4728849.00000000 3742622.75000000 
0.05000    100096016.00000000 62726092.00000000 158475168.00000000 53781.35546875  4632179.50000000 3666390.75000000 
0.05100    98252008.00000000 61581392.00000000 155568464.00000000 52548.42578125  4535962.00000000 3590557.75000000 
0.05200    96414496.00000000 60441056.00000000 152673824.00000000 51325.49218750  4440335.50000000 3515116.50000000 
0.05300    94586336.00000000 59305580.00000000 149792160.00000000 50113.03906250  4345313.00000000 3440199.00000000 
0.05400    92767480.00000000 58176520.00000000 146925616.00000000 48912.29687500  4251024.00000000 3365835.50000000 
0.05500    90960696.00000000 57054200.00000000 144077024.00000000 47724.73828125  4157531.25000000 3292099.00000000 
0.05600    89166688.00000000 55939980.00000000 141248912.00000000 46550.84375000  4064899.00000000 3219036.75000000 
0.05700    87387008.00000000 54834348.00000000 138443824.00000000 45391.55078125  3973214.50000000 3146702.00000000 
0.05800    85622872.00000000 53738364.00000000 135662240.00000000 44247.61328125  3882551.50000000 3075173.50000000 
0.05900    83876096.00000000 52652576.00000000 132909400.00000000 43119.74609375  3792948.25000000 3004472.00000000 
0.06000    82146808.00000000 51577892.00000000 130182072.00000000 42009.33203125  3704475.00000000 2934648.50000000 
0.06100    80437432.00000000 50515188.00000000 127486400.00000000 40916.04296875  3617200.75000000 2865762.25000000 
0.06200    78748352.00000000 49464796.00000000 124822432.00000000 39841.35546875  3531152.50000000 2797845.00000000 
0.06300    77081256.00000000 48427544.00000000 122191768.00000000 38785.15234375  3446408.25000000 2730968.50000000 
0.06400    75435448.00000000 47403972.00000000 119596904.00000000 37748.84765625  3362996.75000000 2665098.00000000 
0.06500    73813176.00000000 46394888.00000000 117037240.00000000 36731.92187500  3280978.25000000 2600344.75000000 
0.06600    72215328.00000000 45400536.00000000 114516408.00000000 35735.48828125  3200383.50000000 2536682.75000000 
0.06700    70642664.00000000 44421656.00000000 112034656.00000000 34759.67578125  3121221.50000000 2474162.50000000 
0.06800    69096064.00000000 43458628.00000000 109593944.00000000 33804.76171875  3043563.75000000 2412822.00000000 
0.06900    67575032.00000000 42511756.00000000 107193520.00000000 32871.12890625  2967430.25000000 2352680.75000000 
0.07000    66081808.00000000 41581428.00000000 104835752.00000000 31958.90234375  2892825.75000000 2293739.00000000 
0.07100    64616140.00000000 40668260.00000000 102522080.00000000 31068.30468750  2819784.00000000 2236029.25000000 
0.07200    63177648.00000000 39772356.00000000 100251656.00000000 30199.61523438  2748322.75000000 2179556.25000000 
0.07300    61768452.00000000 38894204.00000000 98026976.00000000 29352.64843750  2678474.25000000 2124346.75000000 
0.07400    60388140.00000000 38033552.00000000 95846536.00000000 28527.63085938  2610210.25000000 2070391.75000000 
0.07500    59036860.00000000 37191268.00000000 93712520.00000000 27724.47070312  2543599.00000000 2017713.37500000 
0.07600    57715276.00000000 36366812.00000000 91625304.00000000 26943.40429688  2478603.75000000 1966323.62500000 
0.07700    56423240.00000000 35561020.00000000 89584800.00000000 26183.73828125  2415199.25000000 1916200.50000000 
0.07800    55161012.00000000 34773912.00000000 87590288.00000000 25445.90625000  2353454.00000000 1867361.75000000 
0.07900    53928744.00000000 34005096.00000000 85643056.00000000 24729.66210938  2293322.00000000 1819795.62500000 
0.08000    52726576.00000000 33254690.00000000 83743976.00000000 24034.49023438  2234798.25000000 1773489.75000000 
0.08100    51554708.00000000 32522916.00000000 81892360.00000000 23360.52929688  2177887.00000000 1728459.87500000 
0.08200    50412408.00000000 31809938.00000000 80087080.00000000 22707.33203125  2122562.50000000 1684683.50000000 
0.08300    49300040.00000000 31115478.00000000 78329080.00000000 22074.49414062  2068823.87500000 1642155.12500000 
0.08400    48217636.00000000 30439172.00000000 76617936.00000000 21462.11914062  2016654.50000000 1600865.75000000 
0.08500    47164808.00000000 29781614.00000000 74953328.00000000 20869.56835938  1966024.75000000 1560784.75000000 
0.08600    46141072.00000000 29142002.00000000 73335632.00000000 20296.34765625  1916931.87500000 1521908.50000000 
0.08700    45146960.00000000 28520748.00000000 71763536.00000000 19742.29296875  1869325.62500000 1484219.87500000 
0.08800    44180972.00000000 27917258.00000000 70236120.00000000 19206.85937500  1823196.62500000 1447693.62500000 
0.08900    43244024.00000000 27331470.00000000 68754008.00000000 18689.86328125  1778530.00000000 1412324.25000000 
0.09000    42334872.00000000 26763058.00000000 67316448.00000000 18190.70117188  1735301.62500000 1378063.12500000 
0.09100    41453404.00000000 26211884.00000000 65921988.00000000 17708.76171875  1693454.87500000 1344922.12500000 
0.09200    40599224.00000000 25677524.00000000 64570876.00000000 17243.80468750  1652966.62500000 1312842.62500000 
0.09300    39771500.00000000 25160118.00000000 63262112.00000000 16795.10156250  1613828.62500000 1281835.12500000 
0.09400    38970428.00000000 24658872.00000000 61994384.00000000 16362.42968750  1575982.75000000 1251836.00000000 
0.09500    38194532.00000000 24173594.00000000 60767452.00000000 15945.19140625  1539395.25000000 1222839.50000000 
0.09600    37444080.00000000 23704066.00000000 59579660.00000000 15542.84179688  1504050.87500000 1194823.62500000 
0.09700    36718140.00000000 23249928.00000000 58431612.00000000 15154.78222656  1469913.12500000 1167755.87500000 
0.09800    36016392.00000000 22810830.00000000 57321008.00000000 14780.67968750  1436923.50000000 1141599.25000000 
0.09900    35338064.00000000 22386386.00000000 56247828.00000000 14420.02050781  1405056.12500000 1116342.37500000 
0.10000    34682548.00000000 21976138.00000000 55210236.00000000 14072.14648438  1374282.12500000 1091940.12500000 
0.10100    34049032.00000000 21579620.00000000 54208064.00000000 13736.59082031  1344561.50000000 1068370.87500000 
0.10200    33436690.00000000 21196774.00000000 53239776.00000000 13412.93359375  1315853.25000000 1045598.31250000 
0.10300    32845724.00000000 20826834.00000000 52304240.00000000 13100.59667969  1288112.87500000 1023602.43750000 
0.10400    32274566.00000000 20469620.00000000 51401232.00000000 12799.00976562  1261311.00000000 1002341.93750000 
0.10500    31723174.00000000 20124728.00000000 50528508.00000000 12507.85253906  1235414.00000000 981801.06250000 
0.10600    31190576.00000000 19791530.00000000 49685688.00000000 12226.57421875  1210378.62500000 961936.50000000 
0.10700    30676194.00000000 19469680.00000000 48871804.00000000 11954.63183594  1186176.37500000 942734.68750000 
0.10800    30179024.00000000 19158940.00000000 48085484.00000000 11691.62890625  1162750.62500000 924152.56250000 
0.10900    29699120.00000000 18858600.00000000 47325768.00000000 11437.15625000  1140088.87500000 906176.50000000 
0.11000    29235050.00000000 18568388.00000000 46591908.00000000 11190.67187500  1118130.87500000 888765.00000000 
0.11100    28786486.00000000 18288024.00000000 45882516.00000000 10951.85742188  1096881.25000000 871896.43750000 
0.11200    28352622.00000000 18016886.00000000 45196288.00000000 10720.26953125  1076262.87500000 855541.62500000 
0.11300    27932882.00000000 17754662.00000000 44533124.00000000 10495.45996094  1056271.12500000 839674.06250000 
0.11400    27526826.00000000 17500942.00000000 43891168.00000000 10277.11523438  1036856.75000000 824275.37500000 
0.11500    27133608.00000000 17255392.00000000 43269200.00000000 10064.80761719  1018002.12500000 809319.87500000 
0.11600    26752422.00000000 17017494.00000000 42667120.00000000 9858.21582031   999665.18750000 794768.62500000 
0.11700    26382978.00000000 16786832.00000000 42083212.00000000 9657.04199219   981827.25000000 780614.25000000 
0.11800    26024326.00000000 16563177.00000000 41516552.00000000 9460.82812500   964440.31250000 766825.25000000 
0.11900    25676208.00000000 16346032.00000000 40966720.00000000 9269.37402344   947500.75000000 753381.62500000 
0.12000    25337984.00000000 16135048.00000000 40432212.00000000 9082.39941406   930969.06250000 740264.75000000 
0.12100    25009060.00000000 15930037.00000000 39912548.00000000 8899.72558594   914818.75000000 727448.31250000 
0.12200    24688628.00000000 15730364.00000000 39406680.00000000 8720.78808594   899028.25000000 714925.43750000 
0.12300    24376500.00000000 15536006.00000000 38913784.00000000 8545.73828125   883574.00000000 702664.75000000 
0.12400    24071982.00000000 15346363.00000000 38433160.00000000 8374.05566406   868429.31250000 690649.12500000 
0.12500    23774630.00000000 15161172.00000000 37963936.00000000 8205.62304688   853581.56250000 678870.31250000 
0.12600    23484052.00000000 14980359.00000000 37505184.00000000 8040.32373047   839013.43750000 667309.81250000 
0.12700    23199620.00000000 14803399.00000000 37056416.00000000 7877.93066406   824691.68750000 655948.06250000 
0.12800    22920882.00000000 14630116.00000000 36616772.00000000 7718.25927734   810609.56250000 644775.81250000 
0.12900    22647616.00000000 14460177.00000000 36185728.00000000 7561.14013672   796749.50000000 633773.31250000 
0.13000    22379260.00000000 14293352.00000000 35762492.00000000 7406.54052734   783095.12500000 622940.12500000 
0.13100    22115470.00000000 14129379.00000000 35346264.00000000 7254.20166016   769624.50000000 612252.37500000 
0.13200    21855854.00000000 13968047.00000000 34936720.00000000 7104.13232422   756334.62500000 601701.06250000 
0.13300    21600140.00000000 13809219.00000000 34533764.00000000 6956.14794922   743217.12500000 591292.81250000 
0.13400    21347904.00000000 13652501.00000000 34136008.00000000 6810.27734375   730251.56250000 580996.31250000 
0.13500    21098968.00000000 13497797.00000000 33743484.00000000 6666.34716797   717428.31250000 570819.87500000 
0.13600    20852984.00000000 13344879.00000000 33355514.00000000 6524.30468750   704746.43750000 560743.50000000 
0.13700    20609534.00000000 13193736.00000000 32971526.00000000 6384.14062500   692180.00000000 550773.62500000 
0.13800    20368618.00000000 13044086.00000000 32591688.00000000 6245.81298828   679746.68750000 540892.50000000 
0.13900    20129800.00000000 12895690.00000000 32215198.00000000 6109.28466797   667424.00000000 531102.68750000 
0.14000    19892924.00000000 12748530.00000000 31841746.00000000 5974.54296875   655209.62500000 521399.06250000 
0.14100    19658116.00000000 12602439.00000000 31471102.00000000 5841.52587891   643098.93750000 511775.84375000 
0.14200    19424534.00000000 12457403.00000000 31102994.00000000 5710.23144531   631091.75000000 502228.12500000 
0.14300    19192586.00000000 12313049.00000000 30736904.00000000 5580.66943359   619183.93750000 492757.46875000 
0.14400    18962096.00000000 12169541.00000000 30372730.00000000 5452.84082031   607366.93750000 483362.37500000 
0.14500    18732550.00000000 12026736.00000000 30010672.00000000 5326.78759766   595645.06250000 474037.87500000 
0.14600    18504134.00000000 11884475.00000000 29650028.00000000 5202.45458984   584022.12500000 464784.40625000 
0.14700    18276688.00000000 11742819.00000000 29290876.00000000 5079.96093750   572481.87500000 455603.53125000 
0.14800    18050104.00000000 11601581.00000000 28932994.00000000 4959.19531250   561040.12500000 446489.43750000 
0.14900    17824248.00000000 11460769.00000000 28576148.00000000 4840.20996094   549685.56250000 437446.28125000 
0.15000    17599148.00000000 11320320.00000000 28220606.00000000 4723.07861328   538423.93750000 428475.40625000 
0.15100    17374684.00000000 11180135.00000000 27865632.00000000 4607.81787109   527262.12500000 419577.34375000 
0.15200    17151194.00000000 11040485.00000000 27512076.00000000 4494.43554688   516194.21875000 410754.40625000 
0.15300    16928006.00000000 10900952.00000000 27159248.00000000 4382.97363281   505223.37500000 402007.71875000 
0.15400    16705587.00000000 10761740.00000000 26807084.00000000 4273.42822266   494355.37500000 393334.21875000 
0.15500    16483658.00000000 10622847.00000000 26455980.00000000 4165.86376953   483588.96875000 384741.53125000 
0.15600    16262453.00000000 10484205.00000000 26105530.00000000 4060.22680664   472928.06250000 376229.37500000 
0.15700    16041964.00000000 10345945.00000000 25756144.00000000 3956.64062500   462378.59375000 367804.12500000 
0.15800    15821962.00000000 10207959.00000000 25407540.00000000 3855.06030273   451933.96875000 359461.90625000 
0.15900    15602757.00000000 10070225.00000000 25060036.00000000 3755.53881836   441608.93750000 351209.84375000 
0.16000    15384191.00000000 9932839.00000000 24713350.00000000 3658.05932617   431400.18750000 343043.46875000 
0.16100    15166486.00000000 9795916.00000000 24367856.00000000 3562.71582031   421317.25000000 334975.53125000 
0.16200    14949518.00000000 9659318.00000000 24023498.00000000 3469.45629883   411351.34375000 327004.12500000 
0.16300    14733431.00000000 9523082.00000000 23680158.00000000 3378.29492188   401518.87500000 319129.06250000 
0.16400    14518297.00000000 9387417.00000000 23338470.00000000 3289.27148438   391812.43750000 311359.93750000 
0.16500    14304078.00000000 9252155.00000000 22997976.00000000 3202.36962891   382242.09375000 303691.78125000 
0.16600    14090920.00000000 9117507.00000000 22658948.00000000 3117.60522461   372806.59375000 296128.93750000 
0.16700    13878939.00000000 8983372.00000000 22321534.00000000 3034.93066406   363509.90625000 288673.09375000 
0.16800    13667985.00000000 8849836.00000000 21985682.00000000 2954.39160156   354356.90625000 281330.62500000 
0.16900    13458304.00000000 8717012.00000000 21651940.00000000 2875.98974609   345346.25000000 274100.90625000 
0.17000    13249983.00000000 8584860.00000000 21319800.00000000 2799.70410156   336483.15625000 266986.65625000 
0.17100    13042993.00000000 8453470.00000000 20990102.00000000 2725.47949219   327769.62500000 259988.28125000 
0.17200    12837400.00000000 8322859.50000000 20662298.00000000 2653.34619141   319207.65625000 253109.92187500 
0.17300    12633291.00000000 8193089.00000000 20336776.00000000 2583.26245117   310799.53125000 246350.40625000 
0.17400    12430808.00000000 8064212.00000000 20013442.00000000 2515.23901367   302545.59375000 239713.84375000 
0.17500    12229943.00000000 7936250.50000000 19692704.00000000 2449.20312500   294445.28125000 233199.78125000 
0.17600    12030754.00000000 7809222.00000000 19374396.00000000 2385.13769531   286500.65625000 226808.12500000 
0.17700    11833367.00000000 7683240.00000000 19058984.00000000 2323.03955078   278715.84375000 220542.53125000 
0.17800    11637829.00000000 7558252.00000000 18746240.00000000 2262.84008789   271089.68750000 214400.57812500 
0.17900    11444157.00000000 7434428.50000000 18436492.00000000 2204.54492188   263621.00000000 208387.56250000 
0.18000    11252392.00000000 7311710.00000000 18129532.00000000 2148.05615234   256314.56250000 202498.84375000 
0.18100    11062750.00000000 7190215.00000000 17825850.00000000 2093.40991211   249164.87500000 196738.84375000 
0.18200    10875006.00000000 7069828.00000000 17525206.00000000 2040.47985840   242172.45312500 191102.37500000 
0.18300    10689446.00000000 6950727.50000000 17227672.00000000 1989.28662109   235338.95312500 185593.03125000 
0.18400    10505992.00000000 6832912.00000000 16933570.00000000 1939.76342773   228664.51562500 180208.21875000 
0.18500    10324694.00000000 6716349.00000000 16642803.00000000 1891.86450195   222145.01562500 174950.32812500 
0.18600    10145634.00000000 6601184.00000000 16355549.00000000 1845.52294922   215781.57812500 169814.82812500 
0.18700    9968861.00000000 6487325.00000000 16071618.00000000 1800.72998047   209572.48437500 164803.18750000 
0.18800    9794268.00000000 6374851.00000000 15791325.00000000 1757.37951660   203513.57812500 159916.23437500 
0.18900    9622202.00000000 6263809.50000000 15514763.00000000 1715.50244141   197611.07812500 155147.89062500 
0.19000    9452292.00000000 6154107.00000000 15241614.00000000 1674.94909668   191851.64062500 150497.31250000 
0.19100    9284882.00000000 6045976.00000000 14972479.00000000 1635.78491211   186242.93750000 145970.09375000 
0.19200    9119714.00000000 5939201.50000000 14706838.00000000 1597.84704590   180775.87500000 141554.73437500 
0.19300    8957018.00000000 5833986.00000000 14445145.00000000 1561.17883301   175455.34375000 137258.46875000 
0.19400    8796720.00000000 5730168.50000000 14187052.00000000 1525.67968750   170270.20312500 133071.59375000 
0.19500    8638884.00000000 5627882.50000000 13932830.00000000 1491.30126953   165224.35937500 128998.21093750 
0.19600    8483446.00000000 5527076.00000000 13682440.00000000 1458.01745605   160312.51562500 125031.45312500 
0.19700    8330408.50000000 5427768.50000000 13435816.00000000 1425.77478027   155532.46875000 121173.86718750 
0.19800    8179720.00000000 5330020.50000000 13193040.00000000 1394.51538086   150880.84375000 117418.33593750 
0.19900    8031615.00000000 5233735.50000000 12954100.00000000 1364.24072266   146357.21875000 113768.25000000 
0.20000    7885772.50000000 5138934.50000000 12718922.00000000 1334.85070801   141954.23437500 110215.64843750 
0.20100    7742379.50000000 5045655.00000000 12487602.00000000 1306.34155273   137673.10937500 106762.34375000 
0.20200    7601347.00000000 4953867.00000000 12260017.00000000 1278.66223145   133507.42187500 103403.51562500 
0.20300    7462751.50000000 4863599.00000000 12036315.00000000 1251.79199219   129456.89843750 100138.12500000 
0.20400    7326428.00000000 4774799.50000000 11816164.00000000 1225.67651367   125515.79687500 96962.78125000  
0.20500    7192458.00000000 4687479.00000000 11599810.00000000 1200.28051758   121682.89062500 93875.41406250  
0.20600    7060793.00000000 4601627.50000000 11387143.00000000 1175.57250977   117953.21875000 90873.14062500  
0.20700    6931405.50000000 4517197.00000000 11178090.00000000 1151.54882812   114325.60937500 87955.25000000  
0.20800    6804255.50000000 4434208.00000000 10972655.00000000 1128.14379883   110795.10937500 85116.46093750  
0.20900    6679447.50000000 4352702.50000000 10770889.00000000 1105.40429688   107364.30468750 82359.67968750  
0.21000    6556706.00000000 4272570.00000000 10572500.00000000 1083.20739746   104021.46093750 79675.12500000  
0.21100    6436195.00000000 4193829.75000000 10377693.00000000 1061.59997559   100769.51562500 77065.03125000  
0.21200    6317777.50000000 4116437.25000000 10186210.00000000 1040.53710938   97602.60937500  74525.94531250  
0.21300    6201468.00000000 4040394.50000000 9998142.00000000 1019.99896240   94520.97656250  72055.64843750  
0.21400    6087252.50000000 3965750.25000000 9813455.00000000 1000.00305176   91519.46875000  69652.66406250  
0.21500    5975160.50000000 3892408.00000000 9632113.00000000 980.52545166    88598.85937500  67315.09375000  
0.21600    5864930.00000000 3820334.75000000 9453925.00000000 961.50872803    85750.57812500  65037.96093750  
0.21700    5756742.00000000 3749555.00000000 9278864.00000000 943.00286865    82976.89062500  62822.34375000  
0.21800    5650429.50000000 3680010.75000000 9106926.00000000 924.96148682    80273.89843750  60665.82031250  
0.21900    5546026.50000000 3611679.50000000 8937999.00000000 907.37518311    77637.90625000  58563.57031250  
0.22000    5443499.50000000 3544567.00000000 8772074.00000000 890.26965332    75068.87500000  56516.84765625  
0.22100    5342806.50000000 3478685.50000000 8609190.00000000 873.63806152    72565.61718750  54525.16406250  
0.22200    5243902.50000000 3413960.75000000 8449266.00000000 857.47015381    70123.65625000  52583.70703125  
0.22300    5146697.50000000 3350354.50000000 8291990.00000000 841.74151611    67741.71875000  50691.29296875  
0.22400    5051208.50000000 3287866.50000000 8137524.00000000 826.46710205    65415.89843750  48845.85546875  
0.22500    4957468.50000000 3226504.75000000 7985877.00000000 811.68084717    63151.69140625  47049.94531250  
0.22600    4865296.50000000 3166179.75000000 7836828.00000000 797.34448242    60938.92187500  45297.30078125  
0.22700    4774759.50000000 3106967.50000000 7690436.00000000 783.49182129    58781.39843750  43589.96484375  
0.22800    4685847.50000000 3048762.00000000 7546564.50000000 770.09820557    56675.42187500  41924.42187500  
0.22900    4598410.00000000 2991573.75000000 7405119.00000000 757.16339111    54619.30468750  40299.60156250  
0.23000    4512475.50000000 2935368.50000000 7266220.50000000 744.72924805    52613.77343750  38716.64843750  
0.23100    4428077.50000000 2880156.00000000 7129694.50000000 732.77612305    50657.00390625  37173.14453125  
0.23200    4345060.50000000 2825875.00000000 6995489.00000000 721.29772949    48745.35156250  35667.06250000  
0.23300    4263505.00000000 2772545.00000000 6863627.00000000 710.32153320    46881.67187500  34199.15625000  
0.23400    4183365.00000000 2720115.50000000 6733999.00000000 699.85815430    45063.24218750  32768.06640625  
0.23500    4104440.50000000 2668568.50000000 6606527.00000000 689.87176514    43287.17578125  31371.12109375  
0.23600    4026955.00000000 2617910.75000000 6481282.50000000 680.42028809    41556.66406250  30011.68750000  
0.23700    3950768.75000000 2568111.75000000 6358128.50000000 671.46795654    39868.28125000  28685.82031250  
0.23800    3875856.75000000 2519144.00000000 6237070.50000000 663.04351807    38222.97656250  27394.38085938  
0.23900    3802152.00000000 2471005.50000000 6117987.00000000 655.13665771    36618.36718750  26135.53906250  
0.24000    3729696.00000000 2423654.50000000 6000894.50000000 647.75427246    35054.87500000  24909.88085938  
0.24100    3658505.25000000 2377150.00000000 5885840.00000000 640.91674805    33534.09375000  23717.95117188  
0.24200    3588447.00000000 2331408.75000000 5772689.00000000 634.60827637    32052.66601562  22557.22265625  
0.24300    3519551.25000000 2286412.50000000 5661397.00000000 628.82556152    30610.35351562  21427.92968750  
0.24400    3451804.00000000 2242171.25000000 5551941.50000000 623.56506348    29207.94726562  20329.80664062  
0.24500    3385167.25000000 2198659.00000000 5444286.00000000 618.84814453    27843.91210938  19262.37109375  
0.24600    3319635.25000000 2155874.00000000 5338490.00000000 614.66577148    26519.39453125  18225.69140625  
0.24700    3255207.25000000 2113818.00000000 5234402.00000000 611.01086426    25233.49218750  17219.33789062  
0.24800    3191844.75000000 2072451.37500000 5132053.00000000 607.87634277    23985.46679688  16243.18457031  
0.24900    3129517.50000000 2031722.50000000 5031396.50000000 605.25866699    22775.09765625  15296.41015625  
0.25000    3068241.00000000 1991728.12500000 4932416.50000000 603.17230225    21603.07617188  14379.11230469  
0.25100    3007948.25000000 1952359.50000000 4835050.00000000 601.57879639    20467.16015625  13490.70019531  
0.25200    2948731.75000000 1913708.87500000 4739424.50000000 600.51043701    19371.07031250  12632.87695312  
0.25300    2890486.00000000 1875660.25000000 4645312.50000000 599.92303467    18310.30664062  11802.95312500  
0.25400    2833228.25000000 1838255.00000000 4552820.00000000 599.83148193    17286.44726562  11001.81054688  
0.25500    2776908.75000000 1801455.50000000 4461828.50000000 600.21447754    16298.98046875  10228.56054688  
0.25600    2721566.25000000 1765313.12500000 4372421.00000000 601.05358887    15348.13281250  9483.52539062   
0.25700    2667155.00000000 1729761.75000000 4284513.50000000 602.34552002    14432.89160156  8766.52832031   
0.25800    2613683.00000000 1694816.75000000 4198118.00000000 604.09368896    13553.95605469  8077.53906250   
0.25900    2561131.50000000 1660475.62500000 4113221.75000000 606.26104736    12710.40917969  7415.89550781   
0.26000    2509521.25000000 1626714.37500000 4029789.00000000 608.84631348    11901.74218750  6781.69482422   
0.26100    2458768.00000000 1593532.87500000 3947732.50000000 611.81549072    11127.01562500  6172.89990234   
0.26200    2408963.25000000 1560942.00000000 3867191.50000000 615.19555664    10388.41796875  5592.68505859   
0.26300    2359982.25000000 1528903.37500000 3788027.00000000 618.90704346    9681.81250000   5037.37109375   
0.26400    2311902.75000000 1497424.37500000 3710275.25000000 622.98455811    9010.14257812   4509.07128906   
0.26500    2264691.75000000 1466506.75000000 3633921.00000000 627.39154053    8371.40722656   4006.13623047   
0.26600    2218317.50000000 1436137.75000000 3558919.75000000 632.11407471    7765.21337891   3528.29150391   
0.26700    2172814.75000000 1406316.12500000 3485280.25000000 637.13562012    7191.95654297   3075.98168945   
0.26800    2128160.00000000 1377039.37500000 3413007.25000000 642.43170166    6650.91064453   2648.81542969   
0.26900    2084311.25000000 1348282.87500000 3342013.75000000 647.97631836    6140.11279297   2244.73046875   
0.27000    2041321.62500000 1320063.87500000 3272394.25000000 653.76171875    5661.08886719   1865.55187988   
0.27100    1999097.75000000 1292351.00000000 3204008.75000000 659.76580811    5211.81640625   1509.30371094   
0.27200    1957739.25000000 1265195.50000000 3137030.75000000 665.99456787    4794.00585938   1177.77893066   
0.27300    1917130.37500000 1238516.00000000 3071230.50000000 672.37933350    4403.49609375   867.30072021    
0.27400    1877276.62500000 1212320.12500000 3006642.75000000 678.89801025    4039.68505859   577.82519531    
0.27500    1838274.75000000 1186666.50000000 2943412.75000000 685.59710693    3707.56713867   312.36569214    
0.27600    1799971.62500000 1161469.00000000 2881307.75000000 692.38568115    3399.40917969   66.08760834     
0.27700    1762491.37500000 1136787.62500000 2820544.00000000 699.30328369    3120.25659180   -157.81668091   
0.27800    1725745.12500000 1112579.37500000 2760895.75000000 706.28924561    2865.57836914   -362.23806763   
0.27900    1689747.37500000 1088861.37500000 2702478.00000000 713.34655762    2636.88745117   -546.38732910   
0.28000    1654472.12500000 1065604.50000000 2645219.25000000 720.44842529    2432.31616211   -711.85412598   
0.28100    1619929.25000000 1042816.87500000 2589143.50000000 727.57897949    2251.19628906   -858.85144043   
0.28200    1586130.87500000 1020504.87500000 2534236.00000000 734.72204590    2094.03759766   -987.08013916   
0.28300    1553018.37500000 998641.75000000 2480459.00000000 741.86169434    1959.02807617   -1097.87292480  
0.28400    1520593.87500000 977213.18750000 2427747.75000000 748.97680664    1844.83862305   -1192.09802246  
0.28500    1488895.00000000 956257.06250000 2376233.75000000 756.06921387    1753.15979004   -1268.97570801  
0.28600    1457853.87500000 935732.18750000 2325750.00000000 763.08691406    1679.98242188   -1331.05090332  
0.28700    1427487.87500000 915641.25000000 2276378.75000000 770.05145264    1626.86682129   -1377.15051270  
0.28800    1397773.87500000 895975.81250000 2228040.50000000 776.93267822    1592.24499512   -1408.61572266  
0.28900    1368747.00000000 876753.43750000 2180812.00000000 783.73425293    1576.30065918   -1425.29553223  
0.29000    1340326.37500000 857917.43750000 2134569.50000000 790.41876221    1576.60327148   -1428.90795898  
0.29100    1312581.50000000 839521.75000000 2089383.25000000 796.99536133    1594.45361328   -1418.90405273  
0.29200    1285444.50000000 821520.81250000 2045198.87500000 803.44653320    1627.61499023   -1396.32470703  
0.29300    1258929.62500000 803936.06250000 2002018.87500000 809.76898193    1676.43261719   -1361.51330566  
0.29400    1232983.12500000 786719.62500000 1959762.62500000 815.92248535    1737.91918945   -1316.33630371  
0.29500    1207695.87500000 769921.37500000 1918534.00000000 821.94964600    1814.96276855   -1258.55468750  
0.29600    1182947.37500000 753487.25000000 1878216.62500000 827.79620361    1904.04699707   -1191.58789062  
0.29700    1158771.87500000 737422.68750000 1838814.50000000 833.47485352    2005.18835449   -1114.73864746  
0.29800    1135191.62500000 721744.93750000 1800348.87500000 838.99310303    2118.67333984   -1027.74389648  
0.29900    1112173.87500000 706440.56250000 1762810.12500000 844.32482910    2243.37060547   -931.66674805   
0.30000    1089672.00000000 691479.68750000 1726126.00000000 849.46496582    2377.61865234   -828.04870605   
0.30100    1067740.50000000 676882.93750000 1690336.62500000 854.42681885    2522.59326172   -715.57073975   
0.30200    1046296.62500000 662619.87500000 1655374.75000000 859.18035889    2676.01733398   -596.57031250   
0.30300    1025399.12500000 648713.18750000 1621259.87500000 863.76135254    2838.63159180   -469.79666138   
0.30400    1005018.00000000 635144.56250000 1588005.25000000 868.13348389    3009.88085938   -336.14239502   
0.30500    985110.06250000 621889.00000000 1555511.87500000 872.29840088    3187.50927734   -197.40325928   
0.30600    965677.25000000 608956.81250000 1523825.75000000 876.26794434    3372.00683594   -52.68754196    
0.30700    946769.50000000 596358.93750000 1492933.12500000 880.04388428    3564.43823242   98.19239807     
0.30800    928297.37500000 584053.87500000 1462786.87500000 883.61517334    3761.64892578   253.22132874    
0.30900    910309.75000000 572077.00000000 1433419.75000000 886.99114990    3965.16577148   413.19186401    
0.31000    892768.12500000 560390.75000000 1404776.62500000 890.15490723    4173.61474609   577.14434814    
0.31100    875645.87500000 548986.18750000 1376831.37500000 893.12969971    4386.36181641   744.89001465    
0.31200    858983.18750000 537880.56250000 1349604.75000000 895.90509033    4603.45605469   915.98455811    
0.31300    842735.06250000 527054.68750000 1323073.37500000 898.48529053    4824.46386719   1090.64294434   
0.31400    826920.25000000 516522.28125000 1297252.50000000 900.87426758    5049.60644531   1268.18603516   
0.31500    811491.12500000 506239.59375000 1272047.25000000 903.06927490    5276.75537109   1447.65539551   
0.31600    796478.43750000 496229.31250000 1247518.25000000 905.09118652    5507.34228516   1629.75671387   
0.31700    781847.81250000 486481.15625000 1223621.00000000 906.92608643    5740.52734375   1814.20214844   
0.31800    767586.37500000 476986.65625000 1200334.12500000 908.56365967    5974.54003906   1999.04345703   
0.31900    753728.06250000 467744.90625000 1177691.62500000 910.04547119    6212.06347656   2186.90307617   
0.32000    740221.25000000 458745.06250000 1155636.50000000 911.34130859    6450.01220703   2375.18408203   
0.32100    727064.75000000 449980.81250000 1134146.37500000 912.47595215    6689.34472656   2564.23217773   
0.32200    714285.06250000 441465.96875000 1113264.62500000 913.44268799    6930.28613281   2754.81420898   
0.32300    701809.37500000 433152.78125000 1092885.25000000 914.24273682    7170.61035156   2944.80957031   
0.32400    689678.93750000 425069.46875000 1073065.37500000 914.87091064    7411.84814453   3135.34765625   
0.32500    677876.37500000 417204.75000000 1053779.75000000 915.35327148    7653.03125000   3325.80712891   
0.32600    666396.62500000 409555.00000000 1035022.06250000 915.68231201    7894.23291016   3516.30493164   
0.32700    655232.93750000 402110.18750000 1016764.75000000 915.87164307    8135.37255859   3706.66992188   
0.32800    644390.68750000 394883.06250000 999045.12500000 915.91900635    8376.48535156   3896.95043945   
0.32900    633817.43750000 387837.71875000 981760.68750000 915.81176758    8616.13769531   4085.61181641   
0.33000    623562.06250000 380994.37500000 964997.06250000 915.57250977    8855.72265625   4274.40136719   
0.33100    613544.75000000 374311.40625000 948609.12500000 915.19110107    9092.54882812   4461.10498047   
0.33200    603863.31250000 367854.68750000 932780.93750000 914.68914795    9330.61328125   4648.05126953   
0.33300    594432.31250000 361556.18750000 917343.43750000 914.05578613    9565.67675781   4832.99658203   
0.33400    585269.12500000 355437.75000000 902345.18750000 913.30035400    9800.02441406   5016.88476562   
0.33500    576347.31250000 349478.87500000 887751.93750000 912.42205811    10031.87890625  5198.80078125   
0.33600    567689.31250000 343693.18750000 873569.93750000 911.41821289    10261.75781250  5379.24511719   
0.33700    559270.25000000 338063.00000000 859777.62500000 910.29913330    10489.83984375  5557.86425781   
0.33800    551108.62500000 332604.12500000 846399.87500000 909.06036377    10716.10253906  5734.85253906   
0.33900    543157.75000000 327273.93750000 833371.25000000 907.71087646    10939.28710938  5909.39941406   
0.34000    535440.31250000 322106.25000000 820715.81250000 906.24707031    11160.34179688  6081.98925781   
0.34100    527944.12500000 317080.25000000 808422.00000000 904.68041992    11378.63183594  6252.32519531   
0.34200    520700.59375000 312216.93750000 796523.43750000 903.00958252    11595.35742188  6421.19335938   
0.34300    513629.31250000 307465.46875000 784910.12500000 901.22369385    11807.82617188  6586.60449219   
0.34400    506797.06250000 302871.09375000 773675.56250000 899.34576416    12018.61621094  6750.52392578   
0.34500    500144.90625000 298389.96875000 762736.75000000 897.35479736    12225.43652344  6911.38330078   
0.34600    493722.37500000 294058.34375000 752164.56250000 895.28540039    12430.25781250  7070.42578125   
0.34700    487444.37500000 289816.96875000 741822.87500000 893.08953857    12630.58203125  7225.87304688   
0.34800    481373.18750000 285715.40625000 731825.12500000 890.80511475    12827.75683594  7378.72412109   
0.34900    475493.62500000 281729.09375000 722115.31250000 888.42541504    13021.97363281  7529.13720703   
0.35000    469777.15625000 277855.09375000 712671.93750000 885.94952393    13212.21386719  7676.30957031   
0.35100    464262.50000000 274107.62500000 703564.12500000 883.38366699    13399.79003906  7821.57080078   
0.35200    458869.06250000 270432.00000000 694638.43750000 880.71234131    13582.08007812  7962.42285156   
0.35300    453651.34375000 266875.84375000 686003.18750000 877.95806885    13760.85546875  8100.68310547   
0.35400    448612.59375000 263431.00000000 677647.62500000 875.11145020    13936.32421875  8236.28222656   
0.35500    443718.78125000 260078.25000000 669529.00000000 872.17071533    14107.66796875  8368.64648438   
0.35600    438959.31250000 256810.12500000 661614.37500000 869.13464355    14274.50390625  8497.32324219   
0.35700    434356.75000000 253642.84375000 653954.81250000 866.01251221    14437.59375000  8623.19726562   
0.35800    429905.56250000 250571.23437500 646539.87500000 862.80914307    14596.58984375  8746.12695312   
0.35900    425587.90625000 247581.65625000 639326.87500000 859.51721191    14751.27441406  8865.62695312   
0.36000    421418.46875000 244693.64062500 632362.18750000 856.14782715    14902.34667969  8982.39550781   
0.36100    417353.31250000 241863.98437500 625559.31250000 852.68109131    15048.16210938  9095.15820312   
0.36200    413467.06250000 239150.31250000 619042.18750000 849.14617920    15191.04394531  9206.12890625   
0.36300    409648.81250000 236481.04687500 612637.93750000 845.51489258    15328.19531250  9312.36425781   
0.36400    405959.59375000 233891.64062500 606434.68750000 841.80480957    15460.95312500  9415.33105469   
0.36500    402384.93750000 231374.35937500 600409.75000000 838.00988770    15589.25097656  9515.23730469   
0.36600    398951.71875000 228945.93750000 594621.00000000 834.15716553    15714.28027344  9612.73242188   
0.36700    395597.90625000 226570.26562500 588942.50000000 830.21197510    15833.31054688  9705.80175781   
0.36800    392397.37500000 224291.65625000 583523.81250000 826.20825195    15949.85839844  9797.27050781   
0.36900    389288.40625000 222067.98437500 578243.81250000 822.13360596    16061.49218750  9885.12109375   
0.37000    386240.62500000 219889.51562500 573062.31250000 817.96948242    16166.96093750  9968.56542969   
0.37100    383306.62500000 217777.90625000 568068.31250000 813.73974609    16268.65527344  10049.30664062  
0.37200    380497.59375000 215747.87500000 563272.12500000 809.46154785    16367.16015625  10127.72460938  
0.37300    377760.84375000 213762.39062500 558580.50000000 805.10614014    16460.30664062  10202.50390625  
0.37400    375128.90625000 211845.15625000 554071.81250000 800.69067383    16549.87695312  10274.76757812  
0.37500    372589.34375000 209984.67187500 549704.31250000 796.22644043    16634.86328125  10344.10839844  
0.37600    370143.62500000 208187.25000000 545484.37500000 791.69891357    16715.73242188  10410.33007812  
0.37700    367758.53125000 206427.59375000 541369.87500000 787.11242676    16791.74023438  10473.45898438  
0.37800    365476.15625000 204731.42187500 537404.68750000 782.48010254    16864.24414062  10534.02734375  
0.37900    363289.03125000 203101.82812500 533611.87500000 777.79772949    16933.33593750  10592.45507812  
0.38000    361163.53125000 201511.31250000 529911.68750000 773.06787109    16997.38867188  10647.47851562  
0.38100    359105.68750000 199960.34375000 526314.31250000 768.28784180    17057.40234375  10699.67382812  
0.38200    357141.78125000 198475.20312500 522878.18750000 763.47595215    17114.02734375  10749.84375000  
0.38300    355234.68750000 197022.87500000 519528.96875000 758.61138916    17166.28320312  10797.09277344  
0.38400    353428.75000000 195641.67187500 516343.68750000 753.72485352    17215.32812500  10842.46386719  
0.38500    351665.37500000 194285.00000000 513224.50000000 748.79345703    17260.29687500  10884.68261719  
0.38600    350007.56250000 192995.51562500 510278.34375000 743.84643555    17302.38476562  10925.66113281  
0.38700    348381.09375000 191729.28125000 507383.03125000 738.85858154    17339.76757812  10963.13281250  
0.38800    346835.40625000 190515.28125000 504618.28125000 733.84777832    17374.18359375  10998.87792969  
0.38900    345347.53125000 189339.35937500 501946.84375000 728.81060791    17404.91992188  11032.38281250  
0.39000    343956.53125000 188229.28125000 499432.15625000 723.76147461    17433.47851562  11064.54785156  
0.39100    342605.93750000 187141.48437500 496982.71875000 718.69427490    17458.19335938  11094.33496094  
0.39200    341327.81250000 186104.98437500 494652.75000000 713.61206055    17479.90234375  11122.21386719  
0.39300    340101.18750000 185103.92187500 492404.87500000 708.51336670    17498.32812500  11147.97070312  
0.39400    338965.00000000 184161.89062500 490309.34375000 703.41326904    17514.63476562  11172.75878906  
0.39500    337849.25000000 183235.06250000 488247.12500000 698.29663086    17526.92773438  11194.86035156  
0.39600    336804.09375000 182354.01562500 486293.84375000 693.17327881    17536.79101562  11215.33789062  
0.39700    335808.31250000 181506.48437500 484432.28125000 688.05004883    17543.91406250  11234.25195312  
0.39800    334895.62500000 180711.70312500 482691.28125000 682.92523193    17548.74804688  11252.00683594  
0.39900    334017.93750000 179944.17187500 481016.37500000 677.79998779    17550.75585938  11267.81347656  
0.40000    333200.28125000 179212.39062500 479431.65625000 672.68090820    17550.19531250  11282.24121094  
0.40100    332422.09375000 178516.18750000 477924.46875000 667.55950928    17546.73828125  11294.79980469  
0.40200    331718.65625000 177864.75000000 476531.78125000 662.44799805    17541.61914062  11306.52734375  
0.40300    331048.18750000 177232.60937500 475187.90625000 657.33776855    17533.51367188  11316.20214844  
0.40400    330436.56250000 176643.18750000 473949.09375000 652.24047852    17523.55078125  11324.93945312  
0.40500    329871.21875000 176086.59375000 472783.40625000 647.15344238    17511.10546875  11332.06347656  
0.40600    329371.31250000 175569.26562500 471717.81250000 642.08520508    17497.21484375  11338.56933594  
0.40700    328905.03125000 175076.35937500 470712.71875000 637.02191162    17480.60742188  11343.18847656  
0.40800    328476.21875000 174612.14062500 469768.28125000 631.96649170    17461.62890625  11346.34570312  
0.40900    328093.93750000 174175.09375000 468896.62500000 626.92901611    17440.35156250  11348.24218750  
0.41000    327775.28125000 173781.65625000 468133.53125000 621.90863037    17418.08789062  11349.54492188  
0.41100    327481.09375000 173408.04687500 467402.56250000 616.90509033    17392.90429688  11348.75195312  
0.41200    327216.53125000 173052.51562500 466728.96875000 611.90289307    17365.56250000  11346.80468750  
0.41300    327018.28125000 172739.62500000 466157.75000000 606.93811035    17336.94140625  11343.94433594  
0.41400    326838.56250000 172441.00000000 465610.84375000 601.97595215    17305.63281250  11339.31152344  
0.41500    326713.59375000 172176.42187500 465162.12500000 597.03503418    17273.01562500  11333.82421875  
0.41600    326589.09375000 171915.03125000 464711.46875000 592.09844971    17237.13671875  11326.11425781  
0.41700    326529.15625000 171699.68750000 464369.50000000 587.19140625    17200.47070312  11318.06347656  
0.41800    326520.43750000 171514.26562500 464108.59375000 582.30841064    17162.36523438  11308.93652344  
0.41900    326481.96875000 171310.15625000 463793.40625000 577.42108154    17119.97265625  11296.83984375  
0.42000    326515.37500000 171155.73437500 463597.40625000 572.56311035    17077.16210938  11284.38085938  
0.42100    326579.00000000 171020.84375000 463453.37500000 567.72454834    17032.43164062  11270.76953125  
0.42200    326666.90625000 170901.12500000 463343.93750000 562.90130615    16985.60156250  11255.56835938  
0.42300    326754.84375000 170785.62500000 463244.71875000 558.08776855    16935.84960938  11238.09863281  
0.42400    326879.93750000 170692.95312500 463196.00000000 553.29046631    16884.20117188  11219.51171875  
0.42500    327025.81250000 170615.31250000 463188.62500000 548.51391602    16830.80664062  11199.36523438  
0.42600    327176.06250000 170537.07812500 463181.21875000 543.74047852    16774.56835938  11177.26855469  
0.42700    327371.90625000 170491.46875000 463247.00000000 539.00048828    16717.10156250  11154.29687500  
0.42800    327559.90625000 170442.95312500 463304.43750000 534.26666260    16656.56835938  11128.95019531  
0.42900    327790.56250000 170419.85937500 463429.87500000 529.55676270    16594.91015625  11102.62011719  
0.43000    328013.09375000 170396.48437500 463545.68750000 524.85333252    16530.25000000  11074.28417969  
0.43100    328220.43750000 170362.18750000 463634.62500000 520.15557861    16462.48046875  11043.27636719  
0.43200    328473.40625000 170356.43750000 463800.81250000 515.48870850    16393.67187500  11011.71289062  
0.43300    328705.31250000 170345.17187500 463936.87500000 510.82916260    16321.67187500  10977.54199219  
0.43400    328958.78125000 170342.31250000 464101.84375000 506.18127441    16247.61621094  10941.63867188  
0.43500    329199.12500000 170332.60937500 464250.00000000 501.55197144    16170.87890625  10903.68066406  
0.43600    329475.00000000 170346.71875000 464453.18750000 496.94970703    16092.92968750  10864.90527344  
0.43700    329710.34375000 170340.14062500 464599.84375000 492.35375977    16011.25585938  10823.01171875  
0.43800    329937.40625000 170327.37500000 464729.00000000 487.76403809    15927.06347656  10779.28125000  
0.43900    330180.21875000 170322.93750000 464887.65625000 483.20724487    15840.96875000  10733.93554688  
0.44000    330413.81250000 170316.73437500 465033.46875000 478.66378784    15752.53417969  10686.72558594  
0.44100    330636.53125000 170305.56250000 465157.65625000 474.13565063    15661.39648438  10637.27148438  
0.44200    330851.31250000 170290.82812500 465279.65625000 469.63073730    15568.17968750  10586.10937500  
0.44300    331055.75000000 170270.79687500 465384.31250000 465.14447021    15472.22949219  10533.01464844  
0.44400    331245.62500000 170245.60937500 465473.09375000 460.68658447    15374.36914062  10478.05664062  
0.44500    331386.96875000 170188.09375000 465478.00000000 456.23098755    15272.65625000  10420.12304688  
0.44600    331531.06250000 170135.32812500 465493.50000000 451.81188965    15169.31738281  10360.79199219  
0.44700    331670.59375000 170085.71875000 465507.96875000 447.42330933    15064.16210938  10300.00292969  
0.44800    331764.18750000 170002.25000000 465449.96875000 443.04678345    14955.93554688  10236.77343750  
0.44900    331864.43750000 169931.03125000 465406.87500000 438.71414185    14846.42773438  10172.31933594  
0.45000    331942.12500000 169847.62500000 465334.37500000 434.41784668    14734.88378906  10106.24023438  
0.45100    331961.15625000 169729.29687500 465170.40625000 430.13201904    14619.70019531  10037.21484375  
0.45200    331976.75000000 169614.48437500 465009.81250000 425.89074707    14503.45996094  9967.28417969   
0.45300    331954.43750000 169472.90625000 464783.84375000 421.68496704    14384.73242188  9895.30468750   
0.45400    331912.87500000 169327.28125000 464541.65625000 417.51144409    14264.24511719  9821.87011719   
0.45500    331845.25000000 169168.59375000 464259.28125000 413.38842773    14142.31152344  9747.21386719   
0.45600    331734.75000000 168983.82812500 463916.37500000 409.29400635    14017.77343750  9670.43261719   
0.45700    331608.87500000 168794.81250000 463550.25000000 405.25659180    13892.32421875  9592.65625000   
0.45800    331435.81250000 168576.95312500 463111.00000000 401.26043701    13764.87500000  9513.38378906   
0.45900    331228.18750000 168348.56250000 462635.09375000 397.31060791    13635.56835938  9432.57910156   
0.46000    331020.37500000 168117.59375000 462156.62500000 393.42553711    13506.37792969  9351.61718750   
0.46100    330730.00000000 167842.28125000 461555.21875000 389.57376099    13373.96191406  9268.16796875   
0.46200    330447.59375000 167575.14062500 460969.71875000 385.79244995    13241.67871094  9184.72851562   
0.46300    330111.81250000 167281.01562500 460314.31250000 382.06680298    13107.86425781  9099.99316406   
0.46400    329732.81250000 166962.98437500 459594.50000000 378.39901733    12973.16015625  9014.09765625   
0.46500    329341.78125000 166643.70312500 458862.28125000 374.80404663    12837.97167969  8928.26367188   
0.46600    328897.93750000 166298.57812500 458057.62500000 371.26596069    12701.91699219  8841.21093750   
0.46700    328411.37500000 165927.89062500 457185.18750000 367.79486084    12564.86816406  8753.58886719   
0.46800    327929.84375000 165566.21875000 456331.50000000 364.40441895    12428.66308594  8666.23828125   
0.46900    327372.68750000 165165.07812500 455370.96875000 361.07598877    12290.90332031  8577.86328125   
0.47000    326794.06250000 164753.67187500 454372.06250000 357.82537842    12153.56445312  8489.39257812   
0.47100    326187.87500000 164333.89062500 453351.40625000 354.65753174    12016.49023438  8401.23242188   
0.47200    325546.18750000 163895.42187500 452277.09375000 351.56808472    11879.47070312  8312.91699219   
0.47300    324880.56250000 163452.32812500 451180.90625000 348.55673218    11743.15234375  8225.17382812   
0.47400    324154.96875000 162974.81250000 449988.56250000 345.62454224    11606.26269531  8136.76513672   
0.47500    323420.43750000 162498.42187500 448797.90625000 342.78723145    11470.85351562  8049.57763672   
0.47600    322671.68750000 162021.39062500 447595.03125000 340.03817749    11336.90820312  7963.33105469   
0.47700    321846.59375000 161500.71875000 446276.75000000 337.36288452    11202.06250000  7876.18554688   
0.47800    321017.06250000 160984.87500000 444962.18750000 334.78890991    11069.59375000  7790.83105469   
0.47900    320177.12500000 160472.37500000 443640.15625000 332.30932617    10938.49804688  7706.57031250   
0.48000    319276.65625000 159927.56250000 442234.78125000 329.91033936    10807.82324219  7622.37890625   
0.48100    318398.03125000 159402.73437500 440872.03125000 327.62417603    10680.12109375  7540.50439453   
0.48200    317431.75000000 158828.76562500 439374.62500000 325.40835571    10552.01171875  7458.07031250   
0.48300    316460.31250000 158261.26562500 437892.34375000 323.29678345    10426.50781250  7377.67285156   
0.48400    315480.37500000 157693.79687500 436394.78125000 321.28387451    10303.12207031  7298.92431641   
0.48500    314472.87500000 157117.64062500 434866.40625000 319.36560059    10181.70996094  7221.34960938   
0.48600    313455.96875000 156541.93750000 433332.31250000 317.55084229    10062.66992188  7145.81494141   
0.48700    312408.09375000 155955.78125000 431760.28125000 315.82751465    9945.63183594   7071.53613281   
0.48800    311323.06250000 155351.75000000 430136.65625000 314.19378662    9830.12597656   6998.49121094   
0.48900    310235.81250000 154753.93750000 428519.59375000 312.66180420    9717.44628906   6927.52490234   
0.49000    309135.68750000 154157.03125000 426897.93750000 311.22534180    9607.72167969   6858.63281250   
0.49100    308032.68750000 153566.64062500 425274.53125000 309.89236450    9500.92187500   6792.13623047   
0.49200    306891.93750000 152956.42187500 423604.34375000 308.64755249    9396.00097656   6726.89990234   
0.49300    305749.81250000 152353.00000000 421941.40625000 307.49874878    9294.37500000   6664.03515625   
0.49400    304595.03125000 151752.17187500 420268.09375000 306.44543457    9195.48339844   6603.30273438   
0.49500    303421.40625000 151145.78125000 418572.43750000 305.47665405    9099.19335938   6544.53808594   
0.49600    302261.03125000 150553.18750000 416908.71875000 304.61053467    9006.61621094   6488.64355469   
0.49700    301069.71875000 149949.10937500 415202.34375000 303.82476807    8916.31640625   6434.31250000   
0.49800    299889.25000000 149356.01562500 413523.25000000 303.13406372    8829.69531250   6382.77050781   
0.49900    298680.40625000 148755.79687500 411810.12500000 302.52200317    8745.40429688   6332.96582031   
0.50000    297488.37500000 148170.45312500 410123.90625000 302.00344849    8665.00292969   6286.10498047   
