# SAXS profile: number of points = 501, q_min = 0, q_max = 0.5, delta_q = 0.001
#    q    intensity 
0.00000    162236736.00000000 101201880.00000000 256271120.00000000 105202.81250000 8262702.00000000 6525851.00000000 
0.00100    162210336.00000000 101184568.00000000 256227120.00000000 105179.62500000 8261049.50000000 6524577.50000000 
0.00200    162129008.00000000 101133440.00000000 256098288.00000000 105109.13281250 8256163.50000000 6520712.00000000 
0.00300    161991840.00000000 101048200.00000000 255880176.00000000 104992.96875000 8247994.50000000 6514308.50000000 
0.00400    161799216.00000000 100929080.00000000 255577168.00000000 104829.78906250 8236611.50000000 6505323.50000000 
0.00500    161550480.00000000 100775264.00000000 255186592.00000000 104620.38281250 8221964.00000000 6493846.50000000 
0.00600    161246896.00000000 100588744.00000000 254710592.00000000 104364.95312500 8204095.00000000 6479764.50000000 
0.00700    160888432.00000000 100367448.00000000 254147728.00000000 104064.42968750 8183033.00000000 6463205.00000000 
0.00800    160477312.00000000 100114320.00000000 253502448.00000000 103718.31250000 8158811.50000000 6444146.00000000 
0.00900    160010560.00000000 99827096.00000000 252772560.00000000 103328.09375000 8131481.00000000 6422660.50000000 
0.01000    159491040.00000000 99507856.00000000 251959088.00000000 102893.35156250 8100999.50000000 6398685.50000000 
0.01100    158921664.00000000 99156072.00000000 251062992.00000000 102414.94531250 8067488.00000000 6372309.50000000 
0.01200    158299936.00000000 98772448.00000000 250086704.00000000 101894.10937500 8030927.50000000 6343546.50000000 
0.01300    157627856.00000000 98357992.00000000 249028672.00000000 101330.30468750 7991401.50000000 6312463.00000000 
0.01400    156904560.00000000 97911624.00000000 247892144.00000000 100725.77343750 7948962.00000000 6279045.00000000 
0.01500    156131904.00000000 97434200.00000000 246676448.00000000 100080.43750000 7903593.00000000 6243377.50000000 
0.01600    155309712.00000000 96926872.00000000 245386496.00000000 99395.25000000  7855460.50000000 6205484.00000000 
0.01700    154438864.00000000 96389984.00000000 244019456.00000000 98671.19531250  7804449.00000000 6165421.50000000 
0.01800    153522048.00000000 95824288.00000000 242579488.00000000 97908.89843750  7750802.00000000 6123191.50000000 
0.01900    152560880.00000000 95230416.00000000 241066512.00000000 97110.39062500  7694561.50000000 6078906.50000000 
0.02000    151553456.00000000 94608352.00000000 239484288.00000000 96275.66406250  7635690.50000000 6032603.00000000 
0.02100    150501456.00000000 93959648.00000000 237832144.00000000 95406.65625000  7574340.00000000 5984348.50000000 
0.02200    149406944.00000000 93284040.00000000 236113008.00000000 94503.28125000  7510536.00000000 5934158.50000000 
0.02300    148271120.00000000 92582912.00000000 234327328.00000000 93568.24218750  7444386.00000000 5882098.00000000 
0.02400    147095056.00000000 91856736.00000000 232479360.00000000 92601.78906250  7375937.50000000 5828240.00000000 
0.02500    145879232.00000000 91106848.00000000 230568704.00000000 91604.96875000  7305335.50000000 5772673.50000000 
0.02600    144626672.00000000 90332360.00000000 228598752.00000000 90579.35937500  7232574.00000000 5715409.00000000 
0.02700    143337568.00000000 89535944.00000000 226571728.00000000 89527.07031250  7157826.00000000 5656572.00000000 
0.02800    142012048.00000000 88717176.00000000 224488640.00000000 88448.00000000  7081074.50000000 5596196.00000000 
0.02900    140652064.00000000 87877232.00000000 222351408.00000000 87344.35937500  7002493.00000000 5534315.00000000 
0.03000    139260720.00000000 87017184.00000000 220163696.00000000 86217.21093750  6922155.50000000 5471065.50000000 
0.03100    137837600.00000000 86137696.00000000 217925504.00000000 85067.71875000  6840079.50000000 5406482.50000000 
0.03200    136384784.00000000 85239424.00000000 215641168.00000000 83897.75781250  6756453.50000000 5340651.50000000 
0.03300    134903456.00000000 84323816.00000000 213311472.00000000 82708.92187500  6671327.50000000 5273599.50000000 
0.03400    133395440.00000000 83391048.00000000 210940192.00000000 81502.09375000  6584751.50000000 5205440.00000000 
0.03500    131862272.00000000 82442704.00000000 208527088.00000000 80278.59375000  6496922.50000000 5136297.50000000 
0.03600    130304624.00000000 81478936.00000000 206077680.00000000 79039.95312500  6407807.00000000 5066123.00000000 
0.03700    128724000.00000000 80501656.00000000 203591776.00000000 77787.72656250  6317576.50000000 4995089.50000000 
0.03800    127122544.00000000 79510704.00000000 201072304.00000000 76523.25000000  6226349.00000000 4923196.00000000 
0.03900    125502360.00000000 78508208.00000000 198522688.00000000 75248.25781250  6134136.00000000 4850578.00000000 
0.04000    123862712.00000000 77493816.00000000 195943728.00000000 73963.67187500  6041079.00000000 4777316.50000000 
0.04100    122207992.00000000 76468384.00000000 193338512.00000000 72670.93750000  5947290.00000000 4703423.50000000 
0.04200    120537568.00000000 75434424.00000000 190709360.00000000 71371.48437500  5852836.00000000 4628997.00000000 
0.04300    118853376.00000000 74391656.00000000 188059616.00000000 70066.61718750  5757773.00000000 4554130.50000000 
0.04400    117157216.00000000 73341040.00000000 185389264.00000000 68758.70312500  5662250.00000000 4478861.50000000 
0.04500    115450584.00000000 72284216.00000000 182703264.00000000 67447.53125000  5566363.00000000 4403323.00000000 
0.04600    113735024.00000000 71220464.00000000 180001696.00000000 66135.18750000  5470141.50000000 4327524.00000000 
0.04700    112011360.00000000 70152592.00000000 177287392.00000000 64822.68359375  5373748.00000000 4251498.50000000 
0.04800    110281904.00000000 69079912.00000000 174563408.00000000 63511.44140625  5277177.00000000 4175417.50000000 
0.04900    108547536.00000000 68004096.00000000 171831840.00000000 62202.52343750  5180615.50000000 4099283.75000000 
0.05000    106809184.00000000 66925872.00000000 169094464.00000000 60897.33593750  5084122.00000000 4023179.25000000 
0.05100    105068640.00000000 65846416.00000000 166352064.00000000 59597.32812500  4987664.00000000 3947167.75000000 
0.05200    103327744.00000000 64766172.00000000 163609232.00000000 58302.65625000  4891474.00000000 3871300.50000000 
0.05300    101587888.00000000 63685840.00000000 160866384.00000000 57015.63281250  4795551.50000000 3795672.00000000 
0.05400    99849368.00000000 62606780.00000000 158127744.00000000 55736.47265625  4699977.50000000 3720314.50000000 
0.05500    98114768.00000000 61529160.00000000 155393040.00000000 54466.29296875  4604857.00000000 3645298.50000000 
0.05600    96384216.00000000 60454112.00000000 152665472.00000000 53206.68359375  4510212.00000000 3570660.25000000 
0.05700    94659144.00000000 59382920.00000000 149946752.00000000 51958.12500000  4416192.50000000 3496482.75000000 
0.05800    92941400.00000000 58315216.00000000 147237104.00000000 50721.41015625  4322786.50000000 3422788.75000000 
0.05900    91231032.00000000 57252296.00000000 144540736.00000000 49497.53515625  4230138.50000000 3349656.25000000 
0.06000    89530360.00000000 56194660.00000000 141858672.00000000 48287.53125000  4138187.75000000 3277109.75000000 
0.06100    87840048.00000000 55143568.00000000 139192144.00000000 47091.87500000  4047096.50000000 3205235.50000000 
0.06200    86161144.00000000 54098672.00000000 136543664.00000000 45911.82812500  3956893.50000000 3134050.75000000 
0.06300    84494328.00000000 53061736.00000000 133914888.00000000 44747.61328125  3867656.00000000 3063595.25000000 
0.06400    82840456.00000000 52032488.00000000 131305376.00000000 43600.09765625  3779394.50000000 2993920.25000000 
0.06500    81201352.00000000 51011888.00000000 128718432.00000000 42469.64062500  3692193.00000000 2925052.50000000 
0.06600    79577448.00000000 50000556.00000000 126155432.00000000 41356.96875000  3606078.50000000 2857051.25000000 
0.06700    77969728.00000000 48998980.00000000 123617440.00000000 40263.06640625  3521091.00000000 2789930.75000000 
0.06800    76378320.00000000 48007508.00000000 121105408.00000000 39187.50390625  3437270.50000000 2723742.50000000 
0.06900    74804904.00000000 47027192.00000000 118620936.00000000 38131.36328125  3354702.00000000 2658498.25000000 
0.07000    73249424.00000000 46057408.00000000 116165312.00000000 37094.92578125  3273380.00000000 2594238.75000000 
0.07100    71713912.00000000 45099904.00000000 113740056.00000000 36078.65234375  3193318.75000000 2530990.25000000 
0.07200    70197240.00000000 44154264.00000000 111344696.00000000 35082.21093750  3114562.00000000 2468761.50000000 
0.07300    68701832.00000000 43221080.00000000 108982344.00000000 34106.67187500  3037167.00000000 2407578.25000000 
0.07400    67227672.00000000 42300812.00000000 106652016.00000000 33152.01171875  2961147.25000000 2347477.25000000 
0.07500    65774064.00000000 41393776.00000000 104355432.00000000 32218.41210938  2886491.00000000 2288467.25000000 
0.07600    64343280.00000000 40500212.00000000 102094456.00000000 31305.66210938  2813252.25000000 2230556.25000000 
0.07700    62934760.00000000 39620492.00000000 99868168.00000000 30414.33398438  2741444.50000000 2173762.00000000 
0.07800    61549168.00000000 38754760.00000000 97677344.00000000 29544.25781250  2671056.25000000 2118097.00000000 
0.07900    60186800.00000000 37903576.00000000 95522768.00000000 28695.64843750  2602138.25000000 2063571.75000000 
0.08000    58848008.00000000 37066768.00000000 93406240.00000000 27868.18164062  2534667.50000000 2010187.87500000 
0.08100    57533380.00000000 36245000.00000000 91326920.00000000 27062.26562500  2468656.75000000 1957976.50000000 
0.08200    56242664.00000000 35437516.00000000 89286000.00000000 26277.24023438  2404128.75000000 1906899.37500000 
0.08300    54976372.00000000 34645288.00000000 87282800.00000000 25513.51953125  2341068.00000000 1856977.37500000 
0.08400    53734916.00000000 33868692.00000000 85319272.00000000 24770.72460938  2279472.25000000 1808216.75000000 
0.08500    52517964.00000000 33107124.00000000 83392920.00000000 24048.66210938  2219338.25000000 1760626.87500000 
0.08600    51326032.00000000 32360960.00000000 81507224.00000000 23347.21679688  2160674.50000000 1714170.75000000 
0.08700    50159028.00000000 31630178.00000000 79659696.00000000 22666.47265625  2103471.50000000 1668866.25000000 
0.08800    49016632.00000000 30914990.00000000 77852000.00000000 22005.61914062  2047718.12500000 1624701.62500000 
0.08900    47899608.00000000 30215434.00000000 76084192.00000000 21364.59179688  1993410.00000000 1581676.50000000 
0.09000    46807336.00000000 29531208.00000000 74355032.00000000 20743.13867188  1940510.37500000 1539768.62500000 
0.09100    45740160.00000000 28862522.00000000 72665496.00000000 20141.10546875  1889023.87500000 1498975.00000000 
0.09200    44697768.00000000 28209214.00000000 71014600.00000000 19557.96484375  1838926.50000000 1459273.00000000 
0.09300    43680052.00000000 27571308.00000000 69403560.00000000 18993.38085938  1790221.50000000 1420669.75000000 
0.09400    42687004.00000000 26948798.00000000 67830136.00000000 18446.92968750  1742868.37500000 1383138.62500000 
0.09500    41718244.00000000 26341322.00000000 66296428.00000000 17918.20312500  1696863.62500000 1346659.37500000 
0.09600    40773220.00000000 25749156.00000000 64800104.00000000 17407.03710938  1652181.75000000 1311224.00000000 
0.09700    39853044.00000000 25171930.00000000 63342060.00000000 16912.82812500  1608786.00000000 1276815.87500000 
0.09800    38956260.00000000 24609462.00000000 61921388.00000000 16435.40625000  1566662.62500000 1243405.00000000 
0.09900    38082844.00000000 24061614.00000000 60537888.00000000 15974.07519531  1525802.62500000 1210998.50000000 
0.10000    37232400.00000000 23528452.00000000 59191064.00000000 15528.44531250  1486161.12500000 1179545.00000000 
0.10100    36405248.00000000 23009488.00000000 57880476.00000000 15098.03222656  1447713.87500000 1149044.75000000 
0.10200    35600352.00000000 22504676.00000000 56605636.00000000 14682.46289062  1410445.37500000 1119469.25000000 
0.10300    34817560.00000000 22013782.00000000 55366004.00000000 14281.29882812  1374309.62500000 1090788.00000000 
0.10400    34057200.00000000 21536528.00000000 54160432.00000000 13894.09277344  1339298.00000000 1063002.87500000 
0.10500    33317734.00000000 21072978.00000000 52989384.00000000 13520.43164062  1305378.37500000 1036084.43750000 
0.10600    32599388.00000000 20622536.00000000 51851684.00000000 13159.65527344  1272505.75000000 1009989.18750000 
0.10700    31901710.00000000 20184902.00000000 50746832.00000000 12811.58300781  1240682.25000000 984719.37500000 
0.10800    31224508.00000000 19760334.00000000 49673952.00000000 12475.51855469  1209846.25000000 960238.06250000 
0.10900    30566856.00000000 19348194.00000000 48632748.00000000 12151.14746094  1179984.62500000 936526.00000000 
0.11000    29928792.00000000 18948248.00000000 47622064.00000000 11837.99511719  1151058.62500000 913554.62500000 
0.11100    29309870.00000000 18560398.00000000 46641836.00000000 11535.62304688  1123053.37500000 891310.68750000 
0.11200    28709168.00000000 18184018.00000000 45690748.00000000 11243.61816406  1095925.00000000 869769.43750000 
0.11300    28126598.00000000 17819222.00000000 44768300.00000000 10961.52636719  1069655.87500000 848901.87500000 
0.11400    27561762.00000000 17465562.00000000 43874188.00000000 10689.04492188  1044206.68750000 828687.75000000 
0.11500    27014066.00000000 17122596.00000000 43006972.00000000 10425.53222656  1019553.18750000 809107.81250000 
0.11600    26482804.00000000 16790136.00000000 42166436.00000000 10170.81738281  995666.37500000 790128.93750000 
0.11700    25967868.00000000 16468083.00000000 41351880.00000000 9924.45507812   972517.31250000 771743.00000000 
0.11800    25468606.00000000 16155967.00000000 40561944.00000000 9685.96679688   950078.62500000 753914.87500000 
0.11900    24984540.00000000 15853412.00000000 39796596.00000000 9454.95410156   928313.06250000 736625.87500000 
0.12000    24515424.00000000 15560371.00000000 39054696.00000000 9231.29785156   907211.93750000 719858.06250000 
0.12100    24060574.00000000 15276501.00000000 38335836.00000000 9014.51757812   886742.50000000 703599.81250000 
0.12200    23619472.00000000 15001261.00000000 37638828.00000000 8804.13085938   866871.81250000 687816.12500000 
0.12300    23192016.00000000 14734670.00000000 36963312.00000000 8600.07421875   847580.18750000 672489.25000000 
0.12400    22777386.00000000 14476251.00000000 36308284.00000000 8401.91992188   828845.25000000 657606.87500000 
0.12500    22375020.00000000 14225752.00000000 35673332.00000000 8209.31347656   810631.81250000 643136.43750000 
0.12600    21985130.00000000 13982955.00000000 35057388.00000000 8022.13037109   792936.25000000 629082.18750000 
0.12700    21606698.00000000 13747650.00000000 34460400.00000000 7839.95117188   775715.56250000 615400.50000000 
0.12800    21239208.00000000 13519314.00000000 33881000.00000000 7662.60839844   758958.43750000 602095.31250000 
0.12900    20882830.00000000 13297887.00000000 33318776.00000000 7489.80957031   742645.37500000 589132.18750000 
0.13000    20536608.00000000 13083026.00000000 32772952.00000000 7321.42480469   726756.06250000 576509.25000000 
0.13100    20200250.00000000 12874554.00000000 32243058.00000000 7157.06396484   711256.50000000 564202.93750000 
0.13200    19873440.00000000 12672050.00000000 31728406.00000000 6996.64843750   696148.81250000 552200.06250000 
0.13300    19556000.00000000 12475356.00000000 31228430.00000000 6839.98779297   681404.43750000 540492.68750000 
0.13400    19246994.00000000 12284247.00000000 30742126.00000000 6686.82812500   667005.43750000 529060.06250000 
0.13500    18946424.00000000 12098467.00000000 30269484.00000000 6537.05664062   652937.25000000 517889.21875000 
0.13600    18654170.00000000 11917848.00000000 29809346.00000000 6390.51953125   639191.50000000 506969.06250000 
0.13700    18369276.00000000 11742044.00000000 29361672.00000000 6247.08740234   625743.75000000 496288.18750000 
0.13800    18091844.00000000 11570858.00000000 28925590.00000000 6106.54052734   612578.37500000 485836.21875000 
0.13900    17821426.00000000 11404140.00000000 28500466.00000000 5968.83789062   599690.62500000 475600.21875000 
0.14000    17557690.00000000 11241699.00000000 28086192.00000000 5833.89404297   587067.81250000 465577.28125000 
0.14100    17300286.00000000 11083272.00000000 27682112.00000000 5701.54199219   574695.31250000 455753.09375000 
0.14200    17048874.00000000 10928647.00000000 27287522.00000000 5571.67041016   562557.56250000 446111.87500000 
0.14300    16803248.00000000 10777699.00000000 26902320.00000000 5444.26904297   550650.87500000 436658.62500000 
0.14400    16563218.00000000 10630204.00000000 26525670.00000000 5319.18017578   538964.62500000 427374.37500000 
0.14500    16328434.00000000 10485957.00000000 26157374.00000000 5196.41308594   527487.43750000 418256.78125000 
0.14600    16098583.00000000 10344860.00000000 25796854.00000000 5075.88085938   516213.34375000 409304.93750000 
0.14700    15873590.00000000 10206853.00000000 25444012.00000000 4957.55029297   505137.96875000 400505.81250000 
0.14800    15652955.00000000 10071437.00000000 25098268.00000000 4841.32421875   494246.43750000 391854.68750000 
0.14900    15436674.00000000 9938805.00000000 24759150.00000000 4727.17236328   483537.31250000 383346.09375000 
0.15000    15224476.00000000 9808685.00000000 24426708.00000000 4615.12304688   473005.81250000 374978.12500000 
0.15100    15016131.00000000 9680895.00000000 24100016.00000000 4505.07324219   462644.00000000 366743.34375000 
0.15200    14811528.00000000 9555451.00000000 23779564.00000000 4397.08642578   452451.15625000 358642.15625000 
0.15300    14610399.00000000 9432144.00000000 23464296.00000000 4291.06396484   442415.12500000 350665.53125000 
0.15400    14412659.00000000 9310758.00000000 23154146.00000000 4186.98779297   432536.78125000 342814.59375000 
0.15500    14218049.00000000 9191431.00000000 22849074.00000000 4084.90820312   422816.93750000 335083.28125000 
0.15600    14026412.00000000 9073743.00000000 22548708.00000000 3984.74877930   413245.75000000 327471.06250000 
0.15700    13837769.00000000 8957943.00000000 22252752.00000000 3886.58813477   403827.81250000 319980.34375000 
0.15800    13651718.00000000 8843690.00000000 21961072.00000000 3790.29370117   394551.43750000 312598.37500000 
0.15900    13468325.00000000 8731036.00000000 21673358.00000000 3695.98754883   385423.06250000 305334.81250000 
0.16000    13287515.00000000 8619766.00000000 21389356.00000000 3603.59545898   376434.25000000 298181.06250000 
0.16100    13109092.00000000 8509979.00000000 21109384.00000000 3513.18627930   367591.37500000 291141.25000000 
0.16200    12932935.00000000 8401443.00000000 20832812.00000000 3424.67968750   358887.84375000 284208.28125000 
0.16300    12758944.00000000 8294266.00000000 20559368.00000000 3338.10180664   350323.03125000 277386.28125000 
0.16400    12587114.00000000 8188128.50000000 20289112.00000000 3253.49096680   341897.87500000 270674.12500000 
0.16500    12417315.00000000 8083254.50000000 20022064.00000000 3170.79248047   333611.53125000 264067.50000000 
0.16600    12249516.00000000 7979447.50000000 19757972.00000000 3090.07250977   325463.00000000 257573.42187500 
0.16700    12083441.00000000 7876652.00000000 19496692.00000000 3011.24389648   317449.96875000 251183.07812500 
0.16800    11919274.00000000 7774840.00000000 19237988.00000000 2934.33276367   309571.87500000 244898.48437500 
0.16900    11756948.00000000 7674089.50000000 18982048.00000000 2859.39868164   301836.93750000 238727.56250000 
0.17000    11596316.00000000 7574207.00000000 18728642.00000000 2786.37939453   294237.37500000 232661.50000000 
0.17100    11437288.00000000 7475206.00000000 18477666.00000000 2715.25366211   286773.78125000 226701.59375000 
0.17200    11280013.00000000 7377134.00000000 18229088.00000000 2646.03295898   279445.84375000 220849.81250000 
0.17300    11124251.00000000 7279870.50000000 17982738.00000000 2578.71533203   272257.03125000 215106.28125000 
0.17400    10970106.00000000 7183456.50000000 17738894.00000000 2513.32104492   265207.75000000 209470.54687500 
0.17500    10817428.00000000 7087838.00000000 17497292.00000000 2449.76367188   258291.18750000 203941.54687500 
0.17600    10666271.00000000 6992985.50000000 17257614.00000000 2388.05419922   251510.28125000 198518.57812500 
0.17700    10516677.00000000 6898911.00000000 17020324.00000000 2328.20751953   244869.17187500 193205.51562500 
0.17800    10368413.00000000 6805580.50000000 16785086.00000000 2270.14233398   238360.70312500 187998.31250000 
0.17900    10221675.00000000 6713004.00000000 16551874.00000000 2213.90332031   231991.65625000 182899.25000000 
0.18000    10076409.00000000 6621191.50000000 16321025.00000000 2159.42236328   225757.39062500 177907.60937500 
0.18100    9932586.00000000 6530137.00000000 16092128.00000000 2106.72167969   219662.10937500 173023.71875000 
0.18200    9790089.00000000 6439748.00000000 15865014.00000000 2055.64697266   213695.70312500 168242.26562500 
0.18300    9648981.00000000 6350111.00000000 15640145.00000000 2006.31188965   207865.15625000 163569.34375000 
0.18400    9509275.00000000 6261210.50000000 15417225.00000000 1958.61389160   202167.35937500 159001.76562500 
0.18500    9371027.00000000 6173009.50000000 15196362.00000000 1912.54199219   196603.71875000 154539.71875000 
0.18600    9234084.00000000 6085542.50000000 14977475.00000000 1868.02026367   191171.29687500 150180.15625000 
0.18700    9098528.00000000 5998794.00000000 14760611.00000000 1825.05822754   185867.46875000 145925.26562500 
0.18800    8964319.00000000 5912737.00000000 14545699.00000000 1783.59106445   180692.21875000 141771.09375000 
0.18900    8831611.00000000 5827489.50000000 14332898.00000000 1743.60693359   175648.06250000 137720.17187500 
0.19000    8700123.00000000 5742809.00000000 14121956.00000000 1705.00134277   170724.43750000 133767.29687500 
0.19100    8570146.00000000 5659001.00000000 13913236.00000000 1667.82519531   165932.79687500 129918.29687500 
0.19200    8441392.00000000 5575872.50000000 13706354.00000000 1631.92761230   161257.64062500 126162.51562500 
0.19300    8314066.00000000 5493511.00000000 13501627.00000000 1597.35742188   156709.34375000 122506.35156250 
0.19400    8188097.00000000 5411850.50000000 13298794.00000000 1564.00085449   152276.26562500 118944.88281250 
0.19500    8063558.00000000 5330939.00000000 13098071.00000000 1531.85632324   147960.56250000 115475.98437500 
0.19600    7940294.50000000 5250758.50000000 12899384.00000000 1500.86596680   143761.65625000 112100.07031250 
0.19700    7818427.50000000 5171362.50000000 12702633.00000000 1470.96984863   139675.92187500 108815.10937500 
0.19800    7697896.00000000 5092729.50000000 12508015.00000000 1442.13378906   135699.45312500 105618.41406250 
0.19900    7578792.00000000 5014841.50000000 12315393.00000000 1414.32739258   131834.29687500 102509.77343750 
0.20000    7460971.00000000 4937694.50000000 12124765.00000000 1387.47229004   128071.78125000 99484.92187500  
0.20100    7344560.00000000 4861328.00000000 11936303.00000000 1361.53308105   124415.35937500 96543.85156250  
0.20200    7229442.00000000 4785693.00000000 11749731.00000000 1336.47656250   120858.89062500 93683.54687500  
0.20300    7115707.50000000 4710872.00000000 11565323.00000000 1312.26745605   117401.10156250 90904.46875000  
0.20400    7003312.00000000 4636843.50000000 11382903.00000000 1288.83947754   114038.67187500 88201.68750000  
0.20500    6892206.50000000 4563574.00000000 11202583.00000000 1266.16394043   110770.60937500 85574.13281250  
0.20600    6782461.00000000 4491045.50000000 11024237.00000000 1244.18420410   107591.36718750 83018.88281250  
0.20700    6674061.00000000 4419348.50000000 10847942.00000000 1222.86950684   104501.13281250 80535.42968750  
0.20800    6566931.50000000 4348343.00000000 10673670.00000000 1202.19067383   101494.60937500 78120.10937500  
0.20900    6461222.00000000 4278253.00000000 10501531.00000000 1182.15576172   98574.07812500  75774.96875000  
0.21000    6356691.50000000 4208883.00000000 10331257.00000000 1162.61621094   95729.46875000  73490.65625000  
0.21100    6253543.00000000 4140301.50000000 10163174.00000000 1143.63378906   92962.99218750  71270.65625000  
0.21200    6151618.50000000 4072474.50000000 9996927.00000000 1125.13378906   90270.62500000  69109.85156250  
0.21300    6050979.00000000 4005450.00000000 9832749.00000000 1107.09411621   87648.39062500  67007.60937500  
0.21400    5951658.00000000 3939204.00000000 9670638.00000000 1089.49816895   85096.42187500  64962.21875000  
0.21500    5853627.50000000 3873786.00000000 9510487.00000000 1072.32409668   82612.89843750  62972.05468750  
0.21600    5756726.50000000 3809073.50000000 9352222.00000000 1055.51074219   80189.85937500  61031.57812500  
0.21700    5661154.00000000 3745167.50000000 9196000.00000000 1039.07958984   77830.09375000  59142.41406250  
0.21800    5566770.50000000 3682017.00000000 9041673.00000000 1022.98217773   75527.90625000  57300.79296875  
0.21900    5473572.50000000 3619619.25000000 8889263.00000000 1007.20233154   73280.68750000  55504.51562500  
0.22000    5381590.50000000 3558014.00000000 8738763.00000000 991.72454834    71088.51562500  53752.60937500  
0.22100    5290835.00000000 3497197.00000000 8590261.00000000 976.55096436    68950.50000000  52044.75781250  
0.22200    5201240.50000000 3437096.75000000 8443611.00000000 961.66027832    66860.13281250  50377.26171875  
0.22300    5112811.50000000 3377775.25000000 8298788.50000000 947.02087402    64817.23046875  48747.44140625  
0.22400    5025507.50000000 3319161.00000000 8155840.50000000 932.63220215    62819.62890625  47155.13671875  
0.22500    4939439.00000000 3261360.25000000 8014840.50000000 918.53485107    60867.65234375  45600.64843750  
0.22600    4854425.50000000 3204255.25000000 7875506.50000000 904.64117432    58954.78906250  44078.15625000  
0.22700    4770554.50000000 3147911.25000000 7738186.00000000 891.01617432    57084.33984375  42590.42968750  
0.22800    4687805.00000000 3092298.00000000 7602544.00000000 877.61614990    55251.32812500  41132.08984375  
0.22900    4606081.50000000 3037368.25000000 7468657.00000000 864.44360352    53453.71484375  39704.87109375  
0.23000    4525488.00000000 2983199.75000000 7336621.00000000 851.53149414    51693.07031250  38306.33593750  
0.23100    4445972.00000000 2929764.00000000 7206294.50000000 838.84924316    49966.61328125  36935.96093750  
0.23200    4367516.50000000 2876995.25000000 7077689.00000000 826.40039062    48270.91015625  35591.49609375  
0.23300    4290090.50000000 2824926.50000000 6950766.00000000 814.20074463    46608.44531250  34273.21875000  
0.23400    4213668.00000000 2773599.50000000 6825604.00000000 802.27062988    44976.19140625  32979.63281250  
0.23500    4138258.75000000 2722916.50000000 6702035.50000000 790.56658936    43371.14843750  31708.04101562  
0.23600    4063904.25000000 2672944.75000000 6580190.50000000 779.15136719    41796.54296875  30461.65429688  
0.23700    3990527.50000000 2623648.25000000 6459972.00000000 768.00390625    40248.51953125  29236.64062500  
0.23800    3918166.75000000 2575023.25000000 6341433.50000000 757.14038086    38728.42187500  28034.14648438  
0.23900    3846719.25000000 2527072.00000000 6224410.00000000 746.56982422    37232.82421875  26851.15429688  
0.24000    3776247.75000000 2479768.50000000 6109060.00000000 736.29089355    35763.71484375  25689.09765625  
0.24100    3706807.00000000 2433153.25000000 5995327.50000000 726.34497070    34321.28906250  24548.70703125  
0.24200    3638257.25000000 2387170.25000000 5883093.00000000 716.71356201    32902.58203125  23427.21679688  
0.24300    3570657.50000000 2341844.50000000 5772493.00000000 707.40356445    31507.84960938  22324.80468750  
0.24400    3503956.25000000 2297142.75000000 5663329.00000000 698.44244385    30137.16406250  21241.70703125  
0.24500    3438193.00000000 2253069.50000000 5555705.00000000 689.83105469    28790.25585938  20177.16015625  
0.24600    3373363.50000000 2209634.50000000 5449658.50000000 681.58691406    27467.28125000  19131.29492188  
0.24700    3309405.75000000 2166833.25000000 5345075.50000000 673.72192383    26168.61328125  18104.79296875  
0.24800    3246340.00000000 2124638.00000000 5241967.00000000 666.23345947    24893.17382812  17096.27539062  
0.24900    3184140.25000000 2083050.37500000 5140319.00000000 659.13146973    23641.30859375  16106.24121094  
0.25000    3122836.75000000 2042074.25000000 5040105.00000000 652.44561768    22413.00585938  15134.98535156  
0.25100    3062389.25000000 2001681.50000000 4941356.00000000 646.15032959    21207.54101562  14181.52734375  
0.25200    3002844.00000000 1961926.37500000 4844101.50000000 640.29895020    20029.06640625  13248.22167969  
0.25300    2944137.00000000 1922733.87500000 4748223.50000000 634.86145020    18872.89257812  12332.90917969  
0.25400    2886269.50000000 1884145.12500000 4653749.50000000 629.85162354    17741.41406250  11436.86816406  
0.25500    2829214.25000000 1846110.87500000 4560633.00000000 625.27874756    16634.27148438  10559.15917969  
0.25600    2773038.00000000 1808669.37500000 4468992.00000000 621.15490723    15552.43847656  9701.63281250   
0.25700    2717666.75000000 1771802.00000000 4378650.00000000 617.46173096    14495.23925781  8862.88085938   
0.25800    2663119.00000000 1735490.75000000 4289698.50000000 614.22045898    13463.86425781  8044.53857422   
0.25900    2609415.75000000 1699745.25000000 4202133.00000000 611.43536377    12458.39453125  7245.96386719   
0.26000    2556515.75000000 1664562.50000000 4115907.25000000 609.10211182    11479.07519531  6467.62548828   
0.26100    2504383.50000000 1629920.25000000 4030928.25000000 607.19793701    10524.99023438  5708.59130859   
0.26200    2453103.75000000 1595847.00000000 3947385.50000000 605.76550293    9599.73828125   4972.43359375   
0.26300    2402574.25000000 1562292.37500000 3865051.00000000 604.75189209    8699.15722656   4254.92382812   
0.26400    2352842.00000000 1529285.25000000 3784083.50000000 604.19079590    7826.68603516   3559.34521484   
0.26500    2303929.50000000 1496826.37500000 3704439.50000000 604.06695557    6982.27148438   2885.79833984   
0.26600    2255750.75000000 1464889.12500000 3625997.25000000 604.36816406    6164.81250000   2233.26245117   
0.26700    2208388.25000000 1433475.50000000 3548892.75000000 605.10473633    5375.83642578   1602.86218262   
0.26800    2161804.50000000 1402601.00000000 3473065.25000000 606.24871826    4616.11425781   994.76593018    
0.26900    2115955.75000000 1372226.50000000 3398431.25000000 607.80273438    3883.29833984   408.13000488    
0.27000    2070873.37500000 1342380.62500000 3325126.50000000 609.74121094    3180.14648438   -155.42337036   
0.27100    2026540.12500000 1313030.75000000 3253011.50000000 612.07299805    2505.05664062   -696.76715088   
0.27200    1983026.62500000 1284224.25000000 3182214.50000000 614.79718018    1861.03515625   -1214.11169434  
0.27300    1940193.25000000 1255884.00000000 3112547.00000000 617.86175537    1243.94812012   -1709.80932617  
0.27400    1898045.87500000 1228029.62500000 3044045.75000000 621.25067139    654.29730225    -2184.44677734  
0.27500    1856755.62500000 1200709.00000000 2976906.75000000 625.00738525    97.20764160     -2632.84179688  
0.27600    1816095.75000000 1173828.62500000 2910787.00000000 629.05743408    -433.64154053   -3061.18994141  
0.27700    1776214.25000000 1147466.37500000 2845973.50000000 633.43164062    -933.36218262   -3464.24584961  
0.27800    1737028.75000000 1121577.25000000 2782291.50000000 638.07177734    -1404.99145508  -3845.72631836  
0.27900    1698580.37500000 1096168.87500000 2719788.75000000 642.98852539    -1847.36779785  -4203.45654297  
0.28000    1660820.62500000 1071226.25000000 2658444.50000000 648.15576172    -2261.29443359  -4538.70410156  
0.28100    1623781.50000000 1046752.62500000 2598218.00000000 653.55407715    -2646.34667969  -4851.17675781  
0.28200    1587430.50000000 1022746.43750000 2539166.25000000 659.17169189    -3002.81225586  -5140.53955078  
0.28300    1551786.50000000 999208.93750000 2481251.75000000 664.97882080    -3330.94750977  -5407.34375000  
0.28400    1516808.87500000 976106.81250000 2424419.50000000 670.96234131    -3632.51147461  -5652.42675781  
0.28500    1482543.75000000 953479.31250000 2368731.75000000 677.11132812    -3904.80834961  -5874.58837891  
0.28600    1448913.00000000 931280.75000000 2314087.50000000 683.38879395    -4150.92822266  -6075.67626953  
0.28700    1415981.75000000 909529.00000000 2260585.75000000 689.79248047    -4370.00000000  -6254.55615234  
0.28800    1383687.12500000 888205.56250000 2208121.25000000 696.29296875    -4562.40576172  -6412.34619141  
0.28900    1352089.87500000 867345.25000000 2156770.50000000 702.88006592    -4728.47949219  -6548.56298828  
0.29000    1321101.25000000 846886.68750000 2106422.75000000 709.52490234    -4869.73144531  -6664.56689453  
0.29100    1290799.87500000 826869.62500000 2057186.25000000 716.21948242    -4984.85546875  -6759.29150391  
0.29200    1261115.62500000 807264.00000000 2008932.37500000 722.93395996    -5075.96142578  -6834.61816406  
0.29300    1232077.37500000 788088.25000000 1961747.12500000 729.67352295    -5141.95312500  -6889.37597656  
0.29400    1203633.12500000 769294.06250000 1915504.87500000 736.37487793    -5186.44287109  -6926.63769531  
0.29500    1175848.62500000 750936.87500000 1870350.37500000 743.07360840    -5205.74365234  -6943.09375000  
0.29600    1148643.25000000 732962.62500000 1826132.75000000 749.71252441    -5203.96191406  -6942.51416016  
0.29700    1122031.75000000 715382.56250000 1782874.12500000 756.28283691    -5180.74560547  -6923.98876953  
0.29800    1096035.50000000 698207.18750000 1740632.12500000 762.79852295    -5135.20507812  -6887.36425781  
0.29900    1070651.37500000 681421.68750000 1699354.75000000 769.21832275    -5069.15917969  -6833.68115234  
0.30000    1045815.62500000 665008.12500000 1658981.50000000 775.51715088    -4984.20996094  -6764.17919922  
0.30100    1021595.81250000 648988.87500000 1619595.37500000 781.71258545    -4878.80761719  -6677.89550781  
0.30200    997900.00000000 633313.87500000 1581076.00000000 787.77032471    -4755.89599609  -6577.09716797  
0.30300    974805.81250000 618037.06250000 1543500.25000000 793.68542480    -4614.24804688  -6460.70800781  
0.30400    952268.81250000 603122.56250000 1506833.62500000 799.44891357    -4455.31591797  -6329.85986328  
0.30500    930248.50000000 588550.31250000 1471023.00000000 805.03710938    -4280.77099609  -6186.35351562  
0.30600    908777.31250000 574327.87500000 1436072.87500000 810.44567871    -4090.20971680  -6028.83251953  
0.30700    887859.75000000 560483.00000000 1402056.37500000 815.68664551    -3882.85058594  -5857.69873047  
0.30800    867458.37500000 546956.93750000 1368825.62500000 820.71905518    -3662.53662109  -5675.67724609  
0.30900    847582.75000000 533786.37500000 1336483.50000000 825.56158447    -3427.18994141  -5481.11474609  
0.31000    828226.50000000 520950.18750000 1304958.62500000 830.18865967    -3179.41870117  -5275.81298828  
0.31100    809359.25000000 508432.43750000 1274228.62500000 834.60156250    -2918.65966797  -5060.11279297  
0.31200    790992.75000000 496255.25000000 1244324.75000000 838.80279541    -2646.34204102  -4834.25732422  
0.31300    773127.18750000 484390.43750000 1215203.87500000 842.78979492    -2362.49267578  -4599.00146484  
0.31400    755764.93750000 472855.90625000 1186904.75000000 846.55279541    -2067.31176758  -4354.39746094  
0.31500    738855.56250000 461618.40625000 1159343.00000000 850.07446289    -1762.98571777  -4101.86132812  
0.31600    722429.93750000 450696.68750000 1132544.00000000 853.38128662    -1448.81054688  -3840.82055664  
0.31700    706471.00000000 440075.65625000 1106522.37500000 856.46282959    -1125.28576660  -3572.63549805  
0.31800    690954.31250000 429750.03125000 1081200.12500000 859.29687500    -794.95935059   -3298.34545898  
0.31900    675921.93750000 419726.87500000 1056652.37500000 861.93572998    -454.63989258   -3016.18603516  
0.32000    661315.62500000 409991.28125000 1032801.75000000 864.32739258    -108.48847198   -2728.92431641  
0.32100    647144.81250000 400530.03125000 1009643.81250000 866.50036621    244.19538879    -2436.09082031  
0.32200    633430.31250000 391365.50000000 987216.93750000 868.45129395    603.70935059    -2137.99389648  
0.32300    620105.18750000 382456.84375000 965419.50000000 870.18920898    968.06915283    -1835.85314941  
0.32400    607206.50000000 373825.43750000 944312.50000000 871.71154785    1337.57067871   -1529.61425781  
0.32500    594724.31250000 365456.06250000 923867.12500000 873.02020264    1711.35705566   -1219.79272461  
0.32600    582649.00000000 357354.90625000 904076.06250000 874.12719727    2089.75000000   -906.68133545   
0.32700    570979.37500000 349508.90625000 884916.12500000 875.03771973    2471.82788086   -590.34436035   
0.32800    559713.43750000 341930.28125000 866427.06250000 875.76208496    2858.02758789   -271.35040283   
0.32900    548814.81250000 334585.68750000 848520.50000000 876.29302979    3245.87988281   49.13787842     
0.33000    538312.50000000 327492.00000000 831248.37500000 876.64685059    3636.97900391   371.91229248    
0.33100    528144.06250000 320615.65625000 814501.75000000 876.82110596    4028.86865234   694.99707031    
0.33200    518404.09375000 314013.96875000 798443.68750000 876.84606934    4424.63671875   1020.68475342   
0.33300    508992.96875000 307619.31250000 782911.31250000 876.69512939    4820.24804688   1346.11645508   
0.33400    499950.12500000 301462.84375000 767965.68750000 876.40765381    5217.77929688   1672.26208496   
0.33500    491248.56250000 295519.50000000 753562.06250000 875.97167969    5615.16748047   1998.30371094   
0.33600    482881.90625000 289796.75000000 739693.00000000 875.38757324    6012.96728516   2323.88012695   
0.33700    474858.53125000 284283.25000000 726354.62500000 874.68572998    6411.21240234   2649.24975586   
0.33800    467184.31250000 278993.59375000 713584.12500000 873.86633301    6809.37060547   2974.17553711   
0.33900    459800.84375000 273892.09375000 701272.87500000 872.92596436    7206.45898438   3297.32104492   
0.34000    452749.28125000 268999.12500000 689478.12500000 871.88464355    7602.86425781   3619.58520508   
0.34100    446011.65625000 264300.43750000 678186.43750000 870.74224854    7998.22558594   3940.16406250   
0.34200    439606.56250000 259819.60937500 667432.68750000 869.52166748    8393.51367188   4259.85400391   
0.34300    433465.40625000 255496.82812500 657075.43750000 868.20025635    8785.78515625   4576.67822266   
0.34400    427657.31250000 251384.42187500 647251.50000000 866.82220459    9177.70996094   4892.56787109   
0.34500    422109.81250000 247436.20312500 637838.93750000 865.35992432    9566.77832031   5205.12353516   
0.34600    416880.25000000 243689.14062500 628934.25000000 863.85626221    9955.04785156   5516.34765625   
0.34700    411878.09375000 240087.57812500 620375.50000000 862.26837158    10339.33886719  5823.62060547   
0.34800    407171.78125000 236662.70312500 612288.06250000 860.64129639    10721.66992188  6128.34814453   
0.34900    402733.50000000 233413.85937500 604623.31250000 858.97045898    11101.57714844  6430.57421875   
0.35000    398538.28125000 230311.50000000 597339.56250000 857.25775146    11477.95605469  6729.05175781   
0.35100    394628.46875000 227389.03125000 590502.00000000 855.52075195    11852.76171875  7025.27636719   
0.35200    390918.87500000 224588.78125000 583969.62500000 853.73205566    12222.38964844  7316.82617188   
0.35300    387460.18750000 221945.45312500 577838.56250000 851.92199707    12588.72753906  7605.02783203   
0.35400    384250.28125000 219459.50000000 572106.00000000 850.09869385    12952.24804688  7890.06591797   
0.35500    381254.53125000 217107.39062500 566708.37500000 848.25177002    13311.63769531  8170.84472656   
0.35600    378468.12500000 214882.46875000 561624.00000000 846.38531494    13666.74902344  8447.43652344   
0.35700    375903.96875000 212796.59375000 556896.93750000 844.49975586    14017.75097656  8720.21972656   
0.35800    373555.50000000 210844.84375000 552506.75000000 842.61822510    14364.93554688  8989.05566406   
0.35900    371398.71875000 209015.53125000 548423.06250000 840.71594238    14707.19335938  9253.46386719   
0.36000    369453.87500000 207321.03125000 544675.31250000 838.81591797    15045.75000000  9513.91210938   
0.36100    367673.34375000 205720.00000000 541167.62500000 836.89727783    15378.44531250  9769.12792969   
0.36200    366114.90625000 204265.32812500 538028.06250000 834.98980713    15708.08398438  10021.14746094  
0.36300    364682.53125000 202889.37500000 535072.50000000 833.06207275    16030.36230469  10267.13281250  
0.36400    363420.90625000 201619.81250000 532398.68750000 831.12200928    16347.79199219  10508.42773438  
0.36500    362323.28125000 200448.37500000 529973.18750000 829.17968750    16659.62695312  10744.82519531  
0.36600    361407.09375000 199400.00000000 527840.25000000 827.25372314    16967.38476562  10977.35351562  
0.36700    360604.31250000 198418.29687500 525888.50000000 825.28552246    17267.43359375  11203.56445312  
0.36800    359991.31250000 197561.46875000 524247.46875000 823.33660889    17564.19335938  11426.49902344  
0.36900    359499.40625000 196778.34375000 522776.37500000 821.37188721    17853.91601562  11643.75585938  
0.37000    359095.31250000 196054.53125000 521456.84375000 819.37353516    18135.84179688  11854.47265625  
0.37100    358827.25000000 195417.89062500 520351.56250000 817.36529541    18412.35156250  12060.35449219  
0.37200    358701.75000000 194876.03125000 519486.59375000 815.36114502    18683.38867188  12261.92871094  
0.37300    358663.25000000 194388.32812500 518756.68750000 813.31683350    18946.78515625  12457.28027344  
0.37400    358742.06250000 193983.53125000 518221.78125000 811.26580811    19204.30859375  12647.80566406  
0.37500    358918.71875000 193641.37500000 517836.31250000 809.19207764    19455.14843750  12833.00390625  
0.37600    359194.53125000 193364.20312500 517618.25000000 807.08569336    19698.58984375  13012.38671875  
0.37700    359526.03125000 193132.59375000 517498.96875000 804.93969727    19934.27734375  13185.90625000  
0.37800    359958.15625000 192963.89062500 517543.37500000 802.76965332    20163.91015625  13354.11230469  
0.37900    360478.90625000 192861.31250000 517734.09375000 800.56835938    20386.23632812  13517.29882812  
0.38000    361047.06250000 192794.81250000 518017.84375000 798.32128906    20600.47851562  13674.07519531  
0.38100    361663.40625000 192765.28125000 518375.43750000 796.02252197    20806.73632812  13825.00195312  
0.38200    362358.15625000 192792.57812500 518868.62500000 793.68572998    21006.29101562  13970.64941406  
0.38300    363079.28125000 192843.40625000 519417.00000000 791.29290771    21197.04882812  14109.90527344  
0.38400    363875.28125000 192952.07812500 520103.84375000 788.85620117    21381.29296875  14244.33593750  
0.38500    364679.09375000 193074.17187500 520807.28125000 786.35601807    21556.37109375  14372.04394531  
0.38600    365551.90625000 193247.79687500 521637.21875000 783.81573486    21724.77539062  14495.12109375  
0.38700    366418.62500000 193429.35937500 522465.31250000 781.19445801    21883.60546875  14611.11132812  
0.38800    367317.87500000 193640.25000000 523363.00000000 778.51293945    22034.88867188  14721.72070312  
0.38900    368233.53125000 193871.54687500 524303.37500000 775.76074219    22177.52734375  14826.13574219  
0.39000    369191.34375000 194144.51562500 525325.87500000 772.94836426    22313.18945312  14925.85351562  
0.39100    370132.21875000 194415.46875000 526336.31250000 770.07043457    22439.85937500  15019.26269531  
0.39200    371092.81250000 194714.10937500 527398.43750000 767.11169434    22558.49414062  15107.02636719  
0.39300    372044.59375000 195015.32812500 528457.37500000 764.08038330    22668.10742188  15188.50097656  
0.39400    373027.00000000 195348.93750000 529583.43750000 760.97790527    22770.82031250  15265.38378906  
0.39500    373962.59375000 195667.37500000 530658.56250000 757.78479004    22863.65429688  15335.45800781  
0.39600    374898.28125000 196000.10937500 531748.25000000 754.51715088    22948.46093750  15400.22167969  
0.39700    375817.09375000 196332.04687500 532832.68750000 751.16802979    23025.05078125  15459.15625000  
0.39800    376737.90625000 196681.26562500 533938.68750000 747.74896240    23094.09375000  15513.19335938  
0.39900    377622.68750000 197022.03125000 535013.43750000 744.24621582    23154.22656250  15561.28320312  
0.40000    378485.50000000 197362.64062500 536066.37500000 740.65435791    23206.28320312  15603.92480469  
0.40100    379317.31250000 197697.12500000 537088.18750000 736.98321533    23249.58007812  15640.89941406  
0.40200    380143.59375000 198042.06250000 538127.31250000 733.24066162    23285.69921875  15673.12597656  
0.40300    380906.93750000 198364.56250000 539090.25000000 729.40460205    23312.76367188  15699.50097656  
0.40400    381660.06250000 198691.98437500 540050.25000000 725.49987793    23333.00390625  15721.26757812  
0.40500    382369.28125000 199007.06250000 540966.12500000 721.51422119    23344.76367188  15737.57617188  
0.40600    383062.81250000 199326.65625000 541871.43750000 717.46813965    23349.80273438  15749.68457031  
0.40700    383695.15625000 199625.89062500 542716.00000000 713.33026123    23346.44335938  15756.14453125  
0.40800    384294.15625000 199910.25000000 543509.56250000 709.12768555    23335.41992188  15757.66894531  
0.40900    384842.78125000 200181.51562500 544256.18750000 704.84710693    23316.86914062  15754.53125000  
0.41000    385375.15625000 200454.95312500 544990.25000000 700.51348877    23292.36718750  15747.52636719  
0.41100    385846.62500000 200703.34375000 545653.18750000 696.11071777    23259.63867188  15735.43066406  
0.41200    386263.00000000 200932.29687500 546242.75000000 691.63012695    23219.96093750  15718.62109375  
0.41300    386657.09375000 201158.57812500 546815.87500000 687.10845947    23174.35937500  15698.18261719  
0.41400    386984.87500000 201355.57812500 547314.37500000 682.52209473    23121.41210938  15673.06640625  
0.41500    387291.53125000 201550.81250000 547785.37500000 677.89318848    23062.66992188  15644.46289062  
0.41600    387519.09375000 201707.73437500 548143.81250000 673.20281982    22996.65820312  15611.02929688  
0.41700    387724.34375000 201867.84375000 548500.68750000 668.47906494    22925.86328125  15574.68554688  
0.41800    387905.68750000 202019.84375000 548834.50000000 663.72271729    22849.71289062  15535.19628906  
0.41900    387980.37500000 202117.31250000 549008.06250000 658.90765381    22765.48828125  15490.44140625  
0.42000    388052.28125000 202222.57812500 549193.43750000 654.07342529    22677.56054688  15443.27343750  
0.42100    388086.43750000 202314.89062500 549340.31250000 649.21832275    22584.93750000  15393.38867188  
0.42200    388066.15625000 202383.43750000 549418.12500000 644.33245850    22486.88085938  15340.11718750  
0.42300    387988.09375000 202421.75000000 549408.18750000 639.42279053    22383.45117188  15283.21386719  
0.42400    387877.31250000 202448.29687500 549361.93750000 634.50390625    22275.66015625  15223.76953125  
0.42500    387726.59375000 202456.89062500 549266.75000000 629.57623291    22163.83789062  15161.70996094  
0.42600    387518.09375000 202436.73437500 549086.81250000 624.63525391    22047.05468750  15096.63378906  
0.42700    387298.09375000 202417.78125000 548907.31250000 619.70355225    21927.74414062  15030.04296875  
0.42800    387015.43750000 202365.76562500 548629.62500000 614.76837158    21803.66015625  14960.48046875  
0.42900    386729.59375000 202315.90625000 548354.87500000 609.85626221    21677.22265625  14889.34570312  
0.43000    386383.90625000 202233.07812500 548006.06250000 604.94543457    21546.82421875  14815.96289062  
0.43100    385980.87500000 202117.28125000 547559.62500000 600.04101562    21412.75390625  14739.73144531  
0.43200    385577.56250000 202008.07812500 547131.93750000 595.17883301    21277.27343750  14662.96386719  
0.43300    385125.12500000 201869.51562500 546625.62500000 590.33325195    21138.19335938  14583.85742188  
0.43400    384649.81250000 201719.79687500 546081.93750000 585.51745605    20997.09570312  14503.37695312  
0.43500    384130.81250000 201545.57812500 545486.12500000 580.74151611    20853.64257812  14421.44726562  
0.43600    383619.40625000 201376.39062500 544898.62500000 576.00592041    20709.57031250  14339.17187500  
0.43700    383048.50000000 201169.81250000 544216.43750000 571.30517578    20562.41210938  14254.77734375  
0.43800    382441.81250000 200941.95312500 543485.37500000 566.64508057    20413.50585938  14169.24902344  
0.43900    381832.12500000 200712.21875000 542743.87500000 562.04907227    20264.29296875  14083.37109375  
0.44000    381199.93750000 200467.54687500 541969.37500000 557.49560547    20113.38281250  13996.58300781  
0.44100    380546.18750000 200206.20312500 541155.87500000 553.00610352    19961.83593750  13909.12597656  
0.44200    379874.40625000 199932.14062500 540313.93750000 548.57354736    19809.59765625  13821.25781250  
0.44300    379186.40625000 199647.60937500 539446.93750000 544.20404053    19656.73046875  13732.84960938  
0.44400    378483.03125000 199349.53125000 538558.00000000 539.90283203    19503.64062500  13644.37890625  
0.44500    377730.81250000 199015.53125000 537573.81250000 535.65527344    19349.17382812  13554.45410156  
0.44600    376978.25000000 198679.32812500 536592.06250000 531.48309326    19195.25390625  13464.91503906  
0.44700    376236.53125000 198345.96875000 535618.56250000 527.39617920    19041.87890625  13375.65625000  
0.44800    375453.12500000 197980.15625000 534571.81250000 523.36639404    18888.01367188  13285.89160156  
0.44900    374685.25000000 197623.17187500 533553.68750000 519.43054199    18735.30859375  13196.92285156  
0.45000    373913.50000000 197254.06250000 532511.50000000 515.56628418    18583.18945312  13108.12792969  
0.45100    373095.68750000 196850.60937500 531397.00000000 511.77609253    18430.63085938  13018.60449219  
0.45200    372292.78125000 196454.64062500 530295.62500000 508.06912231    18279.53125000  12929.86816406  
0.45300    371470.87500000 196037.37500000 529154.18750000 504.43698120    18128.82617188  12841.31640625  
0.45400    370653.00000000 195619.15625000 528012.93750000 500.89007568    17979.29687500  12753.42773438  
0.45500    369831.56250000 195190.95312500 526860.93750000 497.42977905    17830.96875000  12666.06054688  
0.45600    368994.68750000 194745.51562500 525665.00000000 494.04440308    17683.13671875  12578.69628906  
0.45700    368169.03125000 194299.57812500 524482.18750000 490.74774170    17537.09179688  12492.33300781  
0.45800    367323.87500000 193833.29687500 523253.56250000 487.53210449    17392.09179688  12406.38574219  
0.45900    366471.00000000 193362.37500000 522015.03125000 484.39514160    17247.91406250  12320.77246094  
0.46000    365651.68750000 192899.50000000 520808.75000000 481.35263062    17106.79492188  12236.82617188  
0.46100    364776.18750000 192396.18750000 519512.87500000 478.37033081    16964.98632812  12152.08691406  
0.46200    363943.68750000 191914.34375000 518271.15625000 475.48397827    16825.95898438  12069.27734375  
0.46300    363094.43750000 191410.04687500 516984.12500000 472.67446899    16688.25781250  11986.71972656  
0.46400    362230.37500000 190895.56250000 515675.28125000 469.93954468    16551.70312500  11904.88867188  
0.46500    361388.78125000 190383.79687500 514389.65625000 467.29235840    16417.29882812  11824.12597656  
0.46600    360528.75000000 189858.39062500 513061.00000000 464.70776367    16284.01171875  11743.85156250  
0.46700    359656.34375000 189315.32812500 511705.65625000 462.20123291    16152.04980469  11664.04882812  
0.46800    358825.12500000 188791.95312500 510402.96875000 459.76947021    16022.77148438  11586.00097656  
0.46900    357950.90625000 188236.84375000 509025.53125000 457.40673828    15893.94628906  11507.87597656  
0.47000    357083.90625000 187680.95312500 507653.15625000 455.11160278    15767.15820312  11430.78515625  
0.47100    356225.06250000 187123.51562500 506282.00000000 452.89102173    15642.16113281  11354.82910156  
0.47200    355361.87500000 186559.12500000 504895.87500000 450.73703003    15518.75781250  11279.55957031  
0.47300    354507.28125000 185995.34375000 503519.12500000 448.64215088    15397.16894531  11205.43652344  
0.47400    353621.68750000 185406.56250000 502083.28125000 446.59759521    15276.32421875  11131.19531250  
0.47500    352752.40625000 184826.71875000 500668.71875000 444.62783813    15157.75292969  11058.45312500  
0.47600    351904.84375000 184252.73437500 499275.62500000 442.71554565    15041.44921875  10987.07812500  
0.47700    351001.43750000 183641.53125000 497790.31250000 440.84402466    14924.55468750  10914.95898438  
0.47800    350124.78125000 183043.92187500 496340.09375000 439.03585815    14810.64062500  10844.60058594  
0.47900    349255.21875000 182448.20312500 494905.25000000 437.27981567    14698.39648438  10775.38574219  
0.48000    348352.12500000 181830.70312500 493408.68750000 435.56372070    14586.68164062  10706.11425781  
0.48100    347493.34375000 181237.96875000 491976.71875000 433.91165161    14477.68652344  10638.71582031  
0.48200    346565.25000000 180602.07812500 490427.62500000 432.27267456    14368.12304688  10570.38378906  
0.48300    345650.50000000 179971.10937500 488904.71875000 430.69284058    14260.59179688  10503.45898438  
0.48400    344745.62500000 179347.67187500 487393.21875000 429.14883423    14154.93652344  10437.67285156  
0.48500    343827.46875000 178715.15625000 485859.28125000 427.64590454    14049.95019531  10372.22558594  
0.48600    342916.25000000 178086.31250000 484333.03125000 426.17901611    13946.94140625  10307.85546875  
0.48700    341985.56250000 177448.10937500 482780.34375000 424.74255371    13844.51464844  10243.94238281  
0.48800    341027.56250000 176792.79687500 481177.90625000 423.32708740    13742.47363281  10180.00195312  
0.48900    340078.18750000 176143.34375000 479592.34375000 421.94750977    13642.07128906  10117.10058594  
0.49000    339121.78125000 175494.40625000 477999.31250000 420.59576416    13542.97656250  10055.01660156  
0.49100    338169.03125000 174853.40625000 476417.90625000 419.27621460    13445.34960938  9993.99902344   
0.49200    337183.59375000 174190.03125000 474781.50000000 417.97073364    13347.78125000  9932.78613281   
0.49300    336200.09375000 173532.00000000 473152.40625000 416.69088745    13251.54296875  9872.54296875   
0.49400    335202.15625000 172869.71875000 471509.46875000 415.42904663    13156.22656250  9812.75390625   
0.49500    334188.03125000 172202.18750000 469843.56250000 414.18634033    13061.63281250  9753.52734375   
0.49600    333182.18750000 171545.92187500 468197.43750000 412.96762085    12968.33496094  9695.20019531   
0.49700    332145.21875000 170873.75000000 466503.65625000 411.75460815    12875.10253906  9636.97558594   
0.49800    331109.12500000 170209.40625000 464823.15625000 410.56512451    12783.55859375  9579.66601562   
0.49900    330046.06250000 169530.79687500 463098.00000000 409.37854004    12691.74121094  9522.34082031   
0.50000    328985.62500000 168864.15625000 461397.34375000 408.21450806    12601.48632812  9465.99316406   
