# SAXS profile: number of points = 501, q_min = 0, q_max = 0.5, delta_q = 0.001
#    q    intensity 
0.00000    162237760.00000000 101201720.00000000 256271616.00000000 92773.77343750  7759243.50000000 6128218.00000000 
0.00100    162213328.00000000 101185704.00000000 256230928.00000000 92755.45312500  7757871.00000000 6127161.00000000 
0.00200    162137216.00000000 101138080.00000000 256110304.00000000 92701.05468750  7753762.00000000 6123920.50000000 
0.00300    162011232.00000000 101058776.00000000 255908192.00000000 92610.77343750  7746910.00000000 6118478.50000000 
0.00400    161831712.00000000 100947160.00000000 255626944.00000000 92483.29687500  7737328.50000000 6110927.00000000 
0.00500    161601328.00000000 100804384.00000000 255264896.00000000 92320.92187500  7724981.50000000 6101213.50000000 
0.00600    161320320.00000000 100629608.00000000 254821840.00000000 92122.79687500  7709969.50000000 6089366.00000000 
0.00700    160989872.00000000 100423832.00000000 254299984.00000000 91889.10156250  7692271.00000000 6075398.00000000 
0.00800    160609424.00000000 100187080.00000000 253698672.00000000 91619.83593750  7671873.50000000 6059315.00000000 
0.00900    160177936.00000000 99919480.00000000 253020096.00000000 91316.29687500  7648845.50000000 6041137.50000000 
0.01000    159697456.00000000 99620864.00000000 252263568.00000000 90977.66406250  7623181.50000000 6020916.00000000 
0.01100    159170016.00000000 99292448.00000000 251431328.00000000 90605.39062500  7594970.50000000 5998588.00000000 
0.01200    158593760.00000000 98934312.00000000 250522880.00000000 90199.07031250  7564101.00000000 5974296.50000000 
0.01300    157970960.00000000 98546344.00000000 249539456.00000000 89759.84375000  7530770.50000000 5947979.50000000 
0.01400    157299904.00000000 98129344.00000000 248481200.00000000 89287.55468750  7494913.50000000 5919690.50000000 
0.01500    156583296.00000000 97683600.00000000 247350096.00000000 88783.42968750  7456606.00000000 5889488.00000000 
0.01600    155820448.00000000 97209584.00000000 246148864.00000000 88247.36718750  7415906.50000000 5857345.00000000 
0.01700    155013600.00000000 96707320.00000000 244874464.00000000 87681.08593750  7372815.50000000 5823352.00000000 
0.01800    154162800.00000000 96177880.00000000 243532672.00000000 87083.92968750  7327409.00000000 5787506.50000000 
0.01900    153268496.00000000 95621472.00000000 242122016.00000000 86457.32031250  7279708.00000000 5749922.50000000 
0.02000    152331904.00000000 95039616.00000000 240645824.00000000 85802.20312500  7229788.00000000 5710529.50000000 
0.02100    151355728.00000000 94431480.00000000 239103232.00000000 85118.43750000  7177718.00000000 5669458.00000000 
0.02200    150336864.00000000 93798328.00000000 237497456.00000000 84407.75781250  7123532.00000000 5626717.50000000 
0.02300    149280064.00000000 93140720.00000000 235830560.00000000 83670.59375000  7067248.50000000 5582321.50000000 
0.02400    148184112.00000000 92459304.00000000 234102672.00000000 82907.99218750  7008997.00000000 5536351.50000000 
0.02500    147051824.00000000 91755056.00000000 232315952.00000000 82120.08593750  6948822.50000000 5488874.00000000 
0.02600    145882592.00000000 91027440.00000000 230472416.00000000 81308.70312500  6886728.50000000 5439883.00000000 
0.02700    144678608.00000000 90278920.00000000 228573264.00000000 80473.99218750  6822879.00000000 5389486.00000000 
0.02800    143441536.00000000 89509016.00000000 226620608.00000000 79617.14843750  6757227.50000000 5337746.50000000 
0.02900    142170944.00000000 88719136.00000000 224616944.00000000 78739.15625000  6689941.50000000 5284612.00000000 
0.03000    140869088.00000000 87909240.00000000 222564320.00000000 77841.11718750  6621046.00000000 5230248.50000000 
0.03100    139536464.00000000 87080392.00000000 220462704.00000000 76923.98437500  6550557.50000000 5174644.00000000 
0.03200    138175648.00000000 86233880.00000000 218316768.00000000 75988.21093750  6478638.00000000 5117875.50000000 
0.03300    136786928.00000000 85369664.00000000 216124400.00000000 75035.45312500  6405269.50000000 5060058.00000000 
0.03400    135371344.00000000 84489168.00000000 213891872.00000000 74066.46875000  6330620.50000000 5001125.00000000 
0.03500    133930440.00000000 83593464.00000000 211619264.00000000 73081.82031250  6254711.00000000 4941211.00000000 
0.03600    132465944.00000000 82682352.00000000 209309040.00000000 72083.16406250  6177594.00000000 4880393.50000000 
0.03700    130978768.00000000 81757168.00000000 206963088.00000000 71071.20312500  6099383.00000000 4818666.00000000 
0.03800    129470416.00000000 80818744.00000000 204583296.00000000 70046.85156250  6020137.50000000 4756155.50000000 
0.03900    127941792.00000000 79868360.00000000 202172256.00000000 69011.50000000  5939917.00000000 4692874.00000000 
0.04000    126394344.00000000 78905680.00000000 199732336.00000000 67966.23437500  5858809.50000000 4628875.50000000 
0.04100    124829728.00000000 77932752.00000000 197264384.00000000 66911.75000000  5776892.50000000 4564239.00000000 
0.04200    123249512.00000000 76949512.00000000 194770800.00000000 65848.82812500  5694228.50000000 4499023.00000000 
0.04300    121654056.00000000 75957424.00000000 192255168.00000000 64778.87109375  5610895.50000000 4433295.50000000 
0.04400    120045952.00000000 74956800.00000000 189718864.00000000 63702.95312500  5526973.50000000 4367077.00000000 
0.04500    118425528.00000000 73949072.00000000 187162240.00000000 62621.94531250  5442547.50000000 4300477.00000000 
0.04600    116793824.00000000 72934504.00000000 184588336.00000000 61536.41796875  5357681.00000000 4233474.00000000 
0.04700    115153760.00000000 71914448.00000000 182002272.00000000 60448.10546875  5272405.00000000 4166227.25000000 
0.04800    113504232.00000000 70889192.00000000 179400592.00000000 59357.17578125  5186884.00000000 4098715.75000000 
0.04900    111849408.00000000 69859304.00000000 176789680.00000000 58265.35937500  5101059.50000000 4031029.75000000 
0.05000    110188816.00000000 68825880.00000000 174170384.00000000 57172.90234375  5015086.50000000 3963194.75000000 
0.05100    108523472.00000000 67790120.00000000 171544000.00000000 56081.17187500  4929044.50000000 3895294.50000000 
0.05200    106855376.00000000 66752656.00000000 168912672.00000000 54990.85546875  4842956.00000000 3827394.25000000 
0.05300    105184704.00000000 65714296.00000000 166277072.00000000 53902.70703125  4756890.00000000 3759480.50000000 
0.05400    103514176.00000000 64675228.00000000 163642352.00000000 52818.01171875  4670983.50000000 3691687.50000000 
0.05500    101844080.00000000 63636424.00000000 161007600.00000000 51737.22265625  4585203.50000000 3624006.00000000 
0.05600    100175464.00000000 62598900.00000000 158377008.00000000 50661.10546875  4499637.50000000 3556517.00000000 
0.05700    98509992.00000000 61563260.00000000 155750608.00000000 49590.76953125  4414392.50000000 3489241.25000000 
0.05800    96849096.00000000 60530196.00000000 153130592.00000000 48526.77734375  4329476.50000000 3422230.25000000 
0.05900    95192832.00000000 59499832.00000000 150516816.00000000 47469.83984375  4244958.50000000 3355539.50000000 
0.06000    93542688.00000000 58473512.00000000 147915360.00000000 46420.69531250  4160913.00000000 3289228.50000000 
0.06100    91899648.00000000 57451884.00000000 145323040.00000000 45380.21875000  4077371.25000000 3223323.25000000 
0.06200    90264888.00000000 56435316.00000000 142744800.00000000 44348.60156250  3994406.00000000 3157860.00000000 
0.06300    88639480.00000000 55424592.00000000 140180720.00000000 43326.99218750  3912049.25000000 3092878.00000000 
0.06400    87023680.00000000 54419944.00000000 137632864.00000000 42315.58203125  3830342.25000000 3028432.75000000 
0.06500    85419424.00000000 53422412.00000000 135102592.00000000 41315.17968750  3749369.75000000 2964526.75000000 
0.06600    83827184.00000000 52432348.00000000 132590832.00000000 40326.35937500  3669160.50000000 2901215.50000000 
0.06700    82247696.00000000 51449848.00000000 130100448.00000000 39349.59375000  3589734.75000000 2838535.00000000 
0.06800    80681216.00000000 50476172.00000000 127630440.00000000 38385.15234375  3511133.00000000 2776539.00000000 
0.06900    79129584.00000000 49511376.00000000 125183464.00000000 37433.71093750  3433421.50000000 2715224.00000000 
0.07000    77592704.00000000 48556292.00000000 122759480.00000000 36495.59765625  3356628.50000000 2654630.50000000 
0.07100    76071680.00000000 47610624.00000000 120361232.00000000 35571.56250000  3280772.00000000 2594769.00000000 
0.07200    74567104.00000000 46675448.00000000 117988880.00000000 34661.46875000  3205898.00000000 2535685.00000000 
0.07300    73080344.00000000 45750824.00000000 115643952.00000000 33765.87890625  3132031.00000000 2477414.75000000 
0.07400    71610816.00000000 44837680.00000000 113326552.00000000 32884.98046875  3059218.75000000 2419963.25000000 
0.07500    70159592.00000000 43935572.00000000 111038720.00000000 32019.31054688  2987459.50000000 2363337.25000000 
0.07600    68727592.00000000 43045360.00000000 108780688.00000000 31169.01562500  2916769.00000000 2307573.50000000 
0.07700    67314920.00000000 42167432.00000000 106552800.00000000 30334.11523438  2847215.00000000 2252688.50000000 
0.07800    65922224.00000000 41301580.00000000 104356312.00000000 29515.06640625  2778786.00000000 2198703.25000000 
0.07900    64549308.00000000 40448368.00000000 102191776.00000000 28711.76367188  2711502.50000000 2145616.25000000 
0.08000    63197608.00000000 39608152.00000000 100060464.00000000 27924.60351562  2645376.75000000 2093435.12500000 
0.08100    61866388.00000000 38780884.00000000 97961904.00000000 27153.57617188  2580459.50000000 2042209.75000000 
0.08200    60556956.00000000 37967264.00000000 95897368.00000000 26398.77734375  2516708.25000000 1991909.75000000 
0.08300    59268952.00000000 37166832.00000000 93866168.00000000 25660.41796875  2454156.75000000 1942559.12500000 
0.08400    58002880.00000000 36380368.00000000 91870568.00000000 24938.34570312  2392818.75000000 1894164.12500000 
0.08500    56759288.00000000 35607680.00000000 89909312.00000000 24232.68945312  2332695.75000000 1846723.37500000 
0.08600    55537548.00000000 34848620.00000000 87983800.00000000 23543.28125000  2273800.25000000 1800253.50000000 
0.08700    54338456.00000000 34103768.00000000 86093368.00000000 22870.19140625  2216117.25000000 1754744.00000000 
0.08800    53162120.00000000 33372798.00000000 84238584.00000000 22213.50390625  2159666.75000000 1710206.62500000 
0.08900    52008172.00000000 32656112.00000000 82420272.00000000 21572.99804688  2104441.50000000 1666631.25000000 
0.09000    50877056.00000000 31953650.00000000 80637224.00000000 20948.39843750  2050451.37500000 1624018.87500000 
0.09100    49768700.00000000 31265348.00000000 78890728.00000000 20339.99023438  1997650.62500000 1582369.87500000 
0.09200    48683756.00000000 30591196.00000000 77179328.00000000 19747.35742188  1946082.62500000 1541686.00000000 
0.09300    47620924.00000000 29931402.00000000 75504936.00000000 19170.41406250  1895715.87500000 1501949.00000000 
0.09400    46580868.00000000 29285590.00000000 73866144.00000000 18608.85546875  1846554.25000000 1463153.25000000 
0.09500    45563848.00000000 28653962.00000000 72262480.00000000 18062.72265625  1798572.37500000 1425301.25000000 
0.09600    44568920.00000000 28036422.00000000 70694848.00000000 17531.82812500  1751778.62500000 1388382.75000000 
0.09700    43596824.00000000 27433026.00000000 69162616.00000000 17015.78710938  1706162.62500000 1352386.50000000 
0.09800    42646876.00000000 26843338.00000000 67665952.00000000 16514.49609375  1661698.87500000 1317303.37500000 
0.09900    41719276.00000000 26267482.00000000 66203956.00000000 16027.70605469  1618382.12500000 1283119.62500000 
0.10000    40813344.00000000 25705240.00000000 64776388.00000000 15555.13574219  1576182.75000000 1249826.50000000 
0.10100    39929088.00000000 25156594.00000000 63383308.00000000 15096.43652344  1535099.25000000 1217408.12500000 
0.10200    39066592.00000000 24621294.00000000 62024176.00000000 14651.45898438  1495112.50000000 1185859.00000000 
0.10300    38224784.00000000 24099098.00000000 60698252.00000000 14219.94531250  1456202.37500000 1155152.37500000 
0.10400    37404168.00000000 23590108.00000000 59405660.00000000 13801.50878906  1418360.87500000 1125289.50000000 
0.10500    36604840.00000000 23094036.00000000 58146260.00000000 13396.07324219  1381554.62500000 1096250.12500000 
0.10600    35825196.00000000 22610692.00000000 56917952.00000000 13003.03125000  1345765.37500000 1068003.25000000 
0.10700    35065808.00000000 22139714.00000000 55721996.00000000 12622.25097656  1310982.12500000 1040553.25000000 
0.10800    34326112.00000000 21681010.00000000 54556716.00000000 12253.56445312  1277177.87500000 1013880.31250000 
0.10900    33605772.00000000 21234334.00000000 53422476.00000000 11896.38476562  1244334.37500000 987962.81250000 
0.11000    32904704.00000000 20799646.00000000 52317916.00000000 11550.62207031  1212428.25000000 962779.81250000 
0.11100    32222230.00000000 20376526.00000000 51242980.00000000 11215.83496094  1181442.25000000 938323.93750000 
0.11200    31557786.00000000 19964692.00000000 50196992.00000000 10891.74316406  1151343.37500000 914567.43750000 
0.11300    30911446.00000000 19564182.00000000 49179344.00000000 10578.04882812  1122117.50000000 891499.56250000 
0.11400    30282734.00000000 19174428.00000000 48189112.00000000 10274.48828125  1093753.25000000 869107.56250000 
0.11500    29671106.00000000 18795380.00000000 47226076.00000000 9980.66113281   1066199.12500000 847363.50000000 
0.11600    29076276.00000000 18426748.00000000 46289452.00000000 9696.39257812   1039458.31250000 826249.81250000 
0.11700    28497966.00000000 18068442.00000000 45378704.00000000 9421.24023438   1013506.87500000 805754.62500000 
0.11800    27935386.00000000 17719834.00000000 44492996.00000000 9154.91894531   988296.93750000 785853.81250000 
0.11900    27388108.00000000 17380892.00000000 43631404.00000000 8897.14746094   963832.68750000 766534.37500000 
0.12000    26856106.00000000 17051436.00000000 42793616.00000000 8647.72851562   940075.31250000 747772.50000000 
0.12100    26339048.00000000 16731096.00000000 41979640.00000000 8406.27539062   917019.56250000 729563.18750000 
0.12200    25835880.00000000 16419497.00000000 41187724.00000000 8172.50537109   894623.62500000 711870.62500000 
0.12300    25346802.00000000 16116624.00000000 40417728.00000000 7946.16503906   872879.00000000 694697.93750000 
0.12400    24871200.00000000 15822002.00000000 39668996.00000000 7726.96630859   851763.06250000 678007.43750000 
0.12500    24408442.00000000 15535410.00000000 38940644.00000000 7514.62597656   831243.18750000 661794.00000000 
0.12600    23958658.00000000 15256874.00000000 38232376.00000000 7308.94287109   811313.31250000 646040.68750000 
0.12700    23520892.00000000 14985778.00000000 37543348.00000000 7109.65820312   791945.18750000 630733.18750000 
0.12800    23094942.00000000 14722022.00000000 36872576.00000000 6916.43164062   773112.68750000 615844.00000000 
0.12900    22680442.00000000 14465282.00000000 36220504.00000000 6729.12890625   754809.06250000 601372.31250000 
0.13000    22277104.00000000 14215457.00000000 35585320.00000000 6547.49902344   737013.37500000 587289.87500000 
0.13100    21884384.00000000 13972203.00000000 34967020.00000000 6371.24267578   719689.25000000 573588.43750000 
0.13200    21501886.00000000 13735267.00000000 34364752.00000000 6200.23974609   702839.43750000 560251.87500000 
0.13300    21129310.00000000 13504517.00000000 33778312.00000000 6034.27783203   686435.93750000 547269.93750000 
0.13400    20766372.00000000 13279642.00000000 33206636.00000000 5873.10644531   670464.25000000 534622.87500000 
0.13500    20412528.00000000 13060382.00000000 32649632.00000000 5716.51513672   654899.62500000 522302.78125000 
0.13600    20067564.00000000 12846639.00000000 32106098.00000000 5564.44189453   639740.00000000 510293.06250000 
0.13700    19731166.00000000 12638094.00000000 31576416.00000000 5416.49267578   624958.62500000 498577.34375000 
0.13800    19402794.00000000 12434552.00000000 31059264.00000000 5272.76318359   610540.87500000 487152.18750000 
0.13900    19082314.00000000 12235882.00000000 30554506.00000000 5132.95458984   596477.81250000 476001.62500000 
0.14000    18769508.00000000 12041806.00000000 30061398.00000000 4996.89697266   582750.62500000 465114.09375000 
0.14100    18463938.00000000 11852190.00000000 29579800.00000000 4864.52392578   569354.87500000 454483.93750000 
0.14200    18165070.00000000 11666772.00000000 29108988.00000000 4735.60205078   556267.31250000 444091.87500000 
0.14300    17873096.00000000 11485419.00000000 28648656.00000000 4610.06591797   543473.06250000 433937.46875000 
0.14400    17587292.00000000 11307940.00000000 28197992.00000000 4487.79003906   530968.43750000 424002.28125000 
0.14500    17307740.00000000 11134205.00000000 27757002.00000000 4368.65478516   518743.15625000 414283.46875000 
0.14600    17034054.00000000 10964008.00000000 27325218.00000000 4252.57373047   506779.25000000 404775.03125000 
0.14700    16765907.00000000 10797308.00000000 26902332.00000000 4139.42480469   495073.25000000 395461.62500000 
0.14800    16503033.00000000 10633772.00000000 26487446.00000000 4029.09814453   483609.87500000 386339.15625000 
0.14900    16245379.00000000 10473337.00000000 26080700.00000000 3921.48388672   472380.46875000 377401.25000000 
0.15000    15992624.00000000 10315951.00000000 25681626.00000000 3816.58056641   461379.21875000 368638.93750000 
0.15100    15744568.00000000 10161314.00000000 25289638.00000000 3714.24291992   450599.56250000 360048.50000000 
0.15200    15501060.00000000 10009530.00000000 24905162.00000000 3614.46044922   440035.34375000 351625.84375000 
0.15300    15261874.00000000 9860299.00000000 24526980.00000000 3517.09716797   429673.43750000 343356.87500000 
0.15400    15026802.00000000 9713456.00000000 24155414.00000000 3422.11694336   419506.90625000 335245.15625000 
0.15500    14795658.00000000 9569105.00000000 23789786.00000000 3329.50512695   409536.21875000 327282.28125000 
0.15600    14568308.00000000 9426884.00000000 23430194.00000000 3239.12670898   399747.25000000 319461.15625000 
0.15700    14344715.00000000 9287009.00000000 23076392.00000000 3151.03417969   390144.50000000 311783.56250000 
0.15800    14124489.00000000 9149137.00000000 22727636.00000000 3065.07324219   380712.50000000 304241.00000000 
0.15900    13907823.00000000 9013299.00000000 22384454.00000000 2981.31347656   371452.56250000 296830.75000000 
0.16000    13694239.00000000 8879385.00000000 22046066.00000000 2899.60546875   362360.84375000 289549.84375000 
0.16100    13483991.00000000 8747424.00000000 21712624.00000000 2820.03173828   353432.09375000 282396.25000000 
0.16200    13276585.00000000 8617125.00000000 21383828.00000000 2742.49096680   344663.65625000 275367.06250000 
0.16300    13072193.00000000 8488603.00000000 21059438.00000000 2666.93041992   336051.09375000 268456.59375000 
0.16400    12870538.00000000 8361753.00000000 20739526.00000000 2593.37207031   327591.31250000 261669.85937500 
0.16500    12671669.00000000 8236524.00000000 20423638.00000000 2521.76879883   319284.40625000 254998.51562500 
0.16600    12475457.00000000 8112838.00000000 20112026.00000000 2452.10620117   311124.09375000 248440.79687500 
0.16700    12281879.00000000 7990590.50000000 19804116.00000000 2384.33959961   303106.90625000 241996.21875000 
0.16800    12090598.00000000 7869825.50000000 19500100.00000000 2318.44873047   295236.21875000 235663.89062500 
0.16900    11901941.00000000 7750551.50000000 19199956.00000000 2254.47485352   287507.84375000 229443.17187500 
0.17000    11715675.00000000 7632683.50000000 18903328.00000000 2192.33422852   279920.40625000 223331.42187500 
0.17100    11531569.00000000 7516112.50000000 18610318.00000000 2131.99487305   272471.62500000 217326.70312500 
0.17200    11349866.00000000 7400899.00000000 18320688.00000000 2073.48217773   265158.25000000 211430.57812500 
0.17300    11170413.00000000 7287004.00000000 18034634.00000000 2016.74584961   257983.12500000 205640.12500000 
0.17400    10993142.00000000 7174401.50000000 17751934.00000000 1961.80639648   250944.03125000 199957.53125000 
0.17500    10817984.00000000 7063041.00000000 17472510.00000000 1908.59838867   244039.04687500 194377.92187500 
0.17600    10644905.00000000 6952893.00000000 17196206.00000000 1857.11035156   237263.62500000 188901.15625000 
0.17700    10474052.00000000 6844045.00000000 16923326.00000000 1807.36474609   230624.73437500 183531.35937500 
0.17800    10305202.00000000 6736351.00000000 16653439.00000000 1759.26525879   224114.68750000 178262.35937500 
0.17900    10138473.00000000 6629900.50000000 16386910.00000000 1712.86645508   217737.00000000 173098.32812500 
0.18000    9973767.00000000 6524605.00000000 16123307.00000000 1668.10583496   211488.84375000 168035.42187500 
0.18100    9811113.00000000 6420584.00000000 15863085.00000000 1625.01403809   205373.73437500 163077.34375000 
0.18200    9650394.00000000 6317653.00000000 15605705.00000000 1583.45092773   199381.59375000 158215.43750000 
0.18300    9491705.00000000 6215934.00000000 15351515.00000000 1543.48632812   193519.81250000 153456.71875000 
0.18400    9334938.00000000 6115382.50000000 15100234.00000000 1505.08361816   187783.54687500 148799.43750000 
0.18500    9180212.00000000 6016017.00000000 14852106.00000000 1468.19140625   182176.46875000 144241.32812500 
0.18600    9027434.00000000 5917764.00000000 14606968.00000000 1432.80041504   176693.12500000 139781.70312500 
0.18700    8876610.00000000 5820699.00000000 14364935.00000000 1398.87426758   171334.75000000 135423.12500000 
0.18800    8727763.00000000 5724783.00000000 14125802.00000000 1366.37036133   166098.78125000 131160.43750000 
0.18900    8580891.00000000 5630088.00000000 13889806.00000000 1335.29138184   160989.03125000 126997.98437500 
0.19000    8435856.00000000 5536469.00000000 13656546.00000000 1305.54602051   155994.82812500 122928.60937500 
0.19100    8292866.50000000 5444092.00000000 13426688.00000000 1277.21069336   151128.85937500 118960.90625000 
0.19200    8151743.00000000 5352815.00000000 13199561.00000000 1250.11694336   146377.06250000 115084.18750000 
0.19300    8012705.50000000 5262770.00000000 12975567.00000000 1224.33935547   141748.10937500 111306.32031250 
0.19400    7875414.00000000 5173840.50000000 12754477.00000000 1199.76660156   137233.26562500 107618.65625000 
0.19500    7740129.00000000 5086098.00000000 12536447.00000000 1176.39624023   132835.12500000 104026.20312500 
0.19600    7606749.00000000 4999497.00000000 12321346.00000000 1154.19323730   128551.15625000 100524.55468750 
0.19700    7475271.00000000 4914042.50000000 12109307.00000000 1133.12109375   124381.46093750 97114.43750000  
0.19800    7345658.00000000 4829786.00000000 11900216.00000000 1113.10729980   120321.39062500 93793.30468750  
0.19900    7218078.00000000 4746694.50000000 11694128.00000000 1094.16369629   116374.33593750 90563.00000000  
0.20000    7092244.00000000 4664746.00000000 11491008.00000000 1076.20239258   112532.46093750 87417.17187500  
0.20100    6968396.00000000 4583954.00000000 11290757.00000000 1059.22644043   108798.36718750 84359.88281250  
0.20200    6846401.50000000 4504319.50000000 11093562.00000000 1043.17065430   105169.10156250 81385.75000000  
0.20300    6726288.00000000 4425862.00000000 10899312.00000000 1028.00927734   101643.15625000 78496.82812500  
0.20400    6608035.50000000 4348518.00000000 10707893.00000000 1013.68432617   98217.23437500  75688.76562500  
0.20500    6491576.50000000 4272339.00000000 10519465.00000000 1000.16625977   94891.23437500  72962.01562500  
0.20600    6376957.00000000 4197282.50000000 10333969.00000000 987.39660645    91660.37500000  70313.22656250  
0.20700    6264205.50000000 4123358.75000000 10151286.00000000 975.37353516    88526.39843750  67742.57812500  
0.20800    6153213.50000000 4050565.50000000 9971410.00000000 964.01470947    85483.47656250  65246.47656250  
0.20900    6044099.00000000 3978964.75000000 9794549.00000000 953.34924316    82535.41406250  62828.73828125  
0.21000    5936685.50000000 3908421.75000000 9620338.00000000 943.24945068    79671.72656250  60479.79687500  
0.21100    5831061.00000000 3838951.25000000 9449039.00000000 933.72515869    76896.19531250  58202.85937500  
0.21200    5727158.00000000 3770645.50000000 9280421.00000000 924.73297119    74202.55468750  55994.39453125  
0.21300    5624987.50000000 3703370.50000000 9114530.00000000 916.23553467    71591.44531250  53852.90625000  
0.21400    5524532.00000000 3637200.75000000 8951441.00000000 908.20623779    69060.57812500  51778.31250000  
0.21500    5425780.00000000 3572134.75000000 8791066.00000000 900.61596680    66608.60937500  49768.61718750  
0.21600    5328668.00000000 3508075.00000000 8633310.00000000 893.38519287    64228.57812500  47818.79687500  
0.21700    5233186.00000000 3445104.75000000 8478108.00000000 886.53375244    61923.01171875  45930.72265625  
0.21800    5139315.50000000 3383136.25000000 8325586.00000000 880.00195312    59687.27343750  44100.89453125  
0.21900    5047011.00000000 3322182.25000000 8175509.00000000 873.75848389    57517.73828125  42326.19921875  
0.22000    4956281.50000000 3262238.50000000 8028009.50000000 867.78533936    55414.70703125  40606.87109375  
0.22100    4867185.00000000 3203330.75000000 7883066.50000000 862.06323242    53377.28515625  38943.32031250  
0.22200    4779544.00000000 3145380.00000000 7740528.00000000 856.55541992    51401.22265625  37329.42187500  
0.22300    4693381.00000000 3088386.50000000 7600333.00000000 851.22595215    49482.52734375  35765.15625000  
0.22400    4608688.00000000 3032345.75000000 7462490.00000000 846.04882812    47621.61718750  34248.41796875  
0.22500    4525523.00000000 2977274.25000000 7327131.00000000 841.04913330    45817.03515625  32780.87109375  
0.22600    4443704.00000000 2923094.25000000 7193981.50000000 836.14068604    44063.88671875  31355.29492188  
0.22700    4363317.50000000 2869850.50000000 7063115.50000000 831.35919189    42363.44140625  29974.70703125  
0.22800    4284273.50000000 2817495.25000000 6934442.00000000 826.64923096    40710.87890625  28634.93750000  
0.22900    4206524.00000000 2765991.00000000 6807910.00000000 821.99700928    39105.02734375  27334.50195312  
0.23000    4130183.25000000 2715390.75000000 6683585.00000000 817.42169189    37545.55859375  26073.49023438  
0.23100    4055066.50000000 2665605.50000000 6561308.00000000 812.87475586    36029.82421875  24850.22851562  
0.23200    3981227.50000000 2616648.75000000 6441069.50000000 808.35906982    34554.60546875  23661.22851562  
0.23300    3908625.25000000 2568536.50000000 6322853.00000000 803.85913086    33121.04687500  22507.48632812  
0.23400    3837237.75000000 2521215.25000000 6206639.00000000 799.38183594    31726.12500000  21387.21875000  
0.23500    3766962.75000000 2474647.50000000 6092275.50000000 794.87500000    30366.24414062  20296.62109375  
0.23600    3697924.50000000 2428873.50000000 5979877.50000000 790.39288330    29043.99218750  19238.49414062  
0.23700    3629994.00000000 2383862.00000000 5869320.00000000 785.89282227    27755.36523438  18209.41992188  
0.23800    3563200.50000000 2339601.50000000 5760581.50000000 781.38909912    26500.72265625  17209.29101562  
0.23900    3497455.75000000 2296035.75000000 5653597.00000000 776.85900879    25276.10937500  16235.05175781  
0.24000    3432786.50000000 2253192.25000000 5548368.00000000 772.32366943    24082.86132812  15287.92285156  
0.24100    3369205.00000000 2211077.50000000 5444906.00000000 767.78051758    22920.97265625  14367.12792969  
0.24200    3306613.50000000 2169626.75000000 5343076.00000000 763.21795654    21786.46875000  13470.46777344  
0.24300    3245038.25000000 2128838.50000000 5242891.00000000 758.63897705    20679.84765625  12597.26269531  
0.24400    3184410.75000000 2088702.62500000 5144298.00000000 754.05133057    19599.45117188  11746.84472656  
0.24500    3124746.75000000 2049214.37500000 5047264.50000000 749.46478271    18544.95117188  10918.55957031  
0.24600    3066037.00000000 2010374.12500000 4951805.50000000 744.88201904    17516.58984375  10112.00000000  
0.24700    3008261.25000000 1972153.25000000 4857899.00000000 740.30175781    16512.59960938  9327.06250000   
0.24800    2951359.00000000 1934526.37500000 4765427.00000000 735.74249268    15532.56542969  8561.99609375   
0.24900    2895360.25000000 1897505.37500000 4674394.00000000 731.18383789    14575.37207031  7816.62060547   
0.25000    2840225.25000000 1861056.62500000 4584818.50000000 726.67126465    13641.67382812  7091.08789062   
0.25100    2785909.50000000 1825176.00000000 4496614.50000000 722.17651367    12730.08398438  6383.97119141   
0.25200    2732526.00000000 1789911.25000000 4409885.50000000 717.74987793    11842.62597656  5696.77343750   
0.25300    2679922.50000000 1755159.87500000 4324465.50000000 713.36999512    10975.66503906  5027.16064453   
0.25400    2628131.00000000 1720974.87500000 4240337.00000000 709.04693604    10131.02539062  4376.01855469   
0.25500    2577135.75000000 1687301.50000000 4157519.00000000 704.79675293    9306.75585938   3741.75854492   
0.25600    2526910.25000000 1654176.25000000 4076062.75000000 700.62109375    8504.92773438   3125.64428711   
0.25700    2477485.50000000 1621559.00000000 3995833.00000000 696.53631592    7723.51074219   2526.71533203   
0.25800    2428823.25000000 1589466.50000000 3916866.25000000 692.55639648    6963.43359375   1945.17028809   
0.25900    2380919.50000000 1557880.25000000 3839130.50000000 688.68572998    6224.59960938   1380.61218262   
0.26000    2333787.75000000 1526786.00000000 3762630.75000000 684.93395996    5507.00048828   833.39929199    
0.26100    2287313.50000000 1496179.50000000 3687284.00000000 681.30145264    4809.28662109   302.36608887    
0.26200    2241648.75000000 1466077.50000000 3613218.50000000 677.82763672    4134.57519531   -210.37472534   
0.26300    2196646.50000000 1436428.87500000 3540228.75000000 674.45880127    3478.19042969   -708.28118896   
0.26400    2152394.50000000 1407260.87500000 3468452.75000000 671.26300049    2844.57348633   -1188.43676758  
0.26500    2108841.50000000 1378571.37500000 3397849.00000000 668.22698975    2231.97412109   -1651.68029785  
0.26600    2065978.00000000 1350340.25000000 3328326.25000000 665.35522461    1640.29589844   -2098.34545898  
0.26700    2023839.00000000 1322571.87500000 3259985.00000000 662.66241455    1070.80615234   -2527.68286133  
0.26800    1982382.37500000 1295260.12500000 3192760.50000000 660.14978027    523.21704102    -2939.90380859  
0.26900    1941598.87500000 1268383.25000000 3126612.00000000 657.81140137    -4.49165154     -3336.37915039  
0.27000    1901507.62500000 1241970.87500000 3061605.25000000 655.67126465    -509.36489868   -3715.17773438  
0.27100    1862068.25000000 1215984.62500000 2997653.75000000 653.71990967    -992.83966064   -4077.66528320  
0.27200    1823362.12500000 1190472.87500000 2934872.25000000 651.98620605    -1452.28027344  -4421.42871094  
0.27300    1785286.50000000 1165360.00000000 2873088.50000000 650.43798828    -1892.33093262  -4749.91210938  
0.27400    1747812.37500000 1140655.87500000 2812300.50000000 649.06604004    -2311.86230469  -5062.52539062  
0.27500    1711102.50000000 1116434.87500000 2752722.00000000 647.94024658    -2705.69775391  -5355.50439453  
0.27600    1674953.37500000 1092578.87500000 2694050.50000000 646.98883057    -3080.32104492  -5633.92675781  
0.27700    1639521.25000000 1069195.75000000 2636539.25000000 646.26495361    -3430.54711914  -5893.36132812  
0.27800    1604712.50000000 1046208.56250000 2580031.50000000 645.74145508    -3759.81030273  -6136.91796875  
0.27900    1570556.00000000 1023646.68750000 2524580.25000000 645.41662598    -4066.58544922  -6363.26708984  
0.28000    1537046.00000000 1001488.00000000 2470117.75000000 645.29577637    -4351.34716797  -6572.71191406  
0.28100    1504166.12500000 979744.81250000 2416697.75000000 645.37042236    -4614.67529297  -6765.58691406  
0.28200    1471949.75000000 958416.50000000 2364303.00000000 645.65435791    -4854.55664062  -6941.10498047  
0.28300    1440342.25000000 937484.93750000 2312898.75000000 646.12335205    -5073.46728516  -7100.36572266  
0.28400    1409356.25000000 916943.81250000 2262520.00000000 646.77935791    -5271.13867188  -7243.49414062  
0.28500    1379020.50000000 896827.50000000 2213150.75000000 647.62487793    -5445.97216797  -7369.11376953  
0.28600    1349278.75000000 877083.87500000 2164717.00000000 648.62902832    -5600.72802734  -7479.62792969  
0.28700    1320171.37500000 857742.31250000 2117298.50000000 649.81988525    -5733.99804688  -7573.60839844  
0.28800    1291656.12500000 838778.25000000 2070825.87500000 651.16687012    -5846.35839844  -7651.96826172  
0.28900    1263783.25000000 820233.25000000 2025379.12500000 652.68109131    -5937.57763672  -7714.04785156  
0.29000    1236488.62500000 802034.43750000 1980843.75000000 654.32952881    -6009.28466797  -7761.34667969  
0.29100    1209819.50000000 784248.93750000 1937319.75000000 656.13208008    -6060.18505859  -7792.80175781  
0.29200    1183724.62500000 766824.93750000 1894688.00000000 658.06005859    -6091.89160156  -7809.36962891  
0.29300    1158247.25000000 749788.25000000 1853037.50000000 660.11968994    -6103.36035156  -7810.76660156  
0.29400    1133303.87500000 733098.31250000 1812246.75000000 662.26647949    -6098.21142578  -7799.41503906  
0.29500    1108989.12500000 716799.12500000 1772442.00000000 664.55065918    -6072.33300781  -7772.39160156  
0.29600    1085216.62500000 700848.31250000 1733517.12500000 666.90802002    -6029.82421875  -7732.47802734  
0.29700    1061988.37500000 685247.68750000 1695469.37500000 669.35015869    -5970.25000000  -7679.50781250  
0.29800    1039360.00000000 670015.06250000 1658339.75000000 671.86663818    -5892.68359375  -7612.98339844  
0.29900    1017280.12500000 655141.50000000 1622090.12500000 674.45690918    -5798.52832031  -7533.36474609  
0.30000    995720.75000000 640596.12500000 1586687.87500000 677.08227539    -5689.69824219  -7442.71191406  
0.30100    974726.18750000 626414.87500000 1552182.25000000 679.76794434    -5563.99902344  -7339.03466797  
0.30200    954229.18750000 612546.12500000 1518454.87500000 682.47778320    -5424.82568359  -7225.01806641  
0.30300    934280.25000000 599026.25000000 1485615.00000000 685.21002197    -5270.71093750  -7099.36816406  
0.30400    914855.62500000 585844.37500000 1453601.50000000 687.95819092    -5102.43994141  -6962.72656250  
0.30500    895904.50000000 572958.75000000 1422340.00000000 690.69427490    -4922.52001953  -6817.20800781  
0.30600    877457.00000000 560400.75000000 1391879.62500000 693.42932129    -4730.09863281  -6661.67138672  
0.30700    859528.31250000 548176.06250000 1362259.37500000 696.14807129    -4524.72265625  -6496.12353516  
0.30800    842043.31250000 536234.06250000 1333347.75000000 698.83264160    -4309.28955078  -6322.88818359  
0.30900    825058.37500000 524611.00000000 1305228.37500000 701.49090576    -4082.63281250  -6140.50097656  
0.31000    808528.00000000 513292.09375000 1277857.62500000 704.09399414    -3846.45678711  -5950.90771484  
0.31100    792433.06250000 502244.28125000 1251184.12500000 706.64379883    -3600.90502930  -5753.75537109  
0.31200    776799.43750000 491500.56250000 1225231.25000000 709.13208008    -3347.06835938  -5549.79931641  
0.31300    761595.87500000 481029.56250000 1199973.87500000 711.54797363    -3084.96289062  -5339.57275391  
0.31400    746839.00000000 470853.31250000 1175429.12500000 713.88671875    -2815.23999023  -5122.63525391  
0.31500    732465.93750000 460927.56250000 1151526.62500000 716.13525391    -2539.27563477  -4901.17529297  
0.31600    718507.62500000 451286.50000000 1128301.00000000 718.29498291    -2256.88818359  -4674.34082031  
0.31700    704958.62500000 441894.68750000 1105709.50000000 720.35943604    -1968.57531738  -4442.21728516  
0.31800    691780.62500000 432754.00000000 1083725.87500000 722.30474854    -1676.50939941  -4207.44433594  
0.31900    679005.12500000 423879.06250000 1062401.87500000 724.16583252    -1378.32800293  -3967.09643555  
0.32000    666582.50000000 415241.59375000 1041659.06250000 725.89538574    -1077.43103027  -3724.35668945  
0.32100    654512.81250000 406838.37500000 1021475.37500000 727.50823975    -773.09906006   -3478.69067383  
0.32200    642818.06250000 398684.53125000 1001924.87500000 729.00427246    -465.24252319   -3229.89111328  
0.32300    631427.25000000 390729.93750000 982850.18750000 730.36437988    -156.37377930   -2979.82348633  
0.32400    620377.56250000 383005.59375000 964339.25000000 731.59893799    154.47331238    -2727.75634766  
0.32500    609648.00000000 375500.59375000 946358.06250000 732.70343018    466.43960571    -2474.58642578  
0.32600    599231.37500000 368212.50000000 928894.06250000 733.68139648    779.26055908    -2220.08105469  
0.32700    589121.81250000 361123.46875000 911926.68750000 734.52154541    1092.90014648   -1964.80419922  
0.32800    579326.37500000 354252.87500000 895498.00000000 735.23352051    1407.05944824   -1708.38745117  
0.32900    569786.43750000 347558.68750000 879482.75000000 735.80285645    1719.62841797   -1453.01647949  
0.33000    560545.12500000 341073.09375000 863958.62500000 736.24780273    2032.06481934   -1196.92919922  
0.33100    551533.93750000 334743.81250000 848820.18750000 736.53778076    2342.27856445   -942.45428467   
0.33200    542850.56250000 328634.71875000 834214.50000000 736.71923828    2652.87158203   -687.12316895   
0.33300    534373.18750000 322680.12500000 819984.00000000 736.75860596    2960.30053711   -433.87667847   
0.33400    526164.06250000 316910.50000000 806176.00000000 736.67504883    3266.44213867   -181.25883484   
0.33500    518182.06250000 311296.25000000 792762.31250000 736.45782471    3569.46899414   69.72308350     
0.33600    510430.68750000 305849.59375000 779725.18750000 736.11431885    3869.91113281   319.04302979    
0.33700    502897.18750000 300557.28125000 767070.43750000 735.65753174    4167.85400391   566.64477539    
0.33800    495601.50000000 295429.84375000 754812.87500000 735.08056641    4463.03369141   812.63104248    
0.33900    488492.25000000 290438.62500000 742859.56250000 734.38067627    4754.34033203   1055.89453125   
0.34000    481596.40625000 285597.84375000 731278.43750000 733.57684326    5042.38281250   1297.16235352   
0.34100    474894.90625000 280902.37500000 720033.68750000 732.66491699    5327.19726562   1536.24316406   
0.34200    468422.62500000 276366.28125000 709167.31250000 731.65972900    5609.38085938   1773.59289551   
0.34300    462094.09375000 271939.18750000 698558.75000000 730.54223633    5886.50683594   2007.31237793   
0.34400    455991.78125000 267668.81250000 688329.62500000 729.34515381    6161.28613281   2239.56787109   
0.34500    450039.68750000 263511.18750000 678355.50000000 728.05590820    6431.53613281   2468.54809570   
0.34600    444300.68750000 259506.17187500 668737.68750000 726.68896484    6699.01464844   2695.78002930   
0.34700    438681.78125000 255588.75000000 659332.68750000 725.23388672    6961.16650391   2918.87622070   
0.34800    433253.50000000 251812.76562500 650257.43750000 723.71099854    7219.89892578   3139.82836914   
0.34900    427988.56250000 248155.65625000 641451.31250000 722.12176514    7475.35449219   3358.20971680   
0.35000    422869.93750000 244603.20312500 632904.62500000 720.46203613    7726.32128906   3573.38940430   
0.35100    417940.09375000 241187.65625000 624682.00000000 718.75964355    7974.60742188   3786.82788086   
0.35200    413110.81250000 237851.18750000 616633.87500000 716.98718262    8217.85449219   3996.21752930   
0.35300    408452.56250000 234632.25000000 608870.25000000 715.16986084    8457.59277344   4203.01025391   
0.35400    403945.21875000 231529.12500000 601371.25000000 713.31506348    8694.16210938   4407.54150391   
0.35500    399580.21875000 228523.01562500 594113.68750000 711.42071533    8926.93066406   4609.06298828   
0.35600    395331.46875000 225608.90625000 587057.43750000 709.48474121    9155.71289062   4807.62597656   
0.35700    391239.78125000 222800.98437500 580263.87500000 707.53155518    9381.60156250   5003.80712891   
0.35800    387285.71875000 220095.10937500 573706.75000000 705.54357910    9604.10937500   5197.39501953   
0.35900    383466.28125000 217485.51562500 567377.06250000 703.54785156    9823.50488281   5388.56689453   
0.36000    379793.03125000 214977.60937500 561297.12500000 701.52691650    10040.04687500  5577.43554688   
0.36100    376220.25000000 212544.93750000 555380.93750000 699.49493408    10252.80566406  5763.14892578   
0.36200    372825.96875000 210233.43750000 549767.00000000 697.46490479    10464.11132812  5947.75634766   
0.36300    369506.25000000 207976.18750000 544282.00000000 695.40515137    10670.76367188  6128.48242188   
0.36400    366317.81250000 205811.37500000 539005.12500000 693.34704590    10874.57421875  6307.02783203   
0.36500    363251.96875000 203733.21875000 533947.37500000 691.28784180    11076.04687500  6483.21435547   
0.36600    360332.75000000 201757.21875000 529135.43750000 689.24633789    11275.85839844  6658.01513672   
0.36700    357506.62500000 199838.59375000 524453.18750000 687.19012451    11471.38867188  6829.41943359   
0.36800    354848.68750000 198038.42187500 520069.87500000 685.15869141    11666.59960938  7000.17089844   
0.36900    352288.15625000 196303.43750000 515845.31250000 683.13238525    11858.81738281  7168.46533203   
0.37000    349807.53125000 194622.28125000 511740.78125000 681.09545898    12046.97460938  7333.32666016   
0.37100    347456.78125000 193030.35937500 507856.00000000 679.07794189    12233.54589844  7496.43017578   
0.37200    345246.81250000 191530.15625000 504208.93750000 677.08660889    12419.09765625  7658.27929688   
0.37300    343128.06250000 190089.62500000 500693.31250000 675.08532715    12601.33984375  7817.54150391   
0.37400    341137.31250000 188731.37500000 497398.93750000 673.11560059    12782.45507812  7975.36425781   
0.37500    339260.78125000 187449.89062500 494272.18750000 671.15539551    12961.30664062  8131.26171875   
0.37600    337493.90625000 186239.62500000 491335.59375000 669.19903564    13137.96777344  8284.66796875   
0.37700    335813.09375000 185083.26562500 488526.40625000 667.25286865    13311.81445312  8435.87207031   
0.37800    334257.53125000 184003.45312500 485917.53125000 665.32867432    13484.29199219  8585.60351562   
0.37900    332826.18750000 183005.78125000 483511.87500000 663.41326904    13655.44335938  8733.64062500   
0.38000    331477.90625000 182056.28125000 481231.37500000 661.50256348    13823.68750000  8879.14062500   
0.38100    330214.78125000 181164.43750000 479091.75000000 659.59582520    13989.46386719  9022.25878906   
0.38200    329082.21875000 180348.10937500 477147.56250000 657.70434570    14154.24316406  9164.14746094   
0.38300    328020.06250000 179577.85937500 475311.00000000 655.80810547    14315.58789062  9302.99414062   
0.38400    327087.18750000 178889.06250000 473688.65625000 653.92291260    14476.23730469  9440.73437500   
0.38500    326216.43750000 178233.06250000 472154.18750000 652.03167725    14633.32812500  9575.45898438   
0.38600    325482.06250000 177659.26562500 470827.68750000 650.15557861    14789.52832031  9709.00390625   
0.38700    324791.96875000 177112.92187500 469572.50000000 648.25732422    14941.78320312  9839.11914062   
0.38800    324207.96875000 176629.21875000 468476.28125000 646.35778809    15092.28515625  9967.36132812   
0.38900    323698.25000000 176188.78125000 467496.62500000 644.45294189    15239.94726562  10092.91601562  
0.39000    323310.87500000 175822.53125000 466702.37500000 642.54010010    15386.07617188  10217.07910156  
0.39100    322972.50000000 175482.42187500 465991.18750000 640.61145020    15529.20117188  10338.27636719  
0.39200    322729.59375000 175198.20312500 465417.31250000 638.67236328    15669.55371094  10457.06835938  
0.39300    322547.46875000 174948.96875000 464934.03125000 636.70959473    15806.48437500  10572.87109375  
0.39400    322480.15625000 174765.42187500 464619.46875000 634.74279785    15941.85839844  10687.03515625  
0.39500    322441.90625000 174595.92187500 464348.65625000 632.73358154    16072.76074219  10797.33300781  
0.39600    322479.59375000 174470.35937500 464194.56250000 630.70184326    16200.87890625  10905.03710938  
0.39700    322579.12500000 174379.57812500 464129.37500000 628.64355469    16325.33300781  11009.83984375  
0.39800    322760.18750000 174336.70312500 464195.87500000 626.55944824    16447.54492188  11112.39355469  
0.39900    322988.03125000 174316.84375000 464321.25000000 624.44073486    16565.52929688  11211.43554688  
0.40000    323274.93750000 174326.14062500 464536.00000000 622.28698730    16680.00195312  11307.54785156  
0.40100    323604.59375000 174363.40625000 464809.21875000 620.09179688    16790.35156250  11400.03222656  
0.40200    324006.96875000 174439.73437500 465197.96875000 617.86401367    16897.67382812  11490.02832031  
0.40300    324428.75000000 174525.75000000 465613.65625000 615.58734131    16999.97070312  11575.79296875  
0.40400    324912.40625000 174644.26562500 466113.21875000 613.27117920    17099.13671875  11659.08105469  
0.40500    325433.96875000 174778.62500000 466667.68750000 610.91137695    17193.57421875  11738.50292969  
0.40600    326009.81250000 174950.09375000 467307.06250000 608.51452637    17284.91015625  11815.34082031  
0.40700    326602.62500000 175125.96875000 467967.65625000 606.05975342    17371.05078125  11887.97167969  
0.40800    327226.50000000 175316.82812500 468666.43750000 603.55395508    17452.44921875  11956.92187500  
0.40900    327872.84375000 175520.73437500 469398.31250000 601.00256348    17529.31054688  12022.18457031  
0.41000    328572.90625000 175753.14062500 470215.90625000 598.40417480    17602.61132812  12084.59667969  
0.41100    329272.43750000 175983.06250000 471021.00000000 595.75085449    17670.34765625  12142.64746094  
0.41200    329982.75000000 176217.20312500 471844.96875000 593.03594971    17733.09765625  12196.67773438  
0.41300    330728.25000000 176471.93750000 472725.28125000 590.28088379    17791.70117188  12247.62988281  
0.41400    331470.12500000 176719.37500000 473594.25000000 587.47161865    17844.95312500  12294.24414062  
0.41500    332244.40625000 176985.01562500 474506.53125000 584.60913086    17893.84179688  12337.51074219  
0.41600    332984.87500000 177233.51562500 475365.15625000 581.68408203    17936.37890625  12376.03710938  
0.41700    333765.81250000 177501.73437500 476286.34375000 578.72283936    17975.30273438  12411.91015625  
0.41800    334567.59375000 177781.78125000 477244.59375000 575.71105957    18009.51367188  12444.14160156  
0.41900    335300.59375000 178019.00000000 478085.31250000 572.63348389    18036.54687500  12470.84863281  
0.42000    336080.03125000 178281.42187500 478995.87500000 569.51708984    18060.10742188  12494.89941406  
0.42100    336852.65625000 178548.17187500 479910.37500000 566.35284424    18078.84960938  12515.35253906  
0.42200    337612.81250000 178802.23437500 480796.59375000 563.14404297    18092.36718750  12532.00000000  
0.42300    338346.03125000 179039.01562500 481643.90625000 559.88226318    18099.92968750  12544.16894531  
0.42400    339073.31250000 179274.45312500 482481.40625000 556.57196045    18102.89257812  12552.85253906  
0.42500    339788.31250000 179501.03125000 483295.84375000 553.23077393    18101.00585938  12558.18945312  
0.42600    340470.87500000 179709.45312500 484062.09375000 549.83868408    18093.56054688  12559.10253906  
0.42700    341162.56250000 179926.29687500 484852.56250000 546.42187500    18082.14062500  12557.36718750  
0.42800    341810.81250000 180116.00000000 485568.62500000 542.95397949    18065.08789062  12551.49609375  
0.42900    342467.00000000 180313.78125000 486305.09375000 539.46813965    18044.32812500  12542.79199219  
0.43000    343078.93750000 180486.17187500 486977.37500000 535.94360352    18018.18164062  12530.29296875  
0.43100    343638.84375000 180631.14062500 487569.21875000 532.37945557    17986.42187500  12513.69921875  
0.43200    344214.18750000 180785.53125000 488186.62500000 528.80560303    17951.47265625  12494.82128906  
0.43300    344738.12500000 180912.60937500 488731.96875000 525.19573975    17911.34375000  12472.14550781  
0.43400    345240.06250000 181030.70312500 489248.31250000 521.57128906    17866.81640625  12446.52832031  
0.43500    345704.81250000 181127.39062500 489702.12500000 517.92559814    17818.00000000  12417.74218750  
0.43600    346173.68750000 181228.90625000 490167.46875000 514.27459717    17766.16601562  12386.91308594  
0.43700    346575.43750000 181291.04687500 490541.40625000 510.59725952    17709.04687500  12352.21191406  
0.43800    346935.28125000 181338.37500000 490852.65625000 506.91140747    17647.90429688  12314.63085938  
0.43900    347290.09375000 181377.25000000 491156.43750000 503.22048950    17583.51757812  12274.88769531  
0.44000    347605.37500000 181402.62500000 491412.25000000 499.52862549    17515.35351562  12232.50781250  
0.44100    347886.46875000 181408.48437500 491612.68750000 495.83782959    17443.75585938  12187.55664062  
0.44200    348142.50000000 181403.34375000 491783.37500000 492.14514160    17368.91210938  12140.48242188  
0.44300    348362.15625000 181383.23437500 491905.84375000 488.45993042    17290.67382812  12091.25195312  
0.44400    348554.75000000 181347.56250000 491988.37500000 484.78463745    17209.77929688  12039.81933594  
0.44500    348674.93750000 181274.21875000 491970.68750000 481.09970093    17124.29882812  11985.36718750  
0.44600    348782.71875000 181195.32812500 491928.68750000 477.43917847    17036.90039062  11929.63964844  
0.44700    348880.00000000 181116.68750000 491885.43750000 473.80334473    16947.18945312  11872.32421875  
0.44800    348913.53125000 181001.65625000 491749.46875000 470.17181396    16854.32617188  11812.91015625  
0.44900    348948.50000000 180894.23437500 491617.71875000 466.57373047    16759.74218750  11752.36718750  
0.45000    348953.53125000 180771.68750000 491447.90625000 462.99795532    16663.54101562  11690.48828125  
0.45100    348888.93750000 180612.01562500 491178.03125000 459.43460083    16563.46289062  11626.20019531  
0.45200    348824.65625000 180456.84375000 490917.46875000 455.90814209    16462.70117188  11561.34277344  
0.45300    348712.15625000 180278.73437500 490586.43750000 452.40798950    16359.52050781  11494.87011719  
0.45400    348584.78125000 180094.65625000 490237.09375000 448.94100952    16254.91113281  11427.54199219  
0.45500    348432.40625000 179898.35937500 489850.71875000 445.51168823    16149.12011719  11359.38476562  
0.45600    348239.93750000 179684.84375000 489419.71875000 442.10845947    16041.30371094  11289.79980469  
0.45700    348034.93750000 179466.28125000 488966.34375000 438.75094604    15932.73144531  11219.82714844  
0.45800    347788.46875000 179227.07812500 488462.21875000 435.42984009    15822.81054688  11148.99023438  
0.45900    347516.78125000 178979.29687500 487918.59375000 432.14669800    15711.55078125  11077.07617188  
0.46000    347254.28125000 178738.81250000 487402.06250000 428.91854858    15600.83496094  11005.86816406  
0.46100    346915.84375000 178456.48437500 486769.50000000 425.71249390    15487.36621094  10932.51757812  
0.46200    346605.25000000 178194.48437500 486181.50000000 422.56265259    15374.77734375  10859.93066406  
0.46300    346249.06250000 177909.32812500 485533.43750000 419.45605469    15260.89257812  10786.54785156  
0.46400    345862.93750000 177611.45312500 484846.31250000 416.39324951    15146.70117188  10712.82226562  
0.46500    345482.56250000 177318.54687500 484168.37500000 413.38690186    15032.77636719  10639.21386719  
0.46600    345068.18750000 177008.96875000 483445.37500000 410.41973877    14917.93066406  10565.35156250  
0.46700    344618.28125000 176680.98437500 482672.84375000 407.49389648    14802.50585938  10490.79882812  
0.46800    344193.78125000 176375.89062500 481947.53125000 404.63256836    14688.37695312  10417.29980469  
0.46900    343716.09375000 176036.07812500 481137.84375000 401.80981445    14573.07910156  10342.95996094  
0.47000    343228.87500000 175698.60937500 480317.68750000 399.03750610    14458.19531250  10268.77343750  
0.47100    342734.81250000 175358.09375000 479503.68750000 396.32156372    14343.70605469  10195.04589844  
0.47200    342227.46875000 175011.12500000 478659.90625000 393.65197754    14229.41601562  10121.29687500  
0.47300    341714.06250000 174667.54687500 477822.40625000 391.03604126    14115.79199219  10048.18457031  
0.47400    341155.65625000 174296.46875000 476912.34375000 388.45886230    14001.38476562  9974.30273438   
0.47500    340611.25000000 173935.29687500 476026.87500000 385.93875122    13888.08984375  9901.36621094   
0.47600    340071.46875000 173583.64062500 475160.62500000 383.47924805    13776.22851562  9829.40234375   
0.47700    339470.40625000 173193.92187500 474194.40625000 381.04797363    13662.85937500  9756.00781250   
0.47800    338885.93750000 172817.73437500 473258.28125000 378.67993164    13551.25585938  9684.15917969   
0.47900    338308.43750000 172449.14062500 472336.96875000 376.36218262    13440.53222656  9612.85058594   
0.48000    337683.43750000 172055.28125000 471350.56250000 374.08520508    13329.46289062  9541.11621094   
0.48100    337100.93750000 171686.12500000 470428.09375000 371.87350464    13220.30175781  9470.81933594   
0.48200    336441.75000000 171273.39062500 469385.78125000 369.68325806    13109.85253906  9399.37988281   
0.48300    335794.31250000 170870.96875000 468369.81250000 367.55166626    13000.83203125  9328.98339844   
0.48400    335153.21875000 170474.54687500 467367.81250000 365.46911621    12893.13574219  9259.39453125   
0.48500    334491.68750000 170066.00000000 466334.31250000 363.43267822    12785.49414062  9189.93066406   
0.48600    333836.71875000 169665.89062500 465315.21875000 361.44909668    12679.30957031  9121.40332031   
0.48700    333156.53125000 169255.03125000 464264.46875000 359.50607300    12573.43066406  9052.81250000   
0.48800    332450.96875000 168824.98437500 463167.78125000 357.59777832    12467.36523438  8984.22558594   
0.48900    331749.96875000 168400.73437500 462082.03125000 355.74368286    12362.54296875  8916.23925781   
0.49000    331044.78125000 167977.12500000 460994.09375000 353.93399048    12258.81250000  8849.24414062   
0.49100    330339.90625000 167557.84375000 459916.21875000 352.17077637    12156.22656250  8782.80957031   
0.49200    329601.87500000 167115.42187500 458778.28125000 350.44839478    12053.35351562  8716.14453125   
0.49300    328863.53125000 166678.42187500 457644.12500000 348.76681519    11951.78710938  8650.26269531   
0.49400    328114.00000000 166235.29687500 456496.81250000 347.12866211    11850.75878906  8584.93847656   
0.49500    327345.65625000 165782.56250000 455325.34375000 345.53134155    11750.27539062  8519.79296875   
0.49600    326588.43750000 165340.09375000 454170.46875000 343.98428345    11651.25195312  8455.56347656   
0.49700    325797.03125000 164876.98437500 452961.81250000 342.46899414    11552.18945312  8391.22656250   
0.49800    325011.12500000 164419.34375000 451763.71875000 341.00314331    11454.42773438  8327.92968750   
0.49900    324191.75000000 163943.17187500 450518.37500000 339.56808472    11356.70214844  8264.39453125   
0.50000    323377.12500000 163475.45312500 449286.68750000 338.18765259    11260.33398438  8201.99804688   
