# SAXS profile: number of points = 501, q_min = 0, q_max = 0.5, delta_q = 0.001
#    q    intensity 
0.00000    162233872.00000000 101203192.00000000 256270544.00000000 111618.41406250 8510933.00000000 6721904.00000000 
0.00100    162199536.00000000 101178744.00000000 256211424.00000000 111582.76562500 8508561.00000000 6720045.00000000 
0.00200    162093168.00000000 101109240.00000000 256036768.00000000 111476.95312500 8501535.00000000 6714523.50000000 
0.00300    161907616.00000000 100994296.00000000 255741728.00000000 111301.48437500 8489801.00000000 6705338.50000000 
0.00400    161646528.00000000 100833048.00000000 255332512.00000000 111055.61718750 8473583.00000000 6692518.00000000 
0.00500    161308672.00000000 100626880.00000000 254805168.00000000 110739.99218750 8452599.00000000 6676042.50000000 
0.00600    160897408.00000000 100373496.00000000 254162656.00000000 110355.68750000 8427090.00000000 6656015.00000000 
0.00700    160413344.00000000 100076632.00000000 253407584.00000000 109904.05468750 8397144.00000000 6632396.00000000 
0.00800    159854768.00000000 99735040.00000000 252538352.00000000 109385.59375000 8362638.00000000 6605313.00000000 
0.00900    159231440.00000000 99351632.00000000 251556416.00000000 108801.71093750 8323763.00000000 6574756.50000000 
0.01000    158541824.00000000 98924432.00000000 250466640.00000000 108154.32031250 8280620.00000000 6540814.50000000 
0.01100    157779840.00000000 98454352.00000000 249270400.00000000 107443.45312500 8233260.50000000 6503628.50000000 
0.01200    156947344.00000000 97942752.00000000 247964416.00000000 106672.35156250 8181687.00000000 6463101.00000000 
0.01300    156050960.00000000 97389648.00000000 246557744.00000000 105840.66406250 8126196.00000000 6419436.50000000 
0.01400    155089072.00000000 96797088.00000000 245049408.00000000 104952.33593750 8066696.00000000 6372708.00000000 
0.01500    154065104.00000000 96165856.00000000 243441216.00000000 104008.14062500 8003513.50000000 6322944.50000000 
0.01600    152982224.00000000 95498072.00000000 241739232.00000000 103010.68750000 7936568.00000000 6270302.00000000 
0.01700    151837184.00000000 94792960.00000000 239942928.00000000 101961.83593750 7866123.00000000 6214913.50000000 
0.01800    150636704.00000000 94051664.00000000 238054128.00000000 100864.35937500 7792216.50000000 6156788.00000000 
0.01900    149379056.00000000 93277008.00000000 236081952.00000000 99719.55468750  7715057.50000000 6096096.50000000 
0.02000    148069968.00000000 92469304.00000000 234023808.00000000 98530.96875000  7634739.00000000 6032912.50000000 
0.02100    146708496.00000000 91629688.00000000 231885440.00000000 97300.05468750  7551458.00000000 5967422.00000000 
0.02200    145297648.00000000 90759488.00000000 229670112.00000000 96029.92968750  7465321.00000000 5899679.50000000 
0.02300    143839696.00000000 89860584.00000000 227379536.00000000 94723.61718750  7376534.50000000 5829837.50000000 
0.02400    142338336.00000000 88933184.00000000 225020928.00000000 93383.64062500  7285258.00000000 5758011.00000000 
0.02500    140793728.00000000 87980432.00000000 222593552.00000000 92011.85156250  7191631.00000000 5684261.00000000 
0.02600    139209904.00000000 87002496.00000000 220105632.00000000 90611.12500000  7095762.50000000 5608908.00000000 
0.02700    137590176.00000000 86001136.00000000 217555936.00000000 89184.60937500  6997931.50000000 5531868.50000000 
0.02800    135932512.00000000 84978336.00000000 214953584.00000000 87735.27343750  6898228.50000000 5453392.00000000 
0.02900    134243696.00000000 83935112.00000000 212298896.00000000 86264.29687500  6796834.50000000 5373583.00000000 
0.03000    132525264.00000000 82872568.00000000 209597424.00000000 84776.62500000  6693937.00000000 5292558.50000000 
0.03100    130779344.00000000 81793528.00000000 206850016.00000000 83273.24218750  6589641.50000000 5210475.00000000 
0.03200    129007144.00000000 80698672.00000000 204064928.00000000 81757.03906250  6484249.50000000 5127409.00000000 
0.03300    127213472.00000000 79588984.00000000 201243680.00000000 80231.13281250  6377779.50000000 5043593.00000000 
0.03400    125398832.00000000 78467352.00000000 198389824.00000000 78697.17187500  6270451.00000000 4959074.00000000 
0.03500    123568112.00000000 77335040.00000000 195507968.00000000 77159.09375000  6162446.50000000 4874021.00000000 
0.03600    121720608.00000000 76192712.00000000 192601840.00000000 75617.28125000  6053892.00000000 4788526.00000000 
0.03700    119860040.00000000 75041648.00000000 189676048.00000000 74076.50781250  5944952.00000000 4702717.50000000 
0.03800    117990560.00000000 73883552.00000000 186732176.00000000 72538.19531250  5835727.50000000 4616668.50000000 
0.03900    116112816.00000000 72719760.00000000 183775360.00000000 71002.95312500  5726527.00000000 4530581.00000000 
0.04000    114228008.00000000 71552728.00000000 180810256.00000000 69474.33593750  5617382.00000000 4444532.50000000 
0.04100    112340256.00000000 70382504.00000000 177840064.00000000 67954.65625000  5508376.00000000 4358602.00000000 
0.04200    110451080.00000000 69212016.00000000 174864448.00000000 66445.07812500  5399715.00000000 4272961.50000000 
0.04300    108563432.00000000 68041296.00000000 171890176.00000000 64947.92968750  5291565.50000000 4187716.00000000 
0.04400    106677544.00000000 66872604.00000000 168920432.00000000 63464.36718750  5184000.50000000 4102900.00000000 
0.04500    104797936.00000000 65706328.00000000 165959376.00000000 61996.81250000  5077187.50000000 4018648.00000000 
0.04600    102924248.00000000 64543904.00000000 163007888.00000000 60546.66406250  4971120.50000000 3935003.75000000 
0.04700    101059944.00000000 63386480.00000000 160068688.00000000 59115.00781250  4866052.00000000 3852148.50000000 
0.04800    99205992.00000000 62235492.00000000 157148288.00000000 57703.37500000  4762003.50000000 3770076.00000000 
0.04900    97364816.00000000 61091784.00000000 154244576.00000000 56312.80468750  4659121.00000000 3688888.00000000 
0.05000    95537432.00000000 59956728.00000000 151364304.00000000 54945.03515625  4557471.00000000 3608670.00000000 
0.05100    93725456.00000000 58830780.00000000 148508544.00000000 53600.05078125  4457126.00000000 3529470.00000000 
0.05200    91930488.00000000 57715260.00000000 145678976.00000000 52279.26562500  4358132.50000000 3451354.25000000 
0.05300    90154328.00000000 56610532.00000000 142876928.00000000 50984.17578125  4260690.50000000 3374410.00000000 
0.05400    88397904.00000000 55518732.00000000 140107392.00000000 49714.42968750  4164710.00000000 3298633.50000000 
0.05500    86662808.00000000 54438860.00000000 137370656.00000000 48471.09375000  4070333.50000000 3224136.25000000 
0.05600    84950008.00000000 53373040.00000000 134669152.00000000 47254.50000000  3977580.50000000 3150922.50000000 
0.05700    83261240.00000000 52321548.00000000 132003528.00000000 46065.18750000  3886559.00000000 3079016.25000000 
0.05800    81596664.00000000 51285076.00000000 129375464.00000000 44903.01953125  3797264.50000000 3008481.25000000 
0.05900    79957320.00000000 50263960.00000000 126787792.00000000 43768.78125000  3709713.25000000 2939342.25000000 
0.06000    78344136.00000000 49259252.00000000 124241320.00000000 42662.60546875  3623989.50000000 2871587.25000000 
0.06100    76758616.00000000 48270744.00000000 121737352.00000000 41584.19140625  3540051.00000000 2805308.00000000 
0.06200    75199336.00000000 47299268.00000000 119276608.00000000 40532.97265625  3457976.25000000 2740449.75000000 
0.06300    73669640.00000000 46345240.00000000 116859832.00000000 39509.28515625  3377760.00000000 2677062.25000000 
0.06400    72168240.00000000 45409040.00000000 114489344.00000000 38513.60546875  3299376.75000000 2615115.50000000 
0.06500    70696248.00000000 44490708.00000000 112162944.00000000 37544.76171875  3222880.75000000 2554647.50000000 
0.06600    69253016.00000000 43590732.00000000 109883600.00000000 36602.95312500  3148227.50000000 2495641.00000000 
0.06700    67840488.00000000 42708768.00000000 107651792.00000000 35687.22656250  3075409.25000000 2438120.50000000 
0.06800    66457312.00000000 41845644.00000000 105466928.00000000 34797.81250000  3004452.75000000 2382035.50000000 
0.06900    65104876.00000000 41001088.00000000 103328840.00000000 33933.55078125  2935320.00000000 2327355.25000000 
0.07000    63782872.00000000 40175176.00000000 101238736.00000000 33094.51562500  2867996.00000000 2274139.00000000 
0.07100    62490088.00000000 39368528.00000000 99196904.00000000 32279.49804688  2802442.25000000 2222335.00000000 
0.07200    61228100.00000000 38580128.00000000 97201952.00000000 31488.35546875  2738672.50000000 2171903.00000000 
0.07300    59996200.00000000 37810852.00000000 95254592.00000000 30720.49218750  2676620.50000000 2122840.50000000 
0.07400    58794280.00000000 37060068.00000000 93354480.00000000 29975.08398438  2616267.00000000 2075143.00000000 
0.07500    57621880.00000000 36327772.00000000 91501520.00000000 29251.35742188  2557608.50000000 2028743.37500000 
0.07600    56478800.00000000 35613716.00000000 89694424.00000000 28548.43359375  2500545.75000000 1983628.12500000 
0.07700    55364760.00000000 34917700.00000000 87933648.00000000 27866.21679688  2445076.75000000 1939789.87500000 
0.07800    54279264.00000000 34240176.00000000 86218384.00000000 27203.62304688  2391203.75000000 1897169.37500000 
0.07900    53222604.00000000 33579668.00000000 84547584.00000000 26560.13085938  2338784.00000000 1855750.87500000 
0.08000    52193492.00000000 32937010.00000000 82920640.00000000 25934.66210938  2287870.25000000 1815487.25000000 
0.08100    51192156.00000000 32311352.00000000 81337208.00000000 25326.96484375  2238362.25000000 1776354.37500000 
0.08200    50216960.00000000 31702706.00000000 79797016.00000000 24735.72656250  2190241.50000000 1738319.25000000 
0.08300    49268648.00000000 31110236.00000000 78297784.00000000 24160.98828125  2143438.75000000 1701334.25000000 
0.08400    48345892.00000000 30534132.00000000 76839240.00000000 23601.66406250  2097947.25000000 1665382.75000000 
0.08500    47448764.00000000 29973948.00000000 75420848.00000000 23057.06445312  2053703.50000000 1630410.25000000 
0.08600    46575200.00000000 29429222.00000000 74041912.00000000 22526.75976562  2010667.12500000 1596386.62500000 
0.08700    45725836.00000000 28899334.00000000 72700368.00000000 22010.12304688  1968765.12500000 1563287.12500000 
0.08800    44900224.00000000 28384246.00000000 71395920.00000000 21506.32421875  1927992.00000000 1531067.12500000 
0.08900    44096792.00000000 27883490.00000000 70127184.00000000 21015.08593750  1888276.37500000 1499685.12500000 
0.09000    43315352.00000000 27396664.00000000 68893288.00000000 20535.57617188  1849597.25000000 1469120.37500000 
0.09100    42555324.00000000 26923080.00000000 67693784.00000000 20067.48046875  1811880.87500000 1439330.12500000 
0.09200    41816252.00000000 26462582.00000000 66526540.00000000 19610.22851562  1775125.00000000 1410290.62500000 
0.09300    41097008.00000000 26014850.00000000 65391636.00000000 19163.53125000  1739268.25000000 1381963.25000000 
0.09400    40397032.00000000 25579090.00000000 64286628.00000000 18726.61132812  1704262.75000000 1354310.75000000 
0.09500    39715500.00000000 25155168.00000000 63211940.00000000 18299.33984375  1670086.25000000 1327305.62500000 
0.09600    39051740.00000000 24742798.00000000 62165108.00000000 17881.21484375  1636695.87500000 1300934.50000000 
0.09700    38405992.00000000 24341246.00000000 61146268.00000000 17472.12109375  1604055.00000000 1275161.87500000 
0.09800    37776480.00000000 23950322.00000000 60154072.00000000 17071.45898438  1572144.87500000 1249942.62500000 
0.09900    37163196.00000000 23569614.00000000 59187584.00000000 16678.96093750  1540927.62500000 1225280.12500000 
0.10000    36565032.00000000 23198486.00000000 58245392.00000000 16294.32421875  1510346.75000000 1201129.25000000 
0.10100    35981848.00000000 22836676.00000000 57326120.00000000 15917.56250000  1480416.12500000 1177471.00000000 
0.10200    35412796.00000000 22483934.00000000 56430288.00000000 15548.23828125  1451073.25000000 1154298.87500000 
0.10300    34857416.00000000 22139758.00000000 55555660.00000000 15186.30371094  1422317.50000000 1131566.50000000 
0.10400    34314936.00000000 21803814.00000000 54701932.00000000 14831.42382812  1394100.00000000 1109282.00000000 
0.10500    33785216.00000000 21476088.00000000 53867776.00000000 14483.63183594  1366427.00000000 1087410.87500000 
0.10600    33267182.00000000 21155468.00000000 53052700.00000000 14142.37011719  1339260.00000000 1065922.50000000 
0.10700    32760642.00000000 20842406.00000000 52255880.00000000 13808.11035156  1312573.87500000 1044828.12500000 
0.10800    32265156.00000000 20535908.00000000 51476780.00000000 13480.39843750  1286383.50000000 1024111.31250000 
0.10900    31779862.00000000 20236036.00000000 50713720.00000000 13159.10449219  1260630.25000000 1003741.87500000 
0.11000    31304942.00000000 19942530.00000000 49966532.00000000 12844.34960938  1235323.62500000 983719.81250000 
0.11100    30839328.00000000 19655202.00000000 49234600.00000000 12535.88769531  1210449.12500000 964030.06250000 
0.11200    30382998.00000000 19373476.00000000 48517180.00000000 12233.83593750  1185982.25000000 944660.50000000 
0.11300    29935356.00000000 19096844.00000000 47813640.00000000 11937.95214844  1161918.12500000 925605.06250000 
0.11400    29495964.00000000 18825866.00000000 47123056.00000000 11648.40820312  1138267.75000000 906860.68750000 
0.11500    29064594.00000000 18559572.00000000 46445300.00000000 11364.93457031  1114981.62500000 888412.81250000 
0.11600    28640996.00000000 18298292.00000000 45779252.00000000 11087.71093750  1092078.75000000 870262.75000000 
0.11700    28224736.00000000 18041290.00000000 45124896.00000000 10816.63085938  1069549.50000000 852395.56250000 
0.11800    27815146.00000000 17788616.00000000 44481576.00000000 10551.54492188  1047378.37500000 834803.56250000 
0.11900    27412610.00000000 17540196.00000000 43848268.00000000 10292.50781250  1025563.68750000 817493.93750000 
0.12000    27016454.00000000 17295500.00000000 43225524.00000000 10039.51171875  1004108.00000000 800454.87500000 
0.12100    26626410.00000000 17054732.00000000 42612440.00000000 9792.55664062   982999.50000000 783686.25000000 
0.12200    26242398.00000000 16817468.00000000 42008576.00000000 9551.49707031   962241.62500000 767186.37500000 
0.12300    25864008.00000000 16583776.00000000 41413776.00000000 9316.31933594   941819.81250000 750954.68750000 
0.12400    25491034.00000000 16353417.00000000 40827104.00000000 9087.01464844   921742.00000000 734974.37500000 
0.12500    25123544.00000000 16126056.00000000 40248668.00000000 8863.42285156   901991.31250000 719255.81250000 
0.12600    24761166.00000000 15901921.00000000 39678256.00000000 8645.77441406   882585.75000000 703805.18750000 
0.12700    24403672.00000000 15680694.00000000 39115656.00000000 8433.73339844   863509.62500000 688612.43750000 
0.12800    24051050.00000000 15462284.00000000 38560052.00000000 8227.29882812   844764.81250000 673673.87500000 
0.12900    23703202.00000000 15246692.00000000 38012324.00000000 8026.32080078   826349.31250000 658989.31250000 
0.13000    23359520.00000000 15033681.00000000 37470792.00000000 7830.82666016   808256.62500000 644560.37500000 
0.13100    23020478.00000000 14823095.00000000 36936048.00000000 7640.64355469   790492.00000000 630378.43750000 
0.13200    22685854.00000000 14615180.00000000 36408212.00000000 7455.70996094   773054.18750000 616456.37500000 
0.13300    22355226.00000000 14409679.00000000 35886728.00000000 7276.03417969   755935.93750000 602778.25000000 
0.13400    22028574.00000000 14206600.00000000 35371384.00000000 7101.31347656   739141.12500000 589357.12500000 
0.13500    21706122.00000000 14005614.00000000 34862044.00000000 6931.52636719   722662.00000000 576182.43750000 
0.13600    21387360.00000000 13807059.00000000 34358504.00000000 6766.54003906   706503.56250000 563259.68750000 
0.13700    21072664.00000000 13610546.00000000 33861136.00000000 6606.22265625   690651.50000000 550574.75000000 
0.13800    20761682.00000000 13416325.00000000 33369274.00000000 6450.43017578   675110.00000000 538137.87500000 
0.13900    20454266.00000000 13224171.00000000 32883212.00000000 6299.06152344   659889.18750000 525939.25000000 
0.14000    20150688.00000000 13034169.00000000 32402404.00000000 6151.98291016   644962.37500000 513989.09375000 
0.14100    19850688.00000000 12846148.00000000 31927246.00000000 6009.03222656   630343.75000000 502273.21875000 
0.14200    19554008.00000000 12660119.00000000 31457214.00000000 5870.02050781   616019.50000000 490790.75000000 
0.14300    19260936.00000000 12476157.00000000 30992654.00000000 5734.88427734   601995.31250000 479547.09375000 
0.14400    18971378.00000000 12294017.00000000 30533082.00000000 5603.37744141   588252.12500000 468530.50000000 
0.14500    18685074.00000000 12114003.00000000 30078856.00000000 5475.45458984   574801.31250000 457742.40625000 
0.14600    18402136.00000000 11935858.00000000 29629578.00000000 5350.96777344   561634.75000000 447180.03125000 
0.14700    18122656.00000000 11759571.00000000 29185748.00000000 5229.70947266   548748.75000000 436839.40625000 
0.14800    17846510.00000000 11585207.00000000 28746378.00000000 5111.56054688   536128.37500000 426713.40625000 
0.14900    17573382.00000000 11412664.00000000 28312502.00000000 4996.35253906   523782.71875000 416802.28125000 
0.15000    17303864.00000000 11242014.00000000 27883204.00000000 4883.95605469   511697.90625000 407102.43750000 
0.15100    17037174.00000000 11073191.00000000 27458960.00000000 4774.31445312   499869.96875000 397608.65625000 
0.15200    16773890.00000000 10906246.00000000 27039302.00000000 4667.24316406   488295.28125000 388318.06250000 
0.15300    16513795.00000000 10741129.00000000 26624712.00000000 4562.60302734   476970.31250000 379226.84375000 
0.15400    16256628.00000000 10577755.00000000 26214652.00000000 4460.26708984   465879.09375000 370325.90625000 
0.15500    16002651.00000000 10416281.00000000 25809326.00000000 4360.16357422   455031.40625000 361619.00000000 
0.15600    15751752.00000000 10256436.00000000 25408760.00000000 4262.14697266   444407.90625000 353093.62500000 
0.15700    15503889.00000000 10098524.00000000 25012936.00000000 4166.17431641   434010.25000000 344752.68750000 
0.15800    15258913.00000000 9942308.00000000 24621638.00000000 4072.02929688   423828.25000000 336584.15625000 
0.15900    15016986.00000000 9787827.00000000 24234908.00000000 3979.73510742   413862.62500000 328593.06250000 
0.16000    14777968.00000000 9635078.00000000 23852690.00000000 3889.17480469   404098.40625000 320763.68750000 
0.16100    14541953.00000000 9484175.00000000 23475254.00000000 3800.25585938   394542.34375000 313104.78125000 
0.16200    14308763.00000000 9335038.00000000 23102024.00000000 3712.93994141   385176.71875000 305603.96875000 
0.16300    14078626.00000000 9187482.00000000 22733514.00000000 3627.14794922   376003.53125000 298254.40625000 
0.16400    13851150.00000000 9041732.00000000 22369242.00000000 3542.82275391   367016.87500000 291055.15625000 
0.16500    13626670.00000000 8897604.00000000 22009612.00000000 3459.89770508   358210.75000000 284005.87500000 
0.16600    13404969.00000000 8755309.00000000 21654436.00000000 3378.39135742   349574.28125000 277096.59375000 
0.16700    13185961.00000000 8614596.00000000 21303190.00000000 3298.17309570   341110.15625000 270325.37500000 
0.16800    12969644.00000000 8475512.00000000 20956588.00000000 3219.27343750   332810.71875000 263689.90625000 
0.16900    12756320.00000000 8338254.50000000 20614060.00000000 3141.69726562   324676.00000000 257186.48437500 
0.17000    12545590.00000000 8202554.00000000 20276116.00000000 3065.32690430   316693.21875000 250808.31250000 
0.17100    12337496.00000000 8068519.00000000 19942014.00000000 2990.26489258   308864.09375000 244555.09375000 
0.17200    12132141.00000000 7936114.50000000 19612212.00000000 2916.43676758   301179.87500000 238423.09375000 
0.17300    11929426.00000000 7805401.00000000 19286760.00000000 2843.84570312   293643.12500000 232408.07812500 
0.17400    11729431.00000000 7676312.00000000 18965238.00000000 2772.50976562   286251.53125000 226509.95312500 
0.17500    11531961.00000000 7548805.50000000 18648070.00000000 2702.39941406   278991.90625000 220720.82812500 
0.17600    11337061.00000000 7422914.50000000 18334812.00000000 2633.54907227   271865.93750000 215040.21875000 
0.17700    11144769.00000000 7298659.00000000 18025590.00000000 2565.97094727   264873.68750000 209469.35937500 
0.17800    10955051.00000000 7175933.50000000 17720570.00000000 2499.66308594   258010.46875000 204000.59375000 
0.17900    10767786.00000000 7054785.00000000 17419530.00000000 2434.65502930   251271.28125000 198634.31250000 
0.18000    10583055.00000000 6935303.00000000 17122160.00000000 2370.93823242   244659.14062500 193367.60937500 
0.18100    10400948.00000000 6817365.00000000 16829382.00000000 2308.57812500   238169.37500000 188202.56250000 
0.18200    10221207.00000000 6700903.50000000 16539934.00000000 2247.49487305   231796.71875000 183130.06250000 
0.18300    10043867.00000000 6586056.00000000 16254686.00000000 2187.80957031   225542.21875000 178154.21875000 
0.18400    9869101.00000000 6472729.00000000 15973134.00000000 2129.46801758   219404.07812500 173271.04687500 
0.18500    9696794.00000000 6360997.50000000 15695629.00000000 2072.54541016   213384.78125000 168480.59375000 
0.18600    9526807.00000000 6250739.50000000 15422016.00000000 2017.01806641   207475.31250000 163778.53125000 
0.18700    9359259.00000000 6141940.00000000 15152094.00000000 1962.91284180   201679.07812500 159168.28125000 
0.18800    9194046.00000000 6034695.50000000 14885927.00000000 1910.22839355   195993.31250000 154643.71875000 
0.18900    9031286.00000000 5929020.00000000 14623725.00000000 1859.03601074   190419.20312500 150209.54687500 
0.19000    8870776.00000000 5824705.00000000 14364901.00000000 1809.23242188   184950.39062500 145858.89062500 
0.19100    8712714.00000000 5721985.00000000 14110245.00000000 1760.96325684   179597.98437500 141598.39062500 
0.19200    8556876.00000000 5620671.50000000 13858995.00000000 1714.10925293   174345.92187500 137418.50000000 
0.19300    8403463.00000000 5520908.00000000 13611592.00000000 1668.77270508   169206.84375000 133327.07812500 
0.19400    8252235.00000000 5422518.50000000 13367719.00000000 1624.88659668   164170.50000000 129316.36718750 
0.19500    8103373.00000000 5325632.50000000 13127611.00000000 1582.46765137   159240.21875000 125389.86718750 
0.19600    7956717.00000000 5230137.00000000 12891099.00000000 1541.51745605   154415.53125000 121545.69531250 
0.19700    7812378.00000000 5136131.00000000 12658088.00000000 1502.02636719   149696.15625000 117783.75000000 
0.19800    7670254.00000000 5043549.50000000 12428665.00000000 1463.96582031   145080.26562500 114102.19531250 
0.19900    7530364.50000000 4952291.00000000 12202897.00000000 1427.36669922   140567.65625000 110503.35156250 
0.20000    7392637.00000000 4862502.50000000 11980566.00000000 1392.15576172   136159.09375000 106984.35937500 
0.20100    7257150.00000000 4774099.50000000 11761751.00000000 1358.36706543   131852.45312500 103544.32812500 
0.20200    7123893.50000000 4687074.00000000 11546330.00000000 1325.92980957   127645.13281250 100184.07031250 
0.20300    6992713.50000000 4601417.00000000 11334507.00000000 1294.87927246   123540.85937500 96903.33593750  
0.20400    6863743.50000000 4517172.50000000 11125990.00000000 1265.12756348   119536.52343750 93699.85937500  
0.20500    6736860.50000000 4434239.50000000 10920975.00000000 1236.71142578   115631.35156250 90575.09375000  
0.20600    6612080.00000000 4352643.00000000 10719188.00000000 1209.51684570   111822.27343750 87525.48437500  
0.20700    6489418.00000000 4272372.50000000 10520801.00000000 1183.59411621   108115.80468750 84552.67187500  
0.20800    6368776.00000000 4193412.75000000 10325644.00000000 1158.86169434   104501.41406250 81655.00781250  
0.20900    6250315.00000000 4115834.00000000 10133906.00000000 1135.34216309   100987.39843750 78834.59375000  
0.21000    6133804.00000000 4039476.25000000 9945378.00000000 1112.90197754   97563.52343750  76085.74218750  
0.21100    6019282.00000000 3964422.25000000 9760032.00000000 1091.57702637   94235.35937500  73410.54687500  
0.21200    5906842.50000000 3890635.50000000 9577784.00000000 1071.32934570   90997.69531250  70807.80468750  
0.21300    5796266.50000000 3818103.50000000 9398792.00000000 1052.09020996   87852.07812500  68275.25000000  
0.21400    5687702.00000000 3746794.25000000 9222790.00000000 1033.84484863   84796.10156250  65814.39062500  
0.21500    5581111.00000000 3676773.75000000 9050067.00000000 1016.57434082   81830.30468750  63423.57421875  
0.21600    5476386.00000000 3607901.50000000 8880277.00000000 1000.18682861   78947.61718750  61098.17578125  
0.21700    5373512.50000000 3540261.75000000 8713426.00000000 984.68072510    76152.60937500  58841.86328125  
0.21800    5272550.50000000 3473780.50000000 8549606.00000000 970.01190186    73441.41406250  56651.21093750  
0.21900    5173334.50000000 3408505.50000000 8388648.00000000 956.14013672    70809.97656250  54523.03906250  
0.22000    5075931.50000000 3344339.25000000 8230632.00000000 943.02777100    68258.42968750  52460.01171875  
0.22100    4980408.50000000 3281373.00000000 8075467.00000000 930.67077637    65789.34375000  50459.45703125  
0.22200    4886619.00000000 3219513.75000000 7923109.00000000 919.00286865    63395.19921875  48520.03515625  
0.22300    4794554.00000000 3158721.50000000 7773520.00000000 907.99865723    61076.32421875  46639.83984375  
0.22400    4704144.50000000 3099042.25000000 7626597.50000000 897.61694336    58829.65625000  44816.62890625  
0.22500    4615493.50000000 3040495.25000000 7482501.50000000 887.87762451    56657.36328125  43052.87500000  
0.22600    4528410.00000000 2982919.75000000 7340924.00000000 878.67950439    54552.31640625  41342.11718750  
0.22700    4443014.50000000 2926459.50000000 7202068.50000000 870.06561279    52517.75000000  39687.66406250  
0.22800    4359175.00000000 2871007.50000000 7065715.50000000 861.96508789    50547.13281250  38084.43750000  
0.22900    4276962.50000000 2816541.50000000 6931826.00000000 854.36309814    48640.50781250  36532.58203125  
0.23000    4196281.00000000 2763088.50000000 6800494.00000000 847.26293945    46798.07031250  35031.67968750  
0.23100    4117078.50000000 2710635.75000000 6671605.50000000 840.62542725    45015.94921875  33579.44140625  
0.23200    4039396.00000000 2659111.25000000 6545022.00000000 834.42712402    43291.08203125  32173.28320312  
0.23300    3963173.00000000 2608548.50000000 6420821.50000000 828.65728760    41624.54296875  30813.46875000  
0.23400    3888386.50000000 2558915.50000000 6299046.50000000 823.29833984    40013.28125000  29498.38671875  
0.23500    3814975.50000000 2510181.50000000 6179403.50000000 818.32183838    38454.07031250  28224.58984375  
0.23600    3743008.75000000 2462365.00000000 6062040.50000000 813.75030518    36947.77734375  26994.57812500  
0.23700    3672342.25000000 2415436.00000000 5946835.00000000 809.54913330    35491.24218750  25804.16992188  
0.23800    3603026.75000000 2369361.50000000 5833839.50000000 805.70532227    34083.92968750  24653.57617188  
0.23900    3535012.75000000 2324129.25000000 5722897.50000000 802.22155762    32721.87500000  23539.84375000  
0.24000    3468268.25000000 2279735.00000000 5614024.00000000 799.08001709    31406.52148438  22463.19140625  
0.24100    3402840.00000000 2236216.25000000 5507246.00000000 796.28259277    30135.85937500  21423.41015625  
0.24200    3338626.75000000 2193464.50000000 5402441.00000000 793.81781006    28906.91210938  20417.52343750  
0.24300    3275602.50000000 2151487.00000000 5299597.50000000 791.67401123    27719.76953125  19444.65820312  
0.24400    3213771.25000000 2110306.75000000 5198641.50000000 789.83843994    26570.92578125  18503.64453125  
0.24500    3153091.75000000 2069883.00000000 5099521.50000000 788.31115723    25460.69531250  17593.87304688  
0.24600    3093557.50000000 2030203.50000000 5002351.50000000 787.08435059    24388.23632812  16714.41992188  
0.24700    3035146.25000000 1991283.12500000 4906966.50000000 786.18560791    23352.03320312  15864.53808594  
0.24800    2977836.25000000 1953063.75000000 4813337.00000000 785.55273438    22350.39843750  15042.91210938  
0.24900    2921571.75000000 1915541.25000000 4721451.50000000 785.20880127    21381.65234375  14247.79785156  
0.25000    2866364.25000000 1878723.87500000 4631292.00000000 785.14666748    20446.68359375  13480.18066406  
0.25100    2812208.75000000 1842591.87500000 4542734.50000000 785.35217285    19542.61328125  12737.27246094  
0.25200    2759112.75000000 1807160.37500000 4455940.00000000 785.85205078    18671.22851562  12021.03417969  
0.25300    2706969.00000000 1772365.75000000 4370766.00000000 786.59722900    17828.65039062  11328.19921875  
0.25400    2655819.00000000 1738214.25000000 4287165.50000000 787.59521484    17015.62109375  10658.89257812  
0.25500    2605615.00000000 1704691.12500000 4205092.50000000 788.83117676    16229.95019531  10012.25195312  
0.25600    2556361.25000000 1671797.62500000 4124583.00000000 790.30328369    15472.76562500  9388.47363281   
0.25700    2508050.50000000 1639529.37500000 4045571.25000000 791.99938965    14741.69140625  8785.87792969   
0.25800    2460610.25000000 1607853.00000000 3968031.75000000 793.92468262    14037.55371094  8204.59082031   
0.25900    2414118.50000000 1576776.37500000 3891977.75000000 796.03393555    13359.18066406  7644.10644531   
0.26000    2368476.75000000 1546282.00000000 3817357.75000000 798.35888672    12705.87988281  7103.76708984   
0.26100    2323649.25000000 1516337.62500000 3744090.75000000 800.84454346    12075.61230469  6582.34521484   
0.26200    2279761.50000000 1486995.37500000 3672248.00000000 803.51184082    11471.54785156  6081.33886719   
0.26300    2236619.00000000 1458162.00000000 3601723.50000000 806.31182861    10888.35546875  5597.88085938   
0.26400    2194353.25000000 1429891.00000000 3532527.75000000 809.26947021    10329.25097656  5133.23730469   
0.26500    2152876.25000000 1402170.50000000 3464699.75000000 812.33972168    9793.12402344   4686.93994141   
0.26600    2112191.50000000 1374952.37500000 3398140.50000000 815.52795410    9277.98828125   4257.84228516   
0.26700    2072294.37500000 1348265.50000000 3332856.50000000 818.80383301    8784.91503906   3846.81469727   
0.26800    2033176.87500000 1322102.00000000 3268818.00000000 822.16851807    8313.89355469   3452.88525391   
0.26900    1994757.87500000 1296385.25000000 3205944.25000000 825.57995605    7862.15625000   3074.61572266   
0.27000    1957135.62500000 1271218.00000000 3144347.50000000 829.03851318    7432.05371094   2713.72583008   
0.27100    1920218.25000000 1246499.75000000 3083926.00000000 832.52557373    7021.10351562   2368.11230469   
0.27200    1884050.37500000 1222293.62500000 3024712.00000000 836.04870605    6632.06689453   2040.47204590   
0.27300    1848569.12500000 1198513.75000000 2966604.00000000 839.55267334    6260.28222656   1726.48474121   
0.27400    1813709.50000000 1175182.12500000 2909536.00000000 842.99981689    5906.05566406   1426.84399414   
0.27500    1779632.50000000 1152343.75000000 2853715.25000000 846.45306396    5573.56835938   1144.78637695   
0.27600    1746124.00000000 1129910.25000000 2798839.25000000 849.83557129    5256.76025391   875.13159180    
0.27700    1713359.87500000 1107950.25000000 2745166.50000000 853.15649414    4959.91406250   621.99426270    
0.27800    1681199.62500000 1086392.00000000 2692454.00000000 856.39294434    4679.50195312   382.39776611    
0.27900    1649674.37500000 1065271.37500000 2640833.50000000 859.53533936    4416.96240234   157.35482788    
0.28000    1618780.25000000 1044542.25000000 2590176.00000000 862.57208252    4171.08544922   -54.27355957    
0.28100    1588488.25000000 1024227.31250000 2540538.00000000 865.47375488    3941.93286133   -251.72224426   
0.28200    1558807.75000000 1004321.87500000 2491888.75000000 868.25659180    3729.72216797   -435.71582031   
0.28300    1529716.87500000 984798.93750000 2444224.25000000 870.89703369    3533.18164062   -606.44519043   
0.28400    1501189.25000000 965658.81250000 2397444.00000000 873.36743164    3351.77880859   -764.49450684   
0.28500    1473249.75000000 946912.81250000 2351640.75000000 875.70086670    3186.33422852   -909.18432617   
0.28600    1445844.50000000 928517.62500000 2306717.00000000 877.83941650    3035.24975586   -1042.06567383  
0.28700    1418999.25000000 910496.25000000 2262674.00000000 879.81250000    2899.12500000   -1162.24548340  
0.28800    1392669.62500000 892810.93750000 2219488.00000000 881.60546875    2776.96533203   -1270.19152832  
0.28900    1366905.37500000 875512.06250000 2177248.00000000 883.21362305    2669.74511719   -1366.00708008  
0.29000    1341612.00000000 858523.37500000 2135766.00000000 884.63189697    2575.06542969   -1450.68212891  
0.29100    1316872.00000000 841893.93750000 2095150.50000000 885.86761475    2494.93774414   -1523.45568848  
0.29200    1292577.50000000 825581.37500000 2055317.37500000 886.90850830    2427.07275391   -1585.24926758  
0.29300    1268808.12500000 809604.50000000 2016319.12500000 887.77758789    2372.68066406   -1635.43200684  
0.29400    1245465.25000000 793927.18750000 1978023.00000000 888.43408203    2328.91577148   -1676.21972656  
0.29500    1222629.12500000 778580.68750000 1940559.00000000 888.93212891    2298.93798828   -1705.01940918  
0.29600    1200216.25000000 763515.62500000 1903784.12500000 889.24108887    2279.77636719   -1724.64038086  
0.29700    1178237.75000000 748751.75000000 1867724.62500000 889.37347412    2271.24487305   -1734.22985840  
0.29800    1156725.37500000 734286.00000000 1832423.62500000 889.35083008    2275.31298828   -1733.48608398  
0.29900    1135639.12500000 720112.81250000 1797833.37500000 889.16595459    2290.05932617   -1723.02600098  
0.30000    1114940.75000000 706216.25000000 1763895.00000000 888.83630371    2314.30444336   -1703.88085938  
0.30100    1094689.12500000 692596.25000000 1730649.25000000 888.36419678    2349.83764648   -1674.81909180  
0.30200    1074785.00000000 679221.37500000 1698013.62500000 887.75805664    2394.16625977   -1637.75878906  
0.30300    1055321.50000000 666134.81250000 1666069.87500000 887.03192139    2449.24047852   -1591.57434082  
0.30400    1036226.06250000 653308.93750000 1634760.00000000 886.21759033    2513.87915039   -1536.34313965  
0.30500    1017482.37500000 640719.43750000 1604019.62500000 885.28277588    2586.38134766   -1473.91149902  
0.30600    999109.87500000 628381.06250000 1573887.37500000 884.28106689    2668.09570312   -1403.42822266  
0.30700    981129.87500000 616300.75000000 1544391.62500000 883.21551514    2759.70141602   -1323.99694824  
0.30800    963466.31250000 604434.12500000 1515432.00000000 882.07794189    2858.42651367   -1238.41699219  
0.30900    946175.56250000 592827.00000000 1487075.50000000 880.90930176    2966.21679688   -1144.39880371  
0.31000    929222.18750000 581442.43750000 1459287.62500000 879.71093750    3082.01440430   -1043.70849609  
0.31100    912580.25000000 570274.37500000 1432012.75000000 878.49322510    3205.19506836   -936.07427979   
0.31200    896294.43750000 559330.87500000 1405307.12500000 877.27899170    3336.30419922   -821.43121338   
0.31300    880312.75000000 548606.50000000 1379120.37500000 876.06958008    3474.55932617   -700.57897949   
0.31400    864680.68750000 538107.31250000 1353502.37500000 874.89178467    3620.97583008   -572.69256592   
0.31500    849336.00000000 527806.06250000 1328332.12500000 873.74108887    3773.59570312   -439.21847534   
0.31600    834302.50000000 517719.75000000 1303712.62500000 872.64251709    3933.45214844   -299.20440674   
0.31700    819579.75000000 507836.37500000 1279578.87500000 871.61828613    4100.74609375   -153.32872009   
0.31800    805151.37500000 498150.65625000 1255945.62500000 870.64300537    4273.32861328   -2.66969824     
0.31900    791038.37500000 488677.31250000 1232815.50000000 869.76892090    4454.02539062   154.44760132    
0.32000    777219.12500000 479390.43750000 1210155.75000000 868.97528076    4640.52148438   316.71997070    
0.32100    763672.37500000 470297.12500000 1187953.62500000 868.28625488    4833.05468750   483.75708008    
0.32200    750441.18750000 461407.78125000 1166279.12500000 867.71405029    5032.70019531   656.57476807    
0.32300    737464.06250000 452679.37500000 1144987.50000000 867.23187256    5236.98876953   833.25543213    
0.32400    724778.37500000 444155.21875000 1124195.12500000 866.88604736    5447.40771484   1014.68878174   
0.32500    712371.56250000 435813.96875000 1103846.00000000 866.66528320    5663.56054688   1200.48669434   
0.32600    700253.62500000 427657.31250000 1083964.50000000 866.56835938    5885.76220703   1390.97900391   
0.32700    688402.68750000 419682.65625000 1064522.87500000 866.61657715    6113.35693359   1585.57226562   
0.32800    676854.00000000 411900.12500000 1045570.93750000 866.80499268    6346.86474609   1784.64111328   
0.32900    665551.25000000 404279.53125000 1027018.00000000 867.12133789    6584.79541016   1986.80151367   
0.33000    654545.56250000 396847.21875000 1008930.50000000 867.57971191    6828.40527344   2193.07641602   
0.33100    643755.18750000 389566.84375000 991197.81250000 868.16461182    7075.77246094   2401.86474609   
0.33200    633311.68750000 382497.09375000 974020.12500000 868.90356445    7330.20361328   2615.70581055   
0.33300    623095.75000000 375584.90625000 957206.18750000 869.75708008    7587.69531250   2831.58862305   
0.33400    613165.31250000 368850.34375000 940848.50000000 870.75244141    7850.44726562   3050.99829102   
0.33500    603479.06250000 362276.90625000 924895.56250000 871.86096191    8117.01025391   3272.71191406   
0.33600    594067.75000000 355872.28125000 909370.06250000 873.08483887    8387.76269531   3497.15722656   
0.33700    584908.62500000 349635.28125000 894250.12500000 874.41876221    8662.54296875   3724.26416016   
0.33800    576035.62500000 343582.46875000 879582.12500000 875.86822510    8941.76660156   3953.84423828   
0.33900    567394.93750000 337672.50000000 865285.25000000 877.39581299    9223.48437500   4185.00634766   
0.34000    559023.06250000 331935.75000000 851421.37500000 879.01861572    9508.90039062   4418.42333984   
0.34100    550906.25000000 326364.03125000 837961.18750000 880.71343994    9797.58105469   4653.45800781   
0.34200    543083.43750000 320974.40625000 824964.81250000 882.49066162    10090.21972656  4890.90185547   
0.34300    535461.87500000 315719.40625000 812293.81250000 884.30383301    10384.29296875  5128.60546875   
0.34400    528134.31250000 310647.28125000 800097.81250000 886.18041992    10681.99023438  5368.75488281   
0.34500    521035.96875000 305716.43750000 788255.00000000 888.08203125    10981.18847656  5609.01757812   
0.34600    514222.31250000 300965.78125000 776857.50000000 890.01678467    11283.48144531  5851.16162109   
0.34700    507602.93750000 296342.50000000 765768.06250000 891.94158936    11585.90917969  6092.47021484   
0.34800    501250.90625000 291893.43750000 755120.37500000 893.86901855    11890.17480469  6334.73144531   
0.34900    495140.50000000 287588.03125000 744847.00000000 895.78350830    12195.98925781  6577.60058594   
0.35000    489259.50000000 283431.62500000 734939.31250000 897.65490723    12501.86035156  6819.87109375   
0.35100    483638.56250000 279446.62500000 725438.56250000 899.51489258    12809.57812500  7063.03320312   
0.35200    478205.81250000 275573.68750000 716242.12500000 901.29199219    13116.05078125  7304.39843750   
0.35300    473009.50000000 271858.06250000 707423.75000000 903.01092529    13422.48339844  7545.42578125   
0.35400    468051.03125000 268293.59375000 698990.81250000 904.64953613    13728.71191406  7786.02343750   
0.35500    463306.37500000 264862.75000000 690880.93750000 906.20025635    14034.21777344  8025.16894531   
0.35600    458763.15625000 261558.06250000 683096.06250000 907.64251709    14337.98535156  8262.82421875   
0.35700    454433.40625000 258398.59375000 675654.18750000 908.97723389    14640.31054688  8499.26660156   
0.35800    450318.03125000 255371.18750000 668560.68750000 910.18255615    14941.22558594  8733.82421875   
0.35900    446398.59375000 252473.03125000 661776.37500000 911.24157715    15239.82519531  8966.60937500   
0.36000    442685.62500000 249710.84375000 655332.00000000 912.17327881    15536.25878906  9197.64160156   
0.36100    439133.96875000 247057.15625000 649135.18750000 912.93096924    15828.66894531  9425.37109375   
0.36200    435814.78125000 244553.43750000 643335.43750000 913.54272461    16119.68066406  9652.02539062   
0.36300    432623.21875000 242133.00000000 637718.12500000 913.96575928    16405.01367188  9874.10937500   
0.36400    429607.68750000 239829.70312500 632403.62500000 914.19903564    16686.91796875  10093.64355469  
0.36500    426755.28125000 237637.17187500 627339.25000000 914.25604248    16964.20898438  10309.83300781  
0.36600    424092.62500000 235572.59375000 622597.06250000 914.12597656    17238.11718750  10523.46777344  
0.36700    421544.09375000 233587.12500000 618044.50000000 913.76971436    17505.67968750  10732.45410156  
0.36800    419196.71875000 231734.51562500 613809.87500000 913.24127197    17769.70898438  10938.88183594  
0.36900    416967.03125000 229967.17187500 609794.62500000 912.48461914    18027.73242188  11141.10449219  
0.37000    414842.18750000 228271.03125000 605928.50000000 911.50756836    18278.37304688  11337.96093750  
0.37100    412852.87500000 226671.65625000 602303.31250000 910.31500244    18523.36328125  11530.86816406  
0.37200    411012.71875000 225178.82812500 598926.37500000 908.92199707    18763.06445312  11720.16015625  
0.37300    409264.78125000 223748.87500000 595709.18750000 907.29479980    18994.98437500  11904.17187500  
0.37400    407642.71875000 222410.62500000 592700.25000000 905.46063232    19221.10351562  12084.09570312  
0.37500    406120.12500000 221144.92187500 589855.87500000 903.41436768    19440.21484375  12259.03417969  
0.37600    404697.56250000 219961.68750000 587207.75000000 901.13854980    19651.38671875  12428.66894531  
0.37700    403345.34375000 218825.28125000 584670.50000000 898.63739014    19854.81640625  12593.06445312  
0.37800    402098.68750000 217767.26562500 582308.81250000 895.93408203    20051.26367188  12752.59667969  
0.37900    400945.12500000 216783.17187500 580114.37500000 893.02984619    20240.50390625  12907.39355469  
0.38000    399837.59375000 215845.64062500 578016.25000000 889.91326904    20420.85937500  13056.10449219  
0.38100    398793.65625000 214949.39062500 576018.37500000 886.58355713    20593.01757812  13199.09472656  
0.38200    397828.78125000 214123.45312500 574174.87500000 883.06463623    20757.66406250  13337.33984375  
0.38300    396897.43750000 213329.75000000 572402.00000000 879.36358643    20913.32421875  13469.30859375  
0.38400    396048.62500000 212603.00000000 570779.93750000 875.46948242    21061.87304688  13596.56250000  
0.38500    395215.96875000 211896.85937500 569187.81250000 871.39996338    21200.78320312  13717.46582031  
0.38600    394460.87500000 211251.89062500 567744.75000000 867.15856934    21332.98046875  13833.71484375  
0.38700    393707.06250000 210621.10937500 566314.37500000 862.73974609    21455.31250000  13943.18652344  
0.38800    392988.18750000 210031.23437500 564970.37500000 858.17663574    21569.87304688  14047.44433594  
0.38900    392306.53125000 209467.45312500 563681.43750000 853.45550537    21675.87304688  14145.96386719  
0.39000    391674.21875000 208955.56250000 562501.12500000 848.61029053    21774.62695312  14239.79003906  
0.39100    391036.21875000 208448.62500000 561319.68750000 843.62567139    21864.86132812  14327.45312500  
0.39200    390430.87500000 207975.92187500 560212.93750000 838.51519775    21946.86718750  14409.92578125  
0.39300    389827.15625000 207517.12500000 559130.18750000 833.29187012    22020.94335938  14486.78417969  
0.39400    389274.15625000 207099.25000000 558123.68750000 827.97717285    22087.99609375  14559.04785156  
0.39500    388688.84375000 206675.64062500 557098.68750000 822.54321289    22146.28320312  14625.06640625  
0.39600    388120.06250000 206272.46875000 556113.81250000 817.02972412    22197.09960938  14686.25976562  
0.39700    387554.40625000 205881.04687500 555140.87500000 811.43713379    22240.81835938  14742.33203125  
0.39800    387015.06250000 205517.07812500 554226.50000000 805.77667236    22277.53906250  14793.70117188  
0.39900    386459.40625000 205154.51562500 553303.81250000 800.05114746    22307.06835938  14840.07519531  
0.40000    385905.84375000 204802.20312500 552392.18750000 794.27655029    22329.75976562  14881.70312500  
0.40100    385351.12500000 204458.54687500 551490.56250000 788.44915771    22345.23046875  14918.24609375  
0.40200    384807.12500000 204131.89062500 550624.31250000 782.60485840    22355.18164062  14950.86718750  
0.40300    384245.18750000 203797.68750000 549732.37500000 776.71099854    22357.98437500  14978.37695312  
0.40400    383691.06250000 203480.76562500 548864.87500000 770.80529785    22355.57812500  15002.47265625  
0.40500    383130.34375000 203166.10937500 548000.25000000 764.88470459    22346.64648438  15021.80468750  
0.40600    382587.18750000 202864.93750000 547169.56250000 758.97015381    22333.56250000  15037.89257812  
0.40700    382022.93750000 202560.48437500 546312.31250000 753.04736328    22313.83593750  15049.57031250  
0.40800    381452.09375000 202257.32812500 545456.62500000 747.13244629    22289.16210938  15057.46289062  
0.40900    380877.34375000 201955.10937500 544599.50000000 741.23754883    22259.57031250  15061.55175781  
0.41000    380323.34375000 201673.70312500 543778.18750000 735.36596680    22226.24414062  15063.01562500  
0.41100    379742.46875000 201380.45312500 542938.87500000 729.51336670    22187.49218750  15060.41894531  
0.41200    379160.65625000 201087.42187500 542086.12500000 723.68463135    22144.06835938  15054.33691406  
0.41300    378594.75000000 200809.31250000 541264.50000000 717.90106201    22097.54882812  15045.97070312  
0.41400    378009.65625000 200516.20312500 540418.50000000 712.15496826    22046.75000000  15033.98632812  
0.41500    377445.18750000 200246.14062500 539607.06250000 706.45996094    21992.73632812  15019.59472656  
0.41600    376843.84375000 199951.51562500 538745.87500000 700.79400635    21934.23828125  15001.74902344  
0.41700    376276.56250000 199678.28125000 537934.56250000 695.19665527    21873.53125000  14982.12792969  
0.41800    375727.68750000 199421.59375000 537158.43750000 689.66125488    21810.12500000  14960.43359375  
0.41900    375121.78125000 199127.53125000 536290.18750000 684.15771484    21741.84960938  14934.51464844  
0.42000    374561.56250000 198860.40625000 535491.12500000 678.72747803    21672.53125000  14907.65332031  
0.42100    374007.15625000 198600.48437500 534712.06250000 673.35711670    21600.60937500  14878.63867188  
0.42200    373454.40625000 198338.87500000 533928.37500000 668.05444336    21526.16015625  14847.58398438  
0.42300    372883.28125000 198066.68750000 533116.56250000 662.80767822    21448.58789062  14813.77050781  
0.42400    372332.93750000 197803.17187500 532337.81250000 657.62841797    21369.22265625  14778.26464844  
0.42500    371790.46875000 197542.70312500 531560.56250000 652.51770020    21287.99218750  14741.23925781  
0.42600    371231.71875000 197271.28125000 530770.50000000 647.45599365    21204.27539062  14701.72363281  
0.42700    370708.12500000 197023.10937500 530029.12500000 642.48956299    21119.39648438  14661.49511719  
0.42800    370170.25000000 196761.82812500 529254.56250000 637.57073975    21032.09765625  14618.69042969  
0.42900    369666.46875000 196520.09375000 528537.06250000 632.74011230    20944.20898438  14575.18066406  
0.43000    369149.65625000 196267.15625000 527799.81250000 627.96044922    20854.04687500  14529.88281250  
0.43100    368613.96875000 196001.50000000 527024.18750000 623.24243164    20761.53906250  14482.09179688  
0.43200    368120.31250000 195757.45312500 526315.62500000 618.60626221    20668.88085938  14433.89160156  
0.43300    367612.87500000 195501.84375000 525579.12500000 614.02288818    20573.95312500  14383.79101562  
0.43400    367117.84375000 195254.12500000 524866.06250000 609.50872803    20477.75000000  14332.55957031  
0.43500    366615.40625000 194995.75000000 524135.46875000 605.06762695    20380.20117188  14279.66699219  
0.43600    366155.43750000 194762.01562500 523456.15625000 600.69702148    20282.62304688  14226.44238281  
0.43700    365659.65625000 194502.25000000 522729.28125000 596.37915039    20182.20117188  14171.00000000  
0.43800    365166.06250000 194238.90625000 521989.46875000 592.12963867    20080.82031250  14114.22167969  
0.43900    364688.37500000 193988.06250000 521282.81250000 587.94189453    19978.84179688  14056.62011719  
0.44000    364214.15625000 193732.04687500 520574.15625000 583.82562256    19875.45703125  13997.96582031  
0.44100    363740.53125000 193473.29687500 519865.84375000 579.76696777    19771.07617188  13937.91699219  
0.44200    363269.53125000 193213.71875000 519155.62500000 575.77380371    19665.66601562  13877.03417969  
0.44300    362797.84375000 192952.12500000 518439.21875000 571.85400391    19559.20507812  13815.03808594  
0.44400    362324.96875000 192689.54687500 517728.53125000 567.99200439    19451.93554688  13752.13281250  
0.44500    361817.56250000 192397.73437500 516949.00000000 564.18664551    19342.67578125  13687.24414062  
0.44600    361325.71875000 192112.73437500 516185.71875000 560.44665527    19232.57812500  13621.71972656  
0.44700    360848.03125000 191837.65625000 515458.96875000 556.78460693    19122.56250000  13555.69824219  
0.44800    360335.81250000 191535.21875000 514660.34375000 553.17230225    19010.46093750  13488.19433594  
0.44900    359846.25000000 191246.85937500 513904.21875000 549.64288330    18898.74414062  13420.46289062  
0.45000    359353.75000000 190951.43750000 513130.53125000 546.18127441    18786.37695312  13352.12988281  
0.45100    358818.40625000 190627.92187500 512284.68750000 542.77142334    18671.78710938  13281.92968750  
0.45200    358295.15625000 190312.60937500 511465.40625000 539.44372559    18557.38281250  13211.61914062  
0.45300    357748.84375000 189977.59375000 510605.31250000 536.18493652    18442.09570312  13140.36132812  
0.45400    357205.43750000 189644.10937500 509752.12500000 532.99493408    18326.09570312  13068.77148438  
0.45500    356653.15625000 189305.18750000 508874.59375000 529.88232422    18210.07421875  12996.58886719  
0.45600    356077.53125000 188946.57812500 507960.84375000 526.83746338    18092.84765625  12923.37011719  
0.45700    355499.84375000 188587.34375000 507041.25000000 523.87847900    17976.00976562  12850.17675781  
0.45800    354894.50000000 188206.14062500 506079.81250000 520.98901367    17858.30273438  12776.49804688  
0.45900    354276.12500000 187820.43750000 505094.87500000 518.17901611    17740.19140625  12702.26367188  
0.46000    353675.31250000 187441.09375000 504133.50000000 515.46545410    17623.33398438  12628.54394531  
0.46100    353012.00000000 187020.18750000 503077.37500000 512.80517578    17504.50000000  12553.42089844  
0.46200    352376.46875000 186619.26562500 502062.59375000 510.24755859    17387.03906250  12479.07324219  
0.46300    351704.43750000 186193.03125000 500986.53125000 507.77307129    17269.26171875  12404.51367188  
0.46400    351009.90625000 185752.29687500 499876.93750000 505.37551880    17151.50585938  12329.73535156  
0.46500    350320.93750000 185313.70312500 498775.43750000 503.07781982    17034.74023438  12255.51367188  
0.46600    349604.68750000 184857.42187500 497623.96875000 500.85800171    16917.85156250  12181.18066406  
0.46700    348865.50000000 184382.70312500 496437.90625000 498.72531128    16801.06445312  12106.82812500  
0.46800    348144.25000000 183924.14062500 495284.40625000 496.68963623    16686.29687500  12033.78320312  
0.46900    347373.59375000 183431.12500000 494049.93750000 494.74090576    16570.86328125  11960.25878906  
0.47000    346596.84375000 182933.73437500 492805.87500000 492.87786865    16456.45703125  11887.42089844  
0.47100    345816.78125000 182434.35937500 491552.12500000 491.10995483    16343.56738281  11815.56054688  
0.47200    345023.93750000 181926.00000000 490279.59375000 489.43096924    16231.38476562  11744.17578125  
0.47300    344223.81250000 181417.60937500 489002.84375000 487.84255981    16120.84863281  11674.01367188  
0.47400    343382.09375000 180877.79687500 487658.31250000 486.33874512    16010.30664062  11603.68652344  
0.47500    342552.03125000 180348.20312500 486329.84375000 484.93252563    15902.06347656  11534.93847656  
0.47600    341736.93750000 179824.04687500 485014.46875000 483.61221313    15795.68945312  11467.71191406  
0.47700    340854.53125000 179262.29687500 483612.31250000 482.36544800    15689.00195312  11399.96289062  
0.47800    339995.62500000 178713.00000000 482233.15625000 481.21661377    15585.08496094  11334.26171875  
0.47900    339142.75000000 178168.04687500 480865.50000000 480.14721680    15483.04589844  11269.98242188  
0.48000    338249.25000000 177598.65625000 479444.46875000 479.15414429    15381.64062500  11206.04882812  
0.48100    337398.90625000 177057.70312500 478081.06250000 478.26040649    15283.40136719  11144.48535156  
0.48200    336477.87500000 176469.92187500 476610.46875000 477.40447998    15184.77929688  11082.58984375  
0.48300    335572.87500000 175893.07812500 475164.31250000 476.63998413    15088.83300781  11022.67968750  
0.48400    334674.43750000 175325.10937500 473733.50000000 475.94711304    14995.04980469  10964.23437500  
0.48500    333768.40625000 174749.15625000 472287.62500000 475.31689453    14902.73535156  10906.84179688  
0.48600    332871.75000000 174183.01562500 470862.40625000 474.75634766    14812.86523438  10851.31445312  
0.48700    331958.56250000 173606.21875000 469412.28125000 474.24411011    14724.41894531  10796.65429688  
0.48800    331031.12500000 173018.85937500 467929.00000000 473.78558350    14636.92089844  10742.84375000  
0.48900    330112.40625000 172438.62500000 466465.90625000 473.37582397    14551.73828125  10690.61523438  
0.49000    329196.71875000 171863.79687500 465021.78125000 473.02456665    14468.62207031  10639.90722656  
0.49100    328296.81250000 171299.67187500 463586.56250000 472.71389771    14387.69140625  10590.82324219  
0.49200    327371.59375000 170718.18750000 462123.12500000 472.42950439    14307.39746094  10542.23925781  
0.49300    326457.62500000 170145.78125000 460671.06250000 472.18057251    14229.35546875  10495.27441406  
0.49400    325540.59375000 169575.03125000 459226.28125000 471.96368408    14152.69335938  10449.34765625  
0.49500    324622.75000000 169003.67187500 457773.62500000 471.76184082    14077.44531250  10404.36718750  
0.49600    323721.68750000 168446.98437500 456355.18750000 471.59362793    14004.28417969  10361.00195312  
0.49700    322801.59375000 167879.35937500 454906.43750000 471.42660522    13931.88183594  10317.91113281  
0.49800    321900.50000000 167324.21875000 453485.81250000 471.27841187    13861.20312500  10276.45507812  
0.49900    320984.15625000 166757.50000000 452041.21875000 471.12738037    13791.21191406  10235.24218750  
0.50000    320084.34375000 166208.23437500 450628.84375000 470.98294067    13722.88183594  10195.22558594  
