# SAXS profile: number of points = 501, q_min = 0, q_max = 0.5, delta_q = 0.001
#    q    intensity 
0.00000    162229424.00000000 101201776.00000000 256270384.00000000 106375.21875000 8308616.00000000 6562139.50000000 
0.00100    162198528.00000000 101179176.00000000 256214016.00000000 106343.46875000 8306443.00000000 6560402.00000000 
0.00200    162094304.00000000 101111728.00000000 256043104.00000000 106248.80468750 8299831.50000000 6555253.00000000 
0.00300    161918864.00000000 101000272.00000000 255758256.00000000 106090.53125000 8288895.50000000 6546648.00000000 
0.00400    161663248.00000000 100844952.00000000 255358864.00000000 105868.82812500 8273628.50000000 6534687.00000000 
0.00500    161332976.00000000 100643472.00000000 254846112.00000000 105585.09375000 8254044.00000000 6519358.50000000 
0.00600    160934080.00000000 100398400.00000000 254221888.00000000 105239.67968750 8230188.00000000 6500597.00000000 
0.00700    160460832.00000000 100110800.00000000 253487792.00000000 104832.36718750 8202051.50000000 6478532.50000000 
0.00800    159917104.00000000 99781488.00000000 252643904.00000000 104366.03125000 8169773.00000000 6453217.00000000 
0.00900    159309712.00000000 99409416.00000000 251690832.00000000 103840.10937500 8133403.50000000 6424689.50000000 
0.01000    158633904.00000000 98994496.00000000 250628464.00000000 103256.21093750 8092958.50000000 6392905.00000000 
0.01100    157891136.00000000 98537680.00000000 249461456.00000000 102614.86718750 8048523.00000000 6358051.50000000 
0.01200    157079280.00000000 98039888.00000000 248193344.00000000 101918.00781250 8000190.00000000 6320116.00000000 
0.01300    156203552.00000000 97503880.00000000 246823536.00000000 101167.64062500 7948122.00000000 6279235.50000000 
0.01400    155264624.00000000 96927304.00000000 245353072.00000000 100364.35156250 7892304.50000000 6235464.00000000 
0.01500    154265536.00000000 96314624.00000000 243785536.00000000 99510.07031250  7832889.00000000 6188805.00000000 
0.01600    153204944.00000000 95664136.00000000 242124864.00000000 98606.72656250  7769998.50000000 6139424.00000000 
0.01700    152085152.00000000 94977392.00000000 240371632.00000000 97655.75000000  7703718.50000000 6087427.50000000 
0.01800    150909088.00000000 94255888.00000000 238527536.00000000 96659.90625000  7634179.00000000 6032817.50000000 
0.01900    149677904.00000000 93499920.00000000 236600752.00000000 95620.32812500  7561565.50000000 5975784.00000000 
0.02000    148394352.00000000 92712720.00000000 234587744.00000000 94539.13281250  7485867.50000000 5916352.00000000 
0.02100    147059296.00000000 91893360.00000000 232495296.00000000 93418.64843750  7407325.50000000 5854680.50000000 
0.02200    145674224.00000000 91042384.00000000 230325120.00000000 92260.22656250  7326024.50000000 5790839.00000000 
0.02300    144243664.00000000 90162968.00000000 228081872.00000000 91067.76562500  7242176.50000000 5724950.50000000 
0.02400    142766688.00000000 89255648.00000000 225764752.00000000 89842.13281250  7155835.00000000 5657160.50000000 
0.02500    141249392.00000000 88321032.00000000 223383488.00000000 88585.96093750  7067159.00000000 5587480.50000000 
0.02600    139689120.00000000 87362048.00000000 220936560.00000000 87301.34375000  6976378.50000000 5516143.50000000 
0.02700    138090800.00000000 86378888.00000000 218429776.00000000 85991.42187500  6883552.00000000 5443219.50000000 
0.02800    136456736.00000000 85373168.00000000 215865680.00000000 84656.89062500  6788835.50000000 5368795.50000000 
0.02900    134790000.00000000 84346224.00000000 213248720.00000000 83301.77343750  6692445.50000000 5293004.00000000 
0.03000    133089632.00000000 83298840.00000000 210581792.00000000 81927.82812500  6594454.50000000 5215954.00000000 
0.03100    131360296.00000000 82234648.00000000 207866464.00000000 80535.66406250  6495022.00000000 5137809.00000000 
0.03200    129605080.00000000 81152080.00000000 205110880.00000000 79130.20312500  6394348.50000000 5058667.00000000 
0.03300    127824800.00000000 80055488.00000000 202317344.00000000 77712.51562500  6292573.00000000 4978591.50000000 
0.03400    126022328.00000000 78944120.00000000 199485120.00000000 76284.63281250  6189858.00000000 4897815.00000000 
0.03500    124200336.00000000 77820136.00000000 196621120.00000000 74848.53125000  6086309.50000000 4816343.00000000 
0.03600    122360824.00000000 76684928.00000000 193729744.00000000 73406.80468750  5981991.50000000 4734281.00000000 
0.03700    120505224.00000000 75538504.00000000 190812384.00000000 71961.85937500  5877197.50000000 4651850.50000000 
0.03800    118636240.00000000 74383808.00000000 187876816.00000000 70515.21093750  5771925.00000000 4569004.50000000 
0.03900    116756448.00000000 73221936.00000000 184920736.00000000 69068.48437500  5666427.50000000 4485923.50000000 
0.04000    114868400.00000000 72053984.00000000 181949936.00000000 67624.46093750  5560777.00000000 4402727.00000000 
0.04100    112973656.00000000 70881816.00000000 178970336.00000000 66183.92968750  5455130.00000000 4319557.00000000 
0.04200    111074488.00000000 69706776.00000000 175980272.00000000 64749.41796875  5349609.00000000 4236400.00000000 
0.04300    109172440.00000000 68529088.00000000 172987456.00000000 63322.43750000  5244291.50000000 4153426.25000000 
0.04400    107269736.00000000 67350880.00000000 169992608.00000000 61904.92187500  5139344.00000000 4070752.75000000 
0.04500    105369408.00000000 66171952.00000000 166999072.00000000 60497.88281250  5034841.50000000 3988392.25000000 
0.04600    103471312.00000000 64995144.00000000 164009088.00000000 59103.30078125  4930900.00000000 3906477.00000000 
0.04700    101579048.00000000 63821016.00000000 161029008.00000000 57722.14453125  4827654.00000000 3825065.25000000 
0.04800    99693424.00000000 62651156.00000000 158057696.00000000 56355.76562500  4725170.00000000 3744245.75000000 
0.04900    97816824.00000000 61485644.00000000 155100096.00000000 55005.46093750  4623553.00000000 3664114.50000000 
0.05000    95950336.00000000 60326360.00000000 152158896.00000000 53672.54296875  4522853.50000000 3584689.25000000 
0.05100    94095808.00000000 59173556.00000000 149233968.00000000 52358.54687500  4423227.50000000 3506080.25000000 
0.05200    92254760.00000000 58028704.00000000 146330864.00000000 51062.91015625  4324675.00000000 3428311.00000000 
0.05300    90428768.00000000 56892508.00000000 143450464.00000000 49787.29687500  4227363.50000000 3351477.00000000 
0.05400    88618904.00000000 55765908.00000000 140594528.00000000 48533.49218750  4131267.75000000 3275602.00000000 
0.05500    86827216.00000000 54649904.00000000 137765936.00000000 47300.64843750  4036468.00000000 3200749.25000000 
0.05600    85053256.00000000 53545304.00000000 134966448.00000000 46090.10937500  3943037.00000000 3126975.50000000 
0.05700    83299936.00000000 52452320.00000000 132198648.00000000 44902.75781250  3851056.75000000 3054284.00000000 
0.05800    81568664.00000000 51372376.00000000 129462976.00000000 43738.40625000  3760546.25000000 2982770.25000000 
0.05900    79858400.00000000 50305604.00000000 126761648.00000000 42597.55468750  3671522.75000000 2912429.75000000 
0.06000    78171960.00000000 49252692.00000000 124096728.00000000 41480.67968750  3584065.00000000 2843272.50000000 
0.06100    76508976.00000000 48214720.00000000 121468184.00000000 40388.19531250  3498183.75000000 2775375.50000000 
0.06200    74871232.00000000 47191556.00000000 118879656.00000000 39320.21484375  3413904.25000000 2708724.50000000 
0.06300    73259016.00000000 46183904.00000000 116330016.00000000 38276.82421875  3331270.00000000 2643384.50000000 
0.06400    71672568.00000000 45192296.00000000 113821640.00000000 37257.48437500  3250247.50000000 2579291.75000000 
0.06500    70113888.00000000 44217088.00000000 111355944.00000000 36262.98437500  3170929.75000000 2516517.25000000 
0.06600    68582400.00000000 43258600.00000000 108932864.00000000 35293.05468750  3093297.00000000 2455054.25000000 
0.06700    67078532.00000000 42317280.00000000 106552800.00000000 34347.47656250  3017309.25000000 2394915.75000000 
0.06800    65603020.00000000 41393320.00000000 104218496.00000000 33426.08593750  2943047.75000000 2336102.50000000 
0.06900    64156508.00000000 40487364.00000000 101928608.00000000 32529.07226562  2870476.00000000 2278646.75000000 
0.07000    62738424.00000000 39599084.00000000 99684224.00000000 31655.42578125  2799576.75000000 2222471.50000000 
0.07100    61350764.00000000 38728824.00000000 97485864.00000000 30805.72656250  2730354.25000000 2167633.00000000 
0.07200    59991720.00000000 37877088.00000000 95333336.00000000 29978.93164062  2662829.00000000 2114131.00000000 
0.07300    58662460.00000000 37043460.00000000 93228672.00000000 29175.13671875  2596928.75000000 2061912.62500000 
0.07400    57362964.00000000 36228144.00000000 91169832.00000000 28393.55273438  2532706.75000000 2011018.00000000 
0.07500    56093240.00000000 35431824.00000000 89158728.00000000 27634.31250000  2470091.00000000 1961381.00000000 
0.07600    54852884.00000000 34653728.00000000 87194024.00000000 26896.55468750  2409115.00000000 1913025.12500000 
0.07700    53642764.00000000 33894132.00000000 85276432.00000000 26180.08398438  2349720.25000000 1865941.00000000 
0.07800    52461928.00000000 33153028.00000000 83404912.00000000 25484.35742188  2291884.50000000 1820084.87500000 
0.07900    51310644.00000000 32430468.00000000 81580568.00000000 24808.63281250  2235608.50000000 1775437.75000000 
0.08000    50188908.00000000 31726006.00000000 79802000.00000000 24152.88281250  2180843.50000000 1732003.62500000 
0.08100    49095800.00000000 31040026.00000000 78070512.00000000 23516.45898438  2127577.25000000 1689755.87500000 
0.08200    48031596.00000000 30371928.00000000 76383792.00000000 22898.72070312  2075797.62500000 1648650.50000000 
0.08300    46996384.00000000 29721862.00000000 74742440.00000000 22299.39062500  2025436.12500000 1608694.50000000 
0.08400    45988664.00000000 29089466.00000000 73146456.00000000 21717.97656250  1976497.37500000 1569856.37500000 
0.08500    45009000.00000000 28474780.00000000 71594040.00000000 21153.54296875  1928919.62500000 1532104.12500000 
0.08600    44057372.00000000 27877236.00000000 70085520.00000000 20606.13085938  1882703.87500000 1495423.50000000 
0.08700    43132356.00000000 27297028.00000000 68620912.00000000 20075.05859375  1837811.00000000 1459802.87500000 
0.08800    42234684.00000000 26733570.00000000 67198264.00000000 19559.68554688  1794189.62500000 1425169.75000000 
0.08900    41363232.00000000 26186878.00000000 65817056.00000000 19060.02929688  1751841.37500000 1391556.12500000 
0.09000    40517384.00000000 25656560.00000000 64478208.00000000 18574.89062500  1710720.75000000 1358917.87500000 
0.09100    39697236.00000000 25142380.00000000 63178976.00000000 18104.58007812  1670795.87500000 1327212.75000000 
0.09200    38901804.00000000 24643856.00000000 61919324.00000000 17647.96093750  1632028.37500000 1296449.75000000 
0.09300    38131272.00000000 24161086.00000000 60699680.00000000 17205.11328125  1594409.87500000 1266576.75000000 
0.09400    37384384.00000000 23693342.00000000 59517136.00000000 16775.42968750  1557883.12500000 1237573.37500000 
0.09500    36661204.00000000 23240444.00000000 58372100.00000000 16358.45800781  1522433.87500000 1209435.37500000 
0.09600    35960688.00000000 22802094.00000000 57264052.00000000 15954.02343750  1488021.00000000 1182111.87500000 
0.09700    35282824.00000000 22378050.00000000 56191448.00000000 15561.37792969  1454626.75000000 1155611.37500000 
0.09800    34626560.00000000 21968064.00000000 55153796.00000000 15180.54296875  1422216.00000000 1129888.00000000 
0.09900    33991964.00000000 21571246.00000000 54150048.00000000 14810.84570312  1390781.62500000 1104922.62500000 
0.10000    33378142.00000000 21188062.00000000 53179652.00000000 14452.01660156  1360264.50000000 1080705.75000000 
0.10100    32784398.00000000 20817658.00000000 52241744.00000000 14103.80078125  1330646.37500000 1057191.62500000 
0.10200    32210380.00000000 20459520.00000000 51334252.00000000 13765.96484375  1301896.87500000 1034368.12500000 
0.10300    31655324.00000000 20113486.00000000 50458216.00000000 13438.01171875  1274008.25000000 1012228.50000000 
0.10400    31119068.00000000 19779406.00000000 49611008.00000000 13119.64355469  1246924.62500000 990750.56250000 
0.10500    30600424.00000000 19456790.00000000 48793024.00000000 12810.73730469  1220662.50000000 969894.00000000 
0.10600    30099592.00000000 19145136.00000000 48002692.00000000 12510.94042969  1195162.12500000 949656.56250000 
0.10700    29615526.00000000 18844332.00000000 47238932.00000000 12219.79003906  1170408.62500000 930006.31250000 
0.10800    29147754.00000000 18553740.00000000 46501516.00000000 11937.36816406  1146385.37500000 910946.37500000 
0.10900    28695682.00000000 18273194.00000000 45789148.00000000 11663.22753906  1123048.62500000 892427.50000000 
0.11000    28258994.00000000 18002320.00000000 45100692.00000000 11397.09277344  1100400.50000000 874464.43750000 
0.11100    27836656.00000000 17740638.00000000 44436152.00000000 11138.74804688  1078417.62500000 857010.75000000 
0.11200    27428774.00000000 17487998.00000000 43793372.00000000 10888.12695312  1057057.25000000 840066.12500000 
0.11300    27034188.00000000 17243770.00000000 43172468.00000000 10644.82714844  1036317.18750000 823609.81250000 
0.11400    26652884.00000000 17007942.00000000 42572288.00000000 10408.64941406  1016168.12500000 807625.25000000 
0.11500    26283800.00000000 16779904.00000000 41992456.00000000 10179.38769531  996597.68750000 792096.68750000 
0.11600    25926934.00000000 16559699.00000000 41430852.00000000 9956.86230469   977574.18750000 777003.43750000 
0.11700    25581438.00000000 16346434.00000000 40887804.00000000 9740.86621094   959095.12500000 762343.87500000 
0.11800    25246848.00000000 16140049.00000000 40362416.00000000 9531.11328125   941113.68750000 748075.25000000 
0.11900    24922766.00000000 15940257.00000000 39853296.00000000 9327.47167969   923632.93750000 734202.31250000 
0.12000    24608726.00000000 15746671.00000000 39359412.00000000 9129.69433594   906625.75000000 720715.18750000 
0.12100    24303958.00000000 15559008.00000000 38881344.00000000 8937.70019531   890084.62500000 707592.18750000 
0.12200    24008182.00000000 15376996.00000000 38416980.00000000 8751.10839844   873980.06250000 694815.43750000 
0.12300    23721092.00000000 15200278.00000000 37966612.00000000 8569.91308594   858298.31250000 682370.75000000 
0.12400    23441956.00000000 15028518.00000000 37528280.00000000 8393.82519531   843020.37500000 670250.00000000 
0.12500    23170254.00000000 14861442.00000000 37101984.00000000 8222.58398438   828132.87500000 658434.43750000 
0.12600    22905834.00000000 14698810.00000000 36687008.00000000 8056.27783203   813613.43750000 646925.12500000 
0.12700    22648200.00000000 14540323.00000000 36282760.00000000 7894.25097656   799454.68750000 635685.62500000 
0.12800    22396562.00000000 14385588.00000000 35887940.00000000 7736.75732422   785623.75000000 624714.25000000 
0.12900    22150874.00000000 14234516.00000000 35502388.00000000 7583.41162109   772131.56250000 614007.43750000 
0.13000    21910808.00000000 14086760.00000000 35125780.00000000 7434.08105469   758938.37500000 603536.87500000 
0.13100    21675538.00000000 13941951.00000000 34756336.00000000 7288.55908203   746043.68750000 593306.87500000 
0.13200    21445160.00000000 13800077.00000000 34394320.00000000 7146.75976562   733418.25000000 583283.81250000 
0.13300    21218994.00000000 13660840.00000000 34039528.00000000 7008.34863281   721059.43750000 573477.81250000 
0.13400    20996750.00000000 13523824.00000000 33690328.00000000 6873.32470703   708955.75000000 563871.37500000 
0.13500    20778094.00000000 13389054.00000000 33347062.00000000 6741.40087891   697081.18750000 554449.31250000 
0.13600    20562802.00000000 13256053.00000000 33008300.00000000 6612.48974609   685430.87500000 545196.87500000 
0.13700    20350294.00000000 13124747.00000000 32674218.00000000 6486.37109375   673992.12500000 536118.50000000 
0.13800    20140450.00000000 12995105.00000000 32344244.00000000 6362.93701172   662749.50000000 527193.75000000 
0.13900    19932940.00000000 12866738.00000000 32017898.00000000 6242.06591797   651693.62500000 518413.59375000 
0.14000    19727562.00000000 12739428.00000000 31694332.00000000 6123.57714844   640801.56250000 509776.06250000 
0.14100    19524062.00000000 12613169.00000000 31373530.00000000 6007.33056641   630085.93750000 501258.06250000 
0.14200    19321814.00000000 12487612.00000000 31054766.00000000 5893.22802734   619510.37500000 492862.87500000 
0.14300    19121102.00000000 12362881.00000000 30738136.00000000 5781.07568359   609077.50000000 484581.25000000 
0.14400    18921156.00000000 12238458.00000000 30423098.00000000 5670.81201172   598778.75000000 476399.25000000 
0.14500    18722182.00000000 12114589.00000000 30108844.00000000 5562.36767578   588600.62500000 468314.93750000 
0.14600    18523894.00000000 11990929.00000000 29795636.00000000 5455.53173828   578539.56250000 460319.00000000 
0.14700    18326306.00000000 11867443.00000000 29483000.00000000 5350.27441406   568577.81250000 452412.43750000 
0.14800    18128754.00000000 11743828.00000000 29170512.00000000 5246.50585938   558715.37500000 444575.28125000 
0.14900    17931340.00000000 11620257.00000000 28858324.00000000 5144.11328125   548944.37500000 436809.37500000 
0.15000    17733830.00000000 11496516.00000000 28545628.00000000 5043.03320312   539260.93750000 429112.03125000 
0.15100    17536574.00000000 11372527.00000000 28232616.00000000 4943.18408203   529649.18750000 421474.25000000 
0.15200    17338806.00000000 11248331.00000000 27919294.00000000 4844.56982422   520117.12500000 413892.50000000 
0.15300    17140710.00000000 11123654.00000000 27604994.00000000 4747.04736328   510652.46875000 406364.06250000 
0.15400    16942292.00000000 10998545.00000000 27289952.00000000 4650.66210938   501247.68750000 398888.25000000 
0.15500    16743332.00000000 10873095.00000000 26973874.00000000 4555.30761719   491904.81250000 391455.87500000 
0.15600    16543860.00000000 10747037.00000000 26656614.00000000 4460.93457031   482617.53125000 384065.96875000 
0.15700    16343721.00000000 10620526.00000000 26338634.00000000 4367.60205078   473386.78125000 376722.53125000 
0.15800    16142890.00000000 10493479.00000000 26018934.00000000 4275.22412109   464205.62500000 369412.84375000 
0.15900    15941587.00000000 10365814.00000000 25698384.00000000 4183.81494141   455077.90625000 362149.50000000 
0.16000    15739436.00000000 10237638.00000000 25376388.00000000 4093.38427734   445997.21875000 354916.84375000 
0.16100    15536649.00000000 10109010.00000000 25053442.00000000 4003.89111328   436973.43750000 347731.34375000 
0.16200    15333316.00000000 9979706.00000000 24729136.00000000 3915.39916992   427994.53125000 340574.87500000 
0.16300    15129296.00000000 9849834.00000000 24403662.00000000 3827.86279297   419064.53125000 333460.40625000 
0.16400    14924691.00000000 9719633.00000000 24077426.00000000 3741.35473633   410186.96875000 326382.75000000 
0.16500    14719508.00000000 9588892.00000000 23749722.00000000 3655.85180664   401363.93750000 319347.00000000 
0.16600    14513933.00000000 9457650.00000000 23421232.00000000 3571.44799805   392593.25000000 312351.00000000 
0.16700    14307892.00000000 9326004.00000000 23092088.00000000 3488.05371094   383879.37500000 305397.71875000 
0.16800    14101434.00000000 9194064.00000000 22761970.00000000 3405.79077148   375220.06250000 298488.81250000 
0.16900    13894848.00000000 9061850.00000000 22431486.00000000 3324.67309570   366625.56250000 291627.87500000 
0.17000    13687912.00000000 8929407.00000000 22100188.00000000 3244.72924805   358097.31250000 284814.03125000 
0.17100    13480944.00000000 8796784.00000000 21769022.00000000 3166.00439453   349631.50000000 278051.25000000 
0.17200    13273956.00000000 8664046.00000000 21437370.00000000 3088.54418945   341239.68750000 271343.84375000 
0.17300    13067104.00000000 8531203.00000000 21105934.00000000 3012.35522461   332923.03125000 264692.56250000 
0.17400    12860516.00000000 8398450.00000000 20774688.00000000 2937.51831055   324684.50000000 258104.07812500 
0.17500    12653943.00000000 8265704.50000000 20443778.00000000 2864.09130859   316529.75000000 251575.96875000 
0.17600    12448069.00000000 8133123.00000000 20113344.00000000 2792.01855469   308456.93750000 245113.14062500 
0.17700    12242679.00000000 8000900.50000000 19783616.00000000 2721.46899414   300481.31250000 238723.31250000 
0.17800    12037968.00000000 7868893.50000000 19454866.00000000 2652.37402344   292596.50000000 232403.95312500 
0.17900    11834032.00000000 7737349.50000000 19127228.00000000 2584.82055664   284808.37500000 226163.40625000 
0.18000    11630943.00000000 7606266.00000000 18800988.00000000 2518.83081055   277124.09375000 220001.46875000 
0.18100    11429014.00000000 7475731.00000000 18476240.00000000 2454.46484375   269554.18750000 213925.48437500 
0.18200    11228020.00000000 7345840.50000000 18153062.00000000 2391.65185547   262086.29687500 207929.90625000 
0.18300    11028352.00000000 7216588.50000000 17831896.00000000 2330.52661133   254736.57812500 202026.28125000 
0.18400    10830151.00000000 7088163.50000000 17512866.00000000 2271.05981445   247503.93750000 196215.15625000 
0.18500    10633400.00000000 6960703.00000000 17195978.00000000 2213.27099609   240397.00000000 190499.85937500 
0.18600    10438195.00000000 6834032.00000000 16881736.00000000 2157.19116211   233409.21875000 184881.46875000 
0.18700    10244791.00000000 6708540.50000000 16569968.00000000 2102.83471680   226552.90625000 179363.96875000 
0.18800    10053178.00000000 6583967.00000000 16260941.00000000 2050.16894531   219827.71875000 173948.93750000 
0.18900    9863639.00000000 6460719.00000000 15955266.00000000 1999.26953125   213239.14062500 168642.28125000 
0.19000    9675895.00000000 6338528.00000000 15652416.00000000 1950.03454590   206781.76562500 163438.15625000 
0.19100    9490534.00000000 6217785.50000000 15353147.00000000 1902.57934570   200470.59375000 158350.12500000 
0.19200    9307262.00000000 6098336.00000000 15057198.00000000 1856.77966309   194294.76562500 153368.73437500 
0.19300    9126304.00000000 5980301.50000000 14764955.00000000 1812.72229004   188265.73437500 148503.10937500 
0.19400    8947821.00000000 5863745.50000000 14476418.00000000 1770.32702637   182378.56250000 143748.28125000 
0.19500    8771714.00000000 5748700.00000000 14191859.00000000 1729.59313965   176636.46875000 139111.35937500 
0.19600    8598222.00000000 5635207.00000000 13911096.00000000 1690.49926758   171041.26562500 134588.17187500 
0.19700    8427312.00000000 5523359.50000000 13634581.00000000 1653.00329590   165591.82812500 130183.66406250 
0.19800    8259089.50000000 5413166.00000000 13362271.00000000 1617.10083008   160290.92187500 125893.82812500 
0.19900    8093725.00000000 5304712.50000000 13094317.00000000 1582.74829102   155138.04687500 121724.02343750 
0.20000    7930984.50000000 5197943.50000000 12830731.00000000 1549.88671875   150127.09375000 117669.55468750 
0.20100    7771157.00000000 5092973.50000000 12571601.00000000 1518.52526855   145266.64062500 113732.35937500 
0.20200    7614082.00000000 4989799.50000000 12317050.00000000 1488.58715820   140549.82812500 109909.57031250 
0.20300    7460006.50000000 4888451.50000000 12067120.00000000 1460.03637695   135978.31250000 106203.95312500 
0.20400    7308856.00000000 4788931.00000000 11821772.00000000 1432.83850098   131548.21875000 102612.72656250 
0.20500    7160589.50000000 4691279.50000000 11581239.00000000 1406.93103027   127260.47656250 99135.25000000  
0.20600    7015291.00000000 4595503.50000000 11345177.00000000 1382.29113770   123109.67187500 95768.20312500  
0.20700    6873035.00000000 4501574.50000000 11113952.00000000 1358.83264160   119099.77343750 92513.67968750  
0.20800    6733643.00000000 4409591.00000000 10887514.00000000 1336.53442383   115221.92187500 89365.93750000  
0.20900    6597313.50000000 4319491.50000000 10665935.00000000 1315.37084961   111481.72656250 86329.14843750  
0.21000    6463899.00000000 4231276.00000000 10448859.00000000 1295.21411133   107866.97656250 83393.78125000  
0.21100    6333366.50000000 4144944.75000000 10236613.00000000 1276.08703613   104380.00781250 80563.03906250  
0.21200    6205906.00000000 4060524.75000000 10029016.00000000 1257.87792969   101017.73437500 77832.02343750  
0.21300    6081188.00000000 3977947.75000000 9826006.00000000 1240.60290527   97776.46093750  75199.49218750  
0.21400    5959476.00000000 3897214.00000000 9627872.00000000 1224.16003418   94653.77343750  72662.97656250  
0.21500    5840626.00000000 3818356.00000000 9434158.00000000 1208.53869629   91647.14062500  70221.06250000  
0.21600    5724520.00000000 3741277.00000000 9244884.00000000 1193.65576172   88750.00000000  67867.39062500  
0.21700    5611192.50000000 3666042.75000000 9060292.00000000 1179.49340820   85960.32031250  65603.41406250  
0.21800    5500660.00000000 3592580.00000000 8879972.00000000 1165.99841309   83275.93750000  63423.71484375  
0.21900    5392762.00000000 3520855.50000000 8704097.00000000 1153.08154297   80690.26562500  61325.01562500  
0.22000    5287514.00000000 3450820.50000000 8532430.00000000 1140.77416992   78202.84375000  59306.53515625  
0.22100    5184914.50000000 3382556.50000000 8364990.50000000 1129.00659180   75810.59375000  57366.30078125  
0.22200    5084846.00000000 3315942.75000000 8201683.50000000 1117.72167969   73507.57031250  55498.72656250  
0.22300    4987248.50000000 3250962.00000000 8042391.00000000 1106.90551758   71290.08593750  53701.43359375  
0.22400    4892057.50000000 3187555.25000000 7887030.50000000 1096.49670410   69154.23437500  51971.40625000  
0.22500    4799309.00000000 3125733.50000000 7735613.00000000 1086.52697754   67100.50000000  50309.03906250  
0.22600    4708803.50000000 3065451.00000000 7587882.00000000 1076.85949707   65120.66406250  48706.46484375  
0.22700    4620649.00000000 3006667.50000000 7443912.00000000 1067.57556152   63214.80078125  47165.07812500  
0.22800    4534622.00000000 2949322.00000000 7303453.50000000 1058.56909180   61376.66406250  45680.02343750  
0.22900    4450702.50000000 2893386.50000000 7166426.50000000 1049.85461426   59603.48828125  44248.44921875  
0.23000    4368905.00000000 2838838.50000000 7032808.50000000 1041.39941406   57894.04296875  42869.08984375  
0.23100    4289087.50000000 2785637.00000000 6902536.50000000 1033.17016602   56243.96484375  41538.95703125  
0.23200    4211219.00000000 2733694.00000000 6775384.50000000 1025.16467285   54649.02343750  40254.47656250  
0.23300    4135199.25000000 2683039.00000000 6651295.00000000 1017.36358643   53107.84765625  39014.68750000  
0.23400    4061042.25000000 2633626.25000000 6530250.50000000 1009.74938965   51618.10156250  37817.11718750  
0.23500    3988567.00000000 2585327.00000000 6411925.50000000 1002.28344727   50174.09765625  36657.18750000  
0.23600    3917852.50000000 2538218.75000000 6296497.50000000 995.00408936    48777.51562500  35536.01171875  
0.23700    3848723.50000000 2492229.50000000 6183723.00000000 987.86175537    47422.51562500  34450.02343750  
0.23800    3781215.75000000 2447270.75000000 6073547.00000000 980.86230469    46107.89062500  33397.93750000  
0.23900    3715160.75000000 2403320.25000000 5965841.00000000 973.98284912    44831.44140625  32375.70703125  
0.24000    3650561.25000000 2360357.00000000 5860517.00000000 967.23144531    43590.04687500  31384.04492188  
0.24100    3587427.50000000 2318388.25000000 5757577.50000000 960.61859131    42385.29687500  30421.11132812  
0.24200    3525596.75000000 2277324.00000000 5656769.50000000 954.11041260    41211.03125000  29484.09375000  
0.24300    3465034.25000000 2237116.50000000 5558143.50000000 947.70697021    40066.66015625  28571.94335938  
0.24400    3405715.50000000 2197759.50000000 5461541.00000000 941.41058350    38950.70312500  27683.02929688  
0.24500    3347578.00000000 2159213.75000000 5366853.50000000 935.22509766    37861.80468750  26816.08203125  
0.24600    3290563.25000000 2121430.25000000 5274129.50000000 929.14697266    36798.55468750  25969.95898438  
0.24700    3234674.00000000 2084422.50000000 5183141.50000000 923.16394043    35759.71484375  25144.34179688  
0.24800    3179803.00000000 2048117.62500000 5093901.50000000 917.29174805    34742.89843750  24336.55859375  
0.24900    3125911.25000000 2012488.00000000 5006276.00000000 911.52142334    33747.74609375  23546.51757812  
0.25000    3072967.00000000 1977541.62500000 4920263.50000000 905.85772705    32773.53125000  22773.22265625  
0.25100    3020951.75000000 1943186.50000000 4835744.00000000 900.29235840    31817.63085938  22015.24804688  
0.25200    2969824.25000000 1909487.50000000 4752752.50000000 894.84497070    30882.36914062  21273.69140625  
0.25300    2919531.75000000 1876330.62500000 4671110.50000000 889.50067139    29964.37109375  20545.90820312  
0.25400    2870021.75000000 1843735.87500000 4590811.00000000 884.25909424    29062.98632812  19832.14257812  
0.25500    2821280.75000000 1811665.62500000 4511719.50000000 879.14050293    28177.52929688  19130.93554688  
0.25600    2773267.75000000 1780124.00000000 4433943.00000000 874.11688232    27308.58203125  18442.73242188  
0.25700    2725986.25000000 1749063.75000000 4357317.00000000 869.20574951    26454.60546875  17766.80664062  
0.25800    2679353.25000000 1718456.50000000 4281779.00000000 864.42944336    25616.01953125  17102.82812500  
0.25900    2633409.50000000 1688325.37500000 4207349.00000000 859.75708008    24791.65625000  16450.51562500  
0.26000    2588061.75000000 1658604.50000000 4133966.75000000 855.20770264    23981.73046875  15809.45117188  
0.26100    2543310.25000000 1629313.00000000 4061552.25000000 850.76861572    23184.08007812  15178.69238281  
0.26200    2499146.75000000 1600423.87500000 3990150.75000000 846.47650146    22402.49804688  14560.08789062  
0.26300    2455531.25000000 1571922.62500000 3919636.25000000 842.27258301    21631.86328125  13950.46582031  
0.26400    2412473.75000000 1543786.00000000 3850037.00000000 838.20898438    20875.58007812  13352.28710938  
0.26500    2369954.00000000 1516018.37500000 3781320.00000000 834.26678467    20132.87500000  12764.84570312  
0.26600    2327903.25000000 1488603.25000000 3713440.25000000 830.45782471    19402.51757812  12186.90039062  
0.26700    2286388.25000000 1461539.12500000 3646363.00000000 826.77893066    18686.17382812  11620.16503906  
0.26800    2245340.25000000 1434797.37500000 3580143.00000000 823.22540283    17983.12109375  11063.93750000  
0.26900    2204747.50000000 1408358.50000000 3514621.75000000 819.79650879    17292.16210938  10517.32714844  
0.27000    2164647.25000000 1382255.37500000 3449912.25000000 816.51574707    16615.51562500  9982.20117188   
0.27100    2124963.75000000 1356451.00000000 3385925.00000000 813.35461426    15951.76171875  9456.56933594   
0.27200    2085806.00000000 1330975.00000000 3322744.25000000 810.35955811    15303.16015625  8943.60742188   
0.27300    2046985.12500000 1305753.62500000 3260185.75000000 807.49127197    14666.49609375  8439.60546875   
0.27400    2008599.37500000 1280812.00000000 3198248.25000000 804.72131348    14041.85351562  7945.63818359   
0.27500    1970692.12500000 1256194.00000000 3137211.75000000 802.13934326    13434.57519531  7465.15625000   
0.27600    1933139.75000000 1231809.25000000 3076643.00000000 799.66589355    12839.14648438  6993.55810547   
0.27700    1896080.87500000 1207747.62500000 3016942.75000000 797.36248779    12259.75488281  6535.00488281   
0.27800    1859379.87500000 1183940.12500000 2957829.75000000 795.20184326    11694.12109375  6087.24853516   
0.27900    1823110.50000000 1160418.37500000 2899402.75000000 793.18139648    11143.67675781  5651.65380859   
0.28000    1787257.00000000 1137154.62500000 2841666.00000000 791.31878662    10608.60937500  5227.73388672   
0.28100    1751818.62500000 1114176.50000000 2784562.50000000 789.60217285    10088.63476562  4815.87353516   
0.28200    1716827.62500000 1091464.75000000 2728169.75000000 788.05108643    9585.17285156   4417.18945312   
0.28300    1682221.37500000 1069024.75000000 2672424.00000000 786.64636230    9096.64257812   4030.53540039   
0.28400    1648025.00000000 1046849.12500000 2617344.00000000 785.39929199    8624.47167969   3656.15478516   
0.28500    1614273.75000000 1024967.31250000 2562969.50000000 784.32537842    8169.72314453   3295.72412109   
0.28600    1580935.75000000 1003333.50000000 2509231.50000000 783.39788818    7730.37060547   2947.44482422   
0.28700    1548022.00000000 981983.93750000 2456228.50000000 782.64031982    7308.84228516   2613.19213867   
0.28800    1515524.50000000 960893.68750000 2403850.50000000 782.04180908    6904.00683594   2291.85083008   
0.28900    1483516.62500000 940115.68750000 2352229.00000000 781.62103271    6517.37500000   1984.84069824   
0.29000    1451889.00000000 919582.00000000 2301258.25000000 781.35406494    6147.68359375   1691.14880371   
0.29100    1420735.12500000 899355.25000000 2251019.25000000 781.26660156    5796.79638672   1412.28649902   
0.29200    1390020.00000000 879402.00000000 2201491.00000000 781.33856201    5463.57714844   1147.07263184   
0.29300    1359783.12500000 859749.37500000 2152712.50000000 781.59008789    5149.48876953   897.06530762    
0.29400    1329950.62500000 840358.56250000 2104587.50000000 781.99017334    4851.81103516   659.66522217    
0.29500    1300630.50000000 821276.06250000 2057265.12500000 782.57501221    4575.00781250   438.60598755    
0.29600    1271740.25000000 802485.12500000 2010627.25000000 783.31750488    4315.74267578   231.01251221    
0.29700    1243326.37500000 783973.00000000 1964736.12500000 784.21881104    4074.93481445   38.09963989     
0.29800    1215401.25000000 765777.18750000 1919628.50000000 785.28698730    3853.74267578   -139.49957275   
0.29900    1187975.87500000 747885.87500000 1875274.62500000 786.52746582    3652.03295898   -302.12142944   
0.30000    1160994.75000000 730270.12500000 1831651.25000000 787.90252686    3467.98071289   -450.74990845   
0.30100    1134538.25000000 712993.37500000 1788847.87500000 789.45635986    3304.27319336   -583.73840332   
0.30200    1108531.25000000 695998.62500000 1746774.50000000 791.13616943    3158.36523438   -702.91168213   
0.30300    1083058.75000000 679326.87500000 1705503.00000000 792.98022461    3032.13012695   -806.51000977   
0.30400    1058085.62500000 662966.62500000 1665057.00000000 794.96197510    2924.87597656   -895.38385010   
0.30500    1033580.87500000 646908.12500000 1625323.87500000 797.05999756    2835.33666992   -970.93811035   
0.30600    1009576.37500000 631161.87500000 1586413.00000000 799.29425049    2764.42309570   -1031.76379395  
0.30700    986121.93750000 615744.31250000 1548336.50000000 801.65667725    2712.88549805   -1077.35034180  
0.30800    963138.56250000 600626.43750000 1511011.12500000 804.11419678    2678.31103516   -1109.87854004  
0.30900    940682.87500000 585849.12500000 1474525.50000000 806.69866943    2662.28125000   -1127.99499512  
0.31000    918739.31250000 571380.12500000 1438843.87500000 809.37194824    2663.45166016   -1132.43127441  
0.31100    897279.00000000 557212.06250000 1403943.75000000 812.12530518    2681.52563477   -1123.92456055  
0.31200    876351.75000000 543379.75000000 1369856.75000000 814.96630859    2717.01196289   -1101.86877441  
0.31300    855930.87500000 529864.00000000 1336575.62500000 817.88421631    2768.70141602   -1067.12023926  
0.31400    836030.31250000 516683.09375000 1304133.25000000 820.85534668    2836.84277344   -1019.36206055  
0.31500    816615.68750000 503793.31250000 1272448.25000000 823.87249756    2920.19775391   -960.06182861   
0.31600    797717.56250000 491234.87500000 1241586.12500000 826.92932129    3018.87231445   -888.25939941   
0.31700    779323.12500000 478993.09375000 1211512.87500000 830.02630615    3132.56909180   -804.85742188   
0.31800    761427.62500000 467057.87500000 1182239.12500000 833.12152100    3259.26269531   -711.17572021   
0.31900    744046.31250000 455453.90625000 1153766.00000000 836.25115967    3401.24731445   -605.29016113   
0.32000    727143.31250000 444158.28125000 1126082.50000000 839.36352539    3555.48706055   -489.85095215   
0.32100    710727.18750000 433155.56250000 1099149.75000000 842.46057129    3722.15722656   -364.48229980   
0.32200    694815.18750000 422487.21875000 1073034.00000000 845.54406738    3901.17846680   -229.19372559   
0.32300    679348.75000000 412093.40625000 1047622.31250000 848.58062744    4090.57617188   -85.62500000    
0.32400    664369.00000000 402009.75000000 1022991.62500000 851.57312012    4290.97705078   66.91094971     
0.32500    649857.18750000 392230.71875000 999093.50000000 854.51086426    4501.12841797   227.43531799    
0.32600    635808.18750000 382741.59375000 975947.31250000 857.38537598    4720.90869141   395.63534546    
0.32700    622213.93750000 373546.06250000 953536.25000000 860.18395996    4949.55175781   571.54278564    
0.32800    609094.06250000 364656.50000000 931881.93750000 862.90002441    5186.87548828   754.23992920    
0.32900    596386.06250000 356029.03125000 910874.50000000 865.52459717    5430.90136719   942.62677002    
0.33000    584126.87500000 347694.78125000 890622.43750000 868.05236816    5682.19726562   1137.23193359   
0.33100    572254.50000000 339615.46875000 870966.56250000 870.45599365    5938.64257812   1336.29028320   
0.33200    560855.18750000 331839.09375000 852094.18750000 872.77044678    6202.79003906   1541.92834473   
0.33300    549839.31250000 324318.90625000 833836.00000000 874.94171143    6470.25781250   1750.87731934   
0.33400    539242.87500000 317065.81250000 816242.87500000 877.00250244    6742.85498047   1964.29321289   
0.33500    529014.43750000 310064.31250000 799269.00000000 878.91876221    7018.78564453   2180.83349609   
0.33600    519176.71875000 303313.84375000 782923.25000000 880.70159912    7297.89306641   2400.48803711   
0.33700    509709.90625000 296811.37500000 767187.18750000 882.34564209    7579.63916016   2623.12939453   
0.33800    500624.15625000 290561.12500000 752075.87500000 883.85058594    7863.89160156   2848.18603516   
0.33900    491873.68750000 284537.15625000 737494.68750000 885.20166016    8149.11083984   3074.64697266   
0.34000    483478.78125000 278749.62500000 723521.00000000 886.40759277    8435.53320312   3302.69824219   
0.34100    475426.71875000 273189.90625000 710094.37500000 887.45837402    8722.63574219   3532.15795898   
0.34200    467729.87500000 267869.43750000 697269.31250000 888.37261963    9010.79101562   3763.20434570   
0.34300    460315.84375000 262744.78125000 684896.12500000 889.12841797    9297.59277344   3993.80664062   
0.34400    453254.59375000 257855.46875000 673115.50000000 889.74517822    9585.08105469   4225.68017578   
0.34500    446469.50000000 253155.45312500 661786.75000000 890.20330811    9870.65234375   4456.84423828   
0.34600    440018.28125000 248678.54687500 651013.25000000 890.53454590    10156.07519531  4688.52734375   
0.34700    433806.25000000 244370.07812500 640642.87500000 890.70666504    10438.34960938  4918.54833984   
0.34800    427896.62500000 240274.84375000 630772.62500000 890.73730469    10719.18847656  5148.25146484   
0.34900    422254.03125000 236357.03125000 621357.56250000 890.63775635    10998.34277344  5377.45849609   
0.35000    416875.34375000 232625.59375000 612370.75000000 890.40722656    11274.37988281  5604.82763672   
0.35100    411774.15625000 229083.48437500 603850.18750000 890.05169678    11549.15234375  5831.75634766   
0.35200    406874.31250000 225683.06250000 595682.06250000 889.55981445    11819.48144531  6056.03857422   
0.35300    402229.90625000 222461.65625000 587927.37500000 888.95184326    12087.06250000  6278.79687500   
0.35400    397833.68750000 219412.73437500 580597.62500000 888.23413086    12352.02539062  6500.29589844   
0.35500    393654.46875000 216514.64062500 573629.43750000 887.39868164    12613.57128906  6719.55664062   
0.35600    389675.96875000 213756.98437500 566997.50000000 886.45733643    12871.38671875  6936.64062500   
0.35700    385922.00000000 211153.96875000 560741.12500000 885.42132568    13126.04882812  7151.72656250   
0.35800    382375.06250000 208702.98437500 554838.93750000 884.28350830    13377.13378906  7364.69677734   
0.35900    379018.12500000 206386.34375000 549268.12500000 883.05401611    13624.62792969  7575.45410156   
0.36000    375870.15625000 204213.68750000 544041.06250000 881.75079346    13869.25097656  7784.26806641   
0.36100    372881.43750000 202152.14062500 539075.50000000 880.34539795    14108.99316406  7989.79589844   
0.36200    370119.59375000 200247.10937500 534504.62500000 878.88311768    14346.77539062  8194.52734375   
0.36300    367474.53125000 198430.50000000 530130.87500000 877.33618164    14579.20214844  8394.96679688   
0.36400    365003.00000000 196737.59375000 526049.68750000 875.71575928    14808.00585938  8593.05566406   
0.36500    362692.46875000 195153.53125000 522241.00000000 874.01940918    15032.96289062  8788.74902344   
0.36600    360564.90625000 193698.18750000 518732.78125000 872.28790283    15255.56542969  8982.66699219   
0.36700    358556.00000000 192324.06250000 515429.40625000 870.46392822    15473.15917969  9172.85351562   
0.36800    356740.31250000 191084.98437500 512447.78125000 868.61010742    15688.44824219  9361.74609375   
0.36900    355044.59375000 189932.96875000 509672.03125000 866.68994141    15899.83398438  9547.63183594   
0.37000    353450.21875000 188847.85937500 507061.21875000 864.70141602    16106.00683594  9729.53515625   
0.37100    351992.12500000 187862.45312500 504688.25000000 862.66619873    16308.91308594  9909.04785156   
0.37200    350699.12500000 186983.17187500 502571.00000000 860.58819580    16509.45117188  10086.62597656  
0.37300    349494.78125000 186167.01562500 500616.96875000 858.44879150    16704.90820312  10260.79882812  
0.37400    348421.62500000 185445.39062500 498879.96875000 856.25695801    16897.85156250  10432.54492188  
0.37500    347461.75000000 184792.87500000 497323.03125000 854.02215576    17087.33789062  10601.71972656  
0.37600    346620.40625000 184222.64062500 495959.59375000 851.72406006    17272.34960938  10767.49121094  
0.37700    345851.18750000 183705.43750000 494720.53125000 849.36804199    17453.39257812  10930.06542969  
0.37800    345199.93750000 183261.81250000 493674.87500000 846.96136475    17631.10937500  11089.81250000  
0.37900    344663.43750000 182894.84375000 492806.71875000 844.49981689    17805.43359375  11247.12207031  
0.38000    344192.25000000 182571.93750000 492054.84375000 841.97326660    17975.36328125  11400.68750000  
0.38100    343794.00000000 182296.76562500 491418.21875000 839.37976074    18140.88281250  11550.49121094  
0.38200    343500.40625000 182089.51562500 490951.50000000 836.73614502    18303.17578125  11697.83203125  
0.38300    343264.65625000 181917.53125000 490571.40625000 834.00329590    18460.43750000  11841.06933594  
0.38400    343128.93750000 181811.75000000 490354.50000000 831.21264648    18614.74218750  11981.68164062  
0.38500    343034.15625000 181728.89062500 490202.75000000 828.34625244    18763.63476562  12117.94921875  
0.38600    343037.40625000 181708.25000000 490198.00000000 825.41235352    18909.52539062  12251.44726562  
0.38700    343066.09375000 181703.50000000 490239.15625000 822.38623047    19049.60937500  12380.31445312  
0.38800    343161.03125000 181738.90625000 490382.15625000 819.27978516    19185.50195312  12505.73242188  
0.38900    343304.62500000 181803.20312500 490597.87500000 816.08856201    19316.50195312  12627.07812500  
0.39000    343525.93750000 181916.57812500 490934.46875000 812.81805420    19443.86328125  12745.20996094  
0.39100    343771.62500000 182038.51562500 491298.87500000 809.45794678    19565.47460938  12859.04101562  
0.39200    344063.84375000 182193.76562500 491748.53125000 806.00366211    19682.57421875  12968.58593750  
0.39300    344383.50000000 182360.48437500 492232.65625000 802.44891357    19794.01953125  13073.75585938  
0.39400    344774.28125000 182567.31250000 492815.84375000 798.81414795    19901.51757812  13175.53613281  
0.39500    345152.25000000 182766.98437500 493385.90625000 795.07183838    20002.33203125  13271.84375000  
0.39600    345568.84375000 182983.54687500 494005.21875000 791.23199463    20098.25390625  13364.09375000  
0.39700    346002.25000000 183211.04687500 494652.00000000 787.29138184    20188.85351562  13451.83105469  
0.39800    346477.50000000 183459.28125000 495349.78125000 783.25927734    20274.31835938  13535.45312500  
0.39900    346952.34375000 183704.79687500 496044.78125000 779.12939453    20353.65039062  13614.15722656  
0.40000    347442.18750000 183956.34375000 496757.37500000 774.89593506    20427.54882812  13688.28613281  
0.40100    347933.53125000 184210.20312500 497475.96875000 770.55877686    20495.40039062  13757.53222656  
0.40200    348455.43750000 184472.48437500 498231.46875000 766.14129639    20558.03515625  13822.56445312  
0.40300    348958.75000000 184723.32812500 498951.09375000 761.61871338    20614.04687500  13882.31152344  
0.40400    349478.40625000 184978.59375000 499686.75000000 757.00823975    20664.93750000  13937.97265625  
0.40500    349990.34375000 185230.78125000 500416.03125000 752.30993652    20709.83789062  13988.59082031  
0.40600    350517.46875000 185484.06250000 501155.96875000 747.53381348    20749.55664062  14035.12402344  
0.40700    351023.03125000 185724.90625000 501863.06250000 742.66662598    20782.85937500  14076.68554688  
0.40800    351522.59375000 185956.09375000 502545.75000000 737.71673584    20810.40039062  14113.40136719  
0.40900    352005.09375000 186173.82812500 503202.96875000 732.69360352    20831.95312500  14145.47949219  
0.41000    352503.28125000 186398.67187500 503871.09375000 727.61676025    20848.73828125  14173.72753906  
0.41100    352966.56250000 186602.81250000 504498.50000000 722.46313477    20859.37500000  14197.06933594  
0.41200    353406.09375000 186785.29687500 505071.53125000 717.24719238    20863.94335938  14215.78906250  
0.41300    353851.09375000 186974.64062500 505657.78125000 711.99371338    20864.02734375  14230.97656250  
0.41400    354268.84375000 187134.31250000 506175.56250000 706.67932129    20858.04687500  14241.27343750  
0.41500    354680.93750000 187296.50000000 506695.75000000 701.32775879    20847.40234375  14248.01171875  
0.41600    355045.90625000 187422.87500000 507128.40625000 695.93115234    20830.61328125  14249.98535156  
0.41700    355415.78125000 187555.85937500 507580.12500000 690.52160645    20810.14453125  14249.06152344  
0.41800    355782.46875000 187682.23437500 508027.78125000 685.09002686    20785.35937500  14244.80761719  
0.41900    356070.12500000 187760.28125000 508331.68750000 679.62860107    20753.75976562  14235.14843750  
0.42000    356377.84375000 187845.84375000 508673.06250000 674.16925049    20719.16015625  14223.32226562  
0.42100    356674.62500000 187924.04687500 508988.43750000 668.71533203    20680.50390625  14208.37890625  
0.42200    356939.46875000 187983.20312500 509261.78125000 663.26092529    20637.53906250  14190.07714844  
0.42300    357165.00000000 188018.32812500 509466.12500000 657.80792236    20589.91601562  14168.25878906  
0.42400    357378.65625000 188043.81250000 509648.21875000 652.37884521    20538.76562500  14143.80273438  
0.42500    357575.71875000 188060.04687500 509807.28125000 646.97387695    20484.37500000  14116.87109375  
0.42600    357732.46875000 188048.96875000 509897.53125000 641.59289551    20425.60546875  14086.87500000  
0.42700    357895.12500000 188043.15625000 510005.00000000 636.26123047    20365.03125000  14055.21484375  
0.42800    358019.75000000 188009.64062500 510036.18750000 630.96221924    20300.35156250  14020.49609375  
0.42900    358153.71875000 187985.29687500 510083.81250000 625.71289062    20234.07812500  13984.82519531  
0.43000    358252.46875000 187938.20312500 510077.62500000 620.51660156    20164.70898438  13946.65234375  
0.43100    358299.68750000 187860.29687500 510003.87500000 615.36639404    20091.49218750  13905.80078125  
0.43200    358373.65625000 187800.43750000 509954.68750000 610.29156494    20017.81835938  13864.52148438  
0.43300    358407.09375000 187713.82812500 509843.37500000 605.27941895    19940.89648438  13820.93652344  
0.43400    358432.93750000 187626.51562500 509734.00000000 600.32678223    19862.28906250  13776.11425781  
0.43500    358427.34375000 187520.14062500 509568.21875000 595.45507812    19781.62304688  13729.86425781  
0.43600    358447.71875000 187425.09375000 509434.31250000 590.66528320    19700.60546875  13683.48828125  
0.43700    358416.56250000 187303.10937500 509233.15625000 585.94750977    19616.93359375  13635.10156250  
0.43800    358360.68750000 187168.92187500 508991.09375000 581.29882812    19531.75000000  13585.64160156  
0.43900    358314.56250000 187039.45312500 508764.37500000 576.74749756    19446.14257812  13535.78222656  
0.44000    358256.09375000 186907.06250000 508521.34375000 572.27398682    19359.27929688  13485.31250000  
0.44100    358180.18750000 186762.95312500 508245.25000000 567.89141846    19271.34765625  13433.96484375  
0.44200    358099.75000000 186615.85937500 507973.12500000 563.58868408    19182.59179688  13382.26660156  
0.44300    358008.56250000 186466.59375000 507676.59375000 559.37731934    19093.02929688  13330.08105469  
0.44400    357905.43750000 186312.98437500 507379.50000000 555.25323486    19003.05468750  13277.50195312  
0.44500    357760.25000000 186133.18750000 507003.56250000 551.19464111    18911.22070312  13223.75683594  
0.44600    357622.62500000 185959.09375000 506646.28125000 547.24060059    18819.31250000  13169.99707031  
0.44700    357495.87500000 185796.48437500 506318.40625000 543.37335205    18727.67773438  13116.47656250  
0.44800    357329.87500000 185610.20312500 505914.93750000 539.58502197    18634.78906250  13061.94628906  
0.44900    357178.59375000 185438.53125000 505553.40625000 535.88446045    18542.13476562  13008.02734375  
0.45000    357026.90625000 185264.32812500 505177.68750000 532.26721191    18449.53515625  12954.00390625  
0.45100    356828.03125000 185065.34375000 504741.46875000 528.71917725    18354.92382812  12898.59082031  
0.45200    356647.18750000 184880.42187500 504332.21875000 525.25555420    18261.18750000  12843.89550781  
0.45300    356435.37500000 184678.70312500 503882.25000000 521.86090088    18166.50390625  12788.56152344  
0.45400    356232.93750000 184484.07812500 503441.96875000 518.54620361    18071.60546875  12733.27343750  
0.45500    356016.71875000 184287.65625000 502994.00000000 515.30444336    17976.43554688  12677.87109375  
0.45600    355785.12500000 184078.43750000 502513.68750000 512.12658691    17880.64062500  12621.84472656  
0.45700    355548.65625000 183874.82812500 502037.28125000 509.01522827    17784.71093750  12565.97558594  
0.45800    355289.96875000 183657.23437500 501531.56250000 505.97357178    17688.23242188  12509.53710938  
0.45900    355021.31250000 183439.01562500 501004.50000000 502.98767090    17591.04492188  12452.70800781  
0.46000    354765.21875000 183230.89062500 500517.81250000 500.07586670    17494.59570312  12396.63964844  
0.46100    354454.03125000 182988.73437500 499930.28125000 497.19989014    17395.82421875  12338.76074219  
0.46200    354167.65625000 182769.68750000 499396.90625000 494.38961792    17298.00781250  12281.45410156  
0.46300    353852.09375000 182534.37500000 498820.65625000 491.62973022    17198.84765625  12223.53808594  
0.46400    353512.50000000 182286.31250000 498207.87500000 488.91806030    17099.16210938  12165.00878906  
0.46500    353180.06250000 182048.29687500 497616.25000000 486.26348877    16999.34960938  12106.58691406  
0.46600    352816.37500000 181790.87500000 496974.81250000 483.64703369    16898.39648438  12047.19921875  
0.46700    352429.40625000 181525.09375000 496300.37500000 481.06707764    16796.50976562  11987.18847656  
0.46800    352060.56250000 181273.06250000 495662.84375000 478.54415894    16695.19921875  11927.50000000  
0.46900    351637.50000000 180992.85937500 494943.00000000 476.05285645    16591.89843750  11866.53027344  
0.47000    351206.59375000 180709.65625000 494215.46875000 473.59802246    16487.93750000  11804.97460938  
0.47100    350770.34375000 180426.64062500 493475.31250000 471.18875122    16383.86621094  11743.36621094  
0.47200    350307.53125000 180131.03125000 492713.68750000 468.81375122    16278.83203125  11681.11523438  
0.47300    349838.78125000 179837.17187500 491944.28125000 466.47146606    16173.43261719  11618.54101562  
0.47400    349321.28125000 179513.65625000 491096.62500000 464.15563965    16066.20507812  11554.46679688  
0.47500    348805.37500000 179196.68750000 490256.93750000 461.88464355    15958.96484375  11490.55078125  
0.47600    348289.09375000 178884.07812500 489425.00000000 459.64273071    15851.70703125  11426.61914062  
0.47700    347709.15625000 178530.10937500 488487.09375000 457.42269897    15741.94824219  11360.64355469  
0.47800    347128.06250000 178185.12500000 487568.00000000 455.24032593    15632.46972656  11295.00976562  
0.47900    346542.78125000 177842.84375000 486641.93750000 453.08627319    15522.79882812  11229.13378906  
0.48000    345909.31250000 177467.26562500 485638.12500000 450.95788574    15411.40820312  11161.98046875  
0.48100    345298.53125000 177115.32812500 484684.81250000 448.87356567    15300.84277344  11095.40039062  
0.48200    344603.12500000 176714.21875000 483601.81250000 446.79177856    15187.53125000  11026.69335938  
0.48300    343908.28125000 176315.20312500 482520.71875000 444.75131226    15074.17968750  10958.11425781  
0.48400    343205.12500000 175915.37500000 481431.84375000 442.73873901    14960.93554688  10889.53515625  
0.48500    342474.65625000 175502.06250000 480308.68750000 440.74856567    14846.79199219  10820.18261719  
0.48600    341733.90625000 175085.75000000 479171.00000000 438.79290771    14732.65722656  10750.79101562  
0.48700    340966.75000000 174654.46875000 477987.18750000 436.86105347    14617.62792969  10680.79394531  
0.48800    340153.03125000 174200.51562500 476745.71875000 434.94628906    14501.54589844  10609.81054688  
0.48900    339336.37500000 173745.10937500 475498.40625000 433.06799316    14385.43847656  10538.87500000  
0.49000    338498.50000000 173284.14062500 474230.81250000 431.21368408    14269.35546875  10467.92773438  
0.49100    337655.34375000 172823.95312500 472953.68750000 429.39047241    14153.33886719  10396.95019531  
0.49200    336761.62500000 172334.20312500 471608.59375000 427.58761597    14036.27343750  10325.15332031  
0.49300    335866.06250000 171845.39062500 470252.75000000 425.81164551    13919.52343750  10253.48828125  
0.49400    334945.68750000 171345.43750000 468870.71875000 424.06539917    13802.43261719  10181.67480469  
0.49500    333996.71875000 170830.70312500 467444.37500000 422.33813477    13685.10742188  10109.55371094  
0.49600    333053.00000000 170320.50000000 466026.90625000 420.64746094    13568.32519531  10037.75585938  
0.49700    332057.90625000 169786.84375000 464543.34375000 418.97564697    13450.78906250  9965.37011719   
0.49800    331067.21875000 169252.45312500 463065.37500000 417.32934570    13333.97558594  9893.54589844   
0.49900    330038.59375000 168699.93750000 461527.21875000 415.70700073    13216.58886719  9821.13183594   
0.50000    329006.84375000 168150.15625000 459989.84375000 414.11285400    13099.91113281  9749.28027344   
