# SAXS profile: number of points = 501, q_min = 0, q_max = 0.5, delta_q = 0.001
#    q    intensity 
0.00000    162238736.00000000 101201680.00000000 256271984.00000000 117734.75781250 8740934.00000000 6903593.50000000 
0.00100    162209632.00000000 101182744.00000000 256224720.00000000 117708.48437500 8739180.00000000 6902191.00000000 
0.00200    162120048.00000000 101127136.00000000 256084032.00000000 117629.27343750 8733802.00000000 6897932.50000000 
0.00300    161971056.00000000 101035104.00000000 255848160.00000000 117497.12500000 8724811.00000000 6890871.00000000 
0.00400    161762064.00000000 100905656.00000000 255519808.00000000 117312.62500000 8712284.00000000 6881004.50000000 
0.00500    161493760.00000000 100739616.00000000 255097696.00000000 117075.46875000 8696130.00000000 6868322.00000000 
0.00600    161165728.00000000 100536576.00000000 254581280.00000000 116786.79687500 8676497.00000000 6852843.00000000 
0.00700    160778608.00000000 100297224.00000000 253972544.00000000 116446.16406250 8653298.00000000 6834593.50000000 
0.00800    160333504.00000000 100022120.00000000 253272112.00000000 116054.26562500 8626604.00000000 6813586.00000000 
0.00900    159831200.00000000 99711336.00000000 252482976.00000000 115611.64062500 8596547.00000000 6789883.00000000 
0.01000    159269760.00000000 99364864.00000000 251602288.00000000 115119.10156250 8562963.00000000 6763481.00000000 
0.01100    158652832.00000000 98983344.00000000 250632896.00000000 114576.62500000 8526011.00000000 6734385.00000000 
0.01200    157981184.00000000 98567536.00000000 249575056.00000000 113985.09375000 8485712.00000000 6702676.00000000 
0.01300    157254768.00000000 98117408.00000000 248431056.00000000 113345.94531250 8442137.00000000 6668353.50000000 
0.01400    156473424.00000000 97633568.00000000 247200352.00000000 112659.32812500 8395342.00000000 6631562.00000000 
0.01500    155638080.00000000 97116928.00000000 245886496.00000000 111926.31250000 8345334.00000000 6592184.00000000 
0.01600    154749712.00000000 96567208.00000000 244489440.00000000 111147.72656250 8292207.50000000 6550347.50000000 
0.01700    153809888.00000000 95986024.00000000 243010928.00000000 110324.32031250 8236011.00000000 6506128.00000000 
0.01800    152819168.00000000 95373352.00000000 241452560.00000000 109457.17187500 8176808.50000000 6459503.50000000 
0.01900    151778944.00000000 94729864.00000000 239817168.00000000 108547.78125000 8114688.00000000 6410572.50000000 
0.02000    150691184.00000000 94056744.00000000 238104784.00000000 107596.75781250 8049661.00000000 6359418.50000000 
0.02100    149556896.00000000 93353968.00000000 236318688.00000000 106606.00000000 7981917.50000000 6306039.50000000 
0.02200    148374912.00000000 92622888.00000000 234460960.00000000 105575.87500000 7911368.00000000 6250535.00000000 
0.02300    147148688.00000000 91864088.00000000 232530176.00000000 104508.04687500 7838256.00000000 6192990.50000000 
0.02400    145879232.00000000 91078216.00000000 230533360.00000000 103403.69531250 7762560.50000000 6133405.00000000 
0.02500    144567168.00000000 90266200.00000000 228470320.00000000 102264.07031250 7684437.50000000 6071847.00000000 
0.02600    143215328.00000000 89429288.00000000 226341616.00000000 101090.83593750 7603953.00000000 6008496.00000000 
0.02700    141823872.00000000 88568232.00000000 224152432.00000000 99884.95312500  7521133.50000000 5943299.50000000 
0.02800    140394960.00000000 87683552.00000000 221903536.00000000 98648.11718750  7436142.50000000 5876361.50000000 
0.02900    138929824.00000000 86776528.00000000 219597920.00000000 97381.80468750  7349073.50000000 5807796.00000000 
0.03000    137428976.00000000 85847552.00000000 217236976.00000000 96087.35937500  7259987.00000000 5737658.50000000 
0.03100    135894592.00000000 84898320.00000000 214822528.00000000 94766.50000000  7168965.50000000 5665989.50000000 
0.03200    134329472.00000000 83929264.00000000 212359424.00000000 93420.17187500  7076171.50000000 5592934.50000000 
0.03300    132734584.00000000 82941456.00000000 209848512.00000000 92051.06250000  6981644.00000000 5518465.50000000 
0.03400    131110752.00000000 81936040.00000000 207292384.00000000 90659.10156250  6885534.00000000 5442786.50000000 
0.03500    129459672.00000000 80913720.00000000 204695344.00000000 89246.85937500  6787897.00000000 5365894.50000000 
0.03600    127784112.00000000 79876312.00000000 202057504.00000000 87815.72656250  6688872.50000000 5287880.50000000 
0.03700    126084008.00000000 78823896.00000000 199383152.00000000 86367.64843750  6588517.00000000 5208872.00000000 
0.03800    124362936.00000000 77757856.00000000 196673424.00000000 84903.62500000  6487017.00000000 5128899.50000000 
0.03900    122621880.00000000 76679088.00000000 193933216.00000000 83425.79687500  6384362.50000000 5048057.00000000 
0.04000    120861296.00000000 75589176.00000000 191162192.00000000 81934.89843750  6280726.50000000 4966421.50000000 
0.04100    119084568.00000000 74488624.00000000 188364736.00000000 80433.21093750  6176247.50000000 4884115.00000000 
0.04200    117291880.00000000 73378600.00000000 185543344.00000000 78922.13281250  6070953.00000000 4801164.50000000 
0.04300    115486008.00000000 72259664.00000000 182701024.00000000 77403.08593750  5964976.00000000 4717658.50000000 
0.04400    113668864.00000000 71134024.00000000 179839840.00000000 75877.46093750  5858424.00000000 4633738.00000000 
0.04500    111840904.00000000 70001352.00000000 176962144.00000000 74347.59375000  5751399.00000000 4549406.50000000 
0.04600    110004320.00000000 68863792.00000000 174071152.00000000 72814.15625000  5644000.00000000 4464794.50000000 
0.04700    108161032.00000000 67721768.00000000 171168832.00000000 71278.95312500  5536330.50000000 4379938.50000000 
0.04800    106312472.00000000 66576336.00000000 168259200.00000000 69743.35937500  5428468.00000000 4294955.50000000 
0.04900    104460224.00000000 65428560.00000000 165343536.00000000 68208.93750000  5320542.50000000 4209908.00000000 
0.05000    102605504.00000000 64279440.00000000 162423200.00000000 66677.57031250  5212635.50000000 4124862.75000000 
0.05100    100751448.00000000 63129776.00000000 159502272.00000000 65149.36718750  5104809.00000000 4039905.50000000 
0.05200    98897424.00000000 61980584.00000000 156583968.00000000 63626.67578125  4997223.00000000 3955092.00000000 
0.05300    97046096.00000000 60833396.00000000 153668496.00000000 62110.89453125  4889925.00000000 3870514.00000000 
0.05400    95198936.00000000 59687848.00000000 150759824.00000000 60603.00000000  4783008.50000000 3786229.00000000 
0.05500    93356656.00000000 58546096.00000000 147859072.00000000 59104.25000000  4676547.50000000 3702322.75000000 
0.05600    91522064.00000000 57408560.00000000 144969088.00000000 57616.03906250  4570625.00000000 3618843.75000000 
0.05700    89695040.00000000 56275616.00000000 142092928.00000000 56139.66015625  4465415.00000000 3535870.50000000 
0.05800    87878424.00000000 55149188.00000000 139230896.00000000 54676.07031250  4360860.00000000 3453440.50000000 
0.05900    86072440.00000000 54029360.00000000 136387392.00000000 53226.33984375  4257143.50000000 3371659.25000000 
0.06000    84279240.00000000 52916672.00000000 133561664.00000000 51792.02734375  4154300.00000000 3290548.50000000 
0.06100    82499312.00000000 51812672.00000000 130757256.00000000 50373.23046875  4052392.00000000 3210188.50000000 
0.06200    80734248.00000000 50717628.00000000 127976696.00000000 48971.84765625  3951517.25000000 3130627.00000000 
0.06300    78985104.00000000 49632336.00000000 125221376.00000000 47588.30859375  3851708.00000000 3051924.25000000 
0.06400    77253000.00000000 48557580.00000000 122492296.00000000 46223.83203125  3753049.00000000 2974089.00000000 
0.06500    75539328.00000000 47493988.00000000 119792088.00000000 44879.10546875  3655624.75000000 2897211.75000000 
0.06600    73844512.00000000 46442336.00000000 117122040.00000000 43555.03906250  3559462.75000000 2821354.50000000 
0.06700    72170344.00000000 45402928.00000000 114483184.00000000 42251.98046875  3464618.75000000 2746517.50000000 
0.06800    70516480.00000000 44376620.00000000 111877776.00000000 40971.26953125  3371164.75000000 2672787.50000000 
0.06900    68885184.00000000 43364044.00000000 109307088.00000000 39713.28906250  3279136.25000000 2600167.50000000 
0.07000    67277280.00000000 42365508.00000000 106772648.00000000 38478.39062500  3188581.75000000 2528690.25000000 
0.07100    65692164.00000000 41381652.00000000 104275000.00000000 37267.69531250  3099573.00000000 2458435.50000000 
0.07200    64132196.00000000 40412744.00000000 101816008.00000000 36081.27343750  3012109.50000000 2389395.25000000 
0.07300    62597488.00000000 39459512.00000000 99396856.00000000 34919.77343750  2926239.25000000 2321614.25000000 
0.07400    61088512.00000000 38522084.00000000 97018360.00000000 33783.67968750  2842019.50000000 2255109.75000000 
0.07500    59606352.00000000 37601340.00000000 94681528.00000000 32673.10742188  2759458.50000000 2189916.75000000 
0.07600    58151256.00000000 36697092.00000000 92387392.00000000 31588.53710938  2678614.25000000 2126073.00000000 
0.07700    56723800.00000000 35809876.00000000 90136448.00000000 30530.13281250  2599449.50000000 2063558.25000000 
0.07800    55324420.00000000 34940376.00000000 87929712.00000000 29498.76171875  2522060.25000000 2002421.37500000 
0.07900    53953356.00000000 34088020.00000000 85768224.00000000 28493.71679688  2446436.50000000 1942664.12500000 
0.08000    52611336.00000000 33253624.00000000 83651568.00000000 27515.47851562  2372574.00000000 1884316.37500000 
0.08100    51298812.00000000 32437558.00000000 81581144.00000000 26564.50390625  2300510.75000000 1827384.25000000 
0.08200    50015788.00000000 31639610.00000000 79556880.00000000 25640.34960938  2230263.25000000 1771845.62500000 
0.08300    48762436.00000000 30859672.00000000 77579808.00000000 24743.20703125  2161813.00000000 1717751.87500000 
0.08400    47538704.00000000 30098600.00000000 75649328.00000000 23873.09960938  2095196.00000000 1665074.75000000 
0.08500    46345252.00000000 29356070.00000000 73766752.00000000 23029.92187500  2030373.25000000 1613841.00000000 
0.08600    45181908.00000000 28632132.00000000 71931184.00000000 22213.48632812  1967377.75000000 1564021.75000000 
0.08700    44049144.00000000 27926980.00000000 70143696.00000000 21423.70703125  1906204.50000000 1515644.12500000 
0.08800    42946308.00000000 27240524.00000000 68403560.00000000 20660.41992188  1846849.00000000 1468678.62500000 
0.08900    41873700.00000000 26572770.00000000 66710612.00000000 19923.56054688  1789273.00000000 1423136.25000000 
0.09000    40831452.00000000 25923592.00000000 65065444.00000000 19212.50195312  1733498.75000000 1378996.12500000 
0.09100    39819356.00000000 25293058.00000000 63467352.00000000 18527.25000000  1679494.00000000 1336256.87500000 
0.09200    38836872.00000000 24680902.00000000 61916584.00000000 17867.36718750  1627257.50000000 1294911.00000000 
0.09300    37884004.00000000 24087344.00000000 60412104.00000000 17232.59960938  1576756.87500000 1254932.12500000 
0.09400    36960828.00000000 23511886.00000000 58954292.00000000 16622.17578125  1527993.50000000 1216308.50000000 
0.09500    36066584.00000000 22954682.00000000 57542576.00000000 16036.27441406  1480925.62500000 1179029.12500000 
0.09600    35201732.00000000 22415128.00000000 56176052.00000000 15474.16699219  1435540.00000000 1143073.50000000 
0.09700    34365096.00000000 21893506.00000000 54854828.00000000 14935.53125000  1391814.12500000 1108428.87500000 
0.09800    33556988.00000000 21389326.00000000 53577892.00000000 14419.59667969  1349711.37500000 1075058.00000000 
0.09900    32776746.00000000 20902386.00000000 52345144.00000000 13926.23046875  1309208.75000000 1042948.62500000 
0.10000    32023814.00000000 20432534.00000000 51155044.00000000 13454.67871094  1270272.37500000 1012083.56250000 
0.10100    31297766.00000000 19979292.00000000 50007796.00000000 13004.46289062  1232882.87500000 982419.56250000 
0.10200    30598288.00000000 19542568.00000000 48902404.00000000 12575.06835938  1196997.25000000 953947.00000000 
0.10300    29924754.00000000 19121920.00000000 47837712.00000000 12165.85351562  1162570.25000000 926633.37500000 
0.10400    29277044.00000000 18717056.00000000 46813128.00000000 11776.40820312  1129581.00000000 900448.81250000 
0.10500    28654078.00000000 18327900.00000000 45828360.00000000 11405.95019531  1098014.62500000 875377.93750000 
0.10600    28055482.00000000 17953688.00000000 44881568.00000000 11053.91894531  1067789.12500000 851375.68750000 
0.10700    27480840.00000000 17594416.00000000 43972684.00000000 10719.92187500  1038905.12500000 828422.75000000 
0.10800    26929400.00000000 17249396.00000000 43100272.00000000 10403.04980469  1011297.12500000 806483.12500000 
0.10900    26400468.00000000 16918540.00000000 42263692.00000000 10102.73535156  984939.62500000 785524.56250000 
0.11000    25893540.00000000 16601340.00000000 41461444.00000000 9818.64453125   959787.62500000 765524.00000000 
0.11100    25408240.00000000 16297422.00000000 40693132.00000000 9549.84765625   935803.62500000 746443.00000000 
0.11200    24943384.00000000 16006366.00000000 39957372.00000000 9295.81542969   912944.25000000 728254.18750000 
0.11300    24498594.00000000 15727799.00000000 39253208.00000000 9055.89746094   891169.62500000 710918.25000000 
0.11400    24073394.00000000 15461338.00000000 38579880.00000000 8829.66015625   870452.50000000 694417.93750000 
0.11500    23666894.00000000 15206430.00000000 37935780.00000000 8616.20410156   850729.62500000 678699.00000000 
0.11600    23278444.00000000 14962900.00000000 37320836.00000000 8415.09863281   831972.87500000 663745.00000000 
0.11700    22907464.00000000 14730178.00000000 36732696.00000000 8225.66699219   814138.31250000 649530.25000000 
0.11800    22553156.00000000 14507757.00000000 36171332.00000000 8047.30419922   797183.81250000 636006.68750000 
0.11900    22214868.00000000 14295345.00000000 35635276.00000000 7879.44726562   781070.00000000 623134.00000000 
0.12000    21891988.00000000 14092500.00000000 35123212.00000000 7721.43847656   765751.00000000 610905.31250000 
0.12100    21583868.00000000 13898915.00000000 34634356.00000000 7572.84619141   751201.62500000 599284.62500000 
0.12200    21289666.00000000 13714009.00000000 34167740.00000000 7432.97802734   737365.81250000 588227.31250000 
0.12300    21008824.00000000 13537400.00000000 33722244.00000000 7301.40869141   724217.75000000 577713.25000000 
0.12400    20740758.00000000 13368653.00000000 33296664.00000000 7177.42480469   711715.00000000 567710.43750000 
0.12500    20484568.00000000 13207380.00000000 32889982.00000000 7060.60986328   699810.75000000 558183.06250000 
0.12600    20239778.00000000 13053416.00000000 32501668.00000000 6950.45947266   688487.00000000 549112.75000000 
0.12700    20005728.00000000 12905989.00000000 32130180.00000000 6846.49462891   677691.93750000 540466.37500000 
0.12800    19781848.00000000 12764816.00000000 31774476.00000000 6748.13476562   667394.31250000 532211.81250000 
0.12900    19567500.00000000 12629740.00000000 31433664.00000000 6654.96435547   657562.68750000 524330.93750000 
0.13000    19362032.00000000 12500071.00000000 31107284.00000000 6566.54882812   648162.50000000 516790.62500000 
0.13100    19164690.00000000 12375617.00000000 30793810.00000000 6482.44677734   639157.25000000 509563.09375000 
0.13200    18975186.00000000 12255982.00000000 30492528.00000000 6402.22998047   630521.00000000 502627.87500000 
0.13300    18792810.00000000 12140796.00000000 30202544.00000000 6325.48779297   622220.18750000 495964.56250000 
0.13400    18616940.00000000 12029726.00000000 29922878.00000000 6251.90966797   614228.75000000 489541.81250000 
0.13500    18447242.00000000 11922450.00000000 29652898.00000000 6181.00781250   606509.68750000 483339.87500000 
0.13600    18282894.00000000 11818610.00000000 29391510.00000000 6112.48681641   599043.87500000 477338.96875000 
0.13700    18123660.00000000 11717860.00000000 29138072.00000000 6046.05664062   591802.75000000 471518.71875000 
0.13800    17969056.00000000 11620026.00000000 28891888.00000000 5981.38818359   584760.50000000 465858.12500000 
0.13900    17818352.00000000 11524670.00000000 28652170.00000000 5918.15966797   577896.50000000 460336.96875000 
0.14000    17671258.00000000 11431594.00000000 28417992.00000000 5856.19433594   571181.62500000 454941.21875000 
0.14100    17527314.00000000 11340485.00000000 28188844.00000000 5795.06005859   564599.18750000 449647.65625000 
0.14200    17386084.00000000 11251093.00000000 27964062.00000000 5734.61914062   558129.62500000 444447.81250000 
0.14300    17247254.00000000 11163214.00000000 27742950.00000000 5674.72949219   551750.75000000 439317.84375000 
0.14400    17110428.00000000 11076388.00000000 27524900.00000000 5614.97998047   545442.50000000 434248.93750000 
0.14500    16975146.00000000 10990684.00000000 27309368.00000000 5555.36621094   539195.31250000 429226.43750000 
0.14600    16841060.00000000 10905711.00000000 27095836.00000000 5495.66113281   532986.25000000 424239.34375000 
0.14700    16708039.00000000 10821416.00000000 26884000.00000000 5435.68652344   526809.31250000 419274.81250000 
0.14800    16575517.00000000 10737399.00000000 26672792.00000000 5375.32470703   520637.46875000 414321.21875000 
0.14900    16443332.00000000 10653561.00000000 26462294.00000000 5314.42187500   514468.28125000 409367.96875000 
0.15000    16311206.00000000 10569843.00000000 26251766.00000000 5252.86767578   508286.12500000 404408.00000000 
0.15100    16178911.00000000 10485911.00000000 26040972.00000000 5190.66162109   502084.28125000 399431.59375000 
0.15200    16046244.00000000 10401771.00000000 25829624.00000000 5127.64355469   495855.78125000 394434.87500000 
0.15300    15912933.00000000 10317210.00000000 25617166.00000000 5063.73291016   489583.78125000 389409.12500000 
0.15400    15778792.00000000 10232147.00000000 25403146.00000000 4998.87695312   483267.96875000 384344.00000000 
0.15500    15643492.00000000 10146432.00000000 25187856.00000000 4933.10400391   476900.00000000 379242.37500000 
0.15600    15507189.00000000 10059879.00000000 24970530.00000000 4866.35449219   470474.37500000 374094.81250000 
0.15700    15369587.00000000 9972548.00000000 24751326.00000000 4798.57763672   463990.03125000 368900.00000000 
0.15800    15230434.00000000 9884307.00000000 24529470.00000000 4729.78564453   457435.21875000 363654.31250000 
0.15900    15089875.00000000 9795063.00000000 24305330.00000000 4660.03662109   450818.68750000 358357.46875000 
0.16000    14947539.00000000 9704715.00000000 24078642.00000000 4589.24560547   444129.09375000 353004.62500000 
0.16100    14803699.00000000 9613374.00000000 23849358.00000000 4517.52197266   437372.46875000 347598.96875000 
0.16200    14657901.00000000 9520788.00000000 23616786.00000000 4444.86718750   430543.53125000 342135.96875000 
0.16300    14510305.00000000 9427138.00000000 23381568.00000000 4371.33789062   423646.09375000 336618.68750000 
0.16400    14360896.00000000 9332204.00000000 23143454.00000000 4296.92724609   416678.65625000 331047.71875000 
0.16500    14209660.00000000 9236162.00000000 22902174.00000000 4221.76904297   409645.59375000 325423.81250000 
0.16600    14056541.00000000 9138754.00000000 22657904.00000000 4145.86718750   402547.90625000 319750.40625000 
0.16700    13901453.00000000 9040160.00000000 22410648.00000000 4069.28222656   395385.65625000 314026.37500000 
0.16800    13744481.00000000 8940417.00000000 22160228.00000000 3992.10888672   388167.56250000 308254.81250000 
0.16900    13585854.00000000 8839435.00000000 21907006.00000000 3914.48925781   380898.84375000 302444.12500000 
0.17000    13425297.00000000 8737324.00000000 21650870.00000000 3836.37036133   373575.37500000 296589.59375000 
0.17100    13262953.00000000 8634009.00000000 21391926.00000000 3757.93164062   366206.87500000 290700.50000000 
0.17200    13098980.00000000 8529649.00000000 21130120.00000000 3679.20556641   358797.65625000 284780.40625000 
0.17300    12933360.00000000 8424208.00000000 20865718.00000000 3600.30615234   351356.15625000 278831.34375000 
0.17400    12766302.00000000 8317750.00000000 20598930.00000000 3521.35961914   343885.21875000 272859.68750000 
0.17500    12597715.00000000 8210254.00000000 20329608.00000000 3442.39526367   336393.31250000 266871.00000000 
0.17600    12427688.00000000 8101918.50000000 20058192.00000000 3363.51513672   328878.28125000 260865.60937500 
0.17700    12256477.00000000 7992693.50000000 19784590.00000000 3284.83691406   321359.25000000 254853.40625000 
0.17800    12084083.00000000 7882667.00000000 19509062.00000000 3206.41674805   313835.12500000 248837.18750000 
0.17900    11910591.00000000 7771915.50000000 19231814.00000000 3128.38964844   306312.15625000 242822.73437500 
0.18000    11736181.00000000 7660518.50000000 18952984.00000000 3050.80590820   298799.62500000 236815.81250000 
0.18100    11560987.00000000 7548585.50000000 18672830.00000000 2973.82275391   291306.90625000 230823.04687500 
0.18200    11385024.00000000 7436067.00000000 18391388.00000000 2897.41088867   283832.96875000 224844.18750000 
0.18300    11208492.00000000 7323142.50000000 18108904.00000000 2821.73437500   276389.40625000 218889.68750000 
0.18400    11031469.00000000 7209832.50000000 17825620.00000000 2746.88256836   268984.68750000 212963.89062500 
0.18500    10854179.00000000 7096308.50000000 17541922.00000000 2672.91357422   261623.62500000 207073.20312500 
0.18600    10676608.00000000 6982595.50000000 17257642.00000000 2599.87890625   254308.67187500 201219.28125000 
0.18700    10499002.00000000 6868738.00000000 16973150.00000000 2527.89306641   247053.51562500 195410.71875000 
0.18800    10321455.00000000 6754822.00000000 16688681.00000000 2457.01904297   239860.65625000 189650.50000000 
0.18900    10144170.00000000 6641041.00000000 16404593.00000000 2387.33837891   232737.70312500 183947.50000000 
0.19000    9967107.00000000 6527321.50000000 16120624.00000000 2318.83422852   225687.07812500 178297.92187500 
0.19100    9790539.00000000 6413880.50000000 15837744.00000000 2251.71264648   218721.23437500 172718.40625000 
0.19200    9614582.00000000 6300678.00000000 15555322.00000000 2185.89062500   211839.67187500 167201.84375000 
0.19300    9439335.00000000 6187947.50000000 15274167.00000000 2121.50000000   205053.92187500 161762.06250000 
0.19400    9264878.00000000 6075631.50000000 14994107.00000000 2058.53442383   198362.29687500 156395.32812500 
0.19500    9091405.00000000 5963860.50000000 14715609.00000000 1997.08581543   191773.45312500 151111.89062500 
0.19600    8918978.00000000 5852694.00000000 14438811.00000000 1937.16003418   185289.35937500 145910.53125000 
0.19700    8747755.00000000 5742224.50000000 14163658.00000000 1878.81860352   178920.57812500 140798.29687500 
0.19800    8577825.00000000 5632538.50000000 13890613.00000000 1822.05859375   172663.06250000 135777.39062500 
0.19900    8409416.00000000 5523691.50000000 13619788.00000000 1766.96057129   166528.40625000 130851.46093750 
0.20000    8242436.50000000 5415720.50000000 13351186.00000000 1713.47277832   160513.89062500 126019.76562500 
0.20100    8077156.00000000 5308734.50000000 13085216.00000000 1661.67248535   154627.67187500 121290.96093750 
0.20200    7913525.50000000 5202779.00000000 12821915.00000000 1611.53234863   148868.87500000 116663.10156250 
0.20300    7751811.50000000 5097928.00000000 12561407.00000000 1563.11547852   143241.62500000 112140.58593750 
0.20400    7591950.00000000 4994256.50000000 12303880.00000000 1516.38732910   137748.12500000 107722.61718750 
0.20500    7434075.50000000 4891770.50000000 12049475.00000000 1471.36279297   132391.45312500 103414.91406250 
0.20600    7278253.50000000 4790550.50000000 11798276.00000000 1428.00585938   127170.15625000 99214.58593750  
0.20700    7124638.50000000 4690661.50000000 11550506.00000000 1386.34326172   122091.28125000 95125.96093750  
0.20800    6973202.50000000 4592100.00000000 11306145.00000000 1346.36743164   117149.12500000 91147.08593750  
0.20900    6824146.00000000 4494999.00000000 11065500.00000000 1308.11059570   112352.91406250 87283.75781250  
0.21000    6677344.00000000 4399272.50000000 10828384.00000000 1271.43298340   107693.16406250 83531.20312500  
0.21100    6532982.50000000 4305088.00000000 10595099.00000000 1236.42773438   103177.74218750 79892.28906250  
0.21200    6391011.50000000 4212355.50000000 10365667.00000000 1203.00842285   98803.00000000  76364.96875000  
0.21300    6251532.00000000 4121187.00000000 10140121.00000000 1171.18212891   94569.64843750  72952.39843750  
0.21400    6114640.00000000 4031587.00000000 9918585.00000000 1140.93115234   90477.41406250  69652.21875000  
0.21500    5980350.00000000 3943654.25000000 9701199.00000000 1112.22082520   86527.96875000  66465.69531250  
0.21600    5848563.00000000 3857265.50000000 9487774.00000000 1084.98449707   82713.90625000  63388.08984375  
0.21700    5719444.50000000 3772534.50000000 9278644.00000000 1059.21484375   79039.65625000  60422.45312500  
0.21800    5592936.50000000 3689447.00000000 9073561.00000000 1034.88037109   75501.74218750  57565.58984375  
0.21900    5469034.50000000 3607984.00000000 8872637.00000000 1011.92181396   72096.36718750  54816.18750000  
0.22000    5347833.00000000 3528226.50000000 8675959.00000000 990.32702637    68824.47656250  52173.44531250  
0.22100    5229305.50000000 3450180.75000000 8483538.00000000 970.06091309    65684.92968750  49636.98437500  
0.22200    5113443.50000000 3373766.50000000 8295401.00000000 951.04553223    62673.40234375  47203.35156250  
0.22300    5000183.50000000 3299033.75000000 8111446.00000000 933.26147461    59787.64843750  44871.03906250  
0.22400    4889583.50000000 3225963.75000000 7931625.00000000 916.65167236    57023.34375000  42637.01171875  
0.22500    4781719.00000000 3154629.00000000 7756176.00000000 901.22833252    54383.19531250  40503.17578125  
0.22600    4676396.00000000 3084891.75000000 7584759.00000000 886.85552979    51858.75781250  38462.07812500  
0.22700    4573678.50000000 3016847.75000000 7417599.50000000 873.56286621    49450.61718750  36515.94921875  
0.22800    4473550.50000000 2950433.75000000 7254482.00000000 861.28002930    47153.98046875  34659.13281250  
0.22900    4375918.50000000 2885638.75000000 7095408.50000000 849.94885254    44964.68359375  32889.87890625  
0.23000    4280829.00000000 2822457.50000000 6940420.50000000 839.55230713    42882.48828125  31207.15625000  
0.23100    4188269.50000000 2760895.00000000 6789433.50000000 830.02569580    40902.85156250  29607.70703125  
0.23200    4098088.75000000 2700867.75000000 6642288.50000000 821.33734131    39020.66796875  28087.39843750  
0.23300    4010337.50000000 2642400.25000000 6499036.00000000 813.43255615    37234.37890625  26645.35742188  
0.23400    3924965.75000000 2585446.75000000 6359604.00000000 806.29852295    35541.91796875  25279.23437500  
0.23500    3841854.25000000 2529969.50000000 6223831.00000000 799.83172607    33935.24218750  23983.23046875  
0.23600    3761072.00000000 2476008.00000000 6091789.00000000 794.06329346    32415.72460938  22758.36132812  
0.23700    3682469.00000000 2423483.50000000 5963304.00000000 788.91485596    30977.49023438  21600.33398438  
0.23800    3606099.75000000 2372361.50000000 5838348.50000000 784.36328125    29618.51171875  20506.37500000  
0.23900    3531782.50000000 2322621.00000000 5716794.50000000 780.34588623    28332.94335938  19473.04882812  
0.24000    3459569.25000000 2274220.00000000 5598588.00000000 776.85058594    27120.38281250  18498.87304688  
0.24100    3389402.25000000 2227177.00000000 5483677.00000000 773.85461426    25976.22460938  17581.66992188  
0.24200    3321188.25000000 2181412.75000000 5371946.50000000 771.29998779    24897.53515625  16717.88476562  
0.24300    3254849.25000000 2136907.25000000 5263309.00000000 769.15405273    23879.54687500  15904.49316406  
0.24400    3190375.00000000 2093591.62500000 5157628.50000000 767.39556885    22921.24804688  15139.29882812  
0.24500    3127683.00000000 2051470.75000000 5054936.00000000 765.99011230    22016.96289062  14419.47265625  
0.24600    3066748.75000000 2010499.75000000 4955028.50000000 764.91430664    21166.08203125  13743.00097656  
0.24700    3007482.50000000 1970668.37500000 4857889.00000000 764.13769531    20365.33007812  13108.63867188  
0.24800    2949840.00000000 1931889.87500000 4763381.00000000 763.64379883    19610.89257812  12512.51953125  
0.24900    2893756.25000000 1894153.50000000 4671412.00000000 763.39978027    18899.53125000  11952.34863281  
0.25000    2839197.75000000 1857447.00000000 4581940.50000000 763.38952637    18230.28906250  11426.56640625  
0.25100    2786045.25000000 1821687.37500000 4494784.00000000 763.56616211    17598.90429688  10932.22558594  
0.25200    2734370.50000000 1786905.25000000 4410063.50000000 763.97277832    17005.22851562  10469.59179688  
0.25300    2683982.25000000 1753017.00000000 4327467.00000000 764.54248047    16444.55078125  10033.76464844  
0.25400    2634917.75000000 1719994.87500000 4246990.00000000 765.25939941    15915.43261719  9624.97167969   
0.25500    2587057.50000000 1687795.87500000 4168547.75000000 766.11688232    15414.99609375  9239.62207031   
0.25600    2540404.50000000 1656439.12500000 4092097.75000000 767.11267090    14942.44921875  8877.54492188   
0.25700    2494880.75000000 1625832.62500000 4017506.75000000 768.22009277    14495.03515625  8536.12792969   
0.25800    2450444.75000000 1595985.00000000 3944695.00000000 769.42742920    14071.15429688  8215.13964844   
0.25900    2407049.75000000 1566826.62500000 3873636.25000000 770.74066162    13669.18066406  7911.63037109   
0.26000    2364642.50000000 1538369.50000000 3804199.25000000 772.13739014    13287.86230469  7625.07470703   
0.26100    2323157.25000000 1510545.87500000 3736310.75000000 773.60235596    12923.14746094  7353.28710938   
0.26200    2282627.00000000 1483378.62500000 3669984.25000000 775.16033936    12578.21875000  7096.80517578   
0.26300    2242892.00000000 1456768.00000000 3605027.75000000 776.75604248    12246.58691406  6852.02441406   
0.26400    2203996.00000000 1430737.62500000 3541461.50000000 778.42419434    11931.17675781  6620.15527344   
0.26500    2165896.25000000 1405270.87500000 3479228.00000000 780.15393066    11628.99511719  6399.53613281   
0.26600    2128528.00000000 1380306.75000000 3418204.25000000 781.92193604    11339.23437500  6188.17529297   
0.26700    2091880.00000000 1355844.62500000 3358357.25000000 783.76452637    11061.26855469  5987.25000000   
0.26800    2055907.87500000 1331865.62500000 3299685.00000000 785.64215088    10794.69238281  5795.01855469   
0.26900    2020548.75000000 1308316.62500000 3242030.50000000 787.55364990    10537.16601562  5609.74560547   
0.27000    1985836.00000000 1285209.75000000 3185458.25000000 789.52124023    10289.78613281  5432.61816406   
0.27100    1951663.37500000 1262515.25000000 3129826.00000000 791.52807617    10050.03320312  5261.63476562   
0.27200    1918098.87500000 1240234.62500000 3075209.75000000 793.60174561    9821.50683594   5099.06054688   
0.27300    1885034.25000000 1218301.62500000 3021393.50000000 795.69769287    9598.73144531   4940.55078125   
0.27400    1852422.50000000 1196699.75000000 2968360.50000000 797.81555176    9381.93261719   4786.55761719   
0.27500    1820379.62500000 1175496.00000000 2916281.00000000 800.01837158    9175.50195312   4640.39990234   
0.27600    1788724.75000000 1154566.87500000 2864868.75000000 802.22924805    8973.19726562   4496.70117188   
0.27700    1757562.87500000 1133995.62500000 2814280.50000000 804.50988770    8780.16503906   4359.83056641   
0.27800    1726805.12500000 1113699.75000000 2764360.00000000 806.81915283    8592.71582031   4226.74316406   
0.27900    1696467.25000000 1093694.62500000 2715133.00000000 809.18536377    8412.39257812   4098.51171875   
0.28000    1666506.00000000 1073977.37500000 2666559.75000000 811.60125732    8238.65527344   3974.69360352   
0.28100    1636937.12500000 1054529.12500000 2618654.00000000 814.04943848    8070.97070312   3855.14331055   
0.28200    1607754.25000000 1035339.25000000 2571372.50000000 816.56890869    7911.43261719   3740.67358398   
0.28300    1578928.37500000 1016401.31250000 2524685.75000000 819.12164307    7757.89501953   3630.24975586   
0.28400    1550422.75000000 997694.93750000 2478546.00000000 821.72119141    7610.88916016   3523.89453125   
0.28500    1522295.62500000 979240.56250000 2433021.50000000 824.37365723    7472.11962891   3423.09643555   
0.28600    1494477.62500000 961003.00000000 2388006.00000000 827.06378174    7339.41552734   3325.62524414   
0.28700    1467011.25000000 943003.31250000 2343560.00000000 829.81579590    7214.48046875   3233.73144531   
0.28800    1439854.75000000 925206.68750000 2299622.00000000 832.59277344    7096.77880859   3146.37475586   
0.28900    1413048.12500000 907652.00000000 2256269.50000000 835.43505859    6987.69970703   3064.21484375   
0.29000    1386517.75000000 890288.43750000 2213367.25000000 838.30169678    6885.39208984   2986.69677734   
0.29100    1360345.87500000 873156.43750000 2171055.50000000 841.22216797    6792.12939453   2915.19360352   
0.29200    1334470.87500000 856216.81250000 2129184.00000000 844.17663574    6706.85937500   2848.56884766   
0.29300    1308934.50000000 839503.87500000 2087890.37500000 847.17559814    6631.03076172   2788.09814453   
0.29400    1283677.62500000 822973.87500000 2047019.37500000 850.18963623    6562.13916016   2731.85009766   
0.29500    1258776.75000000 806674.56250000 2006733.62500000 853.25366211    6503.68603516   2682.87280273   
0.29600    1234167.37500000 790556.56250000 1966910.87500000 856.32720947    6452.88427734   2638.80151367   
0.29700    1209872.25000000 774645.31250000 1927584.50000000 859.42669678    6411.10595703   2600.57739258   
0.29800    1185916.37500000 758946.31250000 1888789.37500000 862.54394531    6379.68408203   2569.15405273   
0.29900    1162288.50000000 743459.62500000 1850535.37500000 865.68249512    6357.60498047   2544.03002930   
0.30000    1138972.00000000 728165.68750000 1812761.25000000 868.81610107    6343.89501953   2524.62182617   
0.30100    1116013.75000000 713094.00000000 1775547.62500000 871.97033691    6340.79687500   2512.39453125   
0.30200    1093354.00000000 698204.87500000 1738806.62500000 875.11291504    6346.32373047   2505.69189453   
0.30300    1071054.12500000 683549.68750000 1702634.50000000 878.25604248    6362.16650391   2506.17456055   
0.30400    1049108.50000000 669104.62500000 1666998.12500000 881.37622070    6387.83349609   2513.29101562   
0.30500    1027476.87500000 654859.12500000 1631860.87500000 884.48388672    6421.62158203   2526.27075195   
0.30600    1006198.18750000 640826.25000000 1597263.37500000 887.55944824    6465.32617188   2545.82275391   
0.30700    985290.18750000 627024.00000000 1563276.12500000 890.61956787    6519.65576172   2572.95043945   
0.30800    964716.50000000 613423.81250000 1529793.75000000 893.62384033    6581.93847656   2605.38281250   
0.30900    944523.81250000 600062.75000000 1496892.75000000 896.60797119    6654.16064453   2645.07763672   
0.31000    924686.31250000 586912.06250000 1464566.62500000 899.52587891    6735.13916016   2690.88696289   
0.31100    905204.00000000 573980.31250000 1432764.25000000 902.39453125    6825.27392578   2742.88330078   
0.31200    886093.25000000 561285.00000000 1401561.50000000 905.19897461    6923.69824219   2801.07421875   
0.31300    867357.56250000 548804.68750000 1370937.75000000 907.94140625    7030.97998047   2865.59130859   
0.31400    849004.93750000 536568.56250000 1340923.50000000 910.60998535    7146.53955078   2936.44946289   
0.31500    831008.06250000 524545.50000000 1311441.12500000 913.19445801    7269.51220703   3012.46093750   
0.31600    813399.87500000 512767.71875000 1282576.00000000 915.70703125    7401.09082031   3094.72265625   
0.31700    796173.50000000 501208.78125000 1254306.37500000 918.11938477    7540.10986328   3182.60522461   
0.31800    779313.75000000 489882.90625000 1226610.37500000 920.42773438    7684.90283203   3274.67773438   
0.31900    762858.56250000 478804.37500000 1199543.00000000 922.65838623    7838.12207031   3373.67895508   
0.32000    746766.37500000 467952.84375000 1173047.00000000 924.77209473    7997.39306641   3476.53515625   
0.32100    731059.43750000 457333.37500000 1147156.25000000 926.77301025    8162.41503906   3584.40649414   
0.32200    715752.00000000 446967.56250000 1121886.50000000 928.66186523    8333.92480469   3697.19848633   
0.32300    700792.68750000 436804.12500000 1097152.87500000 930.42846680    8509.79199219   3813.47192383   
0.32400    686221.81250000 426891.09375000 1073033.37500000 932.07220459    8690.65527344   3934.00659180   
0.32500    672033.43750000 417210.59375000 1049516.00000000 933.58630371    8876.36328125   4058.14941406   
0.32600    658215.56250000 407763.06250000 1026592.18750000 934.97149658    9066.08691406   4186.19677734   
0.32700    644777.43750000 398552.90625000 1004261.56250000 936.22314453    9259.95214844   4317.55322266   
0.32800    631726.93750000 389585.87500000 982544.68750000 937.35217285    9457.54394531   4452.46435547   
0.32900    619022.25000000 380834.03125000 961375.12500000 938.33770752    9657.64355469   4589.30761719   
0.33000    606709.00000000 372324.71875000 940813.81250000 939.18566895    9860.62500000   4729.44384766   
0.33100    594705.93750000 364020.81250000 920758.31250000 939.88812256    10064.84960938  4870.70214844   
0.33200    583126.18750000 355978.25000000 901369.81250000 940.46490479    10272.87304688  5015.77929688   
0.33300    571870.81250000 348141.03125000 882500.50000000 940.87957764    10481.16210938  5161.52001953   
0.33400    560974.12500000 340538.78125000 864211.43750000 941.17388916    10691.05468750  5309.32128906   
0.33500    550413.06250000 333146.53125000 846450.25000000 941.31457520    10900.88671875  5458.09033203   
0.33600    540191.37500000 325976.09375000 829232.62500000 941.31683350    11111.16406250  5607.62939453   
0.33700    530303.50000000 319017.93750000 812554.93750000 941.18017578    11321.69433594  5758.45703125   
0.33800    520765.81250000 312284.34375000 796443.68750000 940.91113281    11532.22851562  5909.96826172   
0.33900    511523.28125000 305743.81250000 780804.12500000 940.49444580    11741.04101562  6061.38574219   
0.34000    502601.68750000 299423.71875000 765696.31250000 939.94268799    11949.24511719  6213.00732422   
0.34100    494005.81250000 293306.25000000 751094.87500000 939.26751709    12156.32031250  6364.82763672   
0.34200    485735.78125000 287408.59375000 737042.62500000 938.47570801    12362.66308594  6517.07128906   
0.34300    477733.56250000 281683.46875000 723409.62500000 937.53881836    12565.95312500  6668.08154297   
0.34400    470056.68750000 276181.28125000 710319.31250000 936.49481201    12768.37988281  6819.40966797   
0.34500    462647.15625000 270854.15625000 697667.43750000 935.32098389    12967.90136719  6969.30957031   
0.34600    455549.46875000 265737.06250000 685526.43750000 934.05029297    13165.88183594  7119.59570312   
0.34700    448686.34375000 260778.06250000 673771.87500000 932.64758301    13359.82714844  7267.52343750   
0.34800    442110.00000000 256016.39062500 662490.12500000 931.15246582    13551.27050781  7414.77636719   
0.34900    435795.84375000 251433.78125000 651651.81250000 929.55157471    13740.26171875  7561.17236328   
0.35000    429733.15625000 247020.51562500 641221.12500000 927.85028076    13925.31152344  7705.72656250   
0.35100    423939.62500000 242797.29687500 631255.68750000 926.06677246    14108.62500000  7849.91699219   
0.35200    418344.84375000 238711.96875000 621615.87500000 924.18530273    14286.76953125  7991.46875000   
0.35300    413001.37500000 234802.14062500 612389.12500000 922.21960449    14461.75000000  8131.41699219   
0.35400    407903.06250000 231065.20312500 603589.06250000 920.18682861    14634.02050781  8270.63769531   
0.35500    403015.75000000 227473.21875000 595138.12500000 918.07873535    14802.08398438  8407.63085938   
0.35600    398330.03125000 224027.89062500 587027.75000000 915.90032959    14966.44726562  8542.79296875   
0.35700    393862.18750000 220737.65625000 579291.18750000 913.65386963    15127.31835938  8676.55957031   
0.35800    389604.37500000 217597.73437500 571910.12500000 911.36968994    15285.04980469  8808.70703125   
0.35900    385540.71875000 214596.73437500 564858.43750000 909.02075195    15438.84863281  8938.91992188   
0.36000    381681.18750000 211744.32812500 558167.50000000 906.63708496    15589.74511719  9068.04687500   
0.36100    377979.09375000 209007.54687500 551740.93750000 904.19720459    15735.85449219  9194.55761719   
0.36200    374503.46875000 206432.28125000 545703.75000000 901.74658203    15880.47363281  9320.89550781   
0.36300    371146.90625000 203951.21875000 539874.50000000 899.23999023    16019.70312500  9443.78613281   
0.36400    367962.78125000 201601.51562500 534358.62500000 896.70001221    16155.72363281  9565.47167969   
0.36500    364940.78125000 199366.20312500 529111.68750000 894.14788818    16288.80566406  9685.39941406   
0.36600    362108.12500000 197271.28125000 524193.90625000 891.59387207    16419.85546875  9805.02148438   
0.36700    359384.59375000 195266.98437500 519480.06250000 889.00122070    16546.06835938  9921.61230469   
0.36800    356860.78125000 193403.81250000 515101.87500000 886.41680908    16671.40820312  10038.34863281  
0.36900    354461.00000000 191634.18750000 510940.46875000 883.82501221    16793.65234375  10153.36621094  
0.37000    352158.81250000 189947.73437500 506969.43750000 881.21105957    16911.28515625  10265.63964844  
0.37100    350002.03125000 188369.93750000 503250.40625000 878.60192871    17027.09765625  10377.12207031  
0.37200    348002.75000000 186911.37500000 499804.68750000 876.00830078    17141.85742188  10488.31738281  
0.37300    346096.53125000 185526.04687500 496540.81250000 873.40649414    17252.87695312  10597.49121094  
0.37400    344336.68750000 184246.23437500 493512.40625000 870.82727051    17362.81250000  10706.52636719  
0.37500    342686.87500000 183054.07812500 490687.68750000 868.24890137    17470.68750000  10814.32226562  
0.37600    341158.50000000 181957.48437500 488080.03125000 865.68646240    17576.54101562  10920.94140625  
0.37700    339711.59375000 180923.17187500 485619.75000000 863.12689209    17680.11132812  11026.17285156  
0.37800    338389.71875000 179985.82812500 483378.25000000 860.59210205    17782.75000000  11131.22949219  
0.37900    337183.50000000 179136.75000000 481354.81250000 858.07556152    17884.52929688  11236.00781250  
0.38000    336060.78125000 178351.82812500 479467.56250000 855.56408691    17984.20703125  11339.40527344  
0.38100    335022.84375000 177631.79687500 477727.65625000 853.06982422    18082.16796875  11441.81054688  
0.38200    334093.84375000 176996.37500000 476198.53125000 850.59796143    18179.81250000  11544.20703125  
0.38300    333236.78125000 176416.10937500 474783.50000000 848.13580322    18275.64453125  11645.24902344  
0.38400    332495.37500000 175923.62500000 473578.68750000 845.69342041    18371.76757812  11746.62597656  
0.38500    331805.71875000 175473.70312500 472469.06250000 843.25866699    18465.89257812  11846.69335938  
0.38600    331239.03125000 175108.70312500 471562.25000000 840.85113525    18560.65234375  11947.29785156  
0.38700    330714.18750000 174780.92187500 470739.06250000 838.44219971    18653.07812500  12046.11621094  
0.38800    330276.46875000 174516.90625000 470065.37500000 836.05218506    18745.69335938  12144.91113281  
0.38900    329906.53125000 174303.89062500 469514.43750000 833.66369629    18837.62109375  12243.04589844  
0.39000    329639.34375000 174166.62500000 469137.34375000 831.29351807    18929.62500000  12341.44726562  
0.39100    329421.59375000 174061.89062500 468842.21875000 828.92810059    19020.99023438  12439.00683594  
0.39200    329279.62500000 174014.40625000 468682.25000000 826.56829834    19111.60546875  12535.90429688  
0.39300    329194.46875000 174006.10937500 468620.65625000 824.19549561    19201.72656250  12632.17773438  
0.39400    329207.96875000 174065.20312500 468716.46875000 821.84130859    19292.44726562  12728.53808594  
0.39500    329242.25000000 174143.26562500 468855.40625000 819.46215820    19381.28906250  12823.25683594  
0.39600    329342.40625000 174268.43750000 469110.62500000 817.08898926    19470.23242188  12917.72363281  
0.39700    329506.18750000 174429.57812500 469457.46875000 814.69903564    19558.67382812  13011.20800781  
0.39800    329736.68750000 174642.03125000 469924.21875000 812.30432129    19646.79296875  13104.65722656  
0.39900    330009.78125000 174878.14062500 470457.81250000 809.88464355    19734.29687500  13196.59375000  
0.40000    330337.40625000 175148.29687500 471075.37500000 807.45501709    19820.80664062  13287.71875000  
0.40100    330707.40625000 175449.40625000 471767.65625000 804.99609375    19906.22265625  13377.50195312  
0.40200    331144.18750000 175789.60937500 472563.25000000 802.52355957    19991.83398438  13466.79492188  
0.40300    331600.65625000 176144.37500000 473392.46875000 800.00042725    20075.48437500  13554.28808594  
0.40400    332121.09375000 176533.65625000 474309.87500000 797.46337891    20159.00195312  13640.97851562  
0.40500    332679.21875000 176946.93750000 475290.56250000 794.89599609    20240.97851562  13726.03515625  
0.40600    333289.50000000 177391.15625000 476354.37500000 792.28729248    20322.50585938  13810.28320312  
0.40700    333920.40625000 177845.93750000 477451.53125000 789.64086914    20401.92773438  13892.28515625  
0.40800    334592.68750000 178319.50000000 478600.28125000 786.95288086    20479.90234375  13972.51464844  
0.40900    335287.40625000 178808.54687500 479786.62500000 784.21374512    20556.05468750  14050.97558594  
0.41000    336041.90625000 179326.90625000 481051.81250000 781.44268799    20631.26367188  14128.14746094  
0.41100    336806.31250000 179847.73437500 482337.87500000 778.60980225    20704.06445312  14202.64160156  
0.41200    337584.90625000 180374.40625000 483636.78125000 775.71362305    20774.22265625  14274.70800781  
0.41300    338413.43750000 180924.28125000 485004.03125000 772.78680420    20843.25000000  14345.20898438  
0.41400    339247.12500000 181469.39062500 486371.40625000 769.78643799    20909.16796875  14412.66406250  
0.41500    340117.46875000 182035.59375000 487798.87500000 766.74139404    20973.26953125  14478.24316406  
0.41600    340973.62500000 182583.71875000 489177.75000000 763.62664795    21033.32226562  14540.24707031  
0.41700    341872.37500000 183155.56250000 490628.90625000 760.46240234    21091.96875000  14600.40039062  
0.41800    342806.18750000 183739.96875000 492115.28125000 757.24847412    21148.13085938  14658.03222656  
0.41900    343689.46875000 184284.71875000 493521.65625000 753.93878174    21198.83398438  14711.02929688  
0.42000    344622.96875000 184853.04687500 494997.31250000 750.58892822    21247.81250000  14762.05371094  
0.42100    345566.84375000 185425.34375000 496475.28125000 747.18103027    21293.77148438  14810.45019531  
0.42200    346509.65625000 185986.25000000 497943.43750000 743.70745850    21335.69726562  14855.02734375  
0.42300    347436.03125000 186528.93750000 499374.87500000 740.16369629    21373.47265625  14895.79296875  
0.42400    348372.78125000 187071.00000000 500810.25000000 736.56054688    21407.64843750  14933.38867188  
0.42500    349308.28125000 187602.98437500 502230.68750000 732.89605713    21437.88085938  14967.50390625  
0.42600    350219.28125000 188112.14062500 503607.50000000 729.16394043    21463.31250000  14997.47265625  
0.42700    351149.06250000 188632.09375000 505006.34375000 725.38903809    21485.69335938  15024.59375000  
0.42800    352051.50000000 189120.00000000 506340.21875000 721.54614258    21502.96093750  15047.27636719  
0.42900    352968.71875000 189611.95312500 507692.78125000 717.65649414    21516.68554688  15066.89941406  
0.43000    353849.87500000 190076.60937500 508979.81250000 713.70355225    21525.19335938  15082.11035156  
0.43100    354690.46875000 190504.25000000 510189.65625000 709.68743896    21528.16601562  15092.64062500  
0.43200    355552.28125000 190938.07812500 511420.53125000 705.63873291    21527.95898438  15100.59179688  
0.43300    356366.87500000 191340.93750000 512576.71875000 701.53314209    21521.93750000  15103.57910156  
0.43400    357169.93750000 191725.01562500 513701.40625000 697.37988281    21511.33203125  15102.78222656  
0.43500    357936.09375000 192079.96875000 514755.59375000 693.18658447    21495.73046875  15097.92578125  
0.43600    358706.40625000 192433.34375000 515806.93750000 688.96051025    21476.33984375  15089.73339844  
0.43700    359415.50000000 192742.01562500 516754.09375000 684.69189453    21450.64062500  15076.67480469  
0.43800    360085.25000000 193020.15625000 517632.40625000 680.38793945    21420.00000000  15059.51757812  
0.43900    360742.62500000 193282.64062500 518479.31250000 676.05657959    21384.96484375  15038.72265625  
0.44000    361364.56250000 193521.29687500 519268.31250000 671.69696045    21344.70898438  15013.83007812  
0.44100    361948.90625000 193728.42187500 519979.43750000 667.31762695    21299.40820312  14984.94726562  
0.44200    362498.34375000 193911.60937500 520637.50000000 662.92071533    21249.62695312  14952.47265625  
0.44300    363007.50000000 194068.06250000 521228.12500000 658.50994873    21194.63671875  14916.10546875  
0.44400    363485.65625000 194196.37500000 521756.18750000 654.08996582    21135.21875000  14876.02832031  
0.44500    363884.37500000 194271.29687500 522151.28125000 649.64880371    21069.58593750  14831.34375000  
0.44600    364256.18750000 194327.92187500 522504.84375000 645.21130371    20999.84960938  14783.41015625  
0.44700    364606.65625000 194369.14062500 522821.12500000 640.78454590    20925.98046875  14732.48632812  
0.44800    364881.40625000 194358.56250000 523008.90625000 636.35156250    20847.08398438  14677.29785156  
0.44900    365141.68750000 194338.21875000 523169.06250000 631.94543457    20764.28906250  14619.62402344  
0.45000    365355.84375000 194288.09375000 523257.81250000 627.55065918    20677.63671875  14558.82519531  
0.45100    365489.40625000 194186.32812500 523205.87500000 623.15795898    20584.99804688  14493.72949219  
0.45200    365597.96875000 194067.46875000 523129.18750000 618.79827881    20489.25195312  14426.30664062  
0.45300    365643.40625000 193906.23437500 522938.34375000 614.46020508    20389.22265625  14355.75195312  
0.45400    365656.31250000 193727.00000000 522704.25000000 610.15899658    20285.67187500  14282.57031250  
0.45500    365620.90625000 193518.70312500 522382.71875000 605.89074707    20178.63085938  14206.82226562  
0.45600    365519.71875000 193271.92187500 521969.21875000 601.65710449    20067.23046875  14128.19140625  
0.45700    365388.78125000 193002.73437500 521500.78125000 597.46618652    19953.28125000  14047.47363281  
0.45800    365190.90625000 192695.15625000 520926.93750000 593.32543945    19835.71484375  13964.60742188  
0.45900    364948.84375000 192362.25000000 520285.81250000 589.22277832    19714.90820312  13879.18847656  
0.46000    364680.31250000 192015.15625000 519605.50000000 585.19689941    19592.53125000  13792.99218750  
0.46100    364320.34375000 191611.54687500 518784.65625000 581.20074463    19465.47070312  13703.42968750  
0.46200    363954.34375000 191208.51562500 517951.90625000 577.27319336    19337.35937500  13613.38378906  
0.46300    363522.71875000 190765.82812500 517020.53125000 573.40844727    19206.60937500  13521.46777344  
0.46400    363035.46875000 190294.57812500 516008.00000000 569.61077881    19073.44335938  13428.12597656  
0.46500    362521.15625000 189810.45312500 514957.43750000 565.87725830    18938.91601562  13334.06152344  
0.46600    361946.78125000 189293.29687500 513815.87500000 562.21539307    18802.10937500  13238.60644531  
0.46700    361315.78125000 188744.59375000 512591.15625000 558.62292480    18663.59960938  13141.95312500  
0.46800    360681.81250000 188197.45312500 511361.65625000 555.11041260    18524.73632812  13045.57031250  
0.46900    359969.00000000 187606.42187500 510016.25000000 551.66839600    18383.68945312  12947.80468750  
0.47000    359220.59375000 186998.64062500 508623.50000000 548.30084229    18241.89648438  12849.78808594  
0.47100    358440.68750000 186376.84375000 507182.37500000 545.02099609    18099.81445312  12751.80273438  
0.47200    357618.62500000 185734.98437500 505685.71875000 541.81823730    17956.75390625  12653.61035156  
0.47300    356768.21875000 185083.06250000 504152.96875000 538.70086670    17813.82031250  12555.88281250  
0.47400    355853.06250000 184393.82812500 502520.12500000 535.65203857    17669.77734375  12457.19042969  
0.47500    354922.46875000 183703.35937500 500874.21875000 532.70294189    17526.25585938  12359.71582031  
0.47600    353980.18750000 183010.17187500 499214.06250000 529.83685303    17383.65234375  12263.22460938  
0.47700    352954.93750000 182272.35937500 497435.84375000 527.03887939    17239.54296875  12165.81152344  
0.47800    351922.34375000 181538.65625000 495650.15625000 524.33428955    17097.16015625  12069.97851562  
0.47900    350878.06250000 180805.09375000 493858.71875000 521.71685791    16955.60546875  11975.32031250  
0.48000    349774.09375000 180041.18750000 491982.09375000 519.17553711    16814.00390625  11880.79687500  
0.48100    348688.31250000 179296.10937500 490143.68750000 516.73370361    16674.77148438  11788.36132812  
0.48200    347516.34375000 178505.50000000 488177.62500000 514.34716797    16534.39648438  11695.50585938  
0.48300    346338.43750000 177716.71875000 486215.40625000 512.05505371    16396.14062500  11604.49414062  
0.48400    345152.18750000 176931.26562500 484244.37500000 509.84185791    16259.70800781  11515.20996094  
0.48500    343938.37500000 176138.46875000 482244.21875000 507.70950317    16124.39746094  11427.04003906  
0.48600    342719.65625000 175347.18750000 480240.65625000 505.65829468    15991.01855469  11340.72851562  
0.48700    341468.96875000 174547.14062500 478204.87500000 503.67883301    15859.13183594  11255.61914062  
0.48800    340183.84375000 173730.32812500 476117.53125000 501.76815796    15727.98632812  11171.57031250  
0.48900    338898.87500000 172923.93750000 474045.12500000 499.93121338    15599.34179688  11089.46191406  
0.49000    337601.65625000 172116.89062500 471962.31250000 498.17016602    15472.87109375  11009.39550781  
0.49100    336304.34375000 171318.00000000 469893.06250000 496.48635864    15348.69628906  10931.34179688  
0.49200    334974.25000000 170505.23437500 467771.09375000 494.85461426    15225.68066406  10854.34082031  
0.49300    333641.53125000 169700.25000000 465670.46875000 493.29302979    15105.26269531  10779.41894531  
0.49400    332300.00000000 168895.54687500 463554.81250000 491.79592896    14986.93652344  10706.46484375  
0.49500    330941.59375000 168093.98437500 461432.75000000 490.35379028    14870.58398438  10635.15917969  
0.49600    329599.12500000 167305.29687500 459340.62500000 488.97894287    14757.20019531  10566.16992188  
0.49700    328229.40625000 166506.89062500 457208.71875000 487.64630127    14645.08007812  10498.30273438  
0.49800    326869.03125000 165723.65625000 455118.21875000 486.37615967    14536.01757812  10433.04589844  
0.49900    325487.90625000 164934.06250000 452991.03125000 485.14642334    14428.19531250  10368.84472656  
0.50000    324119.71875000 164160.75000000 450903.46875000 483.97546387    14323.57421875  10307.07617188  
