# SAXS profile: number of points = 501, q_min = 0, q_max = 0.5, delta_q = 0.001
#    q    intensity 
0.00000    162234384.00000000 101202112.00000000 256270816.00000000 99501.91406250  8035699.00000000 6346532.50000000 
0.00100    162201088.00000000 101179520.00000000 256213632.00000000 99471.26562500  8033550.50000000 6344908.50000000 
0.00200    162095312.00000000 101111824.00000000 256044080.00000000 99380.42968750  8027180.50000000 6339849.00000000 
0.00300    161917904.00000000 101000808.00000000 255759760.00000000 99228.64062500  8016501.00000000 6331484.00000000 
0.00400    161663008.00000000 100844752.00000000 255360448.00000000 99016.77343750  8001620.00000000 6319782.00000000 
0.00500    161336592.00000000 100644240.00000000 254851616.00000000 98744.96875000  7982484.50000000 6304799.00000000 
0.00600    160940752.00000000 100397760.00000000 254227760.00000000 98414.42187500  7959258.50000000 6286439.50000000 
0.00700    160473616.00000000 100110624.00000000 253495024.00000000 98025.03125000  7931842.00000000 6264894.50000000 
0.00800    159934112.00000000 99779408.00000000 252653664.00000000 97578.98437500  7900425.50000000 6240169.50000000 
0.00900    159329520.00000000 99407704.00000000 251703360.00000000 97075.67968750  7864956.50000000 6212234.00000000 
0.01000    158658544.00000000 98992776.00000000 250647536.00000000 96516.71093750  7825545.50000000 6181265.50000000 
0.01100    157919696.00000000 98536856.00000000 249485312.00000000 95904.39843750  7782308.50000000 6147221.50000000 
0.01200    157117360.00000000 98039256.00000000 248222016.00000000 95238.45312500  7735289.50000000 6110216.00000000 
0.01300    156247248.00000000 97503624.00000000 246856848.00000000 94521.14062500  7684520.50000000 6070315.50000000 
0.01400    155316208.00000000 96927808.00000000 245395408.00000000 93754.67968750  7630262.50000000 6027581.00000000 
0.01500    154324928.00000000 96315600.00000000 243836144.00000000 92939.13281250  7572452.00000000 5982134.00000000 
0.01600    153274416.00000000 95667344.00000000 242186192.00000000 92077.36718750  7511258.00000000 5933950.00000000 
0.01700    152166720.00000000 94983136.00000000 240443120.00000000 91170.98437500  7446835.00000000 5883276.00000000 
0.01800    151002832.00000000 94264088.00000000 238612656.00000000 90221.78906250  7379268.00000000 5830097.00000000 
0.01900    149784832.00000000 93511504.00000000 236699264.00000000 89231.82812500  7308673.50000000 5774531.00000000 
0.02000    148513712.00000000 92726608.00000000 234701680.00000000 88202.82031250  7235205.00000000 5716695.50000000 
0.02100    147195536.00000000 91911960.00000000 232628096.00000000 87137.20312500  7158972.50000000 5656686.00000000 
0.02200    145828416.00000000 91066528.00000000 230477152.00000000 86036.74218750  7080144.50000000 5594632.50000000 
0.02300    144414400.00000000 90193088.00000000 228254272.00000000 84903.92968750  6998821.00000000 5530622.50000000 
0.02400    142958608.00000000 89292528.00000000 225965040.00000000 83741.64062500  6915149.50000000 5464755.50000000 
0.02500    141461280.00000000 88366464.00000000 223610432.00000000 82551.25781250  6829297.50000000 5397135.50000000 
0.02600    139924032.00000000 87416400.00000000 221192336.00000000 81334.57031250  6741437.50000000 5327964.00000000 
0.02700    138351504.00000000 86442552.00000000 218718112.00000000 80095.42187500  6651671.50000000 5257293.50000000 
0.02800    136743792.00000000 85448128.00000000 216189104.00000000 78834.68750000  6560135.50000000 5185215.50000000 
0.02900    135104416.00000000 84433840.00000000 213609568.00000000 77555.45312500  6467011.50000000 5111888.50000000 
0.03000    133435792.00000000 83400864.00000000 210984208.00000000 76259.82812500  6372538.50000000 5037399.00000000 
0.03100    131739992.00000000 82351800.00000000 208316080.00000000 74950.05468750  6276738.50000000 4961939.50000000 
0.03200    130019904.00000000 81286264.00000000 205607552.00000000 73628.33593750  6179732.50000000 4885557.50000000 
0.03300    128277584.00000000 80206520.00000000 202865952.00000000 72297.11718750  6081821.50000000 4808390.00000000 
0.03400    126514904.00000000 79114112.00000000 200091744.00000000 70958.57812500  5983036.50000000 4730554.00000000 
0.03500    124734904.00000000 78012280.00000000 197289600.00000000 69614.32812500  5883598.00000000 4652211.00000000 
0.03600    122939336.00000000 76899936.00000000 194463344.00000000 68266.95312500  5783608.00000000 4573429.50000000 
0.03700    121130776.00000000 75779216.00000000 191615040.00000000 66919.03125000  5683231.50000000 4494297.50000000 
0.03800    119312760.00000000 74651528.00000000 188749296.00000000 65571.85937500  5582540.00000000 4414938.50000000 
0.03900    117485864.00000000 73518592.00000000 185872800.00000000 64227.59375000  5481781.00000000 4335495.50000000 
0.04000    115652120.00000000 72380856.00000000 182985888.00000000 62887.96875000  5380970.00000000 4256039.00000000 
0.04100    113815728.00000000 71241072.00000000 180091616.00000000 61554.88671875  5280359.00000000 4176676.00000000 
0.04200    111977088.00000000 70100008.00000000 177194608.00000000 60229.95703125  5180014.00000000 4097560.50000000 
0.04300    110138848.00000000 68958816.00000000 174297808.00000000 58915.35937500  5080064.50000000 4018699.50000000 
0.04400    108302272.00000000 67819344.00000000 171403824.00000000 57611.66796875  4980531.00000000 3940226.50000000 
0.04500    106471864.00000000 66681236.00000000 168517216.00000000 56321.76562500  4881723.00000000 3862236.00000000 
0.04600    104646424.00000000 65547328.00000000 165640448.00000000 55046.11328125  4783534.50000000 3784794.50000000 
0.04700    102830176.00000000 64418284.00000000 162774608.00000000 53785.67968750  4686225.50000000 3708039.25000000 
0.04800    101022904.00000000 63294540.00000000 159925776.00000000 52543.21093750  4589825.00000000 3631966.50000000 
0.04900    99227160.00000000 62178296.00000000 157094144.00000000 51318.42968750  4494444.00000000 3556703.00000000 
0.05000    97444880.00000000 61069860.00000000 154281408.00000000 50112.87890625  4400144.00000000 3482251.25000000 
0.05100    95677040.00000000 59970372.00000000 151493792.00000000 48927.34765625  4307033.00000000 3408764.00000000 
0.05200    93926208.00000000 58880588.00000000 148730992.00000000 47762.67968750  4215193.50000000 3336227.50000000 
0.05300    92192328.00000000 57801480.00000000 145995744.00000000 46620.15625000  4124617.00000000 3264752.00000000 
0.05400    90478168.00000000 56733964.00000000 143289728.00000000 45499.58593750  4035484.00000000 3194349.50000000 
0.05500    88783488.00000000 55678336.00000000 140615856.00000000 44402.56250000  3947774.50000000 3125085.75000000 
0.05600    87110072.00000000 54636128.00000000 137974832.00000000 43328.65625000  3861554.25000000 3056994.75000000 
0.05700    85460104.00000000 53607568.00000000 135369040.00000000 42278.81640625  3776874.00000000 2990116.25000000 
0.05800    83832056.00000000 52593304.00000000 132799744.00000000 41253.15234375  3693771.00000000 2924472.00000000 
0.05900    82228576.00000000 51593756.00000000 130267416.00000000 40252.19531250  3612280.75000000 2860091.50000000 
0.06000    80651136.00000000 50610144.00000000 127775872.00000000 39275.60156250  3532446.25000000 2797012.75000000 
0.06100    79099264.00000000 49642400.00000000 125324152.00000000 38323.83203125  3454294.00000000 2735262.00000000 
0.06200    77573632.00000000 48690256.00000000 122914208.00000000 37396.61718750  3377821.25000000 2674818.75000000 
0.06300    76075056.00000000 47755668.00000000 120547512.00000000 36494.14843750  3303046.50000000 2615749.50000000 
0.06400    74604024.00000000 46837344.00000000 118222968.00000000 35616.04687500  3229982.25000000 2557994.75000000 
0.06500    73162112.00000000 45936552.00000000 115942792.00000000 34762.65234375  3158643.75000000 2501590.00000000 
0.06600    71747200.00000000 45053800.00000000 113707800.00000000 33932.69921875  3089002.00000000 2446578.75000000 
0.06700    70360592.00000000 44188024.00000000 111517752.00000000 33126.57421875  3021094.50000000 2392885.75000000 
0.06800    69003984.00000000 43340728.00000000 109372640.00000000 32343.86914062  2954880.25000000 2340550.00000000 
0.06900    67674904.00000000 42510984.00000000 107272736.00000000 31584.05468750  2890350.00000000 2289536.75000000 
0.07000    66376216.00000000 41699404.00000000 105218192.00000000 30846.54492188  2827502.25000000 2239839.00000000 
0.07100    65106048.00000000 40905612.00000000 103210488.00000000 30131.21093750  2766290.50000000 2191476.00000000 
0.07200    63864640.00000000 40129680.00000000 101247696.00000000 29436.78320312  2706718.25000000 2144372.50000000 
0.07300    62651576.00000000 39372168.00000000 99330912.00000000 28763.45507812  2648776.50000000 2098548.00000000 
0.07400    61467916.00000000 38632220.00000000 97459336.00000000 28110.23437500  2592386.75000000 2053980.62500000 
0.07500    60312392.00000000 37910176.00000000 95631856.00000000 27476.63476562  2537559.00000000 2010626.12500000 
0.07600    59184456.00000000 37205536.00000000 93849408.00000000 26861.70898438  2484219.25000000 1968459.37500000 
0.07700    58084716.00000000 36518408.00000000 92110616.00000000 26265.16406250  2432366.75000000 1927478.75000000 
0.07800    57012360.00000000 35848264.00000000 90415200.00000000 25686.13671875  2381959.00000000 1887632.25000000 
0.07900    55967020.00000000 35195332.00000000 88762512.00000000 25124.00195312  2332927.25000000 1848887.87500000 
0.08000    54947820.00000000 34558600.00000000 87152112.00000000 24577.89257812  2285254.25000000 1811229.87500000 
0.08100    53954976.00000000 33938324.00000000 85581512.00000000 24047.40039062  2238916.50000000 1774591.50000000 
0.08200    52987576.00000000 33334566.00000000 84053280.00000000 23531.67968750  2193849.50000000 1738974.12500000 
0.08300    52044964.00000000 32745852.00000000 82563040.00000000 23029.89453125  2149988.50000000 1704334.00000000 
0.08400    51126404.00000000 32172518.00000000 81112232.00000000 22541.72656250  2107322.75000000 1670633.00000000 
0.08500    50232368.00000000 31614430.00000000 79698592.00000000 22066.28515625  2065808.37500000 1637836.00000000 
0.08600    49360864.00000000 31070758.00000000 78322352.00000000 21603.03320312  2025388.12500000 1605908.87500000 
0.08700    48512112.00000000 30541292.00000000 76981744.00000000 21151.17578125  1986009.62500000 1574814.00000000 
0.08800    47685156.00000000 30025784.00000000 75675328.00000000 20710.07226562  1947645.00000000 1544522.75000000 
0.08900    46878980.00000000 29523698.00000000 74402832.00000000 20279.51757812  1910262.50000000 1514997.62500000 
0.09000    46093588.00000000 29034402.00000000 73163232.00000000 19858.59179688  1873776.50000000 1486205.37500000 
0.09100    45328220.00000000 28557828.00000000 71955288.00000000 19446.97265625  1838181.50000000 1458109.25000000 
0.09200    44581652.00000000 28093288.00000000 70777216.00000000 19043.98632812  1803434.87500000 1430689.75000000 
0.09300    43854116.00000000 27640842.00000000 69629976.00000000 18649.20703125  1769473.25000000 1403895.12500000 
0.09400    43143932.00000000 27199154.00000000 68509624.00000000 18262.03125000  1736272.87500000 1377702.87500000 
0.09500    42450936.00000000 26768502.00000000 67416856.00000000 17882.22656250  1703794.00000000 1352074.50000000 
0.09600    41774684.00000000 26348492.00000000 66350840.00000000 17509.37109375  1672007.75000000 1327007.25000000 
0.09700    41114524.00000000 25938502.00000000 65309952.00000000 17143.05078125  1640869.25000000 1302445.87500000 
0.09800    40468816.00000000 25538278.00000000 64293308.00000000 16783.04687500  1610359.00000000 1278387.37500000 
0.09900    39838652.00000000 25147220.00000000 63300156.00000000 16428.85156250  1580426.37500000 1254788.00000000 
0.10000    39221340.00000000 24765000.00000000 62328512.00000000 16080.20605469  1551045.75000000 1231615.00000000 
0.10100    38617616.00000000 24391206.00000000 61379196.00000000 15736.97656250  1522192.87500000 1208862.12500000 
0.10200    38027132.00000000 24025558.00000000 60449340.00000000 15398.78320312  1493834.75000000 1186513.50000000 
0.10300    37448600.00000000 23667752.00000000 59539096.00000000 15065.62597656  1465965.00000000 1164532.00000000 
0.10400    36881768.00000000 23317324.00000000 58647448.00000000 14737.15039062  1438532.62500000 1142907.87500000 
0.10500    36326180.00000000 22974076.00000000 57773732.00000000 14413.32910156  1411547.37500000 1121620.00000000 
0.10600    35780520.00000000 22637468.00000000 56916172.00000000 14093.92871094  1384944.87500000 1100650.87500000 
0.10700    35245520.00000000 22306858.00000000 56075140.00000000 13779.05468750  1358751.25000000 1079990.12500000 
0.10800    34720076.00000000 21982878.00000000 55249328.00000000 13468.38964844  1332917.62500000 1059627.12500000 
0.10900    34203636.00000000 21664354.00000000 54438036.00000000 13161.95703125  1307459.62500000 1039530.31250000 
0.11000    33696012.00000000 21351536.00000000 53640972.00000000 12859.83398438  1282321.50000000 1019707.06250000 
0.11100    33196626.00000000 21043896.00000000 52856428.00000000 12561.87304688  1257531.50000000 1000143.18750000 
0.11200    32705432.00000000 20741142.00000000 52085052.00000000 12267.98242188  1233058.50000000 980823.56250000 
0.11300    32221586.00000000 20443060.00000000 51325516.00000000 11978.43164062  1208896.50000000 961749.75000000 
0.11400    31744962.00000000 20149740.00000000 50577360.00000000 11693.01269531  1185037.25000000 942910.06250000 
0.11500    31275380.00000000 19860664.00000000 49840144.00000000 11411.95507812  1161482.50000000 924293.12500000 
0.11600    30812366.00000000 19575648.00000000 49113468.00000000 11135.10644531  1138197.75000000 905903.62500000 
0.11700    30355700.00000000 19294658.00000000 48396564.00000000 10862.66308594  1115218.87500000 887734.50000000 
0.11800    29905016.00000000 19017174.00000000 47689100.00000000 10594.53417969  1092505.62500000 869778.37500000 
0.11900    29460386.00000000 18743406.00000000 46990736.00000000 10330.92578125  1070072.12500000 852038.87500000 
0.12000    29020920.00000000 18473066.00000000 46301268.00000000 10071.76074219  1047917.43750000 834504.37500000 
0.12100    28587312.00000000 18206030.00000000 45620432.00000000 9817.24316406   1026045.50000000 817187.06250000 
0.12200    28158792.00000000 17942198.00000000 44947752.00000000 9567.39355469   1004440.31250000 800078.43750000 
0.12300    27735390.00000000 17681400.00000000 44282484.00000000 9322.23828125   983114.62500000 783183.50000000 
0.12400    27316880.00000000 17423486.00000000 43625428.00000000 9081.69335938   962064.93750000 766493.25000000 
0.12500    26903072.00000000 17168334.00000000 42975228.00000000 8846.14160156   941286.12500000 750013.62500000 
0.12600    26494050.00000000 16916166.00000000 42332396.00000000 8615.45800781   920794.12500000 733762.18750000 
0.12700    26089536.00000000 16666607.00000000 41696432.00000000 8389.68945312   900579.06250000 717708.43750000 
0.12800    25689490.00000000 16419617.00000000 41067712.00000000 8168.91259766   880648.81250000 701881.25000000 
0.12900    25293824.00000000 16175215.00000000 40445096.00000000 7953.05371094   861001.18750000 686270.68750000 
0.13000    24902628.00000000 15933300.00000000 39829560.00000000 7742.30175781   841641.43750000 670876.50000000 
0.13100    24515358.00000000 15693825.00000000 39220260.00000000 7536.54394531   822575.06250000 655707.68750000 
0.13200    24132638.00000000 15456782.00000000 38617636.00000000 7335.85595703   803801.25000000 640764.68750000 
0.13300    23753916.00000000 15222246.00000000 38021336.00000000 7140.20556641   785315.43750000 626044.56250000 
0.13400    23379338.00000000 14989980.00000000 37430760.00000000 6949.61669922   767129.68750000 611560.62500000 
0.13500    23008882.00000000 14760064.00000000 36847404.00000000 6764.05273438   749252.12500000 597303.37500000 
0.13600    22642620.00000000 14532592.00000000 36269180.00000000 6583.44189453   731665.75000000 583276.56250000 
0.13700    22280176.00000000 14307337.00000000 35697764.00000000 6407.85595703   714383.43750000 569483.18750000 
0.13800    21922090.00000000 14084456.00000000 35132044.00000000 6237.09277344   697402.75000000 555926.43750000 
0.13900    21567876.00000000 13863877.00000000 34572916.00000000 6071.21386719   680733.18750000 542612.75000000 
0.14000    21217636.00000000 13645677.00000000 34019620.00000000 5910.15771484   664375.06250000 529533.00000000 
0.14100    20871922.00000000 13429746.00000000 33472850.00000000 5753.79394531   648309.50000000 516691.62500000 
0.14200    20529814.00000000 13215998.00000000 32932012.00000000 5601.99462891   632556.43750000 504085.87500000 
0.14300    20191964.00000000 13004680.00000000 32397378.00000000 5454.77099609   617113.43750000 491722.84375000 
0.14400    19858020.00000000 12795687.00000000 31868672.00000000 5311.96728516   601970.93750000 479596.34375000 
0.14500    19528268.00000000 12589081.00000000 31346480.00000000 5173.46875000   587130.87500000 467709.53125000 
0.14600    19202626.00000000 12384798.00000000 30830218.00000000 5039.20703125   572597.56250000 456063.00000000 
0.14700    18881224.00000000 12182907.00000000 30320616.00000000 4909.02197266   558366.00000000 444651.21875000 
0.14800    18563702.00000000 11983260.00000000 29816670.00000000 4782.84326172   544430.06250000 433474.00000000 
0.14900    18250230.00000000 11785973.00000000 29319178.00000000 4660.44189453   530792.43750000 422527.68750000 
0.15000    17941008.00000000 11591143.00000000 28828182.00000000 4541.79736328   517443.53125000 411813.40625000 
0.15100    17635784.00000000 11398674.00000000 28343356.00000000 4426.77099609   504381.90625000 401332.96875000 
0.15200    17334750.00000000 11208600.00000000 27864478.00000000 4315.15966797   491614.09375000 391074.12500000 
0.15300    17037892.00000000 11020886.00000000 27392032.00000000 4206.88134766   479123.40625000 381042.71875000 
0.15400    16744902.00000000 10835591.00000000 26926018.00000000 4101.74316406   466910.90625000 371228.71875000 
0.15500    16456005.00000000 10652647.00000000 26466248.00000000 3999.64404297   454971.25000000 361634.15625000 
0.15600    16171396.00000000 10472091.00000000 26012472.00000000 3900.46215820   443297.15625000 352251.50000000 
0.15700    15890661.00000000 10294023.00000000 25565298.00000000 3804.10009766   431889.78125000 343084.09375000 
0.15800    15613949.00000000 10118212.00000000 25123992.00000000 3710.29345703   420736.09375000 334114.93750000 
0.15900    15341360.00000000 9944973.00000000 24689072.00000000 3619.04077148   409838.93750000 325354.84375000 
0.16000    15072611.00000000 9773926.00000000 24260378.00000000 3530.15820312   399183.31250000 316789.15625000 
0.16100    14808010.00000000 9605380.00000000 23837772.00000000 3443.54077148   388777.93750000 308423.03125000 
0.16200    14547321.00000000 9439152.00000000 23421320.00000000 3359.10083008   378599.56250000 300244.40625000 
0.16300    14290439.00000000 9275266.00000000 23010948.00000000 3276.64111328   368658.40625000 292251.31250000 
0.16400    14037544.00000000 9113800.00000000 22606714.00000000 3196.17675781   358938.25000000 284437.65625000 
0.16500    13788399.00000000 8954725.00000000 22208368.00000000 3117.51367188   349438.21875000 276805.37500000 
0.16600    13543222.00000000 8797840.00000000 21816178.00000000 3040.57983398   340149.65625000 269343.28125000 
0.16700    13301636.00000000 8643325.00000000 21429790.00000000 2965.28271484   331065.65625000 262051.17187500 
0.16800    13063920.00000000 8491112.00000000 21049158.00000000 2891.56298828   322187.15625000 254919.70312500 
0.16900    12829937.00000000 8341161.50000000 20674660.00000000 2819.32080078   313502.68750000 247951.42187500 
0.17000    12599654.00000000 8193451.00000000 20305632.00000000 2748.48388672   305010.34375000 241137.87500000 
0.17100    12372823.00000000 8047975.50000000 19942348.00000000 2679.05664062   296702.68750000 234476.95312500 
0.17200    12149690.00000000 7904764.00000000 19584900.00000000 2610.88061523   288574.81250000 227960.23437500 
0.17300    11930071.00000000 7763737.00000000 19232886.00000000 2543.97729492   280623.53125000 221587.93750000 
0.17400    11713957.00000000 7624910.00000000 18886314.00000000 2478.28759766   272844.53125000 215355.82812500 
0.17500    11501208.00000000 7488227.00000000 18545474.00000000 2413.79492188   265229.87500000 209259.37500000 
0.17600    11291908.00000000 7353585.00000000 18209660.00000000 2350.39062500   257774.89062500 203293.85937500 
0.17700    11085965.00000000 7221091.50000000 17879398.00000000 2288.14111328   250477.78125000 197458.00000000 
0.17800    10883250.00000000 7090713.00000000 17554248.00000000 2226.99487305   243333.73437500 191747.21875000 
0.17900    10683831.00000000 6962356.00000000 17234300.00000000 2166.92456055   236340.46875000 186160.15625000 
0.18000    10487638.00000000 6836066.50000000 16919580.00000000 2107.93481445   229491.65625000 180689.39062500 
0.18100    10294676.00000000 6711752.50000000 16609873.00000000 2050.06225586   222790.14062500 175340.21875000 
0.18200    10104700.00000000 6589407.00000000 16305048.00000000 1993.19177246   216221.34375000 170101.51562500 
0.18300    9917930.00000000 6469030.00000000 16005086.00000000 1937.45092773   209790.82812500 164971.93750000 
0.18400    9734066.00000000 6350568.00000000 15709990.00000000 1882.79162598   203495.42187500 159953.81250000 
0.18500    9553296.00000000 6234017.00000000 15419729.00000000 1829.24389648   197329.53125000 155042.84375000 
0.18600    9375349.00000000 6119336.00000000 15134116.00000000 1776.78930664   191290.07812500 150235.14062500 
0.18700    9200226.00000000 6006444.00000000 14853027.00000000 1725.45825195   185379.25000000 145529.60937500 
0.18800    9028021.00000000 5895440.50000000 14576599.00000000 1675.28381348   179591.85937500 140924.56250000 
0.18900    8858690.00000000 5786221.50000000 14304749.00000000 1626.29431152   173927.01562500 136420.32812500 
0.19000    8691987.00000000 5678718.00000000 14037044.00000000 1578.44763184   168378.95312500 132010.31250000 
0.19100    8528174.00000000 5573037.00000000 13773985.00000000 1531.84716797   162955.28125000 127701.07812500 
0.19200    8366861.00000000 5469033.00000000 13515057.00000000 1486.44091797   157642.15625000 123481.42187500 
0.19300    8208230.50000000 5366788.50000000 13260394.00000000 1442.31420898   152450.89062500 119357.88281250 
0.19400    8052115.00000000 5266132.00000000 13009935.00000000 1399.39855957   147370.68750000 115325.57031250 
0.19500    7898678.50000000 5167157.50000000 12763529.00000000 1357.79113770   142404.81250000 111383.17968750 
0.19600    7747812.50000000 5069794.00000000 12521189.00000000 1317.46887207   137550.26562500 107531.17187500 
0.19700    7599346.00000000 4974042.00000000 12282889.00000000 1278.46008301   132808.53125000 103768.21875000 
0.19800    7453379.50000000 4879840.50000000 12048414.00000000 1240.76367188   128173.85937500 100091.59375000 
0.19900    7309856.50000000 4787248.50000000 11818016.00000000 1204.41516113   123651.58593750 96504.35156250  
0.20000    7168638.50000000 4696112.50000000 11591221.00000000 1169.38928223   119234.47656250 92999.81250000  
0.20100    7029842.50000000 4606559.00000000 11368271.00000000 1135.71191406   114926.03906250 89582.32031250  
0.20200    6893307.00000000 4518435.00000000 11149140.00000000 1103.37744141   110722.41406250 86249.05468750  
0.20300    6759128.50000000 4431824.00000000 10933577.00000000 1072.40136719   106626.24218750 82999.08593750  
0.20400    6627146.00000000 4346649.00000000 10721634.00000000 1042.76232910   102632.21875000 79829.86718750  
0.20500    6497443.50000000 4262884.50000000 10513313.00000000 1014.45135498   98743.60156250  76744.00000000  
0.20600    6369930.50000000 4180541.50000000 10308360.00000000 987.44775391    94954.67187500  73737.36718750  
0.20700    6244554.00000000 4099546.00000000 10106972.00000000 961.77471924    91267.90625000  70811.85937500  
0.20800    6121294.00000000 4019923.50000000 9908895.00000000 937.37182617    87680.27343750  67962.78906250  
0.20900    6000271.50000000 3941716.25000000 9714481.00000000 914.29858398    84196.29687500  65194.90625000  
0.21000    5881226.50000000 3864760.25000000 9523131.00000000 892.42321777    80804.67968750  62501.66015625  
0.21100    5764230.00000000 3789158.75000000 9335135.00000000 871.80578613    77511.78906250  59884.48437500  
0.21200    5649272.00000000 3714802.75000000 9150333.00000000 852.37213135    74312.72656250  57340.88281250  
0.21300    5536315.50000000 3641717.50000000 8968682.00000000 834.10510254    71207.33593750  54871.43359375  
0.21400    5425332.50000000 3569898.75000000 8790256.00000000 816.99273682    68194.97656250  52475.22265625  
0.21500    5316283.00000000 3499332.50000000 8614897.00000000 800.98828125    65274.40234375  50149.60937500  
0.21600    5209171.50000000 3429940.75000000 8442565.00000000 786.02465820    62440.57421875  47892.98828125  
0.21700    5103944.50000000 3361777.50000000 8273226.50000000 772.10760498    59695.14062500  45706.57031250  
0.21800    5000559.00000000 3294781.75000000 8106853.50000000 759.16949463    57035.86718750  43586.39062500  
0.21900    4898976.50000000 3228932.50000000 7943374.00000000 747.16058350    54457.72265625  41530.31640625  
0.22000    4799223.00000000 3164201.50000000 7782742.00000000 736.06439209    51963.29687500  39539.81640625  
0.22100    4701307.00000000 3100662.75000000 7624984.00000000 725.85125732    49550.53125000  37613.23828125  
0.22200    4605144.50000000 3038202.25000000 7470093.50000000 716.44110107    47215.27343750  35748.06250000  
0.22300    4510622.50000000 2976811.75000000 7317840.50000000 707.80731201    44955.94531250  33941.52734375  
0.22400    4417839.50000000 2916508.00000000 7168308.50000000 699.88848877    42769.90234375  32193.34960938  
0.22500    4326812.50000000 2857298.75000000 7021499.00000000 692.69836426    40658.87500000  30504.63671875  
0.22600    4237333.50000000 2799086.00000000 6877245.00000000 686.11651611    38615.78125000  28868.71093750  
0.22700    4149571.50000000 2741953.50000000 6735701.50000000 680.15734863    36643.20703125  27288.70898438  
0.22800    4063386.50000000 2685819.50000000 6596634.50000000 674.75140381    34735.98437500  25759.80273438  
0.22900    3978747.75000000 2630648.00000000 6460009.00000000 669.86859131    32892.14843750  24280.88867188  
0.23000    3895700.50000000 2576476.25000000 6325957.00000000 665.47161865    31112.04492188  22852.27929688  
0.23100    3814170.50000000 2523300.75000000 6194273.00000000 661.52398682    29392.83007812  21472.22460938  
0.23200    3734148.25000000 2471038.25000000 6064971.00000000 657.97906494    27730.24218750  20136.75781250  
0.23300    3655603.75000000 2419730.25000000 5938061.50000000 654.81787109    26125.30664062  18846.73828125  
0.23400    3578559.50000000 2369346.00000000 5813449.50000000 652.00982666    24575.59375000  17600.52148438  
0.23500    3502857.50000000 2319845.25000000 5691104.50000000 649.49114990    23076.14843750  16394.58007812  
0.23600    3428648.25000000 2271249.75000000 5571090.00000000 647.29626465    21629.78710938  15230.87695312  
0.23700    3355848.75000000 2223546.50000000 5453226.00000000 645.34936523    20232.52929688  14105.80175781  
0.23800    3284397.00000000 2176716.25000000 5337582.50000000 643.65679932    18883.51367188  13019.16601562  
0.23900    3214259.25000000 2130747.50000000 5224102.00000000 642.16418457    17579.28125000  11968.38867188  
0.24000    3145495.25000000 2085598.87500000 5112661.50000000 640.88580322    16320.51757812  10953.40917969  
0.24100    3078077.75000000 2041337.00000000 5003439.50000000 639.81274414    15106.07031250  9974.08398438   
0.24200    3011919.50000000 1997870.75000000 4896209.50000000 638.90393066    13932.84765625  9028.04980469   
0.24300    2947050.75000000 1955209.87500000 4791061.50000000 638.15002441    12800.45605469  8114.02050781   
0.24400    2883420.75000000 1913351.37500000 4687877.00000000 637.55560303    11706.87890625  7230.98828125   
0.24500    2821056.25000000 1872282.00000000 4586696.50000000 637.09893799    10651.23730469  6378.88720703   
0.24600    2759886.00000000 1832006.87500000 4487453.00000000 636.79595947    9633.77539062   5556.83056641   
0.24700    2699953.50000000 1792488.37500000 4390174.50000000 636.63195801    8652.64062500   4764.13281250   
0.24800    2641217.50000000 1753735.00000000 4294769.00000000 636.59887695    7707.07226562   3999.45825195   
0.24900    2583627.75000000 1715734.75000000 4201206.50000000 636.69708252    6795.24218750   3262.11108398   
0.25000    2527204.25000000 1678469.87500000 4109546.25000000 636.94311523    5918.27050781   2552.33154297   
0.25100    2471908.25000000 1641928.12500000 4019659.25000000 637.31103516    5073.70019531   1868.87854004   
0.25200    2417816.50000000 1606152.62500000 3931711.25000000 637.84753418    4263.90136719   1212.87866211   
0.25300    2364806.75000000 1571068.87500000 3845462.25000000 638.52319336    3485.37280273   581.88171387    
0.25400    2312910.75000000 1536707.37500000 3761022.75000000 639.35278320    2738.73266602   -23.40505981    
0.25500    2262067.00000000 1503016.12500000 3678283.75000000 640.33618164    2023.02380371   -604.20538330   
0.25600    2212350.00000000 1470048.12500000 3597331.50000000 641.49841309    1339.32031250   -1159.49121094  
0.25700    2163692.25000000 1437750.75000000 3518053.50000000 642.81402588    686.02935791    -1690.78234863  
0.25800    2116071.50000000 1406142.37500000 3440471.00000000 644.32434082    63.58515549     -2196.92309570  
0.25900    2069530.37500000 1375192.25000000 3364568.25000000 646.02563477    -527.87713623   -2679.53393555  
0.26000    2023997.62500000 1344923.37500000 3290352.75000000 647.91534424    -1088.89978027  -3137.23828125  
0.26100    1979466.25000000 1315284.37500000 3217709.50000000 649.99456787    -1621.13037109  -3572.22119141  
0.26200    1935985.25000000 1286327.37500000 3146778.25000000 652.31115723    -2121.08569336  -3981.45971680  
0.26300    1893474.25000000 1257983.37500000 3077348.50000000 654.79064941    -2593.16040039  -4369.05810547  
0.26400    1851935.12500000 1230282.00000000 3009543.00000000 657.51440430    -3034.36840820  -4731.73486328  
0.26500    1811413.37500000 1203222.62500000 2943329.75000000 660.44757080    -3445.25244141  -5071.06005859  
0.26600    1771830.87500000 1176768.75000000 2878613.00000000 663.59429932    -3827.05200195  -5386.95263672  
0.26700    1733220.37500000 1150943.62500000 2815475.50000000 666.97656250    -4178.63330078  -5679.10205078  
0.26800    1695566.37500000 1125730.50000000 2753856.25000000 670.57513428    -4500.10449219  -5947.46240234  
0.26900    1658810.62500000 1101101.50000000 2693678.50000000 674.38861084    -4793.46972656  -6193.74609375  
0.27000    1622995.62500000 1077077.12500000 2635029.00000000 678.42315674    -5056.53662109  -6416.00830078  
0.27100    1588073.50000000 1053621.37500000 2577809.00000000 682.65142822    -5291.25683594  -6615.71142578  
0.27200    1554098.62500000 1030787.68750000 2522096.50000000 687.12487793    -5494.81396484  -6791.25097656  
0.27300    1520955.62500000 1008484.00000000 2467704.25000000 691.76977539    -5671.71679688  -6945.48876953  
0.27400    1488634.75000000 986718.25000000 2414676.75000000 696.59942627    -5821.65527344  -7078.50341797  
0.27500    1457266.50000000 965561.25000000 2363155.00000000 701.63513184    -5940.58789062  -7186.70068359  
0.27600    1426656.75000000 944895.12500000 2312885.75000000 706.81762695    -6034.17626953  -7275.59472656  
0.27700    1396936.75000000 924808.18750000 2264004.25000000 712.18994141    -6098.72851562  -7340.89746094  
0.27800    1368006.25000000 905224.56250000 2216389.75000000 717.69042969    -6137.11035156  -7385.93994141  
0.27900    1339890.00000000 886177.75000000 2170120.25000000 723.32501221    -6149.21289062  -7409.68554688  
0.28000    1312550.75000000 867627.25000000 2125067.25000000 729.08349609    -6135.37255859  -7413.31787109  
0.28100    1285988.75000000 849569.06250000 2081271.37500000 734.93768311    -6096.84375000  -7396.98535156  
0.28200    1260189.75000000 832024.12500000 2038695.62500000 740.89068604    -6032.75634766  -7360.44287109  
0.28300    1235115.37500000 814950.43750000 1997327.37500000 746.90051270    -5945.26855469  -7305.31835938  
0.28400    1210758.37500000 798330.12500000 1957087.25000000 752.95361328    -5835.27294922  -7232.09814453  
0.28500    1187130.12500000 782188.00000000 1918027.00000000 759.04766846    -5701.99707031  -7140.28955078  
0.28600    1164175.37500000 766487.50000000 1880026.87500000 765.14837646    -5548.49023438  -7032.00781250  
0.28700    1141905.50000000 751233.18750000 1843164.50000000 771.24237061    -5373.42871094  -6906.78759766  
0.28800    1120278.75000000 736390.62500000 1807318.87500000 777.30438232    -5179.08203125  -6765.92138672  
0.28900    1099315.87500000 721989.68750000 1772553.25000000 783.32635498    -4965.50488281  -6609.43261719  
0.29000    1078939.50000000 707963.81250000 1738750.37500000 789.27954102    -4734.93945312  -6439.10107422  
0.29100    1059207.87500000 694370.43750000 1705973.75000000 795.15893555    -4486.52929688  -6254.26953125  
0.29200    1040037.43750000 681136.75000000 1674104.50000000 800.92443848    -4222.56054688  -6056.86523438  
0.29300    1021465.25000000 668297.62500000 1643211.75000000 806.58422852    -3943.32763672  -5846.64208984  
0.29400    1003401.81250000 655785.87500000 1613131.75000000 812.09033203    -3651.87548828  -5626.62988281  
0.29500    985911.75000000 643657.12500000 1583978.12500000 817.46136475    -3346.17724609  -5394.53125000  
0.29600    968902.56250000 631855.93750000 1555631.12500000 822.64581299    -3029.87207031  -5153.51806641  
0.29700    952382.56250000 620372.68750000 1528064.50000000 827.65643311    -2703.12402344  -4903.81640625  
0.29800    936364.00000000 609220.56250000 1501320.12500000 832.47900391    -2365.82373047  -4645.37890625  
0.29900    920811.37500000 598373.68750000 1475334.87500000 837.08947754    -2019.90686035  -4379.31152344  
0.30000    905680.12500000 587814.56250000 1450037.87500000 841.47290039    -1667.96667480  -4107.85888672  
0.30100    891005.25000000 577553.43750000 1425481.62500000 845.64453125    -1307.99816895  -3829.43627930  
0.30200    876694.37500000 567549.12500000 1401533.00000000 849.57055664    -943.67022705   -3547.00756836  
0.30300    862818.06250000 557822.81250000 1378265.37500000 853.25878906    -574.01074219   -3259.61035156  
0.30400    849319.31250000 548358.68750000 1355643.25000000 856.71545410    -200.52275085   -2968.86303711  
0.30500    836148.81250000 539108.75000000 1333547.50000000 859.89782715    174.62145996    -2676.19995117  
0.30600    823321.50000000 530103.43750000 1312037.25000000 862.83349609    551.48815918    -2381.22729492  
0.30700    810858.62500000 521336.53125000 1291116.50000000 865.53540039    930.89251709    -2083.96850586  
0.30800    798680.62500000 512767.78125000 1270655.50000000 867.96710205    1309.20446777   -1786.75952148  
0.30900    786838.31250000 504417.84375000 1250738.00000000 870.16900635    1688.00549316   -1488.80078125  
0.31000    775272.37500000 496267.78125000 1231300.75000000 872.12072754    2065.47900391   -1191.40417480  
0.31100    763962.62500000 488289.81250000 1212296.25000000 873.82598877    2440.68774414   -895.04821777   
0.31200    752938.06250000 480503.87500000 1193745.75000000 875.30944824    2813.93872070   -600.05426025   
0.31300    742154.18750000 472892.90625000 1175598.12500000 876.57098389    3184.41186523   -306.78854370   
0.31400    731637.37500000 465462.84375000 1157889.37500000 877.61108398    3551.89208984   -15.35674000    
0.31500    721327.56250000 458167.56250000 1140533.37500000 878.44708252    3915.05078125   272.61434937    
0.31600    711245.81250000 451043.40625000 1123563.12500000 879.09106445    4274.44140625   558.18914795    
0.31700    701392.50000000 444066.56250000 1106935.00000000 879.55780029    4629.71826172   840.83758545    
0.31800    691728.00000000 437225.78125000 1090655.87500000 879.84558105    4979.12451172   1118.93371582   
0.31900    682279.43750000 430530.46875000 1074719.37500000 879.98864746    5325.44091797   1394.85314941   
0.32000    673012.18750000 423970.96875000 1059097.00000000 879.98760986    5665.61572266   1665.82617188   
0.32100    663924.37500000 417530.00000000 1043771.37500000 879.85864258    6000.84814453   1933.07714844   
0.32200    655048.68750000 411231.65625000 1028787.93750000 879.63201904    6331.46630859   2196.71313477   
0.32300    646294.00000000 405025.87500000 1014018.81250000 879.27905273    6655.56542969   2455.17456055   
0.32400    637736.43750000 398948.03125000 999559.43750000 878.85931396    6975.17089844   2709.86962891   
0.32500    629337.81250000 392979.81250000 985375.50000000 878.36767578    7288.96533203   2959.78491211   
0.32600    621106.87500000 387129.62500000 971465.93750000 877.82049561    7598.18750000   3205.99682617   
0.32700    613032.12500000 381385.31250000 957803.37500000 877.24206543    7902.49951172   3448.05590820   
0.32800    605133.31250000 375765.15625000 944447.81250000 876.64862061    8202.32714844   3686.38281250   
0.32900    597371.31250000 370230.96875000 931304.18750000 876.02410889    8496.81933594   3920.00805664   
0.33000    589784.12500000 364817.09375000 918437.56250000 875.42309570    8787.62500000   4150.26855469   
0.33100    582313.68750000 359474.59375000 905758.81250000 874.81384277    9072.64160156   4375.54345703   
0.33200    575046.25000000 354271.87500000 893426.75000000 874.25781250    9356.03710938   4599.21435547   
0.33300    567902.75000000 349153.75000000 881291.06250000 873.71679688    9634.27050781   4818.00048828   
0.33400    560926.37500000 344144.09375000 869420.18750000 873.23187256    9909.57519531   5034.33740234   
0.33500    554095.06250000 339228.00000000 857769.62500000 872.79589844    10180.99609375  5246.89453125   
0.33600    547411.06250000 334407.43750000 846373.37500000 872.42242432    10449.72070312  5456.67968750   
0.33700    540885.37500000 329686.68750000 835225.50000000 872.12133789    10715.70214844  5663.67578125   
0.33800    534529.93750000 325084.78125000 824351.18750000 871.89245605    10979.72949219  5868.52783203   
0.33900    528301.25000000 320554.15625000 813677.75000000 871.74346924    11240.47167969  6070.34863281   
0.34000    522245.46875000 316135.40625000 803267.25000000 871.66900635    11499.69238281  6270.12792969   
0.34100    516343.56250000 311818.28125000 793109.62500000 871.67938232    11757.10253906  6467.57324219   
0.34200    510633.62500000 307624.59375000 783265.00000000 871.77984619    12013.91699219  6664.51416016   
0.34300    505045.93750000 303503.03125000 773596.06250000 871.95434570    12268.23632812  6858.36669922   
0.34400    499654.75000000 299512.12500000 764250.18750000 872.21191406    12522.47851562  7051.77246094   
0.34500    494406.56250000 295602.90625000 755123.56250000 872.54412842    12774.88671875  7243.12890625   
0.34600    489351.62500000 291818.81250000 746301.56250000 872.95465088    13027.44531250  7434.06103516   
0.34700    484412.71875000 288112.90625000 737664.68750000 873.42706299    13277.82128906  7622.72949219   
0.34800    479668.59375000 284522.06250000 729334.81250000 873.95495605    13527.88964844  7810.55126953   
0.34900    475088.62500000 281038.25000000 721268.12500000 874.53900146    13777.73046875  7997.81005859   
0.35000    470666.03125000 277658.06250000 713445.50000000 875.15997314    14026.20214844  8183.56298828   
0.35100    466436.75000000 274395.50000000 705935.00000000 875.83465576    14275.36230469  8369.43261719   
0.35200    462330.56250000 271205.96875000 698604.00000000 876.51068115    14522.08105469  8553.11328125   
0.35300    458395.43750000 268135.12500000 691558.81250000 877.19964600    14768.25683594  8736.10546875   
0.35400    454648.53125000 265172.62500000 684795.68750000 877.90551758    15014.32226562  8918.75878906   
0.35500    451051.18750000 262312.71875000 678286.12500000 878.59161377    15258.82128906  9100.19433594   
0.35600    447597.40625000 259542.98437500 672000.62500000 879.25085449    15501.76269531  9280.26269531   
0.35700    444314.34375000 256880.01562500 665979.56250000 879.88140869    15744.06054688  9459.64746094   
0.35800    441188.46875000 254328.75000000 660234.12500000 880.46142578    15984.62597656  9637.85546875   
0.35900    438222.12500000 251866.10937500 654714.81250000 880.97863770    16223.43359375  9814.92285156   
0.36000    435422.43750000 249522.12500000 649474.37500000 881.42797852    16461.02734375  9990.91699219   
0.36100    432736.34375000 247249.76562500 644421.31250000 881.78845215    16695.07812500  10164.66796875  
0.36200    430243.65625000 245106.90625000 639687.68750000 882.05767822    16928.80273438  10338.41601562  
0.36300    427843.15625000 243026.34375000 635103.68750000 882.18786621    17157.71484375  10508.76855469  
0.36400    425586.71875000 241039.40625000 630756.56250000 882.20996094    17383.63671875  10677.36523438  
0.36500    423465.31250000 239146.89062500 626616.62500000 882.08489990    17606.29882812  10844.09570312  
0.36600    421491.96875000 237356.75000000 622739.12500000 881.83227539    17826.33203125  11009.18554688  
0.36700    419619.75000000 235634.73437500 619019.06250000 881.39654541    18041.01171875  11170.79589844  
0.36800    417912.06250000 234025.76562500 615580.50000000 880.81719971    18253.23046875  11331.35156250  
0.36900    416300.93750000 232487.57812500 612301.50000000 880.05096436    18460.66406250  11488.63671875  
0.37000    414770.40625000 231008.17187500 609159.18750000 879.08752441    18661.33007812  11641.98925781  
0.37100    413348.81250000 229613.67187500 606223.50000000 877.93597412    18857.37109375  11792.50000000  
0.37200    412057.93750000 228310.90625000 603495.25000000 876.59307861    19049.06054688  11940.58593750  
0.37300    410842.28125000 227064.90625000 600906.12500000 875.03582764    19233.97460938  12084.52734375  
0.37400    409730.09375000 225899.42187500 598504.18750000 873.27728271    19413.77343750  12225.72949219  
0.37500    408702.09375000 224799.53125000 596242.43750000 871.30059814    19587.09765625  12362.90625000  
0.37600    407765.31250000 223768.78125000 594146.06250000 869.10766602    19753.77343750  12495.86914062  
0.37700    406873.71875000 222784.75000000 592151.06250000 866.69274902    19913.30078125  12624.84375000  
0.37800    406067.53125000 221871.09375000 590310.56250000 864.06555176    20066.43164062  12749.74902344  
0.37900    405348.96875000 221027.65625000 588624.81250000 861.21850586    20213.01953125  12871.09863281  
0.38000    404664.59375000 220223.96875000 587020.31250000 858.15979004    20351.48632812  12987.33886719  
0.38100    404030.81250000 219459.65625000 585507.00000000 854.88177490    20482.18750000  13098.81347656  
0.38200    403458.53125000 218761.79687500 584128.93750000 851.39703369    20606.14257812  13206.60839844  
0.38300    402916.84375000 218094.75000000 582810.00000000 847.69824219    20721.75781250  13309.09277344  
0.38400    402443.78125000 217491.73437500 581638.31250000 843.81042480    20830.24609375  13407.53613281  
0.38500    401973.15625000 216905.17187500 580484.93750000 839.72094727    20930.43945312  13500.60449219  
0.38600    401573.65625000 216383.71875000 579475.93750000 835.44744873    21023.85351562  13590.05468750  
0.38700    401166.25000000 215875.48437500 578472.62500000 830.99029541    21108.21875000  13673.47656250  
0.38800    400791.15625000 215406.56250000 577552.31250000 826.36413574    21185.39648438  13752.83007812  
0.38900    400434.18750000 214966.12500000 576690.68750000 821.56756592    21254.48046875  13827.15722656  
0.39000    400124.03125000 214575.92187500 575924.50000000 816.63360596    21317.14062500  13897.71972656  
0.39100    399809.62500000 214196.09375000 575167.18750000 811.55236816    21371.83984375  13963.06250000  
0.39200    399512.46875000 213849.78125000 574471.06250000 806.34100342    21419.00976562  14024.13769531  
0.39300    399211.28125000 213521.07812500 573799.06250000 801.00494385    21458.64257812  14080.32617188  
0.39400    398962.81250000 213236.92187500 573222.62500000 795.57250977    21492.47070312  14132.95605469  
0.39500    398673.50000000 212947.17187500 572612.06250000 790.02099609    21518.03515625  14180.37597656  
0.39600    398394.34375000 212684.39062500 572037.68750000 784.38970947    21537.32617188  14223.84765625  
0.39700    398112.25000000 212434.85937500 571494.87500000 778.68890381    21550.07031250  14262.97265625  
0.39800    397856.25000000 212214.42187500 570998.75000000 772.92370605    21557.07421875  14298.86816406  
0.39900    397580.65625000 212001.65625000 570498.62500000 767.10052490    21557.72460938  14330.38964844  
0.40000    397306.06250000 211799.45312500 570024.75000000 761.23937988    21552.72851562  14358.40917969  
0.40100    397021.81250000 211611.48437500 569565.56250000 755.34729004    21541.74609375  14382.26757812  
0.40200    396755.75000000 211447.46875000 569136.87500000 749.43511963    21526.20507812  14403.20117188  
0.40300    396460.96875000 211274.85937500 568688.06250000 743.50970459    21504.84960938  14420.27734375  
0.40400    396177.06250000 211126.45312500 568278.43750000 737.58947754    21479.46289062  14434.66796875  
0.40500    395884.00000000 210981.71875000 567868.18750000 731.68176270    21449.30859375  14445.60546875  
0.40600    395610.46875000 210858.98437500 567500.87500000 725.79882812    21415.68554688  14454.41601562  
0.40700    395306.87500000 210733.25000000 567112.68750000 719.93359375    21377.58398438  14459.87597656  
0.40800    395004.84375000 210613.40625000 566735.75000000 714.10925293    21335.77929688  14462.37988281  
0.40900    394697.59375000 210499.18750000 566349.93750000 708.31469727    21290.19921875  14462.45117188  
0.41000    394407.87500000 210405.71875000 566019.37500000 702.58996582    21242.38671875  14460.82519531  
0.41100    394104.46875000 210306.59375000 565667.06250000 696.90765381    21190.91015625  14456.00097656  
0.41200    393777.90625000 210205.37500000 565296.31250000 691.28149414    21136.48828125  14448.85058594  
0.41300    393485.03125000 210126.25000000 564982.43750000 685.73034668    21080.56250000  14440.28808594  
0.41400    393166.53125000 210035.42187500 564631.18750000 680.23449707    21021.47460938  14429.00585938  
0.41500    392867.53125000 209963.09375000 564325.81250000 674.82604980    20960.95117188  14416.56640625  
0.41600    392538.43750000 209873.73437500 563967.37500000 669.47424316    20897.09765625  14401.02050781  
0.41700    392237.68750000 209806.85937500 563670.93750000 664.20721436    20833.04492188  14384.70800781  
0.41800    391966.31250000 209754.78125000 563408.81250000 659.03076172    20767.53125000  14366.98925781  
0.41900    391625.43750000 209663.09375000 563048.87500000 653.89483643    20698.49023438  14345.78808594  
0.42000    391332.59375000 209601.17187500 562758.87500000 648.86035156    20629.13671875  14324.21972656  
0.42100    391046.78125000 209545.46875000 562492.81250000 643.90283203    20559.06250000  14301.04785156  
0.42200    390764.84375000 209488.43750000 562215.12500000 639.02075195    20487.47265625  14276.21484375  
0.42300    390461.84375000 209419.25000000 561911.25000000 634.20056152    20413.99804688  14249.14257812  
0.42400    390173.78125000 209351.42187500 561625.68750000 629.45172119    20339.46484375  14220.71484375  
0.42500    389894.28125000 209288.31250000 561353.68750000 624.77758789    20264.18359375  14190.62109375  
0.42600    389595.21875000 209211.73437500 561041.81250000 620.15087891    20187.07226562  14158.70410156  
0.42700    389333.65625000 209152.10937500 560784.25000000 615.60174561    20109.84960938  14125.63671875  
0.42800    389049.68750000 209074.29687500 560491.50000000 611.09783936    20030.44921875  14090.23242188  
0.42900    388795.93750000 209012.87500000 560238.68750000 606.66046143    19951.27734375  14053.84082031  
0.43000    388528.34375000 208934.81250000 559953.06250000 602.26171875    19869.96679688  14015.23339844  
0.43100    388229.15625000 208833.89062500 559615.93750000 597.89837646    19786.35937500  13974.12500000  
0.43200    387975.09375000 208753.87500000 559337.75000000 593.58306885    19702.95117188  13932.08496094  
0.43300    387691.90625000 208653.12500000 559008.93750000 589.30157471    19617.17382812  13887.44824219  
0.43400    387417.50000000 208551.15625000 558692.75000000 585.04528809    19530.16210938  13840.95410156  
0.43500    387128.78125000 208434.64062500 558339.93750000 580.81420898    19441.26171875  13792.36425781  
0.43600    386873.56250000 208328.59375000 558023.43750000 576.61682129    19351.91796875  13742.72167969  
0.43700    386574.81250000 208191.21875000 557640.93750000 572.42492676    19259.59375000  13689.74121094  
0.43800    386264.21875000 208040.54687500 557223.81250000 568.23937988    19165.22265625  13634.60058594  
0.43900    385959.21875000 207889.37500000 556818.81250000 564.07073975    19069.57226562  13577.52539062  
0.44000    385645.53125000 207727.14062500 556387.56250000 559.90460205    18971.65429688  13518.09863281  
0.44100    385318.81250000 207547.31250000 555927.06250000 555.74133301    18871.58398438  13456.39160156  
0.44200    384982.62500000 207358.59375000 555438.62500000 551.57812500    18769.27734375  13392.48632812  
0.44300    384630.46875000 207155.71875000 554922.81250000 547.41113281    18664.74218750  13325.96972656  
0.44400    384265.46875000 206938.21875000 554385.68750000 543.24060059    18557.95312500  13257.28906250  
0.44500    383844.43750000 206683.93750000 553741.56250000 539.04425049    18447.65820312  13185.14355469  
0.44600    383423.37500000 206420.28125000 553094.31250000 534.84960938    18335.20312500  13111.07031250  
0.44700    382999.59375000 206157.07812500 552444.50000000 530.65185547    18220.86132812  13035.05273438  
0.44800    382529.93750000 205851.85937500 551702.43750000 526.42956543    18103.08593750  12955.96679688  
0.44900    382058.93750000 205549.37500000 550963.93750000 522.21148682    17983.57421875  12875.08398438  
0.45000    381562.84375000 205227.79687500 550179.43750000 517.98321533    17861.63085938  12792.01660156  
0.45100    381005.15625000 204864.26562500 549290.62500000 513.73095703    17735.48632812  12705.38769531  
0.45200    380447.15625000 204495.43750000 548405.31250000 509.47622681    17607.69531250  12617.16796875  
0.45300    379837.96875000 204096.34375000 547426.50000000 505.21572876    17476.69921875  12526.43457031  
0.45400    379213.78125000 203683.95312500 546424.37500000 500.94851685    17343.59179688  12433.76171875  
0.45500    378557.68750000 203250.51562500 545364.50000000 496.68624878    17207.99218750  12338.96679688  
0.45600    377857.28125000 202789.79687500 544236.18750000 492.41220093    17069.15039062  12241.76757812  
0.45700    377130.03125000 202311.53125000 543074.43750000 488.14993286    16928.60351562  12143.12207031  
0.45800    376356.31250000 201803.96875000 541826.62500000 483.89318848    16785.32812500  12042.26757812  
0.45900    375543.71875000 201271.90625000 540524.43750000 479.64645386    16639.46093750  11939.38964844  
0.46000    374727.65625000 200738.01562500 539210.00000000 475.43246460    16492.82812500  11836.08007812  
0.46100    373827.71875000 200152.67187500 537762.37500000 471.20608521    16342.30468750  11729.82324219  
0.46200    372928.18750000 199572.50000000 536320.12500000 467.02713013    16191.33984375  11623.19335938  
0.46300    371974.50000000 198956.07812500 534791.75000000 462.87271118    16038.18457031  11514.88476562  
0.46400    370972.00000000 198312.93750000 533191.93750000 458.74649048    15882.89453125  11405.41503906  
0.46500    369954.28125000 197663.31250000 531571.18750000 454.66711426    15727.06835938  11295.44824219  
0.46600    368884.50000000 196980.85937500 529865.50000000 450.62875366    15569.57910156  11184.39062500  
0.46700    367764.34375000 196274.06250000 528087.75000000 446.63208008    15410.47656250  11072.24609375  
0.46800    366648.53125000 195569.00000000 526318.31250000 442.69992065    15251.68554688  10960.66796875  
0.46900    365458.06250000 194823.45312500 524429.56250000 438.82131958    15091.06152344  10847.84375000  
0.47000    364241.25000000 194062.04687500 522504.65625000 435.00628662    14930.25683594  10735.07617188  
0.47100    363000.06250000 193289.56250000 520543.34375000 431.26327515    14769.51269531  10622.68652344  
0.47200    361717.75000000 192498.14062500 518532.65625000 427.59631348    14608.64746094  10510.31152344  
0.47300    360420.59375000 191697.25000000 516490.93750000 424.00518799    14448.21972656  10398.54980469  
0.47400    359056.87500000 190860.23437500 514353.46875000 420.48605347    14286.89550781  10286.22167969  
0.47500    357686.40625000 190023.46875000 512205.53125000 417.06015015    14127.09667969  10175.41699219  
0.47600    356307.65625000 189184.62500000 510048.21875000 413.73312378    13968.63964844  10065.96582031  
0.47700    354850.84375000 188298.82812500 507773.15625000 410.48358154    13809.32226562  9955.81640625   
0.47800    353398.40625000 187421.62500000 505506.37500000 407.33526611    13652.14062500  9847.67089844   
0.47900    351933.81250000 186542.98437500 503230.12500000 404.29714966    13496.82617188  9741.27832031   
0.48000    350416.53125000 185631.32812500 500867.03125000 401.34701538    13341.86523438  9635.08886719   
0.48100    348927.00000000 184743.06250000 498559.34375000 398.51416016    13190.06445312  9531.59570312   
0.48200    347351.96875000 183804.01562500 496112.78125000 395.76467896    13037.91406250  9428.16503906   
0.48300    345784.50000000 182870.59375000 493682.34375000 393.13327026    12888.58789062  9326.91894531   
0.48400    344211.34375000 181939.54687500 491248.78125000 390.61001587    12741.83496094  9227.71972656   
0.48500    342619.09375000 180997.45312500 488782.34375000 388.19067383    12596.81542969  9130.05175781   
0.48600    341025.40625000 180058.03125000 486326.65625000 385.88858032    12454.91894531  9034.76464844   
0.48700    339412.06250000 179109.15625000 483831.53125000 383.68774414    12314.97363281  8941.13867188   
0.48800    337765.21875000 178143.35937500 481290.68750000 381.58142090    12176.72265625  8848.85937500   
0.48900    336126.93750000 177183.60937500 478768.78125000 379.59100342    12041.60156250  8758.94531250   
0.49000    334487.00000000 176226.51562500 476238.21875000 377.70468140    11909.50585938  8671.59472656   
0.49100    332853.31250000 175278.35937500 473731.00000000 375.92453003    11780.54492188  8586.45605469   
0.49200    331195.18750000 174309.29687500 471170.46875000 374.23632812    11653.57324219  8502.71972656   
0.49300    329542.28125000 173350.73437500 468627.34375000 372.64962769    11529.70996094  8421.59863281   
0.49400    327890.68750000 172389.32812500 466089.96875000 371.15667725    11408.71191406  8342.42480469   
0.49500    326230.93750000 171427.10937500 463530.28125000 369.74942017    11290.20605469  8265.25488281   
0.49600    324592.65625000 170478.93750000 461012.28125000 368.44320679    11175.45410156  8190.61083984   
0.49700    322935.18750000 169518.48437500 458461.78125000 367.21151733    11062.56640625  8117.41845703   
0.49800    321299.00000000 168571.84375000 455940.18750000 366.06552124    10952.98046875  8046.71826172   
0.49900    319649.03125000 167616.21875000 453396.90625000 364.98715210    10845.55859375  7977.45898438   
0.50000    318020.56250000 166675.62500000 450891.68750000 363.99255371    10741.48144531  7910.71533203   
