# SAXS profile: number of points = 501, q_min = 0, q_max = 0.5, delta_q = 0.001
#    q    intensity 
0.00000    162236912.00000000 101201600.00000000 256272112.00000000 95733.47656250  7882064.50000000 6225221.50000000 
0.00100    162201488.00000000 101178728.00000000 256212336.00000000 95706.32031250  7880018.00000000 6223613.00000000 
0.00200    162090384.00000000 101108440.00000000 256034384.00000000 95625.26562500  7873927.50000000 6218830.00000000 
0.00300    161902096.00000000 100990816.00000000 255737424.00000000 95490.19531250  7863780.50000000 6210803.50000000 
0.00400    161639008.00000000 100827536.00000000 255322640.00000000 95301.13281250  7849535.50000000 6199627.50000000 
0.00500    161300048.00000000 100617416.00000000 254789280.00000000 95058.92187500  7831363.50000000 6185272.50000000 
0.00600    160886720.00000000 100360824.00000000 254138592.00000000 94764.60156250  7809200.00000000 6167783.00000000 
0.00700    160401232.00000000 100059312.00000000 253373360.00000000 94417.47656250  7783080.00000000 6147177.00000000 
0.00800    159841456.00000000 99712752.00000000 252495776.00000000 94018.14843750  7753089.50000000 6123526.50000000 
0.00900    159212000.00000000 99321864.00000000 251502576.00000000 93568.82812500  7719233.00000000 6096824.00000000 
0.01000    158513136.00000000 98887256.00000000 250400416.00000000 93068.84375000  7681608.50000000 6067168.00000000 
0.01100    157745696.00000000 98409776.00000000 249187616.00000000 92520.37500000  7640266.00000000 6034574.00000000 
0.01200    156907744.00000000 97889648.00000000 247867456.00000000 91923.65625000  7595320.50000000 5999129.00000000 
0.01300    156004752.00000000 97328336.00000000 246443104.00000000 91279.99218750  7546780.50000000 5960865.00000000 
0.01400    155034928.00000000 96725808.00000000 244915344.00000000 90591.38281250  7494797.00000000 5919873.50000000 
0.01500    154003184.00000000 96084168.00000000 243287792.00000000 89857.71093750  7439417.50000000 5876218.00000000 
0.01600    152907184.00000000 95404312.00000000 241561456.00000000 89081.44531250  7380772.00000000 5829957.50000000 
0.01700    151752624.00000000 94687240.00000000 239740560.00000000 88263.50781250  7318921.50000000 5781186.50000000 
0.01800    150540064.00000000 93933184.00000000 237828800.00000000 87405.53906250  7253986.50000000 5730048.50000000 
0.01900    149270256.00000000 93144080.00000000 235827296.00000000 86508.89062500  7186142.00000000 5676486.00000000 
0.02000    147947136.00000000 92321464.00000000 233742336.00000000 85575.86718750  7115425.50000000 5620707.50000000 
0.02100    146571088.00000000 91466592.00000000 231571840.00000000 84607.17187500  7041943.00000000 5562761.00000000 
0.02200    145145088.00000000 90580288.00000000 229322096.00000000 83605.03125000  6965875.00000000 5502819.00000000 
0.02300    143670720.00000000 89664152.00000000 226999424.00000000 82571.61718750  6887344.50000000 5440861.00000000 
0.02400    142151856.00000000 88720784.00000000 224604416.00000000 81508.29687500  6806464.00000000 5377059.50000000 
0.02500    140588320.00000000 87748488.00000000 222139168.00000000 80416.64062500  6723329.00000000 5311491.00000000 
0.02600    138985424.00000000 86752224.00000000 219611184.00000000 79299.81250000  6638122.00000000 5244345.50000000 
0.02700    137343360.00000000 85731640.00000000 217022128.00000000 78157.67187500  6550980.50000000 5175612.50000000 
0.02800    135664112.00000000 84688552.00000000 214376032.00000000 76993.74218750  6462054.50000000 5105457.00000000 
0.02900    133953864.00000000 83624704.00000000 211676976.00000000 75809.48437500  6371381.50000000 5033965.00000000 
0.03000    132210528.00000000 82541016.00000000 208928016.00000000 74606.57812500  6279236.00000000 4961282.00000000 
0.03100    130438856.00000000 81439744.00000000 206135552.00000000 73387.02343750  6185695.00000000 4887514.00000000 
0.03200    128641736.00000000 80322728.00000000 203301136.00000000 72153.42187500  6090909.00000000 4812720.00000000 
0.03300    126821424.00000000 79190776.00000000 200429728.00000000 70906.38281250  5995020.00000000 4737069.00000000 
0.03400    124979496.00000000 78045208.00000000 197525136.00000000 69648.96093750  5898118.00000000 4660646.50000000 
0.03500    123119312.00000000 76888416.00000000 194591568.00000000 68383.00781250  5800429.00000000 4583611.00000000 
0.03600    121243048.00000000 75722016.00000000 191631584.00000000 67109.75781250  5702070.00000000 4505982.50000000 
0.03700    119353168.00000000 74546688.00000000 188652176.00000000 65831.78125000  5603100.50000000 4427939.50000000 
0.03800    117452768.00000000 73364672.00000000 185653440.00000000 64550.20703125  5503749.00000000 4349534.00000000 
0.03900    115543592.00000000 72178056.00000000 182642928.00000000 63267.66796875  5404110.50000000 4270930.50000000 
0.04000    113628224.00000000 70986904.00000000 179620976.00000000 61985.20312500  5304287.50000000 4192200.25000000 
0.04100    111708144.00000000 69792328.00000000 176593440.00000000 60704.36718750  5204460.50000000 4113439.50000000 
0.04200    109788080.00000000 68597632.00000000 173564912.00000000 59427.33593750  5104727.50000000 4034770.00000000 
0.04300    107867928.00000000 67403656.00000000 170535552.00000000 58155.55859375  5005221.00000000 3956241.75000000 
0.04400    105950840.00000000 66210880.00000000 167511120.00000000 56890.30468750  4906036.00000000 3877998.00000000 
0.04500    104038856.00000000 65021536.00000000 164495392.00000000 55633.55078125  4807293.50000000 3800114.00000000 
0.04600    102134256.00000000 63836888.00000000 161490928.00000000 54386.44140625  4709151.50000000 3722653.50000000 
0.04700    100239032.00000000 62657340.00000000 158501584.00000000 53150.48046875  4611665.50000000 3645719.75000000 
0.04800    98354640.00000000 61485168.00000000 155529056.00000000 51926.56250000  4514949.50000000 3569391.50000000 
0.04900    96483336.00000000 60320824.00000000 152576752.00000000 50716.77343750  4419111.50000000 3493769.00000000 
0.05000    94627928.00000000 59166296.00000000 149648864.00000000 49521.20312500  4324192.00000000 3418876.75000000 
0.05100    92787992.00000000 58021716.00000000 146746736.00000000 48342.03906250  4230346.50000000 3344820.75000000 
0.05200    90967808.00000000 56888360.00000000 143872656.00000000 47179.58203125  4137621.50000000 3271669.00000000 
0.05300    89166304.00000000 55767640.00000000 141031440.00000000 46035.09765625  4046150.00000000 3199470.00000000 
0.05400    87387136.00000000 54659924.00000000 138222048.00000000 44909.31640625  3955937.25000000 3128281.50000000 
0.05500    85629760.00000000 53566808.00000000 135450928.00000000 43802.85937500  3867092.00000000 3058168.75000000 
0.05600    83896880.00000000 52488344.00000000 132717984.00000000 42717.14062500  3779667.75000000 2989169.25000000 
0.05700    82189728.00000000 51425800.00000000 130024048.00000000 41652.16796875  3693729.25000000 2921341.25000000 
0.05800    80508312.00000000 50379688.00000000 127372776.00000000 40608.76171875  3609307.25000000 2854717.25000000 
0.05900    78855408.00000000 49351012.00000000 124764112.00000000 39587.55078125  3526470.25000000 2789338.00000000 
0.06000    77230872.00000000 48339848.00000000 122200736.00000000 38588.28906250  3445242.25000000 2725228.50000000 
0.06100    75635920.00000000 47347072.00000000 119683792.00000000 37612.69921875  3365700.25000000 2662428.25000000 
0.06200    74071312.00000000 46373512.00000000 117214880.00000000 36660.18750000  3287833.50000000 2600985.25000000 
0.06300    72537312.00000000 45418836.00000000 114795328.00000000 35730.95703125  3211695.00000000 2540904.50000000 
0.06400    71034768.00000000 44483924.00000000 112424304.00000000 34825.15625000  3137283.00000000 2482167.00000000 
0.06500    69564800.00000000 43568896.00000000 110105056.00000000 33943.41015625  3064645.50000000 2424859.25000000 
0.06600    68127312.00000000 42674232.00000000 107836912.00000000 33085.48437500  2993799.25000000 2368931.50000000 
0.06700    66722928.00000000 41800120.00000000 105620808.00000000 32251.12695312  2924719.25000000 2314410.75000000 
0.06800    65351556.00000000 40947068.00000000 103457248.00000000 31440.24023438  2857436.25000000 2261295.75000000 
0.06900    64013476.00000000 40114552.00000000 101346448.00000000 30653.11914062  2791937.00000000 2209613.75000000 
0.07000    62709104.00000000 39302848.00000000 99288032.00000000 29889.09765625  2728226.25000000 2159324.50000000 
0.07100    61437748.00000000 38512052.00000000 97283608.00000000 29148.34960938  2666283.50000000 2110438.25000000 
0.07200    60200368.00000000 37742484.00000000 95331080.00000000 28430.50000000  2606087.50000000 2062949.12500000 
0.07300    58996508.00000000 36993676.00000000 93431520.00000000 27734.71289062  2547672.00000000 2016833.62500000 
0.07400    57825740.00000000 36265664.00000000 91585496.00000000 27061.52343750  2490962.25000000 1972079.62500000 
0.07500    56687728.00000000 35557896.00000000 89791040.00000000 26409.73242188  2435953.25000000 1928689.12500000 
0.07600    55582652.00000000 34871008.00000000 88047960.00000000 25779.07226562  2382613.50000000 1886599.37500000 
0.07700    54509824.00000000 34204112.00000000 86356856.00000000 25169.11328125  2330942.25000000 1845822.00000000 
0.07800    53468996.00000000 33557332.00000000 84715032.00000000 24579.36718750  2280892.00000000 1806347.12500000 
0.07900    52459504.00000000 32930008.00000000 83123992.00000000 24009.35546875  2232401.00000000 1768087.12500000 
0.08000    51480992.00000000 32322072.00000000 81580768.00000000 23458.41406250  2185474.00000000 1731055.75000000 
0.08100    50532900.00000000 31733096.00000000 80085880.00000000 22925.97265625  2140042.25000000 1695222.62500000 
0.08200    49614008.00000000 31162808.00000000 78638456.00000000 22411.27539062  2096082.62500000 1660547.62500000 
0.08300    48724360.00000000 30610804.00000000 77236632.00000000 21913.88867188  2053541.50000000 1627004.75000000 
0.08400    47863236.00000000 30076206.00000000 75880056.00000000 21432.98046875  2012384.50000000 1594529.37500000 
0.08500    47029588.00000000 29559128.00000000 74566728.00000000 20968.28125000  1972553.87500000 1563125.00000000 
0.08600    46223092.00000000 29058924.00000000 73295952.00000000 20518.75390625  1934008.12500000 1532739.87500000 
0.08700    45442296.00000000 28574926.00000000 72066464.00000000 20084.04101562  1896723.50000000 1503334.37500000 
0.08800    44686680.00000000 28106798.00000000 70877096.00000000 19663.20703125  1860615.12500000 1474872.75000000 
0.08900    43955548.00000000 27654036.00000000 69726216.00000000 19255.65429688  1825644.87500000 1447296.37500000 
0.09000    43248176.00000000 27215778.00000000 68612688.00000000 18860.60742188  1791792.75000000 1420609.12500000 
0.09100    42563316.00000000 26792112.00000000 67535312.00000000 18477.85546875  1758971.62500000 1394741.87500000 
0.09200    41900492.00000000 26381882.00000000 66492012.00000000 18106.46093750  1727155.37500000 1369668.50000000 
0.09300    41258416.00000000 25985148.00000000 65482100.00000000 17745.87695312  1696286.87500000 1345341.50000000 
0.09400    40636332.00000000 25600710.00000000 64504316.00000000 17395.39843750  1666326.87500000 1321729.37500000 
0.09500    40033508.00000000 25228478.00000000 63556524.00000000 17054.42968750  1637208.75000000 1298791.87500000 
0.09600    39448968.00000000 24867522.00000000 62637732.00000000 16722.60351562  1608904.12500000 1276488.50000000 
0.09700    38881888.00000000 24517806.00000000 61746928.00000000 16399.15234375  1581375.12500000 1254800.37500000 
0.09800    38331276.00000000 24178238.00000000 60882296.00000000 16083.46484375  1554549.37500000 1233667.37500000 
0.09900    37796372.00000000 23848596.00000000 60042284.00000000 15775.29785156  1528407.00000000 1213070.87500000 
0.10000    37276684.00000000 23528322.00000000 59225428.00000000 15473.85937500  1502892.25000000 1192976.12500000 
0.10100    36770316.00000000 23216622.00000000 58431016.00000000 15178.94921875  1477966.37500000 1173336.12500000 
0.10200    36277660.00000000 22913434.00000000 57657548.00000000 14889.81640625  1453597.75000000 1154132.75000000 
0.10300    35797020.00000000 22617788.00000000 56903820.00000000 14606.21875000  1429737.62500000 1135331.87500000 
0.10400    35328396.00000000 22329604.00000000 56168420.00000000 14327.70996094  1406337.87500000 1116910.50000000 
0.10500    34870176.00000000 22048134.00000000 55450136.00000000 14054.05175781  1383397.25000000 1098840.62500000 
0.10600    34422400.00000000 21772856.00000000 54747644.00000000 13784.63574219  1360865.37500000 1081073.12500000 
0.10700    33983728.00000000 21503754.00000000 54060288.00000000 13519.39550781  1338711.00000000 1063620.25000000 
0.10800    33554090.00000000 21239782.00000000 53386672.00000000 13257.82617188  1316881.87500000 1046414.25000000 
0.10900    33132288.00000000 20981012.00000000 52725824.00000000 12999.72363281  1295377.00000000 1029471.62500000 
0.11000    32718128.00000000 20726882.00000000 52076772.00000000 12744.87500000  1274166.87500000 1012741.50000000 
0.11100    32310780.00000000 20476826.00000000 51438208.00000000 12492.90820312  1253225.87500000 996233.56250000 
0.11200    31909578.00000000 20230930.00000000 50809580.00000000 12243.85742188  1232525.00000000 979901.50000000 
0.11300    31514102.00000000 19988314.00000000 50189800.00000000 11997.41503906  1212049.62500000 963752.43750000 
0.11400    31123894.00000000 19749074.00000000 49578536.00000000 11753.48632812  1191777.50000000 947755.50000000 
0.11500    30738512.00000000 19512704.00000000 48974736.00000000 11511.84082031  1171678.50000000 931905.18750000 
0.11600    30357280.00000000 19278804.00000000 48377616.00000000 11272.54589844  1151769.50000000 916179.93750000 
0.11700    29980228.00000000 19047472.00000000 47786444.00000000 11035.24511719  1132005.50000000 900577.12500000 
0.11800    29606342.00000000 18818232.00000000 47200532.00000000 10800.13476562  1112400.12500000 885085.25000000 
0.11900    29235838.00000000 18590708.00000000 46619644.00000000 10567.08105469  1092915.12500000 869691.12500000 
0.12000    28867972.00000000 18364760.00000000 46042716.00000000 10336.01660156  1073555.50000000 854390.12500000 
0.12100    28502848.00000000 18140590.00000000 45470544.00000000 10106.99804688  1054330.25000000 839185.18750000 
0.12200    28139844.00000000 17917562.00000000 44901132.00000000 9879.97460938   1035209.50000000 824064.25000000 
0.12300    27779026.00000000 17695700.00000000 44335076.00000000 9654.96289062   1016197.31250000 809017.31250000 
0.12400    27419904.00000000 17474904.00000000 43771316.00000000 9432.01562500   997288.18750000 794049.31250000 
0.12500    27062534.00000000 17254884.00000000 43210456.00000000 9211.18457031   978482.25000000 779158.37500000 
0.12600    26706674.00000000 17035730.00000000 42651804.00000000 8992.56445312   959789.25000000 764349.37500000 
0.12700    26352204.00000000 16817280.00000000 42094896.00000000 8776.16503906   941192.31250000 749609.00000000 
0.12800    25998844.00000000 16599348.00000000 41540012.00000000 8562.07421875   922708.62500000 734949.37500000 
0.12900    25646914.00000000 16382072.00000000 40986480.00000000 8350.37695312   904325.75000000 720365.06250000 
0.13000    25295932.00000000 16165338.00000000 40434612.00000000 8141.07519531   886063.06250000 705871.93750000 
0.13100    24946090.00000000 15949125.00000000 39884452.00000000 7934.44238281   867905.93750000 691457.06250000 
0.13200    24597290.00000000 15733371.00000000 39335280.00000000 7730.35839844   849873.12500000 677133.93750000 
0.13300    24249786.00000000 15518075.00000000 38788256.00000000 7529.09960938   831967.31250000 662907.06250000 
0.13400    23903122.00000000 15303357.00000000 38242040.00000000 7330.68066406   814193.68750000 648775.37500000 
0.13500    23557704.00000000 15089092.00000000 37698000.00000000 7135.18066406   796564.18750000 634749.00000000 
0.13600    23213526.00000000 14875339.00000000 37155028.00000000 6942.74560547   779072.50000000 620834.25000000 
0.13700    22870478.00000000 14662153.00000000 36613880.00000000 6753.44775391   761740.25000000 607032.87500000 
0.13800    22528734.00000000 14449618.00000000 36074528.00000000 6567.35546875   744565.12500000 593355.43750000 
0.13900    22188476.00000000 14237724.00000000 35537264.00000000 6384.57666016   727561.25000000 579806.43750000 
0.14000    21849610.00000000 14026579.00000000 35002264.00000000 6205.29101562   710735.62500000 566388.93750000 
0.14100    21512516.00000000 13816153.00000000 34469088.00000000 6029.42187500   694094.93750000 553113.62500000 
0.14200    21176990.00000000 13606593.00000000 33939008.00000000 5857.14160156   677642.50000000 539985.93750000 
0.14300    20843380.00000000 13398101.00000000 33411120.00000000 5688.53027344   661391.00000000 527014.31250000 
0.14400    20511626.00000000 13190511.00000000 32886052.00000000 5523.54443359   645353.12500000 514195.18750000 
0.14500    20182028.00000000 12984023.00000000 32364004.00000000 5362.27783203   629518.93750000 501549.93750000 
0.14600    19854720.00000000 12778787.00000000 31845282.00000000 5204.90625000   613912.56250000 489072.25000000 
0.14700    19529600.00000000 12574702.00000000 31330160.00000000 5051.31005859   598537.56250000 476772.59375000 
0.14800    19207022.00000000 12372003.00000000 30818526.00000000 4901.58642578   583393.25000000 464654.68750000 
0.14900    18887108.00000000 12170696.00000000 30310524.00000000 4755.77929688   568492.25000000 452727.50000000 
0.15000    18569764.00000000 11970920.00000000 29806756.00000000 4613.85058594   553832.81250000 440988.96875000 
0.15100    18255290.00000000 11772694.00000000 29307402.00000000 4475.84765625   539429.93750000 429447.43750000 
0.15200    17943904.00000000 11576181.00000000 28812436.00000000 4341.74755859   525290.06250000 418114.37500000 
0.15300    17635558.00000000 11381399.00000000 28322148.00000000 4211.57128906   511406.93750000 406978.53125000 
0.15400    17330342.00000000 11188489.00000000 27836574.00000000 4085.25048828   497787.00000000 396055.18750000 
0.15500    17028596.00000000 10997474.00000000 27356254.00000000 3962.79980469   484436.71875000 385340.59375000 
0.15600    16730033.00000000 10808375.00000000 26880958.00000000 3844.16040039   471351.90625000 374836.59375000 
0.15700    16435147.00000000 10621413.00000000 26411154.00000000 3729.33984375   458551.37500000 364553.96875000 
0.15800    16143905.00000000 10436442.00000000 25946830.00000000 3618.17358398   446014.00000000 354483.81250000 
0.15900    15856387.00000000 10253780.00000000 25488166.00000000 3510.76464844   433760.15625000 344632.31250000 
0.16000    15572583.00000000 10073221.00000000 25035598.00000000 3406.93261719   421776.56250000 334998.18750000 
0.16100    15292728.00000000 9895058.00000000 24588738.00000000 3306.66772461   410075.71875000 325589.59375000 
0.16200    15016761.00000000 9719144.00000000 24147956.00000000 3209.86962891   398645.71875000 316392.71875000 
0.16300    14744744.00000000 9545690.00000000 23713552.00000000 3116.46191406   387493.87500000 307419.59375000 
0.16400    14476808.00000000 9374601.00000000 23285032.00000000 3026.37158203   376614.87500000 298663.43750000 
0.16500    14212903.00000000 9205957.00000000 22863002.00000000 2939.48657227   366002.53125000 290123.84375000 
0.16600    13953239.00000000 9039844.00000000 22447410.00000000 2855.76611328   355668.15625000 281797.00000000 
0.16700    13697482.00000000 8876181.00000000 22038224.00000000 2775.02563477   345592.53125000 273683.71875000 
0.16800    13446074.00000000 8715010.00000000 21635590.00000000 2697.24243164   335777.09375000 265777.78125000 
0.16900    13198855.00000000 8556464.00000000 21239492.00000000 2622.32226562   326227.46875000 258083.35937500 
0.17000    12955651.00000000 8400469.00000000 20849834.00000000 2550.10937500   316928.84375000 250591.32812500 
0.17100    12716791.00000000 8247000.00000000 20466836.00000000 2480.53442383   307879.50000000 243301.20312500 
0.17200    12481966.00000000 8096092.50000000 20090376.00000000 2413.48657227   299078.96875000 236210.12500000 
0.17300    12251396.00000000 7947777.00000000 19720336.00000000 2348.84960938   290515.46875000 229310.23437500 
0.17400    12024895.00000000 7801945.00000000 19356830.00000000 2286.56811523   282191.59375000 222603.53125000 
0.17500    11802508.00000000 7658737.00000000 18999994.00000000 2226.45629883   274095.68750000 216081.62500000 
0.17600    11584112.00000000 7517993.50000000 18649190.00000000 2168.46899414   266222.56250000 209739.51562500 
0.17700    11369837.00000000 7379782.50000000 18304948.00000000 2112.49633789   258568.89062500 203575.87500000 
0.17800    11159434.00000000 7244075.00000000 17966820.00000000 2058.41088867   251128.07812500 197583.31250000 
0.17900    10953012.00000000 7110773.00000000 17635196.00000000 2006.17260742   243895.18750000 191761.50000000 
0.18000    10750456.00000000 6979982.00000000 17309692.00000000 1955.63830566   236864.07812500 186099.31250000 
0.18100    10551837.00000000 6851554.00000000 16990150.00000000 1906.77941895   230027.75000000 180600.15625000 
0.18200    10356869.00000000 6725549.50000000 16676562.00000000 1859.39526367   223376.07812500 175248.84375000 
0.18300    10165481.00000000 6601836.50000000 16368947.00000000 1813.49877930   216907.12500000 170047.84375000 
0.18400    9977811.00000000 6480431.00000000 16066939.00000000 1768.99072266   210613.92187500 164992.45312500 
0.18500    9793802.00000000 6361288.50000000 15770835.00000000 1725.77636719   204494.21875000 160075.39062500 
0.18600    9613112.00000000 6244380.00000000 15480250.00000000 1683.80932617   198535.89062500 155292.56250000 
0.18700    9435861.00000000 6129628.00000000 15194976.00000000 1642.97375488   192736.59375000 150638.32812500 
0.18800    9261907.00000000 6016999.50000000 14914986.00000000 1603.24316406   187087.15625000 146107.95312500 
0.18900    9091312.00000000 5906475.00000000 14640442.00000000 1564.58862305   181588.96875000 141701.45312500 
0.19000    8923779.00000000 5797961.50000000 14370836.00000000 1526.86547852   176225.53125000 137406.46875000 
0.19100    8759435.00000000 5691503.00000000 14106347.00000000 1490.14807129   171006.04687500 133228.25000000 
0.19200    8598041.00000000 5587016.50000000 13846580.00000000 1454.26538086   165911.31250000 129153.39843750 
0.19300    8439704.00000000 5484416.00000000 13591748.00000000 1419.25512695   160947.14062500 125185.84375000 
0.19400    8284140.00000000 5383680.00000000 13341473.00000000 1385.04748535   156100.31250000 121315.89843750 
0.19500    8131435.00000000 5284748.00000000 13095640.00000000 1351.61779785   151372.17187500 117542.07031250 
0.19600    7981445.50000000 5187613.50000000 12854276.00000000 1318.93969727   146756.98437500 113861.16406250 
0.19700    7834112.00000000 5092249.50000000 12617259.00000000 1287.00036621   142249.15625000 110268.86718750 
0.19800    7689373.00000000 4998511.50000000 12384389.00000000 1255.75573730   137845.81250000 106763.53906250 
0.19900    7547153.50000000 4906473.50000000 12155682.00000000 1225.21313477   133546.65625000 103341.96093750 
0.20000    7407347.50000000 4816005.50000000 11930803.00000000 1195.33923340   129341.76562500 99998.93750000  
0.20100    7270050.50000000 4727130.50000000 11709886.00000000 1166.13256836   125232.48437500 96734.16406250  
0.20200    7134937.00000000 4639779.00000000 11492680.00000000 1137.58154297   121214.95312500 93544.35937500  
0.20300    7002214.50000000 4553957.00000000 11279248.00000000 1109.69067383   117286.76562500 90427.97656250  
0.20400    6871649.50000000 4469500.00000000 11069388.00000000 1082.45568848   113444.16406250 87382.15625000  
0.20500    6743309.50000000 4386566.50000000 10863084.00000000 1055.87890625   109686.78906250 84404.56250000  
0.20600    6616975.50000000 4304980.50000000 10660097.00000000 1029.94091797   106010.44531250 81493.46093750  
0.20700    6492788.00000000 4224730.00000000 10460577.00000000 1004.68402100   102415.47656250 78648.57812500  
0.20800    6370598.50000000 4145791.50000000 10264197.00000000 980.07086182    98896.99218750  75866.15625000  
0.20900    6250428.00000000 4068252.00000000 10071203.00000000 956.19415283    95460.77343750  73149.11718750  
0.21000    6132134.00000000 3991869.75000000 9881175.00000000 932.93957520    92096.08593750  70489.68750000  
0.21100    6015773.00000000 3916798.00000000 9694387.00000000 910.39373779    88806.96093750  67891.82031250  
0.21200    5901317.00000000 3842899.75000000 9510431.00000000 888.54748535    85590.50000000  65352.41796875  
0.21300    5788594.00000000 3770229.25000000 9329533.00000000 867.41210938    82446.84375000  62870.83203125  
0.21400    5677717.00000000 3698746.25000000 9151488.00000000 847.01086426    79376.08593750  60447.49609375  
0.21500    5568637.50000000 3628396.50000000 8976468.00000000 827.35278320    76377.26562500  58081.81250000  
0.21600    5461282.00000000 3559190.00000000 8804130.00000000 808.40747070    73446.46093750  55770.25390625  
0.21700    5355685.50000000 3491103.75000000 8634575.00000000 790.23303223    70587.19531250  53514.94531250  
0.21800    5251737.00000000 3424110.00000000 8467766.00000000 772.80676270    67797.03906250  51314.36328125  
0.21900    5149455.00000000 3358193.75000000 8303618.50000000 756.13171387    65074.40625000  49167.10156250  
0.22000    5048843.00000000 3293386.50000000 8142150.00000000 740.23571777    62421.30078125  47075.03515625  
0.22100    4949917.50000000 3229617.00000000 7983354.00000000 725.12628174    59838.93359375  45037.91796875  
0.22200    4852652.00000000 3166877.50000000 7827191.50000000 710.79956055    57323.29687500  43053.58984375  
0.22300    4756884.50000000 3105187.00000000 7673551.50000000 697.22796631    54874.44921875  41121.38671875  
0.22400    4662750.00000000 3044484.50000000 7522433.50000000 684.44378662    52492.91015625  39241.69531250  
0.22500    4570304.50000000 2984861.75000000 7373965.50000000 672.46166992    50181.89453125  37417.02734375  
0.22600    4479302.00000000 2926177.50000000 7227883.00000000 661.22796631    47934.44921875  35642.32031250  
0.22700    4389942.50000000 2868545.25000000 7084450.50000000 650.78631592    45755.68359375  33920.78906250  
0.22800    4302104.00000000 2811867.50000000 6943312.50000000 641.09338379    43641.91796875  32250.06835938  
0.22900    4215810.50000000 2756143.25000000 6804721.00000000 632.15545654    41593.65234375  30629.89453125  
0.23000    4131068.75000000 2701403.50000000 6668503.50000000 623.97674561    39611.54687500  29061.86132812  
0.23100    4047823.50000000 2647645.25000000 6534788.00000000 616.52862549    37694.93750000  27544.14648438  
0.23200    3966057.75000000 2594813.00000000 6403344.50000000 609.78179932    35841.40234375  26074.90039062  
0.23300    3885829.50000000 2542913.25000000 6274347.00000000 603.75292969    34051.38281250  24655.88867188  
0.23400    3807106.75000000 2491964.75000000 6147740.50000000 598.41040039    32326.03710938  23286.48242188  
0.23500    3729783.50000000 2441916.25000000 6023333.00000000 593.71728516    30658.98828125  21962.82617188  
0.23600    3654005.25000000 2392809.00000000 5901379.50000000 589.69238281    29056.50585938  20688.46289062  
0.23700    3579635.25000000 2344620.75000000 5781626.00000000 586.28393555    27513.57617188  19460.95703125  
0.23800    3506754.00000000 2297306.25000000 5664202.00000000 583.48547363    26030.68750000  18280.05468750  
0.23900    3435245.00000000 2250879.25000000 5549049.00000000 581.25573730    24604.29492188  17143.09570312  
0.24000    3365159.75000000 2205349.75000000 5436089.00000000 579.58544922    23236.57226562  16051.31933594  
0.24100    3296499.50000000 2160696.75000000 5325401.00000000 578.45275879    21925.83789062  15004.24316406  
0.24200    3229245.00000000 2116918.50000000 5216842.50000000 577.82214355    20670.02343750  13999.39355469  
0.24300    3163334.50000000 2073985.50000000 5110484.50000000 577.66717529    19467.16796875  13036.04199219  
0.24400    3098771.50000000 2031885.25000000 5006264.00000000 577.95178223    18316.84570312  12113.80468750  
0.24500    3035530.00000000 1990615.87500000 4904094.00000000 578.65612793    17217.20117188  11230.45117188  
0.24600    2973615.00000000 1950187.25000000 4804030.50000000 579.76110840    16167.56933594  10386.83789062  
0.24700    2913016.50000000 1910548.00000000 4706047.00000000 581.22705078    15166.04492188  9580.68652344   
0.24800    2853696.50000000 1871724.12500000 4610051.50000000 583.02380371    14210.79003906  8810.60644531   
0.24900    2795601.00000000 1833662.25000000 4516021.00000000 585.12725830    13300.46972656  8075.55615234   
0.25000    2738760.75000000 1796375.62500000 4423984.00000000 587.51129150    12433.51855469  7375.08496094   
0.25100    2683087.75000000 1759833.12500000 4333814.50000000 590.14306641    11607.94824219  6706.92480469   
0.25200    2628702.25000000 1724079.25000000 4245594.00000000 593.01721191    10824.92578125  6071.85546875   
0.25300    2575453.00000000 1689042.12500000 4159207.00000000 596.08227539    10079.44140625  5466.89648438   
0.25400    2523343.50000000 1654712.25000000 4074658.75000000 599.33129883    9371.31640625   4891.19628906   
0.25500    2472329.50000000 1621073.25000000 3991797.00000000 602.72558594    8698.05859375   4343.01123047   
0.25600    2422424.50000000 1588153.37500000 3910771.00000000 606.24377441    8059.25244141   3822.57226562   
0.25700    2373605.50000000 1555901.25000000 3831386.75000000 609.87036133    7452.61572266   3327.56274414   
0.25800    2325821.00000000 1524300.37500000 3753678.50000000 613.58233643    6877.26367188   2857.24316406   
0.25900    2279060.75000000 1493348.25000000 3677651.00000000 617.36486816    6331.58447266   2410.83789062   
0.26000    2233311.50000000 1463036.37500000 3603156.25000000 621.20111084    5813.86718750   1986.72045898   
0.26100    2188496.00000000 1433312.12500000 3530196.25000000 625.04986572    5321.44580078   1583.30139160   
0.26200    2144687.50000000 1404223.37500000 3458797.25000000 628.93334961    4856.45019531   1201.37487793   
0.26300    2101759.50000000 1375698.00000000 3388815.75000000 632.79785156    4412.92333984   837.33789062    
0.26400    2059737.87500000 1347760.62500000 3320286.50000000 636.65527344    3992.72143555   492.21176147    
0.26500    2018594.37500000 1320379.50000000 3253196.50000000 640.49737549    3594.53881836   164.41917419    
0.26600    1978277.62500000 1293535.37500000 3187415.50000000 644.30212402    3216.03662109   -147.05589294   
0.26700    1938815.62500000 1267222.62500000 3122988.25000000 648.06365967    2856.72021484   -442.62292480   
0.26800    1900173.37500000 1241447.00000000 3059865.50000000 651.78338623    2516.45678711   -723.03417969   
0.26900    1862264.75000000 1216146.37500000 2997950.25000000 655.43933105    2191.71826172   -990.48004150   
0.27000    1825133.87500000 1191359.37500000 2937309.25000000 659.03680420    1884.15563965   -1243.53039551  
0.27100    1788725.75000000 1167026.12500000 2877811.75000000 662.56536865    1591.25878906   -1484.63024902  
0.27200    1753089.37500000 1143202.37500000 2819540.00000000 666.05957031    1315.11010742   -1711.76025391  
0.27300    1718085.25000000 1119791.00000000 2762298.50000000 669.46136475    1050.86889648   -1929.08288574  
0.27400    1683718.62500000 1096800.12500000 2706118.50000000 672.77770996    798.47296143    -2136.33081055  
0.27500    1650107.00000000 1074294.75000000 2651141.00000000 676.06500244    561.94897461    -2330.32275391  
0.27600    1617035.12500000 1052154.12500000 2597043.50000000 679.25836182    335.25848389    -2516.73120117  
0.27700    1584669.12500000 1030456.68750000 2544066.25000000 682.41424561    121.97563171    -2690.94897461  
0.27800    1552843.87500000 1009150.00000000 2492036.50000000 685.50006104    -80.73091125    -2856.99829102  
0.27900    1521626.75000000 988241.00000000 2440951.75000000 688.53912354    -271.42178345   -3012.65234375  
0.28000    1490999.87500000 967697.00000000 2390823.00000000 691.52893066    -451.76971436   -3159.65917969  
0.28100    1460917.50000000 947536.31250000 2341594.25000000 694.46612549    -621.34667969   -3297.76367188  
0.28200    1431400.00000000 927746.62500000 2293291.00000000 697.37823486    -779.28991699   -3426.52001953  
0.28300    1402414.75000000 908320.06250000 2245865.75000000 700.25317383    -927.08966064   -3546.38696289  
0.28400    1373938.37500000 889219.12500000 2199247.25000000 703.09844971    -1065.14758301  -3658.18823242  
0.28500    1346010.75000000 870489.06250000 2153541.00000000 705.94006348    -1191.32983398  -3760.18701172  
0.28600    1318547.12500000 852082.75000000 2108606.25000000 708.74774170    -1308.24597168  -3854.47119141  
0.28700    1291608.00000000 834012.18750000 2064514.50000000 711.55712891    -1414.03601074  -3939.68090820  
0.28800    1265137.87500000 816267.93750000 2021202.37500000 714.35986328    -1508.94665527  -4015.96508789  
0.28900    1239180.50000000 798867.50000000 1978739.25000000 717.17205811    -1592.41552734  -4082.77050781  
0.29000    1213679.12500000 781772.81250000 1937007.62500000 719.98736572    -1665.56005859  -4141.24072266  
0.29100    1188664.62500000 765001.93750000 1896081.50000000 722.82427979    -1726.73828125  -4189.95507812  
0.29200    1164109.75000000 748535.12500000 1855897.50000000 725.67065430    -1777.04211426  -4229.60009766  
0.29300    1140029.12500000 732395.87500000 1816516.75000000 728.55102539    -1814.81726074  -4259.19921875  
0.29400    1116375.12500000 716544.81250000 1777806.37500000 731.43890381    -1842.75378418  -4281.00683594  
0.29500    1093223.25000000 701018.56250000 1739925.62500000 734.37042236    -1856.74719238  -4291.41308594  
0.29600    1070479.37500000 685778.31250000 1702733.25000000 737.32104492    -1859.84655762  -4293.12890625  
0.29700    1048189.81250000 670832.18750000 1666250.00000000 740.30529785    -1850.93334961  -4285.05712891  
0.29800    1026362.75000000 656205.31250000 1630549.75000000 743.32348633    -1828.56079102  -4266.41406250  
0.29900    1004987.06250000 641879.43750000 1595589.12500000 746.37115479    -1793.80139160  -4237.58935547  
0.30000    984042.50000000 627830.87500000 1561296.12500000 749.44085693    -1747.20983887  -4199.43408203  
0.30100    963554.31250000 614102.43750000 1527783.50000000 752.55438232    -1686.89147949  -4150.02294922  
0.30200    943477.43750000 600633.25000000 1494927.12500000 755.68200684    -1614.64099121  -4091.65332031  
0.30300    923867.56250000 587488.31250000 1462852.75000000 758.83892822    -1528.83325195  -4022.15844727  
0.30400    904702.43750000 574632.06250000 1431485.87500000 762.01489258    -1430.25134277  -3942.16088867  
0.30500    885938.50000000 562047.87500000 1400775.87500000 765.19696045    -1319.76611328  -3853.02148438  
0.30600    867623.50000000 549757.12500000 1370778.75000000 768.38397217    -1196.28845215  -3753.33666992  
0.30700    849762.31250000 537771.18750000 1341546.87500000 771.58782959    -1059.17407227  -3642.82324219  
0.30800    832311.12500000 526050.12500000 1312962.37500000 774.77795410    -911.01251221   -3523.51928711  
0.30900    815316.18750000 514632.53125000 1285122.50000000 777.96398926    -749.34503174   -3393.32592773  
0.31000    798738.31250000 503498.96875000 1257972.25000000 781.12585449    -576.29687500   -3253.95288086  
0.31100    782571.06250000 492632.00000000 1231484.00000000 784.25634766    -391.26855469   -3105.26538086  
0.31200    766847.93750000 482060.75000000 1205708.12500000 787.35180664    -194.85244751   -2947.08300781  
0.31300    751537.68750000 471760.25000000 1180593.62500000 790.40594482    12.97510242     -2780.03857422  
0.31400    736681.25000000 461752.15625000 1156216.75000000 793.39898682    231.98588562    -2603.68652344  
0.31500    722192.81250000 452003.68750000 1132473.87500000 796.32043457    460.70462036    -2419.71850586  
0.31600    708148.18750000 442535.15625000 1109396.62500000 799.18035889    699.98590088    -2227.10766602  
0.31700    694502.43750000 433336.65625000 1087008.25000000 801.95703125    949.15478516    -2026.49255371  
0.31800    681258.43750000 424393.12500000 1065252.87500000 804.61639404    1205.99719238   -1819.61669922  
0.31900    668426.31250000 415734.53125000 1044170.81250000 807.20404053    1473.19250488   -1604.45129395  
0.32000    655988.75000000 407330.06250000 1023732.18750000 809.65521240    1747.41882324   -1383.19274902  
0.32100    643931.62500000 399171.46875000 1003901.31250000 811.98229980    2029.45007324   -1156.05566406  
0.32200    632285.00000000 391291.50000000 984727.12500000 814.18548584    2318.64941406   -922.43041992   
0.32300    620973.50000000 383629.34375000 966113.75000000 816.23736572    2613.25463867   -684.60272217   
0.32400    610047.43750000 376225.59375000 948112.50000000 818.13549805    2913.73535156   -441.73849487   
0.32500    599491.25000000 369061.31250000 930720.68750000 819.87274170    3219.05615234   -194.67752075   
0.32600    589292.37500000 362132.28125000 913902.56250000 821.44049072    3529.16577148   56.19269180     
0.32700    579442.93750000 355441.90625000 897663.37500000 822.84411621    3843.13842773   310.51910400    
0.32800    569959.06250000 348982.09375000 881999.00000000 824.06396484    4160.73095703   568.12438965    
0.32900    560778.56250000 342733.18750000 866837.87500000 825.08630371    4479.64550781   827.08843994    
0.33000    551948.50000000 336716.37500000 852251.62500000 825.91833496    4801.46728516   1088.60168457   
0.33100    543388.62500000 330877.84375000 838105.00000000 826.54071045    5123.03320312   1350.04809570   
0.33200    535205.06250000 325288.43750000 824560.12500000 826.98223877    5447.08300781   1614.13842773   
0.33300    527285.68750000 319877.81250000 811461.50000000 827.19219971    5769.94677734   1877.55908203   
0.33400    519668.25000000 314667.53125000 798853.06250000 827.21948242    6092.95312500   2141.17407227   
0.33500    512333.50000000 309640.75000000 786690.62500000 827.02758789    6414.02539062   2403.74169922   
0.33600    505269.00000000 304795.81250000 774973.37500000 826.61560059    6733.57177734   2665.24462891   
0.33700    498456.62500000 300129.71875000 763680.62500000 825.99200439    7050.66308594   2925.23754883   
0.33800    491925.93750000 295643.46875000 752842.56250000 825.16943359    7365.62451172   3183.80078125   
0.33900    485610.12500000 291303.00000000 742359.25000000 824.13330078    7676.49365234   3439.42089844   
0.34000    479539.12500000 287130.06250000 732276.06250000 822.88415527    7983.86425781   3692.29809570   
0.34100    473702.59375000 283112.65625000 722574.50000000 821.44354248    8286.88964844   3942.29125977   
0.34200    468117.25000000 279261.18750000 713280.81250000 819.81011963    8586.58984375   4189.74218750   
0.34300    462701.96875000 275525.03125000 704267.00000000 817.95935059    8880.12695312   4432.46679688   
0.34400    457528.96875000 271950.31250000 695652.62500000 815.94628906    9169.63671875   4672.39648438   
0.34500    452521.15625000 268494.46875000 687310.12500000 813.74438477    9453.06054688   4907.26269531   
0.34600    447731.46875000 265185.28125000 679334.62500000 811.37463379    9731.68359375   5138.70068359   
0.34700    443080.53125000 261967.04687500 671576.50000000 808.82061768    10003.08593750  5364.50146484   
0.34800    438624.06250000 258872.28125000 664139.25000000 806.12109375    10268.72753906  5585.67285156   
0.34900    434329.87500000 255898.76562500 656967.00000000 803.26739502    10528.49707031  5802.41015625   
0.35000    430192.03125000 253021.96875000 650052.31250000 800.27978516    10781.38183594  6013.69531250   
0.35100    426231.68750000 250268.48437500 643416.93750000 797.16644287    11028.85253906  6220.77539062   
0.35200    422361.81250000 247578.42187500 636958.00000000 793.92114258    11268.50195312  6421.34326172   
0.35300    418646.18750000 244991.23437500 630731.12500000 790.56359863    11502.02148438  6617.06494141   
0.35400    415081.21875000 242501.78125000 624756.12500000 787.11260986    11729.38671875  6807.85888672   
0.35500    411632.21875000 240095.35937500 618976.37500000 783.57922363    11950.35351562  6993.38574219   
0.35600    408289.90625000 237755.01562500 613369.18750000 779.95770264    12164.32910156  7173.26074219   
0.35700    405075.71875000 235497.10937500 607960.56250000 776.27294922    12372.34179688  7348.27783203   
0.35800    401979.00000000 233322.51562500 602759.37500000 772.53491211    12574.64062500  7518.24804688   
0.35900    398985.84375000 231214.64062500 597715.50000000 768.75506592    12770.69335938  7683.31250000   
0.36000    396117.84375000 229183.84375000 592866.87500000 764.94744873    12961.46777344  7843.90429688   
0.36100    393315.50000000 227201.53125000 588132.50000000 761.09606934    13145.79492188  7998.96826172   
0.36200    390666.71875000 225313.17187500 583642.18750000 757.25769043    13326.68164062  8150.69873047   
0.36300    388054.75000000 223452.42187500 579205.25000000 753.40350342    13500.22167969  8296.64062500   
0.36400    385548.31250000 221652.15625000 574939.06250000 749.55114746    13669.39648438  8438.49121094   
0.36500    383124.06250000 219910.21875000 570813.62500000 745.71954346    13833.81738281  8576.32421875   
0.36600    380815.40625000 218236.95312500 566856.93750000 741.92266846    13994.91601562  8710.70800781   
0.36700    378558.96875000 216595.10937500 562989.12500000 738.14605713    14150.42578125  8840.60742188   
0.36800    376441.09375000 215040.45312500 559335.68750000 734.43511963    14303.99707031  8968.43164062   
0.36900    374386.09375000 213522.48437500 555783.00000000 730.76611328    14453.69433594  9092.43359375   
0.37000    372381.21875000 212029.93750000 552295.68750000 727.13696289    14598.26269531  9212.18652344   
0.37100    370463.56250000 210593.17187500 548955.00000000 723.58117676    14740.65332031  9329.33496094   
0.37200    368658.78125000 209224.53125000 545785.75000000 720.10070801    14880.96289062  9444.78515625   
0.37300    366906.68750000 207887.28125000 542693.00000000 716.68328857    15018.20703125  9556.89257812   
0.37400    365254.81250000 206605.20312500 539755.37500000 713.35595703    15153.98242188  9667.38476562   
0.37500    363682.71875000 205367.46875000 536934.25000000 710.11437988    15287.53710938  9775.75683594   
0.37600    362195.65625000 204182.42187500 534242.81250000 706.95336914    15419.11718750  9881.84765625   
0.37700    360763.34375000 203023.48437500 531641.62500000 703.87664795    15548.82421875  9985.99414062   
0.37800    359429.96875000 201919.37500000 529169.43750000 700.89044189    15677.62890625  10088.98925781  
0.37900    358189.90625000 200878.09375000 526855.62500000 698.00268555    15806.10156250  10191.18261719  
0.38000    357008.50000000 199865.09375000 524630.75000000 695.19799805    15932.43554688  10291.20117188  
0.38100    355892.56250000 198884.81250000 522496.84375000 692.47406006    16057.67187500  10389.82421875  
0.38200    354879.21875000 197963.78125000 520516.71875000 689.85180664    16183.02246094  10488.25585938  
0.38300    353923.12500000 197072.96875000 518621.31250000 687.30908203    16306.83496094  10585.00683594  
0.38400    353075.96875000 196248.43750000 516888.25000000 684.85845947    16431.14648438  10681.70507812  
0.38500    352271.18750000 195440.87500000 515220.46875000 682.48101807    16554.15625000  10777.06933594  
0.38600    351579.15625000 194704.46875000 513726.90625000 680.19885254    16677.83984375  10872.56054688  
0.38700    350933.53125000 193985.03125000 512294.93750000 677.96960449    16799.62890625  10966.30175781  
0.38800    350366.46875000 193315.03125000 510982.12500000 675.82043457    16921.47851562  11059.85058594  
0.38900    349869.34375000 192683.25000000 509770.78125000 673.72851562    17042.46484375  11152.72558594  
0.39000    349482.62500000 192113.39062500 508727.59375000 671.71136475    17164.25195312  11245.81445312  
0.39100    349135.34375000 191569.71875000 507747.40625000 669.73895264    17284.84765625  11337.70214844  
0.39200    348873.96875000 191072.78125000 506894.56250000 667.81530762    17404.90039062  11429.29980469  
0.39300    348668.21875000 190608.10937500 506128.81250000 665.93395996    17523.69531250  11519.74414062  
0.39400    348568.87500000 190205.37500000 505515.50000000 664.09838867    17642.92968750  11610.40332031  
0.39500    348492.09375000 189813.31250000 504949.18750000 662.28100586    17759.91601562  11699.51074219  
0.39600    348486.31250000 189467.65625000 504488.28125000 660.47656250    17875.75976562  11787.72753906  
0.39700    348544.31250000 189155.46875000 504117.71875000 658.70214844    17990.40429688  11875.10156250  
0.39800    348674.28125000 188892.87500000 503866.31250000 656.92797852    18104.22265625  11961.90234375  
0.39900    348846.59375000 188651.34375000 503683.43750000 655.15637207    18215.88671875  12047.28222656  
0.40000    349075.34375000 188445.50000000 503585.03125000 653.38061523    18325.70312500  12131.54980469  
0.40100    349346.96875000 188269.92187500 503558.59375000 651.59338379    18433.11328125  12214.03808594  
0.40200    349685.15625000 188136.50000000 503633.25000000 649.78875732    18538.77148438  12295.36132812  
0.40300    350049.12500000 188015.21875000 503749.12500000 647.95098877    18640.97265625  12374.73437500  
0.40400    350460.59375000 187933.57812500 503950.75000000 646.08538818    18741.11132812  12452.75683594  
0.40500    350907.71875000 187872.59375000 504213.34375000 644.18127441    18837.81054688  12528.32714844  
0.40600    351412.28125000 187850.09375000 504559.12500000 642.24572754    18932.32421875  12602.91503906  
0.40700    351924.96875000 187836.70312500 504937.34375000 640.25097656    19022.46679688  12674.57421875  
0.40800    352467.62500000 187844.40625000 505353.81250000 638.20220947    19108.86914062  12743.75000000  
0.40900    353028.00000000 187873.20312500 505810.87500000 636.09002686    19191.23828125  12810.47265625  
0.41000    353628.46875000 187927.46875000 506336.40625000 633.93487549    19270.24609375  12875.15136719  
0.41100    354232.37500000 187991.32812500 506878.00000000 631.69537354    19344.32812500  12936.33496094  
0.41200    354834.87500000 188063.40625000 507422.18750000 629.38439941    19413.20898438  12994.49121094  
0.41300    355470.15625000 188159.95312500 508028.18750000 627.00640869    19478.49023438  13050.37695312  
0.41400    356085.00000000 188251.62500000 508615.43750000 624.55590820    19537.83789062  13102.37011719  
0.41500    356726.43750000 188367.78125000 509251.65625000 622.02777100    19592.74804688  13151.56738281  
0.41600    357329.68750000 188465.25000000 509832.50000000 619.40997314    19641.21875000  13196.54589844  
0.41700    357953.65625000 188591.04687500 510466.93750000 616.72302246    19685.21875000  13238.87304688  
0.41800    358590.34375000 188731.75000000 511127.50000000 613.96240234    19724.32421875  13278.12109375  
0.41900    359146.75000000 188831.23437500 511677.03125000 611.09698486    19755.43945312  13311.80371094  
0.42000    359729.53125000 188957.15625000 512272.28125000 608.16607666    19782.41210938  13343.10351562  
0.42100    360298.53125000 189083.56250000 512870.53125000 605.15777588    19803.40429688  13370.60058594  
0.42200    360837.46875000 189201.75000000 513429.81250000 602.07373047    19818.73828125  13394.08496094  
0.42300    361332.25000000 189302.96875000 513930.81250000 598.90246582    19826.69726562  13413.14550781  
0.42400    361803.65625000 189401.06250000 514412.03125000 595.66021729    19829.30859375  13428.48437500  
0.42500    362249.00000000 189493.25000000 514867.09375000 592.34893799    19825.82031250  13439.89843750  
0.42600    362640.25000000 189562.37500000 515247.15625000 588.95483398    19815.83398438  13446.93554688  
0.42700    363022.40625000 189639.42187500 515627.81250000 585.51293945    19800.66992188  13450.67089844  
0.42800    363340.65625000 189687.25000000 515928.43750000 581.99737549    19778.30273438  13449.79589844  
0.42900    363649.25000000 189737.67187500 516219.68750000 578.43725586    19751.27734375  13445.70507812  
0.43000    363900.12500000 189762.81250000 516436.25000000 574.81402588    19717.65039062  13437.31835938  
0.43100    364071.50000000 189752.54687500 516547.18750000 571.12805176    19677.22656250  13424.33105469  
0.43200    364239.43750000 189750.54687500 516657.06250000 567.41436768    19632.40234375  13408.47167969  
0.43300    364335.75000000 189713.17187500 516672.18750000 563.64868164    19580.88867188  13388.27050781  
0.43400    364391.43750000 189666.79687500 516643.34375000 559.85168457    19524.32617188  13364.37304688  
0.43500    364387.53125000 189591.35937500 516531.65625000 556.01794434    19462.08984375  13336.92968750  
0.43600    364365.71875000 189514.64062500 516406.81250000 552.17687988    19396.02343750  13306.83984375  
0.43700    364263.81250000 189395.17187500 516162.15625000 548.29821777    19323.47265625  13272.28515625  
0.43800    364096.46875000 189249.68750000 515827.75000000 544.40429688    19245.83593750  13234.36523438  
0.43900    363903.75000000 189094.67187500 515469.71875000 540.51306152    19164.23632812  13193.77050781  
0.44000    363652.03125000 188916.95312500 515036.31250000 536.61083984    19078.10742188  13150.00585938  
0.44100    363351.59375000 188714.68750000 514529.28125000 532.70892334    18987.57617188  13103.16015625  
0.44200    363005.46875000 188492.20312500 513962.28125000 528.81134033    18893.11132812  13053.71484375  
0.44300    362611.53125000 188251.06250000 513329.40625000 524.93096924    18794.68945312  13001.58789062  
0.44400    362170.68750000 187989.85937500 512640.46875000 521.06628418    18693.09179688  12947.03515625  
0.44500    361645.68750000 187678.17187500 511820.06250000 517.20623779    18586.34765625  12888.98730469  
0.44600    361088.25000000 187359.71875000 510962.18750000 513.38232422    18477.59765625  12829.16601562  
0.44700    360514.59375000 187032.67187500 510084.46875000 509.59008789    18366.15039062  12767.72167969  
0.44800    359862.00000000 186665.92187500 509090.43750000 505.82540894    18251.36132812  12703.83105469  
0.44900    359195.28125000 186298.03125000 508084.12500000 502.10519409    18134.55859375  12638.54980469  
0.45000    358491.90625000 185910.42187500 507023.25000000 498.43600464    18016.14062500  12571.88476562  
0.45100    357711.03125000 185482.60937500 505852.31250000 494.78561401    17894.00195312  12502.56835938  
0.45200    356920.34375000 185049.85937500 504667.65625000 491.19522095    17771.17968750  12432.56835938  
0.45300    356078.56250000 184588.34375000 503406.56250000 487.65591431    17646.17187500  12360.86425781  
0.45400    355215.46875000 184122.95312500 502117.68750000 484.17028809    17520.04882812  12288.33886719  
0.45500    354319.75000000 183639.82812500 500782.65625000 480.74432373    17392.81250000  12214.88769531  
0.45600    353380.65625000 183131.18750000 499385.43750000 477.36389160    17264.12304688  12139.97949219  
0.45700    352430.65625000 182616.31250000 497972.96875000 474.05496216    17135.19335938  12064.89648438  
0.45800    351438.84375000 182078.32812500 496491.15625000 470.79846191    17005.35156250  11988.92480469  
0.45900    350419.15625000 181528.62500000 494973.87500000 467.60168457    16874.59570312  11912.06445312  
0.46000    349415.28125000 180984.39062500 493473.03125000 464.48803711    16745.28515625  11835.98339844  
0.46100    348335.21875000 180398.76562500 491864.37500000 461.40716553    16613.72070312  11758.02246094  
0.46200    347284.12500000 179828.20312500 490297.71875000 458.40560913    16483.61523438  11680.84863281  
0.46300    346197.03125000 179238.12500000 488671.15625000 455.46337891    16352.96484375  11603.15332031  
0.46400    345085.93750000 178631.70312500 487010.18750000 452.58401489    16222.70703125  11525.29492188  
0.46500    343982.12500000 178029.78125000 485359.59375000 449.77044678    16093.17089844  11447.62304688  
0.46600    342854.68750000 177413.09375000 483668.28125000 447.01306152    15963.84570312  11369.92968750  
0.46700    341705.25000000 176782.14062500 481941.09375000 444.32022095    15834.99023438  11292.05761719  
0.46800    340586.96875000 176171.73437500 480270.96875000 441.68743896    15707.72265625  11215.16015625  
0.46900    339427.43750000 175530.01562500 478519.46875000 439.10870361    15580.11230469  11137.77148438  
0.47000    338267.68750000 174889.50000000 476775.59375000 436.58889771    15453.68066406  11060.82519531  
0.47100    337117.18750000 174252.67187500 475042.21875000 434.12722778    15328.50097656  10984.47265625  
0.47200    335967.68750000 173612.31250000 473297.43750000 431.71795654    15204.28808594  10908.34667969  
0.47300    334821.71875000 172974.20312500 471568.12500000 429.36627197    15081.36132812  10832.99609375  
0.47400    333645.06250000 172318.43750000 469787.18750000 427.04913330    14958.36328125  10757.18847656  
0.47500    332498.81250000 171674.68750000 468041.84375000 424.79217529    14837.53906250  10682.49707031  
0.47600    331374.37500000 171043.10937500 466328.56250000 422.58532715    14718.32128906  10608.80175781  
0.47700    330206.09375000 170379.78125000 464545.78125000 420.40802002    14598.31250000  10533.99707031  
0.47800    329066.56250000 169735.15625000 462802.46875000 418.27993774    14480.78027344  10460.77832031  
0.47900    327947.50000000 169102.93750000 461098.75000000 416.19448853    14364.64648438  10388.28417969  
0.48000    326806.68750000 168449.85937500 459347.40625000 414.14440918    14248.68457031  10315.48144531  
0.48100    325717.75000000 167830.23437500 457681.56250000 412.14184570    14135.41796875  10244.29199219  
0.48200    324575.12500000 167175.95312500 455923.78125000 410.14413452    14021.12695312  10171.96679688  
0.48300    323460.31250000 166533.71875000 454205.18750000 408.19561768    13908.71875000  10100.74316406  
0.48400    322368.50000000 165903.79687500 452521.21875000 406.27917480    13797.91210938  10030.54003906  
0.48500    321274.46875000 165273.50000000 450833.09375000 404.38885498    13687.70214844  9960.35644531   
0.48600    320207.37500000 164655.93750000 449181.87500000 402.52966309    13579.22363281  9891.09667969   
0.48700    319133.28125000 164033.96875000 447524.25000000 400.69512939    13471.33691406  9822.01757812   
0.48800    318055.50000000 163403.00000000 445845.37500000 398.87591553    13363.76953125  9752.70800781   
0.48900    316995.31250000 162783.56250000 444197.03125000 397.08105469    13257.54687500  9684.18847656   
0.49000    315949.15625000 162173.07812500 442573.90625000 395.31427002    13152.54687500  9616.50683594   
0.49100    314926.00000000 161576.12500000 440978.93750000 393.57586670    13049.04101562  9549.50976562   
0.49200    313883.25000000 160965.31250000 439358.75000000 391.84332275    12945.40722656  9482.07226562   
0.49300    312858.25000000 160364.23437500 437765.96875000 390.13607788    12843.12890625  9415.54296875   
0.49400    311847.37500000 159767.65625000 436184.75000000 388.45022583    12741.56054688  9349.35546875   
0.49500    310833.53125000 159171.96875000 434599.56250000 386.77874756    12640.77929688  9283.44921875   
0.49600    309843.40625000 158590.14062500 433055.78125000 385.13702393    12541.38281250  9218.43554688   
0.49700    308838.71875000 158000.64062500 431491.40625000 383.50253296    12442.02929688  9153.29492188   
0.49800    307856.12500000 157422.07812500 429959.93750000 381.89505005    12344.12109375  9088.93945312   
0.49900    306864.84375000 156836.96875000 428404.12500000 380.29574585    12246.28710938  9024.55957031   
0.50000    305892.25000000 156265.53125000 426889.15625000 378.72726440    12149.80761719  8961.02441406   
