# SAXS profile: number of points = 501, q_min = 0, q_max = 0.5, delta_q = 0.001
#    q    intensity 
0.00000    162236720.00000000 101202336.00000000 256269712.00000000 104581.73437500 8238276.00000000 6506558.50000000 
0.00100    162206272.00000000 101182096.00000000 256219648.00000000 104554.62500000 8236384.00000000 6505102.00000000 
0.00200    162112256.00000000 101123504.00000000 256070672.00000000 104473.50000000 8230693.50000000 6500653.00000000 
0.00300    161954272.00000000 101025464.00000000 255821056.00000000 104337.60937500 8221246.50000000 6493214.50000000 
0.00400    161732048.00000000 100888928.00000000 255472432.00000000 104148.34375000 8208077.50000000 6482903.50000000 
0.00500    161444528.00000000 100712824.00000000 255022368.00000000 103906.14843750 8191137.50000000 6469629.50000000 
0.00600    161093024.00000000 100498432.00000000 254473984.00000000 103610.75000000 8170476.50000000 6453436.50000000 
0.00700    160681024.00000000 100244776.00000000 253826656.00000000 103261.57812500 8146157.00000000 6434339.50000000 
0.00800    160204800.00000000 99953592.00000000 253084992.00000000 102860.90625000 8118163.00000000 6412399.00000000 
0.00900    159664304.00000000 99625472.00000000 252246624.00000000 102409.14062500 8086575.00000000 6387640.00000000 
0.01000    159068528.00000000 99259888.00000000 251311152.00000000 101906.23437500 8051455.50000000 6360079.50000000 
0.01100    158412240.00000000 98857992.00000000 250282256.00000000 101353.70312500 8012795.50000000 6329764.50000000 
0.01200    157698208.00000000 98419984.00000000 249163152.00000000 100751.96093750 7970688.50000000 6296745.50000000 
0.01300    156925984.00000000 97944896.00000000 247951920.00000000 100102.02343750 7925201.50000000 6261081.50000000 
0.01400    156092832.00000000 97435768.00000000 246648656.00000000 99404.87500000  7876360.00000000 6222774.50000000 
0.01500    155205520.00000000 96891104.00000000 245259968.00000000 98661.70312500  7824268.00000000 6181899.50000000 
0.01600    154261440.00000000 96312888.00000000 243783600.00000000 97874.89062500  7768981.00000000 6138564.50000000 
0.01700    153266832.00000000 95702576.00000000 242223104.00000000 97043.71093750  7710596.50000000 6092769.50000000 
0.01800    152218944.00000000 95059344.00000000 240580320.00000000 96170.14843750  7649220.50000000 6044591.50000000 
0.01900    151118112.00000000 94385312.00000000 238857952.00000000 95256.16406250  7584877.00000000 5994129.50000000 
0.02000    149967712.00000000 93680224.00000000 237057072.00000000 94302.60156250  7517660.00000000 5941426.00000000 
0.02100    148769856.00000000 92944888.00000000 235178928.00000000 93310.69531250  7447762.00000000 5886517.50000000 
0.02200    147524544.00000000 92181160.00000000 233228000.00000000 92281.82031250  7375123.00000000 5829562.50000000 
0.02300    146233584.00000000 91388912.00000000 231207712.00000000 91219.07031250  7299938.50000000 5770561.50000000 
0.02400    144899472.00000000 90569816.00000000 229115632.00000000 90122.14843750  7222305.00000000 5709642.50000000 
0.02500    143522656.00000000 89725416.00000000 226958464.00000000 88993.39843750  7142364.50000000 5646876.00000000 
0.02600    142105440.00000000 88855064.00000000 224736608.00000000 87835.38281250  7060127.50000000 5582342.00000000 
0.02700    140648512.00000000 87960416.00000000 222453872.00000000 86648.74218750  6975765.50000000 5516123.50000000 
0.02800    139155744.00000000 87043296.00000000 220112672.00000000 85435.19531250  6889396.00000000 5448310.50000000 
0.02900    137627488.00000000 86103832.00000000 217717568.00000000 84196.95312500  6801129.00000000 5378966.50000000 
0.03000    136065744.00000000 85144304.00000000 215266816.00000000 82935.78906250  6711041.00000000 5308250.00000000 
0.03100    134470320.00000000 84164776.00000000 212768352.00000000 81652.54687500  6619308.50000000 5236186.00000000 
0.03200    132847288.00000000 83166328.00000000 210222144.00000000 80350.22656250  6525942.50000000 5162891.00000000 
0.03300    131195552.00000000 82150608.00000000 207631952.00000000 79029.78125000  6431175.00000000 5088432.50000000 
0.03400    129517264.00000000 81118696.00000000 204999504.00000000 77693.49218750  6335064.50000000 5012955.50000000 
0.03500    127815120.00000000 80071360.00000000 202328064.00000000 76342.67968750  6237751.50000000 4936479.00000000 
0.03600    126089856.00000000 79010080.00000000 199621824.00000000 74980.22656250  6139346.00000000 4859132.50000000 
0.03700    124344712.00000000 77935968.00000000 196883152.00000000 73606.66406250  6039996.50000000 4781062.00000000 
0.03800    122580656.00000000 76849464.00000000 194114704.00000000 72223.95312500  5939784.50000000 4702283.00000000 
0.03900    120800088.00000000 75752728.00000000 191320528.00000000 70834.47656250  5838803.50000000 4622925.50000000 
0.04000    119004520.00000000 74647200.00000000 188501744.00000000 69439.52343750  5737226.50000000 4543051.50000000 
0.04100    117195976.00000000 73533152.00000000 185662112.00000000 68040.76562500  5635151.50000000 4462803.00000000 
0.04200    115376552.00000000 72411896.00000000 182804000.00000000 66639.92187500  5532683.00000000 4382221.50000000 
0.04300    113547800.00000000 71284256.00000000 179931712.00000000 65239.09375000  5429945.00000000 4301401.00000000 
0.04400    111711512.00000000 70152136.00000000 177047808.00000000 63839.14453125  5327034.00000000 4220454.00000000 
0.04500    109869464.00000000 69015216.00000000 174154288.00000000 62442.23437500  5224088.00000000 4139409.75000000 
0.04600    108023576.00000000 67876056.00000000 171254112.00000000 61049.26953125  5121182.50000000 4058411.50000000 
0.04700    106176096.00000000 66735168.00000000 168351200.00000000 59662.28515625  5018422.00000000 3977524.25000000 
0.04800    104327856.00000000 65593312.00000000 165444144.00000000 58282.74218750  4915882.50000000 3896812.75000000 
0.04900    102480904.00000000 64452592.00000000 162541536.00000000 56911.41015625  4813757.00000000 3816391.25000000 
0.05000    100637392.00000000 63312708.00000000 159642224.00000000 55550.79296875  4712082.00000000 3736300.75000000 
0.05100    98798088.00000000 62175572.00000000 156750192.00000000 54201.35937500  4610959.00000000 3656631.00000000 
0.05200    96965032.00000000 61041948.00000000 153866224.00000000 52864.46093750  4510439.00000000 3577445.00000000 
0.05300    95140512.00000000 59912716.00000000 150994880.00000000 51541.51171875  4410674.50000000 3498825.75000000 
0.05400    93324600.00000000 58788764.00000000 148137008.00000000 50233.39843750  4311706.00000000 3420836.50000000 
0.05500    91519480.00000000 57670736.00000000 145295728.00000000 48941.23828125  4213687.50000000 3343536.00000000 
0.05600    89726944.00000000 56560264.00000000 142473632.00000000 47666.19921875  4116588.75000000 3266983.25000000 
0.05700    87947792.00000000 55457032.00000000 139671712.00000000 46409.16406250  4020566.50000000 3191261.25000000 
0.05800    86182944.00000000 54363040.00000000 136892000.00000000 45171.14843750  3925656.00000000 3116381.75000000 
0.05900    84434664.00000000 53278536.00000000 134138080.00000000 43953.18359375  3831936.00000000 3042423.75000000 
0.06000    82703896.00000000 52204172.00000000 131411992.00000000 42755.69531250  3739487.50000000 2969454.50000000 
0.06100    80991584.00000000 51140780.00000000 128711968.00000000 41579.35546875  3648330.50000000 2897487.50000000 
0.06200    79298336.00000000 50088860.00000000 126043216.00000000 40425.17968750  3558552.75000000 2826598.00000000 
0.06300    77626344.00000000 49049476.00000000 123406376.00000000 39293.74218750  3470210.75000000 2756809.00000000 
0.06400    75975000.00000000 48022528.00000000 120802320.00000000 38185.35546875  3383310.00000000 2688154.00000000 
0.06500    74347112.00000000 47009420.00000000 118233688.00000000 37100.53515625  3297932.00000000 2620709.00000000 
0.06600    72742536.00000000 46010696.00000000 115700776.00000000 36039.52734375  3214127.50000000 2554433.75000000 
0.06700    71161576.00000000 45026284.00000000 113206512.00000000 35003.35156250  3131927.50000000 2489430.75000000 
0.06800    69605960.00000000 44056900.00000000 110750184.00000000 33991.59375000  3051320.25000000 2425695.25000000 
0.06900    68076280.00000000 43102992.00000000 108334344.00000000 33005.08984375  2972381.50000000 2363237.00000000 
0.07000    66572368.00000000 42165348.00000000 105958952.00000000 32043.88671875  2895123.75000000 2302115.25000000 
0.07100    65096200.00000000 41243524.00000000 103624880.00000000 31107.55468750  2819567.75000000 2242295.75000000 
0.07200    63647276.00000000 40338708.00000000 101334728.00000000 30196.69335938  2745759.50000000 2183848.50000000 
0.07300    62225956.00000000 39450396.00000000 99087888.00000000 29311.39453125  2673680.25000000 2126744.00000000 
0.07400    60833036.00000000 38579612.00000000 96884808.00000000 28451.30078125  2603318.25000000 2071013.62500000 
0.07500    59468816.00000000 37726184.00000000 94726560.00000000 27616.81445312  2534753.25000000 2016654.00000000 
0.07600    58133372.00000000 36890308.00000000 92613656.00000000 26807.24218750  2467924.50000000 1963677.12500000 
0.07700    56827716.00000000 36072548.00000000 90546720.00000000 26023.00000000  2402861.75000000 1912074.00000000 
0.07800    55551208.00000000 35272400.00000000 88524816.00000000 25263.38867188  2339559.75000000 1861843.62500000 
0.07900    54304272.00000000 34490352.00000000 86549712.00000000 24528.33984375  2277980.50000000 1813003.37500000 
0.08000    53086888.00000000 33726516.00000000 84621384.00000000 23817.73828125  2218179.50000000 1765518.37500000 
0.08100    51899184.00000000 32981006.00000000 82739152.00000000 23130.91992188  2160089.50000000 1719408.50000000 
0.08200    50741616.00000000 32253416.00000000 80903704.00000000 22467.68945312  2103730.50000000 1674641.87500000 
0.08300    49613192.00000000 31544330.00000000 79114896.00000000 21827.67187500  2049074.75000000 1631205.75000000 
0.08400    48514444.00000000 30853118.00000000 77371016.00000000 21210.36523438  1996117.00000000 1589096.62500000 
0.08500    47445312.00000000 30180086.00000000 75675048.00000000 20615.51562500  1944800.37500000 1548300.87500000 
0.08600    46405096.00000000 29524958.00000000 74023672.00000000 20042.42382812  1895137.12500000 1508792.00000000 
0.08700    45394240.00000000 28887710.00000000 72418024.00000000 19490.78906250  1847077.12500000 1470555.37500000 
0.08800    44411800.00000000 28268366.00000000 70857504.00000000 18959.59375000  1800588.25000000 1433558.50000000 
0.08900    43457324.00000000 27666292.00000000 69341712.00000000 18448.90234375  1755673.50000000 1397787.62500000 
0.09000    42531824.00000000 27081720.00000000 67870432.00000000 17957.75390625  1712274.50000000 1363231.00000000 
0.09100    41633424.00000000 26513986.00000000 66441820.00000000 17485.63476562  1670357.12500000 1329839.25000000 
0.09200    40762072.00000000 25963370.00000000 65056608.00000000 17032.25000000  1629900.62500000 1297603.00000000 
0.09300    39918312.00000000 25429568.00000000 63714016.00000000 16596.56054688  1590868.87500000 1266481.00000000 
0.09400    39100468.00000000 24911970.00000000 62412120.00000000 16178.14453125  1553210.37500000 1236447.87500000 
0.09500    38308332.00000000 24410414.00000000 61151588.00000000 15776.33007812  1516891.62500000 1207478.37500000 
0.09600    37541760.00000000 23924706.00000000 59931520.00000000 15390.55468750  1481885.62500000 1179543.75000000 
0.09700    36800100.00000000 23454342.00000000 58749548.00000000 15020.16894531  1448140.12500000 1152611.00000000 
0.09800    36082576.00000000 22999146.00000000 57606716.00000000 14664.54101562  1415623.00000000 1126649.50000000 
0.09900    35388968.00000000 22558840.00000000 56501016.00000000 14323.05175781  1384281.87500000 1101631.62500000 
0.10000    34717940.00000000 22132764.00000000 55431708.00000000 13995.02636719  1354078.50000000 1077511.62500000 
0.10100    34069712.00000000 21720892.00000000 54398048.00000000 13679.80468750  1324972.75000000 1054258.75000000 
0.10200    33442516.00000000 21322676.00000000 53398988.00000000 13376.82519531  1296926.00000000 1031849.12500000 
0.10300    32837184.00000000 20937780.00000000 52433176.00000000 13085.64746094  1269890.75000000 1010250.06250000 
0.10400    32252184.00000000 20565788.00000000 51500452.00000000 12805.25683594  1243834.50000000 989417.25000000 
0.10500    31687466.00000000 20206448.00000000 50599128.00000000 12535.53613281  1218707.37500000 969335.62500000 
0.10600    31141710.00000000 19859046.00000000 49728244.00000000 12275.54785156  1194465.75000000 949957.43750000 
0.10700    30614340.00000000 19523382.00000000 48886904.00000000 12024.93750000  1171079.37500000 931254.43750000 
0.10800    30105012.00000000 19199092.00000000 48073692.00000000 11783.02343750  1148480.12500000 913201.68750000 
0.10900    29612860.00000000 18885854.00000000 47288268.00000000 11549.38964844  1126671.62500000 895750.25000000 
0.11000    29137284.00000000 18582872.00000000 46529172.00000000 11323.34375000  1105572.25000000 878886.87500000 
0.11100    28677620.00000000 18290076.00000000 45795380.00000000 11104.55371094  1085175.62500000 862580.31250000 
0.11200    28232966.00000000 18006852.00000000 45085876.00000000 10892.46191406  1065410.25000000 846785.50000000 
0.11300    27803256.00000000 17733184.00000000 44399440.00000000 10686.58593750  1046271.62500000 831489.31250000 
0.11400    27386992.00000000 17468190.00000000 43735552.00000000 10486.59082031  1027710.12500000 816658.75000000 
0.11500    26984186.00000000 17211822.00000000 43092432.00000000 10291.87792969  1009677.25000000 802256.50000000 
0.11600    26593916.00000000 16963478.00000000 42469872.00000000 10102.16503906  992164.00000000 788262.18750000 
0.11700    26215856.00000000 16722934.00000000 41866868.00000000 9917.00390625   975124.31250000 774655.06250000 
0.11800    25848898.00000000 16489586.00000000 41281364.00000000 9736.00000000   958522.50000000 761404.93750000 
0.11900    25492826.00000000 16263264.00000000 40713428.00000000 9558.85644531   942324.18750000 748487.18750000 
0.12000    25146638.00000000 16043410.00000000 40161900.00000000 9385.30371094   926517.62500000 735873.93750000 
0.12100    24810428.00000000 15829934.00000000 39626008.00000000 9214.87109375   911069.18750000 723550.75000000 
0.12200    24483020.00000000 15622299.00000000 39104556.00000000 9047.41308594   895932.87500000 711491.43750000 
0.12300    24164148.00000000 15420139.00000000 38596516.00000000 8882.66503906   881105.62500000 699678.50000000 
0.12400    23853082.00000000 15223216.00000000 38101788.00000000 8720.36035156   866556.87500000 688089.00000000 
0.12500    23549718.00000000 15031007.00000000 37618508.00000000 8560.15136719   852250.93750000 676703.75000000 
0.12600    23253182.00000000 14843574.00000000 37147068.00000000 8401.94628906   838189.87500000 665516.43750000 
0.12700    22963102.00000000 14660370.00000000 36686100.00000000 8245.63378906   824330.81250000 654499.87500000 
0.12800    22679078.00000000 14481107.00000000 36234564.00000000 8090.88818359   810663.43750000 643634.00000000 
0.12900    22400386.00000000 14305432.00000000 35792264.00000000 7937.68652344   797172.75000000 632917.12500000 
0.13000    22126972.00000000 14133319.00000000 35358648.00000000 7785.88574219   783840.68750000 622329.62500000 
0.13100    21858358.00000000 13964230.00000000 34932172.00000000 7635.25195312   770648.93750000 611856.18750000 
0.13200    21593846.00000000 13798150.00000000 34512980.00000000 7485.81884766   757588.87500000 601490.68750000 
0.13300    21333420.00000000 13634706.00000000 34100084.00000000 7337.46240234   744643.87500000 591221.00000000 
0.13400    21076716.00000000 13473609.00000000 33693764.00000000 7190.07617188   731801.06250000 581040.06250000 
0.13500    20823232.00000000 13314780.00000000 33292332.00000000 7043.70703125   719056.25000000 570935.06250000 
0.13600    20572582.00000000 13158067.00000000 32895878.00000000 6898.18066406   706394.68750000 560903.93750000 
0.13700    20324918.00000000 13003177.00000000 32503972.00000000 6753.59716797   693812.50000000 550933.75000000 
0.13800    20079436.00000000 12849853.00000000 32116238.00000000 6609.87255859   681298.93750000 541023.50000000 
0.13900    19836230.00000000 12698148.00000000 31731750.00000000 6467.08984375   668852.31250000 531165.31250000 
0.14000    19595000.00000000 12547673.00000000 31350926.00000000 6325.15576172   656463.12500000 521361.46875000 
0.14100    19355608.00000000 12398500.00000000 30972836.00000000 6184.13867188   644131.75000000 511599.21875000 
0.14200    19117506.00000000 12250324.00000000 30597114.00000000 6044.06494141   631859.37500000 501882.87500000 
0.14300    18880948.00000000 12103052.00000000 30224036.00000000 5905.03271484   619634.43750000 492208.59375000 
0.14400    18645434.00000000 11956660.00000000 29852432.00000000 5766.98681641   607462.68750000 482573.03125000 
0.14500    18411076.00000000 11811066.00000000 29482976.00000000 5630.00195312   595340.18750000 472981.12500000 
0.14600    18177558.00000000 11666045.00000000 29115066.00000000 5494.21630859   583268.31250000 463427.78125000 
0.14700    17945248.00000000 11521588.00000000 28748618.00000000 5359.64453125   571251.81250000 453919.75000000 
0.14800    17713246.00000000 11377634.00000000 28383124.00000000 5226.31933594   559290.31250000 444447.90625000 
0.14900    17482114.00000000 11234138.00000000 28018630.00000000 5094.32519531   547382.06250000 435021.40625000 
0.15000    17251372.00000000 11090974.00000000 27655052.00000000 4963.78369141   535539.68750000 425643.56250000 
0.15100    17021246.00000000 10948107.00000000 27292606.00000000 4834.74707031   523753.65625000 416315.43750000 
0.15200    16791678.00000000 10805677.00000000 26930686.00000000 4707.27099609   512046.65625000 407037.84375000 
0.15300    16562610.00000000 10663397.00000000 26569746.00000000 4581.50097656   500407.00000000 397818.59375000 
0.15400    16333923.00000000 10521427.00000000 26209152.00000000 4457.45947266   488843.90625000 388653.37500000 
0.15500    16105589.00000000 10379718.00000000 25849492.00000000 4335.24804688   477362.25000000 379553.65625000 
0.15600    15877908.00000000 10238168.00000000 25490268.00000000 4214.91796875   465968.40625000 370516.00000000 
0.15700    15650653.00000000 10097027.00000000 25131994.00000000 4096.56542969   454665.87500000 361555.37500000 
0.15800    15423704.00000000 9955935.00000000 24774114.00000000 3980.31616211   443466.25000000 352666.43750000 
0.15900    15197393.00000000 9815185.00000000 24417094.00000000 3866.18212891   432369.43750000 343859.50000000 
0.16000    14971699.00000000 9674730.00000000 24060962.00000000 3754.22607422   421383.53125000 335135.12500000 
0.16100    14746711.00000000 9534619.00000000 23705616.00000000 3644.58984375   410515.25000000 326502.06250000 
0.16200    14522301.00000000 9394758.00000000 23351314.00000000 3537.27612305   399773.65625000 317960.21875000 
0.16300    14298664.00000000 9255247.00000000 22998104.00000000 3432.36694336   389156.50000000 309518.53125000 
0.16400    14075847.00000000 9116192.00000000 22645902.00000000 3329.93603516   378677.34375000 301179.84375000 
0.16500    13853981.00000000 8977589.00000000 22295136.00000000 3229.98901367   368339.12500000 292953.15625000 
0.16600    13633031.00000000 8839487.00000000 21945484.00000000 3132.62622070   358148.59375000 284835.90625000 
0.16700    13413072.00000000 8701849.00000000 21597472.00000000 3037.82739258   348108.06250000 276833.37500000 
0.16800    13194277.00000000 8564771.00000000 21251068.00000000 2945.70751953   338226.37500000 268955.46875000 
0.16900    12976784.00000000 8428430.00000000 20906524.00000000 2856.27856445   328509.50000000 261203.28125000 
0.17000    12760444.00000000 8292712.00000000 20563758.00000000 2769.53247070   318961.43750000 253580.82812500 
0.17100    12545640.00000000 8157667.50000000 20223016.00000000 2685.50683594   309584.90625000 246089.04687500 
0.17200    12332217.00000000 8023493.50000000 19884354.00000000 2604.23681641   300385.84375000 238738.17187500 
0.17300    12120456.00000000 7890098.00000000 19548200.00000000 2525.70288086   291369.28125000 231523.75000000 
0.17400    11910394.00000000 7757617.50000000 19214494.00000000 2449.94311523   282537.46875000 224456.29687500 
0.17500    11702036.00000000 7626104.50000000 18883236.00000000 2376.97753906   273898.09375000 217533.93750000 
0.17600    11495510.00000000 7495555.00000000 18554624.00000000 2306.71240234   265446.34375000 210760.35937500 
0.17700    11290904.00000000 7366092.00000000 18229222.00000000 2239.23315430   257193.84375000 204139.90625000 
0.17800    11088369.00000000 7237723.00000000 17906514.00000000 2174.45190430   249136.04687500 197671.92187500 
0.17900    10887890.00000000 7110515.00000000 17587160.00000000 2112.39282227   241282.31250000 191358.23437500 
0.18000    10689602.00000000 6984556.00000000 17270954.00000000 2053.01757812   233626.90625000 185204.35937500 
0.18100    10493681.00000000 6859881.00000000 16958262.00000000 1996.33105469   226180.82812500 179210.67187500 
0.18200    10299960.00000000 6736457.50000000 16648809.00000000 1942.20263672   218931.50000000 173372.40625000 
0.18300    10108687.00000000 6614439.00000000 16343404.00000000 1890.68249512   211889.73437500 167695.93750000 
0.18400    9919920.00000000 6493841.00000000 16041339.00000000 1841.66455078   205050.98437500 162179.57812500 
0.18500    9733722.00000000 6374666.00000000 15743365.00000000 1795.16723633   198420.84375000 156824.59375000 
0.18600    9550100.00000000 6256999.50000000 15449393.00000000 1751.06237793   191993.09375000 151628.89062500 
0.18700    9369143.00000000 6140860.50000000 15159272.00000000 1709.36779785   185769.06250000 146594.48437500 
0.18800    9190823.00000000 6026308.00000000 14873326.00000000 1669.95507812   179747.43750000 141718.01562500 
0.18900    9015431.00000000 5913336.50000000 14591785.00000000 1632.81860352   173929.64062500 137003.39062500 
0.19000    8842694.00000000 5801981.50000000 14314306.00000000 1597.83251953   168307.64062500 132442.34375000 
0.19100    8672944.00000000 5692413.50000000 14041398.00000000 1565.02929688   162887.50000000 128040.49218750 
0.19200    8505928.00000000 5584408.50000000 13772646.00000000 1534.21545410   157658.18750000 123789.38281250 
0.19300    8341947.50000000 5478186.00000000 13508674.00000000 1505.41345215   152622.56250000 119693.38281250 
0.19400    8180780.50000000 5373715.00000000 13249113.00000000 1478.49462891   147774.92187500 115744.23437500 
0.19500    8022656.00000000 5270967.00000000 12994072.00000000 1453.39550781   143112.67187500 111944.16406250 
0.19600    7867513.50000000 5170001.00000000 12743651.00000000 1430.04614258   138633.10937500 108288.76562500 
0.19700    7715327.50000000 5070822.50000000 12497838.00000000 1408.36291504   134331.45312500 104776.61718750 
0.19800    7566089.50000000 4973424.50000000 12256691.00000000 1388.27124023   130203.84375000 101400.14062500 
0.19900    7419966.50000000 4877855.50000000 12020234.00000000 1369.70629883   126247.57812500 98162.94531250  
0.20000    7276729.00000000 4784107.00000000 11788364.00000000 1352.52880859   122455.25781250 95055.64062500  
0.20100    7136559.00000000 4692147.50000000 11561258.00000000 1336.72680664   118824.51562500 92080.21875000  
0.20200    6999269.50000000 4601991.50000000 11338667.00000000 1322.19079590   115349.06250000 89227.13281250  
0.20300    6865018.00000000 4513674.00000000 11120834.00000000 1308.85009766   112025.64843750 86498.11718750  
0.20400    6733648.50000000 4427137.00000000 10907481.00000000 1296.60534668   108848.21875000 83885.78906250  
0.20500    6605233.50000000 4342379.50000000 10698790.00000000 1285.42687988   105812.29687500 81389.17968750  
0.20600    6479629.50000000 4259400.00000000 10494598.00000000 1275.15075684   102910.70312500 79000.37500000  
0.20700    6357014.00000000 4178247.25000000 10294995.00000000 1265.79492188   100141.56250000 76719.03125000  
0.20800    6237129.50000000 4098800.75000000 10099730.00000000 1257.21740723   97495.57031250  74538.13281250  
0.20900    6120148.00000000 4021159.25000000 9909142.00000000 1249.41918945   94974.30468750  72458.67968750  
0.21000    6005816.00000000 3945168.50000000 9722641.00000000 1242.22631836   92563.03125000  70469.60937500  
0.21100    5894194.00000000 3870890.75000000 9540487.00000000 1235.67211914   90262.14062500  68570.89843750  
0.21200    5785279.50000000 3798328.25000000 9362628.00000000 1229.62512207   88064.94531250  66756.37500000  
0.21300    5678924.50000000 3727361.50000000 9188839.00000000 1224.05383301   85965.34375000  65024.26171875  
0.21400    5575175.00000000 3658058.50000000 9019234.00000000 1218.88049316   83959.76562500  63369.22265625  
0.21500    5473960.50000000 3590377.50000000 8853667.00000000 1214.07348633   82043.83593750  61787.75781250  
0.21600    5375210.50000000 3524233.50000000 8691948.00000000 1209.53820801   80207.67187500  60273.61328125  
0.21700    5278813.00000000 3459654.50000000 8534159.00000000 1205.23425293   78451.28125000  58825.62890625  
0.21800    5184794.50000000 3396560.00000000 8380110.50000000 1201.12487793   76766.78125000  57437.84375000  
0.21900    5093001.00000000 3334934.00000000 8229713.50000000 1197.13000488   75147.72656250  56106.46093750  
0.22000    5003489.50000000 3274770.25000000 8082899.50000000 1193.23095703   73592.78906250  54828.23437500  
0.22100    4916207.00000000 3216046.50000000 7939682.00000000 1189.40075684   72098.37500000  53601.28125000  
0.22200    4830975.50000000 3158668.25000000 7799792.50000000 1185.58166504   70655.74218750  52419.94531250  
0.22300    4747774.00000000 3102631.50000000 7663267.50000000 1181.70422363   69262.75781250  51280.39062500  
0.22400    4666531.00000000 3047886.75000000 7529918.00000000 1177.77526855   67913.10937500  50179.09375000  
0.22500    4587316.00000000 2994467.25000000 7399798.50000000 1173.78381348   66608.02343750  49117.17578125  
0.22600    4509883.00000000 2942221.75000000 7272603.50000000 1169.63781738   65338.21875000  48085.24609375  
0.22700    4434272.00000000 2891226.25000000 7148451.00000000 1165.37255859   64103.08593750  47085.07812500  
0.22800    4360374.00000000 2841358.50000000 7027059.50000000 1160.93371582   62896.63281250  46110.97656250  
0.22900    4288162.50000000 2792624.50000000 6908412.00000000 1156.30004883   61716.93359375  45160.28906250  
0.23000    4217563.50000000 2744978.00000000 6792470.00000000 1151.48864746   60561.77343750  44232.58203125  
0.23100    4148547.00000000 2698416.00000000 6679104.50000000 1146.45446777   59426.84765625  43324.35156250  
0.23200    4080985.75000000 2652803.25000000 6568131.00000000 1141.18859863   58309.44531250  42431.69140625  
0.23300    4014888.75000000 2608202.00000000 6459594.00000000 1135.69836426   57206.83203125  41554.43750000  
0.23400    3950190.00000000 2564567.50000000 6353328.00000000 1129.97119141   56117.83593750  40690.42578125  
0.23500    3886712.50000000 2521787.00000000 6249165.00000000 1123.98510742   55036.82421875  39836.12890625  
0.23600    3824574.00000000 2479930.25000000 6147246.00000000 1117.77062988   53966.54296875  38992.42968750  
0.23700    3763653.25000000 2438921.50000000 6047324.50000000 1111.30615234   52902.59765625  38155.60937500  
0.23800    3703878.00000000 2398698.75000000 5949322.00000000 1104.60766602   51843.40625000  37325.73828125  
0.23900    3645167.75000000 2359259.50000000 5853148.00000000 1097.66516113   50787.37500000  36499.66015625  
0.24000    3587563.50000000 2320563.25000000 5758764.00000000 1090.50036621   49733.85156250  35677.86328125  
0.24100    3530999.00000000 2282618.50000000 5666176.00000000 1083.13476562   48683.23046875  34860.19531250  
0.24200    3475376.25000000 2245335.25000000 5575148.00000000 1075.55554199   47631.88671875  34043.85546875  
0.24300    3420692.00000000 2208709.50000000 5485728.50000000 1067.76391602   46580.12109375  33228.58984375  
0.24400    3366854.50000000 2172713.50000000 5397765.00000000 1059.80261230   45526.29687500  32413.63281250  
0.24500    3313873.00000000 2137355.25000000 5311262.50000000 1051.66784668   44471.25390625  31598.81054688  
0.24600    3261717.50000000 2102526.75000000 5226085.00000000 1043.38525391   43414.93359375  30784.14648438  
0.24700    3210329.25000000 2068302.62500000 5142273.00000000 1034.96179199   42356.61718750  29969.15039062  
0.24800    3159650.25000000 2034594.25000000 5059673.00000000 1026.42663574   41296.64062500  29153.53515625  
0.24900    3109651.25000000 2001384.00000000 4978261.00000000 1017.78692627   40233.55859375  28337.07031250  
0.25000    3060350.75000000 1968664.87500000 4898021.50000000 1009.06982422   39170.31640625  27520.13867188  
0.25100    3011663.50000000 1936407.00000000 4818826.50000000 1000.28027344   38104.72656250  26702.11328125  
0.25200    2963661.00000000 1904640.12500000 4740806.50000000 991.46575928    37039.94921875  25885.87695312  
0.25300    2916192.00000000 1873276.50000000 4663705.50000000 982.61914062    35974.21093750  25068.87304688  
0.25400    2869316.00000000 1842337.00000000 4587616.00000000 973.77307129    34909.36718750  24252.76562500  
0.25500    2822941.75000000 1811779.37500000 4512364.00000000 964.94580078    33845.35937500  23437.03125000  
0.25600    2777133.25000000 1781629.12500000 4438114.00000000 956.15008545    32783.70312500  22623.39257812  
0.25700    2731814.00000000 1751855.75000000 4364675.50000000 947.42071533    31724.53710938  21811.96093750  
0.25800    2686951.75000000 1722422.25000000 4292086.50000000 938.77056885    30670.54296875  21003.66406250  
0.25900    2642628.00000000 1693342.87500000 4220340.50000000 930.21264648    29621.28515625  20199.27539062  
0.26000    2598740.00000000 1664611.87500000 4149336.00000000 921.78015137    28578.31835938  19399.49609375  
0.26100    2555256.50000000 1636186.00000000 4079090.75000000 913.46807861    27541.31054688  18603.81250000  
0.26200    2512274.00000000 1608094.25000000 4009665.75000000 905.33831787    26514.82812500  17815.99609375  
0.26300    2469657.50000000 1580300.25000000 3940862.25000000 897.34820557    25496.25195312  17033.37890625  
0.26400    2427530.75000000 1552826.37500000 3872853.00000000 889.55432129    24488.89843750  16259.02441406  
0.26500    2385783.25000000 1525640.37500000 3805522.00000000 881.96752930    23493.93945312  15493.61718750  
0.26600    2344440.50000000 1498730.62500000 3738879.50000000 874.59039307    22511.55664062  14737.43164062  
0.26700    2303545.25000000 1472136.37500000 3672906.75000000 867.46112061    21544.27539062  13992.22851562  
0.26800    2263039.75000000 1445826.37500000 3607663.75000000 860.56738281    20592.93750000  13258.57812500  
0.26900    2222900.00000000 1419775.75000000 3543022.25000000 853.92932129    19657.11718750  12536.20800781  
0.27000    2183212.25000000 1394023.50000000 3479108.75000000 847.55810547    18740.20117188  11827.55175781  
0.27100    2143912.25000000 1368533.12500000 3415802.75000000 841.45190430    17841.71289062  11132.56738281  
0.27200    2105061.75000000 1343344.87500000 3353268.75000000 835.65917969    16965.82031250  10453.95800781  
0.27300    2066572.62500000 1318408.50000000 3291307.25000000 830.14691162    16108.50097656  9789.28710938   
0.27400    2028446.00000000 1293716.12500000 3229955.00000000 824.90893555    15271.87988281  9139.75097656   
0.27500    1990811.75000000 1269348.87500000 3169377.75000000 820.00244141    14461.83007812  8509.91796875   
0.27600    1953530.62500000 1245214.37500000 3109394.25000000 815.37902832    13672.85546875  7895.82421875   
0.27700    1916723.87500000 1221379.37500000 3050162.25000000 811.09576416    12911.35546875  7302.04687500   
0.27800    1880313.62500000 1197824.12500000 2991552.75000000 807.11035156    12174.53125000  6726.38281250   
0.27900    1844352.25000000 1174540.12500000 2933673.50000000 803.44323730    11464.33105469  6171.01562500   
0.28000    1808794.87500000 1151531.75000000 2876470.75000000 800.08422852    10781.36621094  5635.73779297   
0.28100    1773703.12500000 1128811.62500000 2819958.75000000 797.04248047    10125.97558594  5121.23144531   
0.28200    1739057.25000000 1106383.62500000 2764192.75000000 794.31286621    9499.61914062   4628.76025391   
0.28300    1704859.37500000 1084239.62500000 2709125.50000000 791.88836670    8902.03417969   4157.64843750   
0.28400    1671110.12500000 1062369.50000000 2654768.50000000 789.75970459    8332.76953125   3708.30761719   
0.28500    1637853.87500000 1040812.43750000 2601183.25000000 787.93811035    7794.66210938   3282.19946289   
0.28600    1605019.00000000 1019537.06250000 2548284.00000000 786.39367676    7285.11035156   2877.84497070   
0.28700    1572687.12500000 998572.81250000 2496185.75000000 785.13922119    6806.38671875   2496.80908203   
0.28800    1540813.62500000 977889.06250000 2444798.75000000 784.15643311    6357.34082031   2138.64794922   
0.28900    1509469.75000000 957544.62500000 2394239.00000000 783.45117188    5939.68408203   1804.27380371   
0.29000    1478581.62500000 937471.87500000 2344424.50000000 782.98712158    5551.59228516   1492.29687500   
0.29100    1448218.12500000 917738.00000000 2295410.00000000 782.78216553    5194.26708984   1204.32653809   
0.29200    1418331.00000000 898302.06250000 2247156.00000000 782.81518555    4866.97607422   939.33477783    
0.29300    1388984.87500000 879190.50000000 2199756.00000000 783.06866455    4570.33691406   697.99139404    
0.29400    1360099.37500000 860372.06250000 2153073.00000000 783.52685547    4301.80419922   478.09088135    
0.29500    1331765.12500000 841901.81250000 2107274.00000000 784.20739746    4064.42895508   282.47061157    
0.29600    1303924.50000000 823734.62500000 2062237.87500000 785.06372070    3855.12036133   108.44430542    
0.29700    1276588.62500000 805893.68750000 2018022.12500000 786.09313965    3673.87451172   -43.48259354    
0.29800    1249800.87500000 788379.93750000 1974666.25000000 787.29614258    3521.59448242   -172.88458252   
0.29900    1223550.37500000 771202.37500000 1932119.12500000 788.64361572    3397.02416992   -280.66299438   
0.30000    1197793.00000000 754335.00000000 1890377.62500000 790.12493896    3298.61376953   -368.06762695   
0.30100    1172579.25000000 737812.56250000 1849510.87500000 791.73852539    3227.47924805   -434.09887695   
0.30200    1147869.75000000 721599.31250000 1809421.75000000 793.45373535    3181.00805664   -480.50405884   
0.30300    1123719.25000000 705732.68750000 1770216.37500000 795.27416992    3159.83105469   -506.84786987   
0.30400    1100103.37500000 690203.12500000 1731841.50000000 797.17871094    3163.17675781   -513.66436768   
0.30500    1076977.50000000 674976.37500000 1694265.00000000 799.13830566    3189.05004883   -502.94619751   
0.30600    1054365.87500000 660083.18750000 1657517.37500000 801.16326904    3237.35473633   -474.07037354   
0.30700    1032324.56250000 645539.37500000 1621659.50000000 803.23913574    3308.46337891   -427.06588745   
0.30800    1010763.56250000 631300.56250000 1586565.50000000 805.33551025    3399.17749023   -364.26818848   
0.30900    989746.37500000 617406.25000000 1552344.12500000 807.46563721    3510.58691406   -284.75866699   
0.31000    969239.06250000 603835.18750000 1518923.25000000 809.59674072    3640.71679688   -190.02290344   
0.31100    949232.43750000 590576.25000000 1486291.62500000 811.72094727    3788.63378906   -80.89627075    
0.31200    929738.25000000 577641.37500000 1454492.75000000 813.83496094    3953.44360352   42.10971832     
0.31300    910748.18750000 565030.93750000 1423498.62500000 815.92663574    4134.71582031   178.57662964    
0.31400    892277.75000000 552747.50000000 1393332.12500000 817.98559570    4331.51123047   328.00778198    
0.31500    874278.06250000 540761.81250000 1363898.00000000 819.99035645    4541.83398438   488.44497681    
0.31600    856769.37500000 529097.75000000 1335276.12500000 821.94799805    4765.76269531   660.35595703    
0.31700    839746.56250000 517738.90625000 1307434.62500000 823.84661865    5002.54443359   843.12042236    
0.31800    823187.68750000 506686.56250000 1280330.75000000 825.65814209    5249.17333984   1034.19982910   
0.31900    807132.18750000 495938.68750000 1254024.00000000 827.41998291    5508.22509766   1235.56640625   
0.32000    791517.93750000 485491.46875000 1228450.25000000 829.07659912    5775.53515625   1444.65039062   
0.32100    776354.50000000 475329.75000000 1203580.50000000 830.65362549    6051.50634766   1660.91857910   
0.32200    761670.37500000 465473.34375000 1179487.37500000 832.13751221    6336.15283203   1885.01123047   
0.32300    747382.50000000 455877.84375000 1156044.12500000 833.51055908    6626.05859375   2113.90576172   
0.32400    733547.31250000 446575.50000000 1133321.62500000 834.78100586    6922.40429688   2348.74902344   
0.32500    720132.62500000 437545.59375000 1111288.00000000 835.93395996    7223.82519531   2588.10400391   
0.32600    707134.93750000 428793.90625000 1089933.00000000 836.98718262    7529.71484375   2831.87109375   
0.32700    694548.68750000 420305.46875000 1069234.62500000 837.92181396    7839.18554688   3079.32299805   
0.32800    682390.00000000 412092.90625000 1049234.00000000 838.74377441    8152.06494141   3330.04248047   
0.32900    670592.62500000 404119.78125000 1029814.62500000 839.44091797    8466.10351562   3582.51269531   
0.33000    659198.25000000 396417.34375000 1011068.18750000 840.02319336    8781.88964844   3837.06445312   
0.33100    648131.68750000 388928.03125000 992851.06250000 840.46893311    9097.23339844   4092.15014648   
0.33200    637501.06250000 381726.34375000 975335.75000000 840.81597900    9414.74707031   4349.33496094   
0.33300    627188.56250000 374731.18750000 958340.93750000 841.02941895    9730.08398438   4605.75878906   
0.33400    617242.12500000 367987.28125000 941947.81250000 841.13256836    10045.36718750  4862.65625000   
0.33500    607617.56250000 361452.06250000 926091.56250000 841.11206055    10358.10742188  5118.21679688   
0.33600    598324.18750000 355141.25000000 910760.81250000 840.97021484    10668.53125000  5372.61279297   
0.33700    589357.00000000 349042.59375000 895975.56250000 840.72119141    10976.55468750  5625.80468750   
0.33800    580715.25000000 343164.90625000 881711.56250000 840.35717773    11281.99707031  5877.31103516   
0.33900    572359.93750000 337472.78125000 867913.87500000 839.87493896    11582.75488281  6126.03222656   
0.34000    564305.12500000 331986.00000000 854629.50000000 839.29144287    11880.10742188  6372.34716797   
0.34100    556533.50000000 326693.00000000 841813.00000000 838.59802246    12173.14843750  6615.51757812   
0.34200    549073.62500000 321606.59375000 829494.75000000 837.82464600    12462.59277344  6856.57910156   
0.34300    541843.81250000 316681.93750000 817566.50000000 836.92572021    12745.91015625  7093.25537109   
0.34400    534922.37500000 311956.34375000 806140.68750000 835.95428467    13025.42773438  7327.28662109   
0.34500    528229.06250000 307383.56250000 795084.31250000 834.88659668    13299.01367188  7556.69531250   
0.34600    521813.87500000 303002.71875000 784492.06250000 833.73553467    13567.76562500  7783.07812500   
0.34700    515598.37500000 298754.84375000 774227.56250000 832.49554443    13829.62109375  8004.03466797   
0.34800    509632.62500000 294682.28125000 764382.31250000 831.17742920    14086.19140625  8221.08691406   
0.34900    503899.68750000 290762.00000000 754916.81250000 829.78375244    14337.37011719  8434.19824219   
0.35000    498378.56250000 286985.25000000 745797.81250000 828.32464600    14581.73144531  8642.03222656   
0.35100    493090.34375000 283369.81250000 737070.43750000 826.80255127    14821.29492188  8846.28515625   
0.35200    487968.00000000 279863.21875000 728615.00000000 825.20721436    15053.34472656  9044.77636719   
0.35300    483054.34375000 276502.21875000 720496.43750000 823.55358887    15279.36132812  9238.38183594   
0.35400    478353.09375000 273282.06250000 712742.56250000 821.84570312    15499.92089844  9427.83789062   
0.35500    473830.15625000 270183.78125000 705254.43750000 820.08526611    15714.01464844  9612.19335938   
0.35600    469466.68750000 267193.00000000 698054.50000000 818.27355957    15921.56738281  9791.54101562   
0.35700    465286.09375000 264328.87500000 691152.43750000 816.41217041    16123.28613281  9966.12304688   
0.35800    461284.50000000 261585.65625000 684542.75000000 814.51373291    16319.19140625  10136.11035156  
0.35900    457441.46875000 258947.15625000 678190.56250000 812.57788086    16509.04492188  10301.25781250  
0.36000    453771.00000000 256425.50000000 672125.75000000 810.60748291    16693.68554688  10462.00292969  
0.36100    450222.81250000 253989.14062500 666256.25000000 808.58325195    16871.64453125  10617.30664062  
0.36200    446869.28125000 251682.82812500 660716.50000000 806.54840088    17045.39062500  10769.36035156  
0.36300    443611.81250000 249438.15625000 655323.06250000 804.47454834    17211.91015625  10915.28222656  
0.36400    440494.18750000 247290.71875000 650159.75000000 802.35766602    17373.01757812  11056.99218750  
0.36500    437507.46875000 245229.93750000 645222.43750000 800.20837402    17528.75976562  11194.16015625  
0.36600    434682.93750000 243272.95312500 640526.25000000 798.06365967    17680.50000000  11327.80078125  
0.36700    431947.31250000 241376.51562500 635981.06250000 795.86401367    17825.58789062  11456.04589844  
0.36800    429382.62500000 239596.54687500 631720.37500000 793.65747070    17967.63671875  11581.64355469  
0.36900    426916.62500000 237878.92187500 627612.68750000 791.42163086    18104.38867188  11702.68261719  
0.37000    424521.96875000 236211.09375000 623629.06250000 789.14971924    18234.79296875  11818.47167969  
0.37100    422252.03125000 234624.25000000 619837.68750000 786.85290527    18360.91210938  11930.60839844  
0.37200    420119.71875000 233126.26562500 616276.18750000 784.54730225    18484.08789062  12040.01953125  
0.37300    418066.56250000 231676.64062500 612824.93750000 782.20159912    18601.46093750  12144.66992188  
0.37400    416127.15625000 230304.82812500 609565.68750000 779.84674072    18715.93359375  12246.59179688  
0.37500    414285.03125000 228990.75000000 606466.43750000 777.45788574    18825.84570312  12344.67285156  
0.37600    412542.15625000 227746.50000000 603517.00000000 775.04351807    18931.54492188  12439.12402344  
0.37700    410869.43750000 226540.46875000 600678.93750000 772.59967041    19033.10546875  12529.99707031  
0.37800    409299.56250000 225401.89062500 598005.06250000 770.12371826    19131.25390625  12617.89746094  
0.37900    407837.03125000 224329.70312500 595494.56250000 767.62933350    19226.33007812  12703.20507812  
0.38000    406433.71875000 223296.26562500 593083.37500000 765.09948730    19317.10937500  12784.61328125  
0.38100    405098.43750000 222302.95312500 590771.18750000 762.52362061    19403.59570312  12862.48925781  
0.38200    403863.43750000 221375.18750000 588616.68750000 759.92712402    19487.93554688  12938.31250000  
0.38300    402682.75000000 220479.75000000 586553.75000000 757.27850342    19567.74414062  13010.37695312  
0.38400    401607.34375000 219647.59375000 584652.00000000 754.60601807    19645.31835938  13080.28808594  
0.38500    400570.56250000 218835.50000000 582798.43750000 751.88452148    19718.56835938  13146.68652344  
0.38600    399637.46875000 218091.62500000 581110.68750000 749.13574219    19789.97851562  13211.38085938  
0.38700    398740.62500000 217362.42187500 579469.12500000 746.32800293    19856.69140625  13272.17675781  
0.38800    397910.03125000 216678.20312500 577942.87500000 743.48199463    19920.71289062  13330.70605469  
0.38900    397138.25000000 216025.81250000 576497.37500000 740.58605957    19981.25195312  13386.33300781  
0.39000    396457.34375000 215432.81250000 575197.00000000 737.64764404    20039.94726562  13440.25683594  
0.39100    395808.96875000 214852.65625000 573941.75000000 734.65722656    20094.89062500  13491.02539062  
0.39200    395232.65625000 214315.60937500 572785.06250000 731.62011719    20146.75585938  13539.50292969  
0.39300    394691.65625000 213799.17187500 571690.56250000 728.52337646    20195.54687500  13585.05078125  
0.39400    394238.84375000 213334.21875000 570733.37500000 725.37994385    20241.81835938  13629.08984375  
0.39500    393795.37500000 212874.23437500 569779.81250000 722.17303467    20284.09570312  13669.51367188  
0.39600    393409.43750000 212445.45312500 568914.87500000 718.90875244    20323.43359375  13707.80859375  
0.39700    393064.37500000 212039.17187500 568112.31250000 715.59326172    20359.87500000  13743.54785156  
0.39800    392783.25000000 211671.59375000 567402.18750000 712.22418213    20393.57421875  13777.38964844  
0.39900    392526.06250000 211317.96875000 566728.56250000 708.78808594    20423.77343750  13808.42480469  
0.40000    392314.62500000 210984.01562500 566115.93750000 705.29345703    20450.88085938  13837.10449219  
0.40100    392127.96875000 210669.40625000 565544.81250000 701.73956299    20474.50781250  13863.06347656  
0.40200    391999.12500000 210384.43750000 565053.00000000 698.13323975    20495.66796875  13887.14355469  
0.40300    391873.90625000 210103.21875000 564577.43750000 694.45452881    20512.61523438  13908.03027344  
0.40400    391799.06250000 209847.78125000 564169.12500000 690.72521973    20527.08789062  13927.12207031  
0.40500    391742.93750000 209603.32812500 563791.12500000 686.93743896    20537.73242188  13943.51562500  
0.40600    391739.00000000 209386.75000000 563482.25000000 683.09289551    20546.26562500  13958.13281250  
0.40700    391738.87500000 209173.48437500 563179.37500000 679.18811035    20550.54101562  13969.78027344  
0.40800    391763.09375000 208969.98437500 562908.93750000 675.22583008    20551.57226562  13978.85351562  
0.40900    391794.50000000 208777.07812500 562664.00000000 671.20581055    20549.02539062  13985.44433594  
0.41000    391874.37500000 208602.20312500 562477.68750000 667.14172363    20543.73242188  13990.36718750  
0.41100    391948.65625000 208430.12500000 562291.37500000 663.02117920    20534.47656250  13992.05468750  
0.41200    392032.65625000 208260.00000000 562104.81250000 658.84033203    20521.56445312  13991.24707031  
0.41300    392145.93750000 208110.67187500 561976.68750000 654.61926270    20505.83007812  13988.62792969  
0.41400    392250.31250000 207953.73437500 561823.75000000 650.35491943    20486.20703125  13983.25683594  
0.41500    392386.75000000 207812.04687500 561719.56250000 646.04309082    20463.52539062  13975.64746094  
0.41600    392491.34375000 207654.65625000 561567.93750000 641.68090820    20436.25781250  13964.81054688  
0.41700    392631.09375000 207519.04687500 561471.81250000 637.29235840    20406.92382812  13952.47949219  
0.41800    392791.09375000 207395.54687500 561410.18750000 632.86889648    20374.65820312  13938.29785156  
0.41900    392885.68750000 207233.28125000 561243.43750000 628.39184570    20336.38671875  13919.90136719  
0.42000    393025.78125000 207095.34375000 561151.12500000 623.90502930    20296.46289062  13900.33886719  
0.42100    393162.15625000 206963.98437500 561059.12500000 619.38897705    20253.24218750  13878.59863281  
0.42200    393289.78125000 206823.87500000 560947.68750000 614.84460449    20206.48242188  13854.51757812  
0.42300    393390.68750000 206669.14062500 560796.56250000 610.27429199    20155.72851562  13827.39355469  
0.42400    393489.03125000 206515.67187500 560651.12500000 605.68499756    20101.64843750  13798.27636719  
0.42500    393580.21875000 206359.76562500 560491.31250000 601.09155273    20044.64257812  13767.04199219  
0.42600    393643.78125000 206186.18750000 560284.37500000 596.46966553    19983.73632812  13733.21484375  
0.42700    393712.43750000 206026.03125000 560111.00000000 591.85986328    19920.73046875  13698.02929688  
0.42800    393746.09375000 205841.75000000 559870.31250000 587.23577881    19853.65039062  13659.94335938  
0.42900    393795.15625000 205669.68750000 559659.25000000 582.62408447    19784.24414062  13620.66406250  
0.43000    393800.06250000 205478.03125000 559389.06250000 578.00775146    19711.30078125  13578.69433594  
0.43100    393758.34375000 205259.62500000 559048.81250000 573.39086914    19634.66210938  13534.15136719  
0.43200    393730.15625000 205054.03125000 558738.06250000 568.79895020    19556.36914062  13488.67187500  
0.43300    393659.00000000 204826.17187500 558365.12500000 564.20751953    19474.26171875  13440.51171875  
0.43400    393568.84375000 204592.20312500 557971.31250000 559.64343262    19389.49804688  13390.77050781  
0.43500    393441.68750000 204338.17187500 557522.68750000 555.09594727    19301.97460938  13339.03906250  
0.43600    393317.96875000 204093.03125000 557086.43750000 550.59082031    19213.08398438  13286.39160156  
0.43700    393134.84375000 203815.21875000 556560.12500000 546.10101318    19120.34375000  13231.02734375  
0.43800    392908.65625000 203520.75000000 555981.93750000 541.63415527    19024.93750000  13174.08007812  
0.43900    392674.43750000 203221.18750000 555394.87500000 537.21801758    18927.85351562  13116.08300781  
0.44000    392402.71875000 202910.85937500 554764.06250000 532.83111572    18828.48632812  13056.29394531  
0.44100    392099.62500000 202581.92187500 554084.50000000 528.49481201    18726.84765625  12995.16796875  
0.44200    391761.53125000 202242.92187500 553369.00000000 524.19470215    18623.25976562  12932.67675781  
0.44300    391392.78125000 201890.46875000 552606.00000000 519.94970703    18517.62695312  12868.97656250  
0.44400    390994.59375000 201523.70312500 551809.12500000 515.75469971    18410.51171875  12804.09277344  
0.44500    390521.56250000 201119.93750000 550901.18750000 511.60321045    18300.33789062  12737.10937500  
0.44600    390028.31250000 200708.96875000 549977.25000000 507.50848389    18188.99414062  12669.39257812  
0.44700    389521.09375000 200300.68750000 549044.81250000 503.48306274    18076.86132812  12601.14550781  
0.44800    388943.87500000 199856.00000000 548009.18750000 499.50497437    17962.38085938  12531.30273438  
0.44900    388360.25000000 199415.46875000 546972.25000000 495.60205078    17847.56835938  12461.15429688  
0.45000    387744.37500000 198959.96875000 545889.25000000 491.76376343    17731.62500000  12390.37988281  
0.45100    387048.50000000 198467.17187500 544708.25000000 487.97262573    17612.89257812  12317.74511719  
0.45200    386346.81250000 197974.54687500 543520.87500000 484.26754761    17494.40429688  12245.11718750  
0.45300    385588.21875000 197457.68750000 542249.31250000 480.62615967    17374.47460938  12171.45214844  
0.45400    384805.43750000 196932.46875000 540959.18750000 477.05368042    17253.91406250  12097.46289062  
0.45500    383986.21875000 196393.57812500 539623.18750000 473.55438232    17132.88085938  12023.19238281  
0.45600    383121.50000000 195834.35937500 538217.37500000 470.12228394    17010.40820312  11947.89062500  
0.45700    382227.90625000 195266.04687500 536790.56250000 466.76934814    16888.18750000  11872.64160156  
0.45800    381283.43750000 194674.25000000 535284.87500000 463.48724365    16764.91210938  11796.81640625  
0.45900    380307.34375000 194069.73437500 533743.93750000 460.28079224    16641.25195312  11720.45019531  
0.46000    379322.90625000 193470.15625000 532201.00000000 457.15838623    16518.54296875  11644.98632812  
0.46100    378255.28125000 192827.79687500 530541.12500000 454.09307861    16393.73828125  11567.83593750  
0.46200    377194.37500000 192196.01562500 528904.62500000 451.11456299    16270.11035156  11491.71582031  
0.46300    376087.25000000 191544.23437500 527198.37500000 448.21124268    16146.19433594  11415.07519531  
0.46400    374931.87500000 190870.64062500 525436.31250000 445.37866211    16021.97656250  11338.30371094  
0.46500    373769.96875000 190200.51562500 523670.84375000 442.62783813    15898.33398438  11262.02343750  
0.46600    372561.03125000 189509.26562500 521839.06250000 439.94607544    15774.50781250  11185.44433594  
0.46700    371306.21875000 188798.54687500 519956.06250000 437.33468628    15650.65234375  11108.65136719  
0.46800    370066.21875000 188102.57812500 518089.25000000 434.80581665    15528.09863281  11032.93945312  
0.46900    368759.21875000 187371.45312500 516138.84375000 432.33923340    15404.87500000  10956.53027344  
0.47000    367433.62500000 186636.68750000 514163.46875000 429.94656372    15282.12402344  10880.59863281  
0.47100    366089.96875000 185899.12500000 512174.53125000 427.62686157    15160.28515625  10805.22070312  
0.47200    364721.50000000 185148.82812500 510147.87500000 425.37969971    15039.02929688  10730.04492188  
0.47300    363338.93750000 184401.10937500 508117.78125000 423.19894409    14918.53320312  10655.54492188  
0.47400    361901.53125000 183622.67187500 506001.96875000 421.07446289    14797.58886719  10580.52050781  
0.47500    360464.43750000 182854.96875000 503901.06250000 419.02810669    14678.15234375  10506.54394531  
0.47600    359032.31250000 182088.93750000 501806.68750000 417.05142212    14560.12988281  10433.49218750  
0.47700    357524.50000000 181288.82812500 499609.68750000 415.12036133    14440.87792969  10359.42871094  
0.47800    356033.21875000 180499.07812500 497439.18750000 413.25866699    14323.62011719  10286.85449219  
0.47900    354535.71875000 179713.32812500 495274.31250000 411.45877075    14207.36425781  10214.98828125  
0.48000    352994.93750000 178905.32812500 493040.71875000 409.71612549    14091.12500000  10142.81640625  
0.48100    351488.62500000 178121.28125000 490868.84375000 408.03762817    13977.02050781  10072.28613281  
0.48200    349903.90625000 177296.93750000 488581.06250000 406.39450073    13861.72460938  10000.76953125  
0.48300    348328.96875000 176481.20312500 486314.90625000 404.81927490    13748.03320312  9930.36035156   
0.48400    346762.84375000 175671.28125000 484058.81250000 403.28796387    13635.79199219  9860.93945312   
0.48500    345178.09375000 174856.62500000 481780.59375000 401.81478882    13524.08593750  9791.73242188   
0.48600    343600.34375000 174047.29687500 479520.78125000 400.39331055    13413.54589844  9723.51367188   
0.48700    342001.93750000 173231.37500000 477236.34375000 399.01464844    13303.75781250  9655.56347656   
0.48800    340379.53125000 172402.31250000 474910.50000000 397.67092896    13194.03906250  9587.61914062   
0.48900    338768.68750000 171580.43750000 472610.15625000 396.37966919    13085.60449219  9520.57421875   
0.49000    337157.75000000 170765.42187500 470314.62500000 395.13037109    12978.57324219  9454.49023438   
0.49100    335558.93750000 169958.10937500 468041.18750000 393.93002319    12872.69433594  9389.20996094   
0.49200    333936.93750000 169135.17187500 465720.78125000 392.75659180    12766.65917969  9323.74121094   
0.49300    332322.40625000 168322.81250000 463424.68750000 391.62655640    12662.20312500  9259.32812500   
0.49400    330713.28125000 167508.35937500 461127.59375000 390.53155518    12558.34179688  9195.33984375   
0.49500    329092.53125000 166695.03125000 458824.21875000 389.47106934    12455.31835938  9131.92968750   
0.49600    327498.81250000 165894.60937500 456558.75000000 388.45150757    12353.70507812  9069.48730469   
0.49700    325885.21875000 165085.14062500 454262.56250000 387.45480347    12252.14160156  9007.01074219   
0.49800    324292.65625000 164288.92187500 452005.25000000 386.49670410    12152.16796875  8945.77734375   
0.49900    322688.56250000 163482.95312500 449717.96875000 385.55557251    12052.10742188  8884.29003906   
0.50000    321105.34375000 162691.70312500 447469.96875000 384.66006470    11953.72656250  8823.95312500   
