# SAXS profile: number of points = 501, q_min = 0, q_max = 0.5, delta_q = 0.001
#    q    intensity 
0.00000    162237344.00000000 101201792.00000000 256272032.00000000 91876.28906250  7721628.00000000 6098515.50000000 
0.00100    162213264.00000000 101186248.00000000 256232288.00000000 91857.32031250  7720240.00000000 6097415.00000000 
0.00200    162138736.00000000 101139304.00000000 256113232.00000000 91800.89062500  7716036.50000000 6094124.00000000 
0.00300    162013664.00000000 101061120.00000000 255915648.00000000 91706.51562500  7709028.00000000 6088594.00000000 
0.00400    161837280.00000000 100952528.00000000 255636992.00000000 91574.42187500  7699254.00000000 6080903.00000000 
0.00500    161610528.00000000 100811992.00000000 255281920.00000000 91405.14843750  7686669.50000000 6070981.50000000 
0.00600    161333728.00000000 100641080.00000000 254846880.00000000 91198.50000000  7671345.50000000 6058945.00000000 
0.00700    161007984.00000000 100439216.00000000 254334032.00000000 90955.05468750  7653242.00000000 6044697.50000000 
0.00800    160632080.00000000 100207088.00000000 253743392.00000000 90675.26562500  7632452.50000000 6028330.00000000 
0.00900    160207712.00000000 99944632.00000000 253076160.00000000 90358.48437500  7608910.00000000 6009802.50000000 
0.01000    159733872.00000000 99652032.00000000 252332288.00000000 90006.19531250  7582733.00000000 5989174.50000000 
0.01100    159213344.00000000 99330136.00000000 251513600.00000000 89618.71875000  7553883.50000000 5966487.50000000 
0.01200    158644336.00000000 98978512.00000000 250619776.00000000 89195.67187500  7522409.00000000 5941709.50000000 
0.01300    158029296.00000000 98598360.00000000 249652000.00000000 88738.15625000  7488353.50000000 5914904.50000000 
0.01400    157369232.00000000 98189152.00000000 248611072.00000000 88246.53906250  7451778.50000000 5886084.00000000 
0.01500    156661328.00000000 97751576.00000000 247498176.00000000 87721.67187500  7412662.00000000 5855296.50000000 
0.01600    155908816.00000000 97285984.00000000 246314208.00000000 87164.23437500  7371102.00000000 5822557.00000000 
0.01700    155112000.00000000 96793048.00000000 245061392.00000000 86574.26562500  7327087.50000000 5787925.00000000 
0.01800    154272048.00000000 96273048.00000000 243738640.00000000 85953.19531250  7280723.00000000 5751424.50000000 
0.01900    153388624.00000000 95726760.00000000 242350704.00000000 85301.71093750  7232042.00000000 5713075.50000000 
0.02000    152463536.00000000 95154696.00000000 240894848.00000000 84619.83593750  7181069.50000000 5672936.00000000 
0.02100    151498336.00000000 94557072.00000000 239374816.00000000 83908.66406250  7127891.50000000 5631047.00000000 
0.02200    150491856.00000000 93934480.00000000 237792464.00000000 83170.00000000  7072532.00000000 5587479.00000000 
0.02300    149446944.00000000 93287520.00000000 236148528.00000000 82402.87500000  7015069.50000000 5542247.00000000 
0.02400    148363520.00000000 92617200.00000000 234444096.00000000 81609.89843750  6955601.00000000 5495413.00000000 
0.02500    147244128.00000000 91923688.00000000 232680912.00000000 80791.36718750  6894124.50000000 5446978.00000000 
0.02600    146087152.00000000 91208416.00000000 230861856.00000000 79947.89843750  6830703.00000000 5397082.00000000 
0.02700    144894928.00000000 90471048.00000000 228986816.00000000 79080.41406250  6765479.00000000 5345693.50000000 
0.02800    143669296.00000000 89712360.00000000 227058752.00000000 78190.66406250  6698397.50000000 5292921.50000000 
0.02900    142411296.00000000 88933208.00000000 225079232.00000000 77278.90625000  6629676.00000000 5238733.00000000 
0.03000    141122160.00000000 88135024.00000000 223049136.00000000 76346.18750000  6559263.00000000 5183317.50000000 
0.03100    139801520.00000000 87317608.00000000 220970880.00000000 75394.38281250  6487285.00000000 5126623.50000000 
0.03200    138451856.00000000 86482184.00000000 218846944.00000000 74423.10156250  6413811.50000000 5068733.00000000 
0.03300    137074112.00000000 85629408.00000000 216678992.00000000 73434.73437500  6338913.00000000 5009763.50000000 
0.03400    135670608.00000000 84759600.00000000 214469136.00000000 72429.42968750  6262626.50000000 4949636.00000000 
0.03500    134239648.00000000 83874240.00000000 212218160.00000000 71408.88281250  6185096.50000000 4888590.50000000 
0.03600    132785344.00000000 82973488.00000000 209929168.00000000 70374.11718750  6106300.00000000 4826518.50000000 
0.03700    131307624.00000000 82058536.00000000 207604000.00000000 69325.60937500  6026404.50000000 4763584.50000000 
0.03800    129808512.00000000 81129832.00000000 205243808.00000000 68265.10937500  5945476.00000000 4699817.50000000 
0.03900    128288504.00000000 80188328.00000000 202850672.00000000 67193.36718750  5863537.00000000 4635266.50000000 
0.04000    126749672.00000000 79234584.00000000 200428896.00000000 66111.25000000  5780679.50000000 4570023.00000000 
0.04100    125192608.00000000 78270784.00000000 197977184.00000000 65020.90625000  5696996.50000000 4504076.50000000 
0.04200    123619168.00000000 77295256.00000000 195500880.00000000 63922.25000000  5612585.50000000 4437578.50000000 
0.04300    122029840.00000000 76310864.00000000 192998720.00000000 62816.65625000  5527478.50000000 4370497.50000000 
0.04400    120426880.00000000 75317744.00000000 190475376.00000000 61705.41406250  5441800.50000000 4302998.00000000 
0.04500    118811704.00000000 74315784.00000000 187931264.00000000 60589.63281250  5355593.50000000 4235052.00000000 
0.04600    117184264.00000000 73307272.00000000 185367808.00000000 59469.98828125  5268914.50000000 4166750.00000000 
0.04700    115546808.00000000 72292896.00000000 182790400.00000000 58348.22656250  5181889.00000000 4098157.00000000 
0.04800    113900312.00000000 71272408.00000000 180197792.00000000 57224.43359375  5094532.00000000 4029320.25000000 
0.04900    112246680.00000000 70247416.00000000 177594032.00000000 56100.49609375  5006993.50000000 3960317.75000000 
0.05000    110586488.00000000 69218104.00000000 174979152.00000000 54976.75781250  4919264.00000000 3891170.25000000 
0.05100    108921192.00000000 68185288.00000000 172355600.00000000 53854.53125000  4831486.00000000 3821960.25000000 
0.05200    107251872.00000000 67149696.00000000 169726576.00000000 52734.97656250  4743633.50000000 3752747.25000000 
0.05300    105579680.00000000 66112904.00000000 167093568.00000000 51618.16015625  4655885.00000000 3683559.00000000 
0.05400    103906568.00000000 65074912.00000000 164457984.00000000 50506.28515625  4568278.50000000 3614470.00000000 
0.05500    102233128.00000000 64036600.00000000 161820896.00000000 49398.87500000  4480816.00000000 3545519.00000000 
0.05600    100560512.00000000 62998660.00000000 159185104.00000000 48298.01562500  4393659.50000000 3476778.00000000 
0.05700    98889648.00000000 61961960.00000000 156553008.00000000 47203.74609375  4306803.50000000 3408293.00000000 
0.05800    97221816.00000000 60926948.00000000 153924928.00000000 46117.43359375  4220303.00000000 3340077.00000000 
0.05900    95558552.00000000 59894612.00000000 151305008.00000000 45039.27343750  4134265.50000000 3272225.25000000 
0.06000    93899944.00000000 58865024.00000000 148691792.00000000 43970.66406250  4048714.25000000 3204753.75000000 
0.06100    92248824.00000000 57839636.00000000 146089088.00000000 42911.82421875  3963729.50000000 3137721.25000000 
0.06200    90604536.00000000 56818736.00000000 143497232.00000000 41863.76171875  3879358.50000000 3071163.25000000 
0.06300    88968656.00000000 55802860.00000000 140918320.00000000 40827.19140625  3795673.50000000 3005143.00000000 
0.06400    87342088.00000000 54792192.00000000 138354560.00000000 39802.25781250  3712659.00000000 2939663.50000000 
0.06500    85725536.00000000 53788432.00000000 135806592.00000000 38790.37500000  3630461.50000000 2874803.75000000 
0.06600    84120800.00000000 52791156.00000000 133276104.00000000 37791.29687500  3549041.25000000 2810571.50000000 
0.06700    82527136.00000000 51801208.00000000 130764336.00000000 36806.43359375  3468494.75000000 2746986.00000000 
0.06800    80947152.00000000 50819320.00000000 128272664.00000000 35835.43750000  3388838.75000000 2684133.50000000 
0.06900    79380752.00000000 49845340.00000000 125802576.00000000 34879.44921875  3310146.50000000 2622012.00000000 
0.07000    77828656.00000000 48880696.00000000 123355248.00000000 33938.82031250  3232411.25000000 2560659.75000000 
0.07100    76291896.00000000 47925280.00000000 120931728.00000000 33013.46875000  3155724.50000000 2500107.00000000 
0.07200    74770784.00000000 46979760.00000000 118532888.00000000 32104.30468750  3080073.25000000 2440374.25000000 
0.07300    73266440.00000000 46044344.00000000 116160512.00000000 31211.56054688  3005516.00000000 2381512.25000000 
0.07400    71780200.00000000 45119312.00000000 113815056.00000000 30335.77343750  2932077.00000000 2323520.00000000 
0.07500    70311248.00000000 44205392.00000000 111497856.00000000 29476.80078125  2859767.50000000 2266414.75000000 
0.07600    68860816.00000000 43302908.00000000 109209336.00000000 28635.15625000  2788651.00000000 2210239.25000000 
0.07700    67429200.00000000 42412108.00000000 106950704.00000000 27811.03515625  2718712.75000000 2155017.00000000 
0.07800    66017248.00000000 41533336.00000000 104722832.00000000 27004.56445312  2649992.75000000 2100724.25000000 
0.07900    64625864.00000000 40666788.00000000 102526824.00000000 26216.09570312  2582518.00000000 2047404.50000000 
0.08000    63254420.00000000 39813036.00000000 100361976.00000000 25445.62890625  2516302.50000000 1995079.25000000 
0.08100    61904144.00000000 38971932.00000000 98230760.00000000 24693.27148438  2451348.50000000 1943753.62500000 
0.08200    60575052.00000000 38143956.00000000 96132792.00000000 23959.00390625  2387665.25000000 1893429.00000000 
0.08300    59267644.00000000 37329312.00000000 94068472.00000000 23243.07226562  2325296.50000000 1844118.75000000 
0.08400    57981952.00000000 36528028.00000000 92038392.00000000 22545.37890625  2264212.00000000 1795838.87500000 
0.08500    56718420.00000000 35740588.00000000 90042928.00000000 21866.03125000  2204462.25000000 1748595.00000000 
0.08600    55477304.00000000 34967004.00000000 88083312.00000000 21204.79882812  2146017.00000000 1702374.00000000 
0.08700    54258968.00000000 34207352.00000000 86158672.00000000 20561.71679688  2088884.00000000 1657197.00000000 
0.08800    53063316.00000000 33461472.00000000 84270240.00000000 19936.84179688  2033075.25000000 1613057.62500000 
0.08900    51890636.00000000 32730060.00000000 82417656.00000000 19329.87890625  1978603.25000000 1569956.87500000 
0.09000    50741084.00000000 32012776.00000000 80601328.00000000 18740.66015625  1925428.37500000 1527898.37500000 
0.09100    49614404.00000000 31309656.00000000 78821616.00000000 18169.15429688  1873582.75000000 1486865.37500000 
0.09200    48511156.00000000 30621114.00000000 77077848.00000000 17615.05078125  1823034.62500000 1446861.12500000 
0.09300    47431164.00000000 29946848.00000000 75371048.00000000 17078.40820312  1773805.87500000 1407899.50000000 
0.09400    46374324.00000000 29286654.00000000 73700408.00000000 16558.75195312  1725849.12500000 1369936.50000000 
0.09500    45340432.00000000 28641026.00000000 72065968.00000000 16055.94921875  1679194.25000000 1332989.00000000 
0.09600    44329416.00000000 28009718.00000000 70468064.00000000 15569.69921875  1633801.12500000 1297045.25000000 
0.09700    43341992.00000000 27392572.00000000 68907056.00000000 15099.82421875  1589678.25000000 1262097.25000000 
0.09800    42377220.00000000 26789658.00000000 67381176.00000000 14646.00097656  1546788.50000000 1228115.87500000 
0.09900    41435484.00000000 26200800.00000000 65891780.00000000 14207.87304688  1505145.12500000 1195126.37500000 
0.10000    40516020.00000000 25626002.00000000 64437564.00000000 13785.00585938  1464698.50000000 1163073.75000000 
0.10100    39619244.00000000 25064990.00000000 63018816.00000000 13377.34179688  1425455.87500000 1131968.75000000 
0.10200    38744556.00000000 24517854.00000000 61635152.00000000 12984.48535156  1387378.25000000 1101795.12500000 
0.10300    37891692.00000000 23984294.00000000 60286036.00000000 12605.84472656  1350465.37500000 1072529.12500000 
0.10400    37060864.00000000 23464368.00000000 58971048.00000000 12241.35546875  1314692.62500000 1044154.75000000 
0.10500    36251288.00000000 22957710.00000000 57690156.00000000 11890.52343750  1280031.75000000 1016673.68750000 
0.10600    35463096.00000000 22464134.00000000 56442612.00000000 11552.90722656  1246461.62500000 990030.62500000 
0.10700    34695924.00000000 21983672.00000000 55228024.00000000 11228.29687500  1213953.75000000 964247.37500000 
0.10800    33949088.00000000 21516034.00000000 54046032.00000000 10916.21386719  1182504.12500000 939278.12500000 
0.10900    33222592.00000000 21060828.00000000 52895644.00000000 10616.23437500  1152065.62500000 915120.43750000 
0.11000    32516218.00000000 20618280.00000000 51777216.00000000 10328.00292969  1122625.00000000 891748.68750000 
0.11100    31829320.00000000 20187618.00000000 50689416.00000000 10051.15332031  1094162.62500000 869140.93750000 
0.11200    31161570.00000000 19768962.00000000 49631632.00000000 9785.20898438   1066638.62500000 847289.43750000 
0.11300    30512808.00000000 19362174.00000000 48603928.00000000 9529.83007812   1040028.06250000 826147.12500000 
0.11400    29882146.00000000 18966814.00000000 47605424.00000000 9284.67187500   1014316.87500000 805713.31250000 
0.11500    29269888.00000000 18582636.00000000 46635196.00000000 9049.27441406   989470.93750000 785971.43750000 
0.11600    28675046.00000000 18209610.00000000 45692992.00000000 8823.25390625   965462.31250000 766887.62500000 
0.11700    28097610.00000000 17847182.00000000 44778024.00000000 8606.30273438   942274.50000000 748454.00000000 
0.11800    27536878.00000000 17495358.00000000 43889196.00000000 8397.89160156   919860.50000000 730629.43750000 
0.11900    26992588.00000000 17153636.00000000 43026620.00000000 8197.75488281   898212.68750000 713410.50000000 
0.12000    26464142.00000000 16821906.00000000 42189268.00000000 8005.39013672   877293.37500000 696765.93750000 
0.12100    25951484.00000000 16500063.00000000 41376424.00000000 7820.60888672   857086.81250000 680690.00000000 
0.12200    25453828.00000000 16187488.00000000 40587480.00000000 7642.97802734   837557.37500000 665147.18750000 
0.12300    24970882.00000000 15884116.00000000 39821640.00000000 7472.07324219   818677.93750000 650119.50000000 
0.12400    24502020.00000000 15589650.00000000 39078392.00000000 7307.65625000   800430.56250000 635592.12500000 
0.12500    24047172.00000000 15303741.00000000 38356972.00000000 7149.30957031   782779.87500000 621533.56250000 
0.12600    23605540.00000000 15026402.00000000 37656816.00000000 6996.76464844   765713.75000000 607943.56250000 
0.12700    23176850.00000000 14757081.00000000 36977100.00000000 6849.59716797   749197.06250000 594785.56250000 
0.12800    22760704.00000000 14495401.00000000 36316880.00000000 6707.61914062   733202.43750000 582045.18750000 
0.12900    22356656.00000000 14241567.00000000 35676100.00000000 6570.44873047   717721.93750000 569707.37500000 
0.13000    21964270.00000000 13994880.00000000 35053772.00000000 6437.83056641   702717.18750000 557751.81250000 
0.13100    21583012.00000000 13755385.00000000 34449240.00000000 6309.46435547   688171.25000000 546152.75000000 
0.13200    21212716.00000000 13522538.00000000 33861884.00000000 6185.06201172   674052.18750000 534902.75000000 
0.13300    20852832.00000000 13296373.00000000 33291030.00000000 6064.43798828   660356.43750000 523982.21875000 
0.13400    20502862.00000000 13076423.00000000 32735932.00000000 5947.28125000   647053.43750000 513373.21875000 
0.13500    20162532.00000000 12862503.00000000 32196386.00000000 5833.37695312   634125.62500000 503058.59375000 
0.13600    19831506.00000000 12654499.00000000 31671220.00000000 5722.47949219   621542.31250000 493028.31250000 
0.13700    19509338.00000000 12451908.00000000 31160178.00000000 5614.38085938   609296.31250000 483259.40625000 
0.13800    19195560.00000000 12254733.00000000 30662666.00000000 5508.87402344   597359.56250000 473741.59375000 
0.13900    18890034.00000000 12062658.00000000 30177836.00000000 5405.78613281   585723.62500000 464461.75000000 
0.14000    18592120.00000000 11875449.00000000 29705490.00000000 5304.92041016   574370.81250000 455402.81250000 
0.14100    18301688.00000000 11692974.00000000 29245034.00000000 5206.13476562   563278.68750000 446554.59375000 
0.14200    18018264.00000000 11514953.00000000 28795546.00000000 5109.25048828   552438.37500000 437906.65625000 
0.14300    17741764.00000000 11341201.00000000 28356920.00000000 5014.08984375   541827.43750000 429444.34375000 
0.14400    17471342.00000000 11171470.00000000 27928438.00000000 4920.58105469   531435.62500000 421150.93750000 
0.14500    17207440.00000000 11005674.00000000 27509768.00000000 4828.54003906   521249.96875000 413025.65625000 
0.14600    16949222.00000000 10843488.00000000 27100476.00000000 4737.86279297   511259.81250000 405055.81250000 
0.14700    16696590.00000000 10684835.00000000 26699962.00000000 4648.50000000   501449.75000000 397231.28125000 
0.14800    16449134.00000000 10529529.00000000 26307686.00000000 4560.27001953   491808.40625000 389539.25000000 
0.14900    16206664.00000000 10377384.00000000 25923220.00000000 4473.13623047   482323.93750000 381974.06250000 
0.15000    15968975.00000000 10228204.00000000 25546688.00000000 4386.99462891   472989.18750000 374529.03125000 
0.15100    15735776.00000000 10081793.00000000 25176962.00000000 4301.82519531   463792.90625000 367195.12500000 
0.15200    15506925.00000000 9938292.00000000 24814344.00000000 4217.56298828   454733.34375000 359969.28125000 
0.15300    15282084.00000000 9797166.00000000 24457980.00000000 4134.07226562   445793.81250000 352838.90625000 
0.15400    15060999.00000000 9658509.00000000 24107630.00000000 4051.37011719   436967.31250000 345802.53125000 
0.15500    14843535.00000000 9522145.00000000 23763262.00000000 3969.46508789   428254.31250000 338854.53125000 
0.15600    14629555.00000000 9387943.00000000 23424310.00000000 3888.26904297   419640.37500000 331987.37500000 
0.15700    14418878.00000000 9255910.00000000 23090554.00000000 3807.81591797   411130.43750000 325201.59375000 
0.15800    14211150.00000000 9125707.00000000 22761530.00000000 3727.99023438   402706.59375000 318490.43750000 
0.15900    14006431.00000000 8997334.00000000 22437244.00000000 3648.89208984   394376.03125000 311847.18750000 
0.16000    13804572.00000000 8870712.00000000 22117314.00000000 3570.45263672   386127.18750000 305274.31250000 
0.16100    13605255.00000000 8745855.00000000 21801848.00000000 3492.73461914   377964.06250000 298767.81250000 
0.16200    13408387.00000000 8622495.00000000 21490070.00000000 3415.70263672   369878.03125000 292324.56250000 
0.16300    13214078.00000000 8500699.00000000 21182122.00000000 3339.37915039   361867.71875000 285942.00000000 
0.16400    13021876.00000000 8380269.50000000 20877862.00000000 3263.75634766   353935.78125000 279619.12500000 
0.16500    12831896.00000000 8261204.50000000 20577028.00000000 3188.89160156   346073.81250000 273358.37500000 
0.16600    12643992.00000000 8143467.50000000 20279358.00000000 3114.80834961   338287.71875000 267150.65625000 
0.16700    12458116.00000000 8026910.00000000 19984932.00000000 3041.50805664   330569.65625000 261002.17187500 
0.16800    12273958.00000000 7911535.50000000 19693398.00000000 2969.00415039   322925.21875000 254909.25000000 
0.16900    12091823.00000000 7797342.50000000 19404880.00000000 2897.39697266   315351.43750000 248878.48437500 
0.17000    11911485.00000000 7684215.00000000 19119110.00000000 2826.66137695   307850.59375000 242902.40625000 
0.17100    11732685.00000000 7572122.00000000 18835994.00000000 2756.82812500   300420.09375000 236983.64062500 
0.17200    11555643.00000000 7461098.50000000 18555502.00000000 2687.95751953   293065.68750000 231123.76562500 
0.17300    11380212.00000000 7351057.00000000 18277562.00000000 2620.11230469   285785.00000000 225321.73437500 
0.17400    11206400.00000000 7242022.00000000 18002214.00000000 2553.29882812   278579.87500000 219582.90625000 
0.17500    11034160.00000000 7133890.00000000 17729068.00000000 2487.54223633   271452.81250000 213903.70312500 
0.17600    10863348.00000000 7026654.50000000 17458480.00000000 2422.87133789   264401.40625000 208286.34375000 
0.17700    10694093.00000000 6920369.50000000 17190154.00000000 2359.36328125   257432.96875000 202735.32812500 
0.17800    10526315.00000000 6814969.50000000 16924184.00000000 2296.99829102   250546.81250000 197247.40625000 
0.17900    10359945.00000000 6710471.00000000 16660478.00000000 2235.88330078   243746.98437500 191828.59375000 
0.18000    10195148.00000000 6606840.00000000 16399145.00000000 2175.99584961   237031.04687500 186478.54687500 
0.18100    10031872.00000000 6504215.00000000 16140083.00000000 2117.42114258   230409.18750000 181198.76562500 
0.18200    9869916.00000000 6402284.00000000 15883179.00000000 2060.10644531   223871.32812500 175989.82812500 
0.18300    9709521.00000000 6301328.50000000 15628657.00000000 2004.14306641   217430.09375000 170853.71875000 
0.18400    9550523.00000000 6201231.50000000 15376324.00000000 1949.55273438   211083.00000000 165795.14062500 
0.18500    9393140.00000000 6102040.00000000 15126516.00000000 1896.36120605   204835.14062500 160814.14062500 
0.18600    9237192.00000000 6003747.50000000 14878770.00000000 1844.55761719   198685.26562500 155909.71875000 
0.18700    9082736.00000000 5906330.50000000 14633466.00000000 1794.18859863   192637.07812500 151087.00000000 
0.18800    8929836.00000000 5809822.00000000 14390501.00000000 1745.25610352   186692.42187500 146346.50000000 
0.18900    8778508.00000000 5714264.50000000 14150066.00000000 1697.81115723   180856.79687500 141690.70312500 
0.19000    8628671.00000000 5619558.50000000 13911813.00000000 1651.78833008   175122.10937500 137116.57812500 
0.19100    8480565.00000000 5525904.00000000 13676281.00000000 1607.31530762   169503.01562500 132632.70312500 
0.19200    8333909.50000000 5433122.00000000 13442946.00000000 1564.27868652   163989.32812500 128233.73437500 
0.19300    8189009.00000000 5341353.50000000 13212398.00000000 1522.77038574   158593.56250000 123927.19531250 
0.19400    8045675.00000000 5250553.50000000 12984173.00000000 1482.72680664   153307.60937500 119707.71875000 
0.19500    7904014.50000000 5160723.00000000 12758612.00000000 1444.18005371   148136.62500000 115580.42187500 
0.19600    7764073.00000000 5071920.00000000 12535728.00000000 1407.10766602   143083.53125000 111543.98437500 
0.19700    7625854.00000000 4984121.00000000 12315315.00000000 1371.53210449   138146.15625000 107601.77343750 
0.19800    7489303.50000000 4897371.50000000 12097821.00000000 1337.40393066   133326.59375000 103751.73437500 
0.19900    7354619.50000000 4811668.50000000 11882892.00000000 1304.75073242   128628.45312500 99997.16406250  
0.20000    7221602.00000000 4726976.50000000 11670662.00000000 1273.50207520   124045.17187500 96335.34375000  
0.20100    7090448.50000000 4643398.00000000 11461305.00000000 1243.69165039   119583.60156250 92768.55468750  
0.20200    6961035.50000000 4560863.00000000 11254671.00000000 1215.26208496   115239.78125000 89296.74218750  
0.20300    6833526.50000000 4479434.50000000 11050913.00000000 1188.22363281   111018.51562500 85920.08593750  
0.20400    6707803.50000000 4399123.00000000 10849944.00000000 1162.51660156   106913.70312500 82637.65625000  
0.20500    6583937.00000000 4319868.00000000 10651925.00000000 1138.14953613   102929.82812500 79450.41406250  
0.20600    6461916.00000000 4241765.00000000 10456717.00000000 1115.03625488   99061.20312500  76355.36718750  
0.20700    6341770.50000000 4164804.25000000 10264416.00000000 1093.20019531   95312.64843750  73355.77343750  
0.20800    6223514.00000000 4088901.25000000 10074981.00000000 1072.56884766   91679.51562500  70447.21875000  
0.20900    6107231.00000000 4014241.75000000 9888650.00000000 1053.16638184   88165.81250000  67634.42187500  
0.21000    5992731.50000000 3940649.50000000 9705125.00000000 1034.86401367   84762.34375000  64909.19140625  
0.21100    5880153.00000000 3868209.00000000 9524589.00000000 1017.69244385   81474.65625000  62275.33203125  
0.21200    5769474.00000000 3796892.25000000 9347001.00000000 1001.58929443   78298.00000000  59730.51953125  
0.21300    5660664.00000000 3726753.50000000 9172332.00000000 986.50262451    75231.56250000  57273.21484375  
0.21400    5553789.50000000 3657757.75000000 9000638.00000000 972.41888428    72273.74218750  54902.64453125  
0.21500    5448815.50000000 3589935.00000000 8831894.00000000 959.29003906    69425.15625000  52618.65234375  
0.21600    5345676.50000000 3523205.00000000 8666081.00000000 947.03192139    66677.89843750  50415.82031250  
0.21700    5244473.00000000 3457643.25000000 8503262.00000000 935.65283203    64035.48046875  48296.63671875  
0.21800    5145066.00000000 3393192.25000000 8343175.50000000 925.09167480    61491.75000000  46256.97656250  
0.21900    5047515.00000000 3329855.00000000 8186101.50000000 915.26617432    59046.06640625  44294.37500000  
0.22000    4951788.00000000 3267661.25000000 8031829.50000000 906.17053223    56696.45703125  42409.13281250  
0.22100    4857965.50000000 3206613.75000000 7880526.00000000 897.78240967    54441.58593750  40600.03515625  
0.22200    4765890.50000000 3146630.25000000 7732032.00000000 890.01068115    52276.37500000  38862.91015625  
0.22300    4675605.50000000 3087774.50000000 7586226.00000000 882.82733154    50198.51562500  37195.05859375  
0.22400    4587090.00000000 3029953.00000000 7443238.00000000 876.18572998    48206.29687500  35595.74218750  
0.22500    4500353.00000000 2973292.50000000 7303102.50000000 870.07952881    46299.25781250  34065.04296875  
0.22600    4415288.50000000 2917615.25000000 7165571.50000000 864.40545654    44469.11328125  32596.03515625  
0.22700    4332000.00000000 2863043.75000000 7030814.00000000 859.18157959    42718.86718750  31191.21093750  
0.22800    4250352.50000000 2809492.50000000 6898570.50000000 854.32275391    41041.43359375  29844.93554688  
0.22900    4170312.50000000 2756948.00000000 6768961.00000000 849.80670166    39434.74609375  28555.66015625  
0.23000    4091923.50000000 2705424.00000000 6641959.00000000 845.60369873    37898.30078125  27323.00781250  
0.23100    4015124.00000000 2654912.75000000 6517448.50000000 841.67132568    36427.58203125  26143.39257812  
0.23200    3939880.00000000 2605351.50000000 6395380.50000000 837.96392822    35019.23046875  25013.27148438  
0.23300    3866192.75000000 2556728.00000000 6275760.50000000 834.46179199    33670.89843750  23932.33398438  
0.23400    3793999.25000000 2509076.25000000 6158491.50000000 831.13635254    32381.35937500  22898.70898438  
0.23500    3723204.25000000 2462299.75000000 6043533.00000000 827.92999268    31143.07812500  21907.25585938  
0.23600    3653946.50000000 2416480.50000000 5930891.00000000 824.84600830    29959.29687500  20958.91015625  
0.23700    3586027.75000000 2371520.75000000 5820464.50000000 821.84381104    28824.83203125  20050.58398438  
0.23800    3519501.50000000 2327452.00000000 5712239.00000000 818.90472412    27736.45117188  19180.56445312  
0.23900    3454309.75000000 2284188.25000000 5606111.00000000 815.98779297    26691.05078125  18344.39843750  
0.24000    3390404.25000000 2241781.50000000 5502052.00000000 813.08764648    25687.56640625  17543.29101562  
0.24100    3327843.25000000 2200206.25000000 5400100.00000000 810.19812012    24724.78710938  16774.52734375  
0.24200    3266481.75000000 2159392.25000000 5300111.50000000 807.27807617    23797.61914062  16035.37890625  
0.24300    3206296.75000000 2119354.50000000 5201994.00000000 804.30200195    22904.52929688  15324.08789062  
0.24400    3147308.25000000 2080067.37500000 5105740.00000000 801.27252197    22043.64257812  14638.72851562  
0.24500    3089433.25000000 2041515.37500000 5011395.50000000 798.16918945    21211.83984375  13977.66015625  
0.24600    3032696.50000000 2003671.00000000 4918759.00000000 794.99560547    20408.66210938  13340.11132812  
0.24700    2977023.75000000 1966526.12500000 4827921.00000000 791.73388672    19631.58203125  12723.42675781  
0.24800    2922396.75000000 1930066.75000000 4738681.50000000 788.37023926    18878.59960938  12126.74023438  
0.24900    2868748.50000000 1894242.87500000 4651091.00000000 784.91021729    18146.45507812  11547.75390625  
0.25000    2816111.75000000 1859071.37500000 4565077.00000000 781.33917236    17435.84960938  10986.38085938  
0.25100    2764372.75000000 1824502.87500000 4480575.50000000 777.64416504    16743.27343750  10440.16015625  
0.25200    2713657.75000000 1790578.87500000 4397669.50000000 773.86779785    16070.00878906  9909.29394531   
0.25300    2663764.50000000 1757226.12500000 4316163.50000000 769.97412109    15411.66796875  9391.09179688   
0.25400    2614743.25000000 1724437.25000000 4236030.00000000 765.97741699    14768.45019531  8885.43847656   
0.25500    2566550.00000000 1692183.87500000 4157238.50000000 761.86639404    14137.95214844  8390.29296875   
0.25600    2519200.00000000 1660490.25000000 4079827.00000000 757.66015625    13520.15820312  7906.03613281   
0.25700    2472596.00000000 1629317.25000000 4003636.00000000 753.35217285    12913.50976562  7430.98291016   
0.25800    2426773.75000000 1598654.62500000 3928723.75000000 748.97503662    12318.15527344  6965.51464844   
0.25900    2381682.75000000 1568484.25000000 3855025.50000000 744.50646973    11731.83691406  6507.48339844   
0.26000    2337312.00000000 1538788.37500000 3782503.50000000 739.97644043    11155.17285156  6057.33935547   
0.26100    2293617.50000000 1509555.62500000 3711063.75000000 735.38073730    10585.43847656  5613.22949219   
0.26200    2250639.75000000 1480804.75000000 3640808.50000000 730.75341797    10025.42871094  5177.23339844   
0.26300    2208248.50000000 1452463.00000000 3571541.25000000 726.06542969    9470.55371094   4745.47265625   
0.26400    2166528.75000000 1424556.12500000 3503385.50000000 721.35833740    8924.02050781   4320.34472656   
0.26500    2125449.75000000 1397096.12500000 3436231.75000000 716.65148926    8383.98730469   3900.83837891   
0.26600    2084929.25000000 1370024.37500000 3370054.00000000 711.92260742    7850.33789062   3486.05932617   
0.26700    2045035.50000000 1343355.37500000 3304845.50000000 707.22949219    7323.27294922   3077.00024414   
0.26800    2005702.37500000 1317093.87500000 3240640.50000000 702.56524658    6803.11132812   2673.70385742   
0.26900    1966904.00000000 1291189.12500000 3177300.75000000 697.92871094    6287.78271484   2274.17431641   
0.27000    1928688.62500000 1265689.25000000 3114899.75000000 693.35150146    5780.10937500   1880.67736816   
0.27100    1890979.37500000 1240539.12500000 3053337.00000000 688.84680176    5278.13134766   1491.58105469   
0.27200    1853869.87500000 1215784.75000000 2992777.25000000 684.44250488    4785.00146484   1109.49670410   
0.27300    1817197.12500000 1191352.12500000 2932956.75000000 680.11419678    4296.37939453   730.95324707    
0.27400    1781014.00000000 1167238.87500000 2873910.75000000 675.87457275    3813.65673828   357.16812134    
0.27500    1745405.25000000 1143523.62500000 2815837.50000000 671.79992676    3342.13110352   -8.37462234     
0.27600    1710201.25000000 1120100.12500000 2758442.75000000 667.82873535    2874.93286133   -370.08944702   
0.27700    1675557.62500000 1097053.62500000 2701969.25000000 664.03283691    2418.51757812   -723.60137939   
0.27800    1641366.50000000 1074307.37500000 2646253.50000000 660.38934326    1969.60888672   -1071.40661621  
0.27900    1607666.25000000 1051907.37500000 2591310.25000000 656.90985107    1530.39465332   -1411.82666016  
0.28000    1574421.00000000 1029820.81250000 2537165.50000000 653.61932373    1100.51525879   -1745.30358887  
0.28100    1541646.75000000 1008060.37500000 2483779.00000000 650.53106689    680.47424316    -2070.76806641  
0.28200    1509357.00000000 986622.50000000 2431195.50000000 647.64050293    272.04373169    -2387.70214844  
0.28300    1477530.75000000 965499.43750000 2379362.50000000 644.96368408    -125.86698914   -2696.21557617  
0.28400    1446146.25000000 944681.50000000 2328282.25000000 642.50524902    -512.25054932   -2996.63842773  
0.28500    1415253.25000000 924193.31250000 2277967.50000000 640.28063965    -885.75158691   -3286.61206055  
0.28600    1384803.12500000 904005.18750000 2228424.75000000 638.27966309    -1247.71032715  -3567.92919922  
0.28700    1354828.00000000 884134.18750000 2179635.25000000 636.52209473    -1596.05969238  -3838.80834961  
0.28800    1325297.00000000 864567.75000000 2131565.00000000 635.00878906    -1930.30236816  -4099.04785156  
0.28900    1296257.62500000 845333.56250000 2084325.62500000 633.74853516    -2250.24291992  -4348.13671875  
0.29000    1267650.62500000 826385.50000000 2037790.00000000 632.73150635    -2556.21093750  -4586.73925781  
0.29100    1239545.50000000 807768.68750000 1992056.50000000 631.97924805    -2845.90722656  -4812.95214844  
0.29200    1211882.25000000 789453.87500000 1947050.00000000 631.47094727    -3120.59106445  -5027.38525391  
0.29300    1184717.12500000 771459.81250000 1902839.00000000 631.23089600    -3378.94848633  -5229.12841797  
0.29400    1157969.75000000 753752.93750000 1859341.12500000 631.22320557    -3622.19604492  -5419.79589844  
0.29500    1131738.37500000 736387.68750000 1816659.37500000 631.48663330    -3847.06201172  -5595.67675781  
0.29600    1105959.12500000 719307.37500000 1774702.87500000 631.98352051    -4055.96899414  -5759.96972656  
0.29700    1080645.75000000 702541.81250000 1733508.75000000 632.72875977    -4247.86914062  -5910.90332031  
0.29800    1055822.12500000 686104.37500000 1693115.25000000 633.72460938    -4421.04345703  -6047.48388672  
0.29900    1031493.12500000 669974.50000000 1653503.50000000 634.95257568    -4576.12792969  -6170.03222656  
0.30000    1007603.43750000 654157.06250000 1614620.87500000 636.40069580    -4714.58935547  -6279.65136719  
0.30100    984238.00000000 638658.87500000 1576559.62500000 638.08593750    -4833.51220703  -6374.03320312  
0.30200    961311.62500000 623451.25000000 1539211.25000000 639.97845459    -4935.07275391  -6455.41015625  
0.30300    938900.31250000 608578.06250000 1502697.25000000 642.08605957    -5017.57958984  -6521.81445312  
0.30400    916968.12500000 594021.81250000 1466964.25000000 644.39178467    -5081.38183594  -6573.86718750  
0.30500    895496.43750000 579757.75000000 1431950.00000000 646.87152100    -5128.04101562  -6612.32568359  
0.30600    874508.12500000 565803.68750000 1397716.87500000 649.53485107    -5156.04296875  -6636.46875000  
0.30700    854041.50000000 552189.93750000 1364318.37500000 652.38128662    -5164.40380859  -6645.45507812  
0.30800    834012.81250000 538860.18750000 1331632.25000000 655.36926270    -5156.00683594  -6641.25634766  
0.30900    814498.62500000 525856.12500000 1299768.12500000 658.51635742    -5128.75878906  -6622.34765625  
0.31000    795461.00000000 513156.71875000 1268657.50000000 661.79321289    -5083.91894531  -6589.74072266  
0.31100    776884.25000000 500760.62500000 1238287.37500000 665.18731689    -5021.64843750  -6543.51171875  
0.31200    758803.68750000 488676.06250000 1208705.87500000 668.69268799    -4942.23291016  -6483.96435547  
0.31300    741189.50000000 476890.06250000 1179889.75000000 672.28906250    -4845.49072266  -6410.73339844  
0.31400    724075.81250000 465425.93750000 1151853.50000000 675.98162842    -4731.74609375  -6324.24267578  
0.31500    707403.87500000 454243.93750000 1124531.00000000 679.72741699    -4602.34716797  -6225.34765625  
0.31600    691215.31250000 443370.59375000 1097977.62500000 683.53875732    -4456.57373047  -6113.59033203  
0.31700    675490.31250000 432797.21875000 1072166.00000000 687.39892578    -4295.11132812  -5989.47167969  
0.31800    660216.56250000 422504.43750000 1047064.18750000 691.27160645    -4119.90722656  -5854.51318359  
0.31900    645423.68750000 412527.71875000 1022753.06250000 695.18005371    -3928.34692383  -5706.46582031  
0.32000    631072.87500000 402827.15625000 999138.93750000 699.07836914    -3723.88549805  -5548.21337891  
0.32100    617163.12500000 393404.96875000 976218.50000000 702.97045898    -3505.69604492  -5379.35644531  
0.32200    603726.12500000 384282.37500000 954046.06250000 706.84307861    -3273.91894531  -5199.47705078  
0.32300    590683.56250000 375417.87500000 932510.37500000 710.67401123    -3031.18579102  -5010.68457031  
0.32400    578086.87500000 366835.53125000 911683.68750000 714.45880127    -2776.29418945  -4812.36181641  
0.32500    565906.75000000 358517.06250000 891543.62500000 718.17901611    -2510.48120117  -4604.98876953  
0.32600    554150.12500000 350477.53125000 872062.12500000 721.83007812    -2233.89965820  -4389.20507812  
0.32700    542813.93750000 342696.12500000 853258.25000000 725.40423584    -1947.13098145  -4165.11816406  
0.32800    531901.87500000 335189.00000000 835112.75000000 728.88244629    -1650.72167969  -3933.17773438  
0.32900    521347.18750000 327913.71875000 817566.25000000 732.24700928    -1346.88586426  -3694.97119141  
0.33000    511215.09375000 320902.59375000 800687.68750000 735.50976562    -1034.12756348  -3449.76660156  
0.33100    501416.71875000 314110.62500000 784342.00000000 738.62860107    -715.62402344   -3199.50366211  
0.33200    492058.68750000 307599.53125000 768697.25000000 741.63677979    -388.33541870   -2942.09252930  
0.33300    483029.96875000 301298.68750000 753572.62500000 744.48919678    -56.37890625    -2680.84619141  
0.33400    474378.56250000 295236.62500000 739054.81250000 747.20141602    281.42254639    -2414.48071289  
0.33500    466050.68750000 289389.09375000 725072.00000000 749.74627686    623.30981445    -2144.59521484  
0.33600    458074.90625000 283766.68750000 711632.93750000 752.13348389    969.08245850    -1871.21362305  
0.33700    450423.09375000 278348.53125000 698732.68750000 754.34399414    1318.45849609   -1594.71472168  
0.33800    443108.43750000 273157.96875000 686368.62500000 756.39239502    1670.99804688   -1315.31188965  
0.33900    436085.31250000 268146.28125000 674469.56250000 758.24761963    2024.83276367   -1034.61462402  
0.34000    429370.43750000 263341.34375000 663077.25000000 759.91943359    2380.43359375   -751.96044922   
0.34100    422955.03125000 258725.37500000 652154.75000000 761.40679932    2737.03881836   -468.47036743   
0.34200    416856.53125000 254321.45312500 641753.93750000 762.71258545    3094.86669922   -183.16781616   
0.34300    410993.46875000 250068.04687500 631736.37500000 763.80871582    3451.56225586   101.20371246    
0.34400    405437.65625000 246017.79687500 622205.87500000 764.72863770    3808.39477539   386.48739624    
0.34500    400118.46875000 242119.50000000 613063.18750000 765.44165039    4163.47460938   670.64385986    
0.34600    395086.75000000 238409.57812500 604372.68750000 765.96777344    4517.73437500   954.68560791    
0.34700    390243.56250000 234828.51562500 596017.68750000 766.28253174    4868.60449219   1236.32128906   
0.34800    385656.40625000 231417.84375000 588063.31250000 766.40881348    5217.13574219   1516.68786621   
0.34900    381300.28125000 228159.53125000 580492.00000000 766.34808350    5563.21240234   1795.53637695   
0.35000    377149.09375000 225037.39062500 573256.93750000 766.08398438    5905.02832031   2071.58618164   
0.35100    373237.93750000 222073.51562500 566403.50000000 765.64129639    6244.53613281   2345.75122070   
0.35200    369482.87500000 219215.23437500 559802.00000000 764.99554443    6577.99951172   2616.09790039   
0.35300    365926.50000000 216495.04687500 553548.56250000 764.16809082    6907.51171875   2883.35131836   
0.35400    362573.43750000 213910.46875000 547619.50000000 763.16662598    7232.72656250   3147.73046875   
0.35500    359386.59375000 211438.00000000 541961.50000000 761.98559570    7552.43115234   3408.16967773   
0.35600    356353.65625000 209070.12500000 536564.43750000 760.61962891    7866.40136719   3664.64916992   
0.35700    353489.21875000 206817.92187500 531450.12500000 759.10180664    8175.08789062   3917.19360352   
0.35800    350789.50000000 204680.67187500 526593.43750000 757.41540527    8478.05371094   4165.81738281   
0.35900    348229.53125000 202639.46875000 521990.15625000 755.57196045    8775.21289062   4409.99462891   
0.36000    345827.81250000 200710.17187500 517639.81250000 753.58264160    9066.48144531   4649.97119141   
0.36100    343533.78125000 198851.04687500 513469.00000000 751.43493652    9350.54687500   4884.73779297   
0.36200    341411.56250000 197115.92187500 509586.43750000 749.16021729    9629.98730469   5116.07177734   
0.36300    339360.96875000 195435.87500000 505827.68750000 746.74230957    9900.95117188   5341.18603516   
0.36400    337427.12500000 193837.82812500 502271.68750000 744.19158936    10165.68945312  5561.50488281   
0.36500    335608.78125000 192318.53125000 498907.46875000 741.51892090    10423.68554688  5776.98486328   
0.36600    333919.21875000 190894.12500000 495763.65625000 738.75122070    10676.10449219  5988.40332031   
0.36700    332295.46875000 189517.20312500 492724.18750000 735.85583496    10920.14941406  6193.56591797   
0.36800    330814.06250000 188243.84375000 489941.34375000 732.87762451    11159.54687500  6395.30664062   
0.36900    329409.00000000 187024.78125000 487275.09375000 729.79968262    11391.81933594  6591.60009766   
0.37000    328050.09375000 185843.10937500 484698.78125000 726.61651611    11615.91015625  6781.64794922   
0.37100    326780.87500000 184731.51562500 482276.93750000 723.35504150    11833.75976562  6967.21630859   
0.37200    325627.62500000 183697.48437500 480046.03125000 720.03021240    12046.00878906  7148.62304688   
0.37300    324518.46875000 182703.96875000 477907.21875000 716.62591553    12251.15722656  7324.48876953   
0.37400    323494.06250000 181771.25000000 475911.09375000 713.17022705    12450.63281250  7496.11132812   
0.37500    322540.56250000 180892.31250000 474034.65625000 709.65618896    12643.89648438  7663.12939453   
0.37600    321653.43750000 180064.34375000 472277.71875000 706.08905029    12830.68554688  7825.01806641   
0.37700    320812.65625000 179268.65625000 470588.50000000 702.47277832    13010.84472656  7982.06591797   
0.37800    320038.40625000 178530.03125000 469038.81250000 698.82177734    13185.89550781  8135.20947266   
0.37900    319346.65625000 177848.51562500 467614.37500000 695.13513184    13355.65917969  8284.16699219   
0.38000    318682.06250000 177193.73437500 466251.31250000 691.41754150    13518.66992188  8428.28417969   
0.38100    318059.96875000 176571.73437500 464960.68750000 687.66815186    13676.15429688  8567.87695312   
0.38200    317511.06250000 176003.85937500 463793.03125000 683.90673828    13829.06933594  8704.11035156   
0.38300    316987.96875000 175456.70312500 462674.65625000 680.12213135    13975.89453125  8835.44921875   
0.38400    316542.40625000 174969.37500000 461691.31250000 676.33502197    14118.31835938  8963.67871094   
0.38500    316103.71875000 174494.54687500 460733.43750000 672.52368164    14255.10644531  9087.37988281   
0.38600    315752.00000000 174078.40625000 459917.68750000 668.72137451    14388.35644531  9208.49804688   
0.38700    315404.15625000 173670.96875000 459114.84375000 664.90417480    14515.50000000  9324.69628906   
0.38800    315107.37500000 173301.75000000 458396.34375000 661.09375000    14638.86621094  9437.94140625   
0.38900    314849.00000000 172959.53125000 457735.06250000 657.27429199    14757.25195312  9547.59179688   
0.39000    314656.90625000 172670.50000000 457203.68750000 653.47729492    14872.60449219  9654.66210938   
0.39100    314480.31250000 172390.54687500 456694.25000000 649.67321777    14983.33593750  9758.05761719   
0.39200    314349.56250000 172148.78125000 456265.87500000 645.88476562    15090.18945312  9858.58984375   
0.39300    314243.21875000 171923.03125000 455881.18750000 642.09252930    15192.88574219  9955.68847656   
0.39400    314208.78125000 171750.42187500 455614.71875000 638.32739258    15292.82617188  10050.79589844  
0.39500    314168.28125000 171574.07812500 455334.71875000 634.55419922    15387.79882812  10141.81445312  
0.39600    314170.06250000 171433.75000000 455142.15625000 630.79382324    15479.70605469  10230.56738281  
0.39700    314198.71875000 171311.15625000 454994.37500000 627.04864502    15568.18945312  10316.49316406  
0.39800    314285.06250000 171228.85937500 454935.06250000 623.31213379    15653.92089844  10400.26562500  
0.39900    314385.90625000 171156.68750000 454899.50000000 619.58386230    15735.87109375  10481.01953125  
0.40000    314518.90625000 171107.31250000 454921.06250000 615.85675049    15814.80468750  10559.46679688  
0.40100    314675.37500000 171077.04687500 454985.40625000 612.13928223    15890.05371094  10634.96289062  
0.40200    314881.65625000 171080.78125000 455125.09375000 608.43963623    15963.26367188  10708.62011719  
0.40300    315088.21875000 171086.64062500 455275.87500000 604.73150635    16032.25390625  10779.13964844  
0.40400    315344.15625000 171125.53125000 455497.00000000 601.03558350    16099.22558594  10847.94531250  
0.40500    315619.15625000 171174.95312500 455761.25000000 597.33679199    16162.66015625  10913.94531250  
0.40600    315939.84375000 171260.35937500 456091.65625000 593.65106201    16224.15722656  10978.51074219  
0.40700    316268.78125000 171347.82812500 456426.18750000 589.95397949    16282.01660156  11039.99023438  
0.40800    316617.15625000 171449.79687500 456813.40625000 586.25622559    16336.75292969  11099.09082031  
0.40900    316989.53125000 171565.35937500 457229.68750000 582.54974365    16388.55468750  11155.90039062  
0.41000    317408.81250000 171713.89062500 457716.28125000 578.84759521    16438.53320312  11211.08691406  
0.41100    317826.56250000 171862.21875000 458214.31250000 575.13208008    16484.40429688  11263.13671875  
0.41200    318257.31250000 172018.09375000 458716.06250000 571.39459229    16527.31445312  11312.82031250  
0.41300    318728.62500000 172200.31250000 459291.62500000 567.66381836    16568.03320312  11360.67382812  
0.41400    319200.87500000 172381.84375000 459865.68750000 563.90502930    16605.16015625  11405.71972656  
0.41500    319709.75000000 172585.68750000 460493.00000000 560.14025879    16639.83984375  11448.67578125  
0.41600    320196.37500000 172776.68750000 461094.09375000 556.34326172    16670.13867188  11488.32324219  
0.41700    320729.81250000 172996.75000000 461762.15625000 552.54388428    16698.59570312  11526.45117188  
0.41800    321293.15625000 173236.57812500 462480.78125000 548.72497559    16724.36914062  11562.49121094  
0.41900    321806.75000000 173441.70312500 463111.37500000 544.86248779    16744.73632812  11594.18066406  
0.42000    322374.00000000 173679.90625000 463831.68750000 540.98986816    16763.33007812  11624.47363281  
0.42100    322955.50000000 173926.96875000 464576.87500000 537.09625244    16778.85156250  11652.44335938  
0.42200    323533.50000000 174172.89062500 465313.62500000 533.17883301    16790.74218750  11677.58886719  
0.42300    324102.34375000 174410.64062500 466029.12500000 529.22497559    16798.55859375  11699.48046875  
0.42400    324682.00000000 174655.45312500 466765.25000000 525.24487305    16803.16601562  11718.75781250  
0.42500    325266.81250000 174902.06250000 467508.71875000 521.24084473    16804.15039062  11735.29687500  
0.42600    325831.75000000 175133.18750000 468218.18750000 517.19714355    16801.20117188  11748.67285156  
0.42700    326425.28125000 175385.93750000 468971.59375000 513.14385986    16795.54296875  11759.93164062  
0.42800    326993.12500000 175617.35937500 469677.28125000 509.05316162    16785.18750000  11767.69628906  
0.42900    327587.40625000 175866.25000000 470429.00000000 504.94345093    16772.17773438  11773.05371094  
0.43000    328154.37500000 176095.98437500 471137.50000000 500.80111694    16754.64257812  11775.13769531  
0.43100    328682.46875000 176304.84375000 471782.50000000 496.61907959    16732.34375000  11773.50097656  
0.43200    329243.84375000 176528.70312500 472473.12500000 492.43136597    16707.76171875  11769.96777344  
0.43300    329767.53125000 176729.46875000 473115.96875000 488.20974731    16678.09570312  11762.53808594  
0.43400    330284.90625000 176928.95312500 473748.31250000 483.96713257    16644.72851562  11752.20800781  
0.43500    330781.62500000 177110.20312500 474336.62500000 479.70297241    16607.30468750  11738.65527344  
0.43600    331293.15625000 177301.28125000 474946.21875000 475.43313599    16566.80859375  11722.99707031  
0.43700    331747.15625000 177458.15625000 475478.25000000 471.13238525    16521.28906250  11703.24511719  
0.43800    332175.71875000 177599.03125000 475959.81250000 466.81823730    16471.65820312  11680.24218750  
0.43900    332604.31250000 177737.09375000 476443.12500000 462.49792480    16418.48437500  11654.55468750  
0.44000    333002.93750000 177861.59375000 476881.25000000 458.16506958    16361.27636719  11625.86230469  
0.44100    333380.28125000 177964.32812500 477284.34375000 453.83374023    16299.88574219  11593.89843750  
0.44200    333735.59375000 178054.68750000 477645.59375000 449.49490356    16234.87304688  11559.02148438  
0.44300    334061.34375000 178129.85937500 477966.59375000 445.16296387    16165.77246094  11521.07128906  
0.44400    334360.09375000 178188.18750000 478251.46875000 440.83303833    16093.30273438  11480.30371094  
0.44500    334592.46875000 178203.43750000 478422.96875000 436.50003052    16015.30761719  11435.61914062  
0.44600    334813.21875000 178213.00000000 478578.09375000 432.18676758    15934.33886719  11388.52148438  
0.44700    335021.75000000 178214.89062500 478714.87500000 427.89581299    15850.32031250  11338.95117188  
0.44800    335166.84375000 178177.54687500 478756.53125000 423.61544800    15761.80468750  11286.10644531  
0.44900    335305.09375000 178136.34375000 478787.90625000 419.37274170    15670.62695312  11230.98730469  
0.45000    335414.96875000 178078.89062500 478774.56250000 415.15969849    15576.30566406  11173.46289062  
0.45100    335449.59375000 177973.39062500 478638.25000000 410.96685791    15476.95898438  11112.20507812  
0.45200    335475.12500000 177863.62500000 478496.53125000 406.82254028    15375.36523438  11049.10742188  
0.45300    335442.12500000 177722.17187500 478259.59375000 402.71704102    15270.40820312  10983.31347656  
0.45400    335388.53125000 177566.96875000 477995.37500000 398.65560913    15162.39746094  10915.32128906  
0.45500    335296.43750000 177387.89062500 477672.43750000 394.65213013    15051.74121094  10845.31347656  
0.45600    335153.25000000 177179.34375000 477266.59375000 390.69973755    14937.76757812  10772.52636719  
0.45700    334984.21875000 176955.87500000 476827.46875000 386.81033325    14821.82910156  10698.31054688  
0.45800    334760.78125000 176699.93750000 476301.12500000 382.98779297    14702.89160156  10621.90625000  
0.45900    334496.12500000 176423.39062500 475718.65625000 379.23004150    14581.24804688  10543.29980469  
0.46000    334227.90625000 176141.96875000 475123.90625000 375.55798340    14458.82421875  10464.08593750  
0.46100    333863.81250000 175805.48437500 474388.21875000 371.94570923    14332.50781250  10381.80175781  
0.46200    333505.81250000 175473.96875000 473663.96875000 368.43145752    14205.75488281  10299.16113281  
0.46300    333092.18750000 175110.26562500 472856.06250000 364.99395752    14076.62500000  10214.79296875  
0.46400    332632.93750000 174715.84375000 471967.37500000 361.65182495    13945.83886719  10129.00976562  
0.46500    332151.78125000 174316.56250000 471059.78125000 358.40765381    13814.19140625  10042.52734375  
0.46600    331619.56250000 173883.82812500 470071.06250000 355.25518799    13680.98144531  9954.90722656   
0.46700    331035.84375000 173422.43750000 469007.18750000 352.20104980    13546.19335938  9866.05664062   
0.46800    330456.40625000 172969.39062500 467951.25000000 349.25726318    13411.86718750  9777.35253906   
0.46900    329801.09375000 172469.26562500 466782.21875000 346.42160034    13275.67382812  9687.32519531   
0.47000    329121.71875000 171956.59375000 465571.21875000 343.69055176    13139.15917969  9596.99707031   
0.47100    328413.50000000 171428.62500000 464327.12500000 341.07559204    13002.73339844  9506.65722656   
0.47200    327672.90625000 170882.84375000 463028.50000000 338.57833862    12866.12890625  9416.14062500   
0.47300    326907.96875000 170328.28125000 461704.78125000 336.20129395    12729.82519531  9325.90234375   
0.47400    326081.37500000 169734.50000000 460280.96875000 333.93258667    12592.73437500  9234.79101562   
0.47500    325245.06250000 169139.70312500 458846.90625000 331.79345703    12456.73828125  9144.63476562   
0.47600    324401.03125000 168543.12500000 457407.03125000 329.78210449    12322.05273438  9055.54003906   
0.47700    323477.25000000 167899.79687500 455845.03125000 327.87820435    12186.11914062  8965.25683594   
0.47800    322557.09375000 167259.12500000 454289.03125000 326.10855103    12052.43750000  8876.67871094   
0.47900    321627.68750000 166618.53125000 452719.25000000 324.46694946    11920.10839844  8789.12402344   
0.48000    320637.12500000 165943.15625000 451066.09375000 322.94348145    11787.91992188  8701.51953125   
0.48100    319673.71875000 165288.62500000 449454.81250000 321.56198120    11658.38671875  8616.07421875   
0.48200    318621.78125000 164580.39062500 447713.15625000 320.27786255    11528.43750000  8529.97460938   
0.48300    317572.56250000 163877.53125000 445970.65625000 319.13220215    11400.90722656  8445.89843750   
0.48400    316516.40625000 163175.32812500 444233.68750000 318.11117554    11275.69238281  8363.31933594   
0.48500    315434.59375000 162459.92187500 442456.34375000 317.21124268    11151.80273438  8281.96582031   
0.48600    314355.78125000 161746.54687500 440678.56250000 316.43753052    11030.44140625  8202.37500000   
0.48700    313243.15625000 161019.98437500 438860.28125000 315.78070068    10910.96093750  8123.93798828   
0.48800    312096.68750000 160272.14062500 436990.43750000 315.23150635    10792.71093750  8046.65527344   
0.48900    310954.78125000 159531.45312500 435129.90625000 314.80422974    10677.46972656  7971.34082031   
0.49000    309802.18750000 158788.98437500 433263.75000000 314.49197388    10564.91015625  7898.15332031   
0.49100    308655.18750000 158055.32812500 431408.46875000 314.29513550    10455.13867188  7826.98144531   
0.49200    307470.37500000 157298.95312500 429494.40625000 314.19744873    10346.94433594  7756.92871094   
0.49300    306290.25000000 156548.67187500 427594.00000000 314.20632935    10241.86816406  7689.30175781   
0.49400    305103.43750000 155796.98437500 425681.68750000 314.31973267    10139.52441406  7623.46923828   
0.49500    303901.56250000 155041.50000000 423759.21875000 314.52514648    10039.55273438  7559.43554688   
0.49600    302718.90625000 154299.03125000 421860.84375000 314.83370972    9943.15039062   7498.00634766   
0.49700    301505.84375000 153542.50000000 419923.15625000 315.21987915    9848.50292969   7438.06250000   
0.49800    300308.65625000 152797.68750000 418012.87500000 315.70211792    9757.59570312   7380.58105469   
0.49900    299090.28125000 152042.25000000 416072.90625000 316.25433350    9668.59179688   7324.59912109   
0.50000    297883.78125000 151302.48437500 414161.56250000 316.89324951    9583.20605469   7271.29101562   
