# SAXS profile: number of points = 501, q_min = 0, q_max = 0.5, delta_q = 0.001
#    q    intensity 
0.00000    162238176.00000000 101202048.00000000 256271696.00000000 101275.71093750 8106999.50000000 6402911.50000000 
0.00100    162207456.00000000 101182312.00000000 256221920.00000000 101252.49218750 8105280.50000000 6401520.50000000 
0.00200    162114528.00000000 101123952.00000000 256071792.00000000 101181.80468750 8100077.00000000 6397450.50000000 
0.00300    161957376.00000000 101025880.00000000 255824224.00000000 101064.26562500 8091412.00000000 6390632.00000000 
0.00400    161736464.00000000 100888848.00000000 255477632.00000000 100899.92968750 8079315.50000000 6381100.50000000 
0.00500    161452688.00000000 100713168.00000000 255030064.00000000 100689.20312500 8063790.50000000 6368880.50000000 
0.00600    161107168.00000000 100499520.00000000 254487200.00000000 100432.17187500 8044836.50000000 6353989.00000000 
0.00700    160699264.00000000 100246232.00000000 253843952.00000000 100129.47656250 8022527.00000000 6336410.50000000 
0.00800    160229648.00000000 99955672.00000000 253106896.00000000 99780.15625000  7996891.50000000 6316166.50000000 
0.00900    159698512.00000000 99628280.00000000 252274208.00000000 99387.42968750  7967880.00000000 6293387.50000000 
0.01000    159107344.00000000 99263128.00000000 251345952.00000000 98949.59375000  7935613.50000000 6267955.50000000 
0.01100    158458864.00000000 98861640.00000000 250324160.00000000 98468.54687500  7900099.00000000 6240031.50000000 
0.01200    157753200.00000000 98423960.00000000 249212976.00000000 97944.44531250  7861429.50000000 6209584.50000000 
0.01300    156989952.00000000 97949824.00000000 248006720.00000000 97378.02343750  7819585.00000000 6176648.00000000 
0.01400    156167872.00000000 97441304.00000000 246715456.00000000 96770.35156250  7774703.50000000 6141319.00000000 
0.01500    155289296.00000000 96898264.00000000 245335344.00000000 96121.71093750  7726787.50000000 6103590.50000000 
0.01600    154358192.00000000 96321144.00000000 243868944.00000000 95433.09375000  7675913.00000000 6063549.50000000 
0.01700    153374192.00000000 95711504.00000000 242320064.00000000 94706.51562500  7622198.50000000 6021240.00000000 
0.01800    152337200.00000000 95069264.00000000 240687024.00000000 93942.56250000  7565618.00000000 5976683.50000000 
0.01900    151250416.00000000 94395672.00000000 238974864.00000000 93141.28906250  7506332.50000000 5930017.50000000 
0.02000    150112752.00000000 93691056.00000000 237185376.00000000 92304.48437500  7444355.00000000 5881222.00000000 
0.02100    148928176.00000000 92957072.00000000 235320576.00000000 91433.82812500  7379835.50000000 5830422.50000000 
0.02200    147696928.00000000 92194064.00000000 233380256.00000000 90529.84375000  7312772.00000000 5777598.50000000 
0.02300    146420016.00000000 91403272.00000000 231371840.00000000 89594.00781250  7243329.00000000 5722925.50000000 
0.02400    145099664.00000000 90585736.00000000 229293536.00000000 88628.12500000  7171555.50000000 5666424.50000000 
0.02500    143737728.00000000 89741208.00000000 227148144.00000000 87632.38281250  7097558.50000000 5608142.50000000 
0.02600    142334768.00000000 88872192.00000000 224941136.00000000 86608.52343750  7021412.00000000 5548173.50000000 
0.02700    140893552.00000000 87979408.00000000 222671664.00000000 85558.26562500  6943262.50000000 5486627.00000000 
0.02800    139416112.00000000 87063240.00000000 220343552.00000000 84482.80468750  6863122.00000000 5423469.00000000 
0.02900    137902160.00000000 86125360.00000000 217961616.00000000 83384.03125000  6781151.00000000 5358926.50000000 
0.03000    136355296.00000000 85166304.00000000 215525872.00000000 82262.34375000  6697410.00000000 5292981.00000000 
0.03100    134776960.00000000 84187856.00000000 213039680.00000000 81119.59375000  6612050.00000000 5225759.00000000 
0.03200    133168560.00000000 83190960.00000000 210507744.00000000 79957.55468750  6525169.50000000 5157324.00000000 
0.03300    131531968.00000000 82176048.00000000 207929568.00000000 78778.17968750  6436826.50000000 5087725.00000000 
0.03400    129868800.00000000 81145168.00000000 205312304.00000000 77581.10937500  6347172.50000000 5017104.50000000 
0.03500    128181792.00000000 80099432.00000000 202654608.00000000 76369.30468750  6256299.50000000 4945516.50000000 
0.03600    126471760.00000000 79039232.00000000 199961520.00000000 75144.22656250  6164259.50000000 4872980.00000000 
0.03700    124741168.00000000 77966064.00000000 197236272.00000000 73906.55468750  6071231.50000000 4799726.50000000 
0.03800    122992168.00000000 76881264.00000000 194481664.00000000 72658.28125000  5977264.50000000 4725695.50000000 
0.03900    121225440.00000000 75785528.00000000 191699664.00000000 71400.70312500  5882510.50000000 4651000.50000000 
0.04000    119444240.00000000 74680592.00000000 188892848.00000000 70135.57812500  5787031.50000000 4575797.50000000 
0.04100    117649560.00000000 73567632.00000000 186065248.00000000 68863.83593750  5690980.50000000 4500091.00000000 
0.04200    115843040.00000000 72447200.00000000 183220944.00000000 67587.10156250  5594408.50000000 4423974.50000000 
0.04300    114027632.00000000 71321568.00000000 180360512.00000000 66306.97656250  5497437.50000000 4347568.00000000 
0.04400    112204480.00000000 70190160.00000000 177487712.00000000 65024.37500000  5400195.50000000 4270907.00000000 
0.04500    110374736.00000000 69055072.00000000 174606160.00000000 63741.17578125  5302745.00000000 4194119.25000000 
0.04600    108540624.00000000 67917064.00000000 171717360.00000000 62457.99609375  5205136.50000000 4117190.75000000 
0.04700    106704768.00000000 66777472.00000000 168822976.00000000 61176.92578125  5107587.00000000 4040265.50000000 
0.04800    104867608.00000000 65637128.00000000 165928720.00000000 59898.77343750  5010065.50000000 3963419.75000000 
0.04900    103031784.00000000 64497640.00000000 163035840.00000000 58624.55859375  4912759.00000000 3886689.75000000 
0.05000    101198048.00000000 63359368.00000000 160146176.00000000 57355.84375000  4815710.00000000 3810184.00000000 
0.05100    99368592.00000000 62223568.00000000 157262848.00000000 56093.81640625  4719001.50000000 3733927.00000000 
0.05200    97544744.00000000 61091212.00000000 154390208.00000000 54839.23437500  4622739.50000000 3657999.50000000 
0.05300    95728784.00000000 59963356.00000000 151526656.00000000 53593.55078125  4526956.50000000 3582508.75000000 
0.05400    93920544.00000000 58840892.00000000 148677168.00000000 52358.11328125  4431806.50000000 3507475.00000000 
0.05500    92123552.00000000 57724528.00000000 145844720.00000000 51132.91796875  4337381.50000000 3432967.25000000 
0.05600    90337808.00000000 56615492.00000000 143029904.00000000 49919.74218750  4243616.50000000 3359040.25000000 
0.05700    88565040.00000000 55514408.00000000 140234624.00000000 48719.48437500  4150719.75000000 3285745.50000000 
0.05800    86806160.00000000 54422036.00000000 137462944.00000000 47532.21093750  4058700.25000000 3213163.75000000 
0.05900    85063480.00000000 53339260.00000000 134714880.00000000 46359.87890625  3967642.25000000 3141311.25000000 
0.06000    83338096.00000000 52266616.00000000 131994320.00000000 45202.30859375  3877568.75000000 3070266.50000000 
0.06100    81629184.00000000 51205344.00000000 129301360.00000000 44060.74609375  3788583.75000000 3000051.00000000 
0.06200    79940232.00000000 50155584.00000000 126638152.00000000 42935.85156250  3700725.00000000 2930732.75000000 
0.06300    78271144.00000000 49118220.00000000 124006472.00000000 41828.09765625  3614065.75000000 2862335.75000000 
0.06400    76622704.00000000 48094004.00000000 121407952.00000000 40738.11328125  3528602.75000000 2794891.50000000 
0.06500    74997152.00000000 47083448.00000000 118844088.00000000 39666.77734375  3444438.00000000 2728463.75000000 
0.06600    73393864.00000000 46086896.00000000 116316528.00000000 38613.89843750  3361581.50000000 2663073.25000000 
0.06700    71814760.00000000 45104960.00000000 113825544.00000000 37580.69921875  3280071.50000000 2598740.25000000 
0.06800    70260200.00000000 44138788.00000000 111373240.00000000 36566.79687500  3199969.50000000 2535485.25000000 
0.06900    68729872.00000000 43187464.00000000 108961544.00000000 35572.94531250  3121285.50000000 2473378.00000000 
0.07000    67227096.00000000 42252396.00000000 106590032.00000000 34599.75781250  3044057.25000000 2412400.75000000 
0.07100    65749808.00000000 41333528.00000000 104259992.00000000 33647.26171875  2968303.75000000 2352582.75000000 
0.07200    64299320.00000000 40431836.00000000 101972736.00000000 32715.28125000  2894046.75000000 2293950.00000000 
0.07300    62877292.00000000 39547076.00000000 99729112.00000000 31804.56250000  2821315.00000000 2236517.75000000 
0.07400    61482524.00000000 38679480.00000000 97529272.00000000 30915.08007812  2750128.50000000 2180289.00000000 
0.07500    60116104.00000000 37829616.00000000 95373600.00000000 30046.71289062  2680492.00000000 2125292.00000000 
0.07600    58778380.00000000 36997464.00000000 93263168.00000000 29199.82226562  2612418.75000000 2071508.87500000 
0.07700    57469784.00000000 36183112.00000000 91198360.00000000 28374.17187500  2545905.75000000 2018978.37500000 
0.07800    56190308.00000000 35386900.00000000 89179568.00000000 27569.94921875  2480971.50000000 1967672.75000000 
0.07900    54939628.00000000 34608968.00000000 87207456.00000000 26786.79296875  2417627.25000000 1917616.62500000 
0.08000    53718856.00000000 33849232.00000000 85280520.00000000 26024.93164062  2355831.25000000 1868794.50000000 
0.08100    52527344.00000000 33107966.00000000 83400888.00000000 25284.21875000  2295627.50000000 1821223.75000000 
0.08200    51365120.00000000 32384536.00000000 81567064.00000000 24564.16015625  2236987.50000000 1774869.50000000 
0.08300    50232500.00000000 31679742.00000000 79779616.00000000 23864.97070312  2179886.50000000 1729753.87500000 
0.08400    49129260.00000000 30993158.00000000 78039088.00000000 23186.08984375  2124345.00000000 1685858.87500000 
0.08500    48054904.00000000 30324728.00000000 76344464.00000000 22527.61718750  2070323.12500000 1643165.62500000 
0.08600    47009744.00000000 29674236.00000000 74694880.00000000 21888.97851562  2017844.75000000 1601667.75000000 
0.08700    45993704.00000000 29041770.00000000 73091584.00000000 21270.01367188  1966852.75000000 1561362.62500000 
0.08800    45005724.00000000 28427060.00000000 71533160.00000000 20670.42968750  1917338.12500000 1522215.87500000 
0.08900    44046500.00000000 27829844.00000000 70019048.00000000 20089.82421875  1869294.87500000 1484221.00000000 
0.09000    43115132.00000000 27250292.00000000 68549008.00000000 19527.80273438  1822686.00000000 1447369.87500000 
0.09100    42211076.00000000 26687718.00000000 67123272.00000000 18983.97656250  1777486.25000000 1411632.37500000 
0.09200    41334276.00000000 26142144.00000000 65739372.00000000 18458.03906250  1733659.75000000 1376975.50000000 
0.09300    40484404.00000000 25613368.00000000 64398912.00000000 17949.62890625  1691217.00000000 1343407.00000000 
0.09400    39660612.00000000 25100900.00000000 63098860.00000000 17458.10546875  1650101.62500000 1310881.37500000 
0.09500    38862668.00000000 24604560.00000000 61840356.00000000 16983.30468750  1610275.87500000 1279391.87500000 
0.09600    38090272.00000000 24123938.00000000 60621604.00000000 16524.44140625  1571732.00000000 1248895.00000000 
0.09700    37342496.00000000 23658922.00000000 59442156.00000000 16081.57324219  1534425.62500000 1219382.25000000 
0.09800    36619004.00000000 23208928.00000000 58300848.00000000 15653.73144531  1498326.25000000 1190829.12500000 
0.09900    35919248.00000000 22773650.00000000 57196752.00000000 15240.73925781  1463394.25000000 1163199.00000000 
0.10000    35242296.00000000 22353022.00000000 56129888.00000000 14842.01757812  1429614.87500000 1136473.12500000 
0.10100    34588096.00000000 21946138.00000000 55097564.00000000 14457.00585938  1396936.50000000 1110614.87500000 
0.10200    33955680.00000000 21553070.00000000 54100308.00000000 14085.49023438  1365329.00000000 1085602.75000000 
0.10300    33344112.00000000 21173192.00000000 53136664.00000000 13726.88183594  1334764.87500000 1061422.75000000 
0.10400    32753576.00000000 20806146.00000000 52205180.00000000 13380.69335938  1305201.00000000 1038020.62500000 
0.10500    32182672.00000000 20451662.00000000 51305692.00000000 13046.32421875  1276604.50000000 1015394.06250000 
0.10600    31631260.00000000 20109188.00000000 50436004.00000000 12723.40332031  1248940.12500000 993489.68750000 
0.10700    31098276.00000000 19778360.00000000 49596256.00000000 12411.72656250  1222170.12500000 972308.12500000 
0.10800    30583432.00000000 19458682.00000000 48784848.00000000 12110.61425781  1196259.75000000 951805.18750000 
0.10900    30085876.00000000 19149894.00000000 48000612.00000000 11819.50390625  1171179.75000000 931955.12500000 
0.11000    29604776.00000000 18851434.00000000 47242784.00000000 11538.15527344  1146897.50000000 912733.12500000 
0.11100    29139726.00000000 18562932.00000000 46509876.00000000 11266.15332031  1123376.50000000 894112.50000000 
0.11200    28689746.00000000 18284144.00000000 45801528.00000000 11003.00000000  1100569.12500000 876064.18750000 
0.11300    28254642.00000000 18014302.00000000 45116036.00000000 10748.15820312  1078463.87500000 858565.87500000 
0.11400    27833394.00000000 17753432.00000000 44452684.00000000 10501.56054688  1057020.75000000 841587.56250000 
0.11500    27425534.00000000 17500682.00000000 43810184.00000000 10262.48925781  1036209.56250000 825111.75000000 
0.11600    27030460.00000000 17255802.00000000 43188256.00000000 10030.88574219  1016003.62500000 809107.56250000 
0.11700    26647112.00000000 17018530.00000000 42585276.00000000 9806.15820312   996361.50000000 793557.87500000 
0.11800    26275462.00000000 16788554.00000000 42000020.00000000 9587.94824219   977253.50000000 778430.37500000 
0.11900    25914640.00000000 16565155.00000000 41432388.00000000 9376.03808594   958661.31250000 763703.18750000 
0.12000    25563874.00000000 16348218.00000000 40880464.00000000 9170.03515625   940554.62500000 749360.75000000 
0.12100    25223068.00000000 16137358.00000000 40344172.00000000 8969.71875000   922907.25000000 735385.75000000 
0.12200    24891264.00000000 15932181.00000000 39822280.00000000 8774.75000000   905696.18750000 721743.18750000 
0.12300    24567944.00000000 15732209.00000000 39313748.00000000 8584.80859375   888889.62500000 708433.93750000 
0.12400    24252846.00000000 15537333.00000000 38817736.00000000 8399.69824219   872464.62500000 695419.18750000 
0.12500    23945104.00000000 15347106.00000000 38333816.00000000 8219.05957031   856405.31250000 682694.12500000 
0.12600    23644490.00000000 15161306.00000000 37860968.00000000 8042.78710938   840693.06250000 670240.87500000 
0.12700    23350370.00000000 14979462.00000000 37398200.00000000 7870.56005859   825300.06250000 658036.43750000 
0.12800    23062312.00000000 14801456.00000000 36945364.00000000 7702.28320312   810207.37500000 646070.93750000 
0.12900    22779926.00000000 14626885.00000000 36501180.00000000 7537.60937500   795400.93750000 634325.87500000 
0.13000    22502754.00000000 14455459.00000000 36065224.00000000 7376.47509766   780863.50000000 622792.87500000 
0.13100    22230462.00000000 14287096.00000000 35636452.00000000 7218.64746094   766566.50000000 611457.37500000 
0.13200    21962580.00000000 14121310.00000000 35214904.00000000 7063.96533203   752518.93750000 600303.87500000 
0.13300    21698606.00000000 13958096.00000000 34799792.00000000 6912.35107422   738679.50000000 589325.62500000 
0.13400    21438478.00000000 13797093.00000000 34390424.00000000 6763.55712891   725059.00000000 578509.37500000 
0.13500    21181586.00000000 13638105.00000000 33986156.00000000 6617.56201172   711629.37500000 567847.75000000 
0.13600    20927996.00000000 13481020.00000000 33586836.00000000 6474.22705078   698383.87500000 557325.37500000 
0.13700    20677244.00000000 13325532.00000000 33191602.00000000 6333.43066406   685317.87500000 546945.12500000 
0.13800    20428856.00000000 13171568.00000000 32800330.00000000 6195.11230469   672417.43750000 536691.12500000 
0.13900    20182810.00000000 13018895.00000000 32412932.00000000 6059.15576172   659677.81250000 526558.81250000 
0.14000    19938786.00000000 12867473.00000000 32028028.00000000 5925.52978516   647083.87500000 516545.21875000 
0.14100    19696750.00000000 12716993.00000000 31646382.00000000 5794.12158203   634636.00000000 506639.15625000 
0.14200    19456210.00000000 12567528.00000000 31266988.00000000 5664.88964844   622322.81250000 496841.43750000 
0.14300    19217328.00000000 12418880.00000000 30889918.00000000 5537.86181641   610146.12500000 487147.75000000 
0.14400    18979540.00000000 12270756.00000000 30514430.00000000 5412.83203125   598096.25000000 477549.18750000 
0.14500    18743082.00000000 12123371.00000000 30140930.00000000 5289.95068359   586175.87500000 468049.96875000 
0.14600    18507746.00000000 11976455.00000000 29768840.00000000 5169.08789062   574375.87500000 458645.21875000 
0.14700    18273316.00000000 11830106.00000000 29398252.00000000 5050.24560547   562695.62500000 449331.96875000 
0.14800    18039734.00000000 11684003.00000000 29028872.00000000 4933.37158203   551133.18750000 440110.03125000 
0.14900    17806778.00000000 11538373.00000000 28660314.00000000 4818.48681641   539686.75000000 430974.09375000 
0.15000    17574710.00000000 11393008.00000000 28292828.00000000 4705.57812500   528360.37500000 421930.81250000 
0.15100    17343246.00000000 11247857.00000000 27926084.00000000 4594.60693359   517149.18750000 412975.50000000 
0.15200    17112508.00000000 11103048.00000000 27560476.00000000 4485.69824219   506056.34375000 404112.34375000 
0.15300    16882406.00000000 10958404.00000000 27195494.00000000 4378.67236328   495080.37500000 395335.37500000 
0.15400    16652884.00000000 10813941.00000000 26830956.00000000 4273.59228516   484220.37500000 386648.46875000 
0.15500    16423901.00000000 10669815.00000000 26467488.00000000 4170.51953125   473481.28125000 378054.96875000 
0.15600    16195478.00000000 10525759.00000000 26104664.00000000 4069.39819336   462862.93750000 369553.18750000 
0.15700    15967784.00000000 10381986.00000000 25742796.00000000 3970.27416992   452368.96875000 361149.43750000 
0.15800    15740627.00000000 10238442.00000000 25381388.00000000 3873.10864258   441997.84375000 352834.90625000 
0.15900    15514266.00000000 10095167.00000000 25021278.00000000 3777.94042969   431753.71875000 344624.93750000 
0.16000    15288602.00000000 9952185.00000000 24661710.00000000 3684.71752930   421637.62500000 336510.62500000 
0.16100    15063747.00000000 9809629.00000000 24303542.00000000 3593.53710938   411657.18750000 328500.40625000 
0.16200    14839642.00000000 9667283.00000000 23946244.00000000 3504.37255859   401809.00000000 320591.53125000 
0.16300    14616507.00000000 9525424.00000000 23590252.00000000 3417.18408203   392096.40625000 312793.06250000 
0.16400    14394295.00000000 9384020.00000000 23235760.00000000 3332.00000000   382527.03125000 305099.81250000 
0.16500    14173200.00000000 9243036.00000000 22882466.00000000 3248.81762695   373096.59375000 297517.75000000 
0.16600    13953171.00000000 9102669.00000000 22530702.00000000 3167.63964844   363811.28125000 290046.31250000 
0.16700    13734233.00000000 8962806.00000000 22180756.00000000 3088.45581055   354670.50000000 282690.09375000 
0.16800    13516643.00000000 8823549.00000000 21832334.00000000 3011.25952148   345677.56250000 275449.59375000 
0.16900    13300424.00000000 8685083.00000000 21486264.00000000 2936.09692383   336841.31250000 268328.87500000 
0.17000    13085538.00000000 8547357.00000000 21142094.00000000 2862.86108398   328154.96875000 261325.84375000 
0.17100    12872264.00000000 8410369.00000000 20800176.00000000 2791.60180664   319623.15625000 254445.32812500 
0.17200    12660616.00000000 8274245.00000000 20460490.00000000 2722.31225586   311248.87500000 247687.67187500 
0.17300    12450524.00000000 8139130.50000000 20123440.00000000 2654.94848633   303033.00000000 241054.95312500 
0.17400    12242254.00000000 8004968.50000000 19789092.00000000 2589.50341797   294978.15625000 234549.20312500 
0.17500    12035835.00000000 7871780.50000000 19457150.00000000 2525.98144531   287085.43750000 228170.92187500 
0.17600    11831345.00000000 7739634.00000000 19128364.00000000 2464.28588867   279349.68750000 221917.89062500 
0.17700    11628844.00000000 7608766.50000000 18802488.00000000 2404.46264648   271782.09375000 215795.23437500 
0.17800    11428440.00000000 7478976.00000000 18479944.00000000 2346.43627930   264375.59375000 209802.39062500 
0.17900    11230152.00000000 7350469.00000000 18160508.00000000 2290.22534180   257132.03125000 203939.45312500 
0.18000    11034114.00000000 7223252.00000000 17844716.00000000 2235.77172852   250054.64062500 198205.42187500 
0.18100    10840395.00000000 7097368.50000000 17532204.00000000 2183.08911133   243142.07812500 192604.59375000 
0.18200    10649020.00000000 6972893.50000000 17223322.00000000 2132.00390625   236386.40625000 187129.76562500 
0.18300    10459958.00000000 6849807.00000000 16918190.00000000 2082.63037109   229798.31250000 181787.09375000 
0.18400    10273461.00000000 6728213.50000000 16616916.00000000 2034.85083008   223370.10937500 176571.62500000 
0.18500    10089461.00000000 6608145.50000000 16319524.00000000 1988.66125488   217104.37500000 171484.89062500 
0.18600    9908078.00000000 6489587.00000000 16026136.00000000 1943.98962402   210996.53125000 166528.06250000 
0.18700    9729250.00000000 6372609.00000000 15736732.00000000 1900.82446289   205045.96875000 161696.53125000 
0.18800    9552971.00000000 6257243.00000000 15451391.00000000 1859.07690430   199253.14062500 156989.95312500 
0.18900    9379612.00000000 6143582.00000000 15170497.00000000 1818.77673340   193615.35937500 152408.59375000 
0.19000    9208702.00000000 6031471.50000000 14893631.00000000 1779.78735352   188125.46875000 147946.85937500 
0.19100    9040750.00000000 5921130.00000000 14621175.00000000 1742.15527344   182792.53125000 143610.65625000 
0.19200    8875401.00000000 5812408.50000000 14353063.00000000 1705.74243164   177599.82812500 139388.06250000 
0.19300    8712923.00000000 5705500.00000000 14089324.00000000 1670.60583496   172556.89062500 135287.45312500 
0.19400    8553144.00000000 5600248.00000000 13829906.00000000 1636.59643555   167652.54687500 131299.01562500 
0.19500    8396189.00000000 5496772.50000000 13574928.00000000 1603.71447754   162888.79687500 127423.07812500 
0.19600    8241977.00000000 5395071.50000000 13324387.00000000 1571.92626953   158260.48437500 123658.70312500 
0.19700    8090634.00000000 5295098.50000000 13078252.00000000 1541.19409180   153765.85937500 120001.92968750 
0.19800    7942034.00000000 5196864.00000000 12836487.00000000 1511.42138672   149398.07812500 116449.37500000 
0.19900    7796256.50000000 5100452.50000000 12599287.00000000 1482.63977051   145158.78125000 113002.17187500 
0.20000    7653128.50000000 5005708.50000000 12366329.00000000 1454.71789551   141040.01562500 109652.07031250 
0.20100    7512809.50000000 4912752.00000000 12137911.00000000 1427.68432617   137042.06250000 106400.80468750 
0.20200    7375160.00000000 4821519.00000000 11913752.00000000 1401.44519043   133158.68750000 103243.14843750 
0.20300    7240244.00000000 4732023.50000000 11693879.00000000 1376.02770996   129386.76562500 100179.08593750 
0.20400    7107957.50000000 4644272.00000000 11478244.00000000 1351.33081055   125722.97656250 97202.21093750  
0.20500    6978276.00000000 4558170.50000000 11266978.00000000 1327.34643555   122164.12500000 94311.93750000  
0.20600    6851177.50000000 4473760.50000000 11059711.00000000 1304.01342773   118703.41406250 91503.53906250  
0.20700    6726668.00000000 4390991.00000000 10856623.00000000 1281.33093262   115343.28125000 88776.53125000  
0.20800    6604570.50000000 4309858.00000000 10657590.00000000 1259.23339844   112072.45312500 86126.42187500  
0.20900    6485065.00000000 4230422.50000000 10462693.00000000 1237.74475098   108897.09375000 83552.94531250  
0.21000    6367881.50000000 4152518.75000000 10271517.00000000 1216.77209473   105802.92968750 81047.10156250  
0.21100    6253108.50000000 4076145.00000000 10084276.00000000 1196.31604004   102793.16406250 78612.28125000  
0.21200    6140603.50000000 4001315.50000000 9900767.00000000 1176.34277344   99861.20312500  76242.78125000  
0.21300    6030359.00000000 3928019.75000000 9720957.00000000 1156.82678223   97004.67968750  73935.99218750  
0.21400    5922399.00000000 3856194.50000000 9544764.00000000 1137.76171875   94221.76562500  71690.19531250  
0.21500    5816602.50000000 3785822.25000000 9372245.00000000 1119.13549805   91508.85156250  69504.03125000  
0.21600    5712810.50000000 3716856.25000000 9202938.00000000 1100.88024902   88859.72656250  67369.98437500  
0.21700    5611142.00000000 3649254.50000000 9037204.00000000 1083.03466797   86274.83593750  65290.64453125  
0.21800    5511431.50000000 3582997.00000000 8874598.00000000 1065.53894043   83748.42968750  63261.12890625  
0.21900    5413604.50000000 3518027.50000000 8715197.00000000 1048.38623047   81278.21093750  61278.85546875  
0.22000    5317664.00000000 3454341.75000000 8558881.00000000 1031.57812500   78863.04687500  59342.52343750  
0.22100    5223606.50000000 3391950.75000000 8405666.00000000 1015.12188721   76501.11718750  57451.83593750  
0.22200    5131269.50000000 3330722.75000000 8255365.00000000 998.98626709    74187.54687500  55601.76953125  
0.22300    5040628.00000000 3270686.75000000 8107885.50000000 983.14263916    71920.98437500  53791.48046875  
0.22400    4951601.50000000 3211752.50000000 7963094.50000000 967.61810303    69697.13281250  52017.80078125  
0.22500    4864281.50000000 3153974.00000000 7820992.00000000 952.42095947    67519.92968750  50282.96093750  
0.22600    4778416.00000000 3097231.25000000 7681410.00000000 937.48974609    65380.05468750  48580.10156250  
0.22700    4694058.00000000 3041546.00000000 7544354.00000000 922.87622070    63281.40234375  46912.74218750  
0.22800    4611093.50000000 2986839.50000000 7409756.00000000 908.54858398    61218.73437500  45275.18359375  
0.22900    4529514.00000000 2933100.50000000 7277335.00000000 894.51177979    59190.49218750  43667.76171875  
0.23000    4449338.00000000 2880338.00000000 7147260.00000000 880.79138184    57198.51562500  42090.25781250  
0.23100    4370418.00000000 2828450.00000000 7019398.00000000 867.35900879    55239.57421875  40540.72265625  
0.23200    4292692.00000000 2777437.50000000 6893514.00000000 854.21673584    53311.16406250  39016.90625000  
0.23300    4216160.00000000 2727283.25000000 6769705.50000000 841.38763428    51414.20703125  37519.70312500  
0.23400    4140839.00000000 2677940.50000000 6647804.00000000 828.86621094    49548.00781250  36048.31640625  
0.23500    4066588.50000000 2629358.25000000 6527708.00000000 816.63323975    47708.87890625  34598.93359375  
0.23600    3993408.75000000 2581584.25000000 6409494.50000000 804.74011230    45899.32031250  33175.60546875  
0.23700    3921256.50000000 2534513.25000000 6293056.00000000 793.16156006    44117.80859375  31774.86914062  
0.23800    3850087.75000000 2488192.50000000 6178294.00000000 781.90588379    42364.87500000  30397.24218750  
0.23900    3779886.50000000 2442502.25000000 6065091.00000000 770.97259521    40637.15234375  29040.68750000  
0.24000    3710629.25000000 2397496.00000000 5953538.50000000 760.37542725    38936.62500000  27706.76562500  
0.24100    3642275.75000000 2353162.25000000 5843508.50000000 750.13873291    37264.64062500  26395.63281250  
0.24200    3574818.00000000 2309460.00000000 5735004.00000000 740.23925781    35618.96875000  25106.03906250  
0.24300    3508179.00000000 2266342.75000000 5627846.00000000 730.68847656    33999.96875000  23837.53906250  
0.24400    3442349.00000000 2223814.75000000 5522124.50000000 721.49035645    32407.31445312  22590.42968750  
0.24500    3377359.00000000 2181860.50000000 5417714.00000000 712.64935303    30840.81445312  21364.81445312  
0.24600    3313138.00000000 2140447.00000000 5314659.50000000 704.18127441    29302.40234375  20161.22265625  
0.24700    3249712.75000000 2099602.25000000 5212875.00000000 696.07800293    27791.51757812  18979.70117188  
0.24800    3186965.50000000 2059251.00000000 5112385.50000000 688.34057617    26309.03125000  17819.87890625  
0.24900    3125022.00000000 2019431.25000000 5013086.00000000 680.98168945    24853.11718750  16681.72656250  
0.25000    3063760.50000000 1980117.75000000 4915015.50000000 674.00317383    23426.21875000  15566.52734375  
0.25100    3003204.75000000 1941294.50000000 4818088.50000000 667.38714600    22028.07226562  14473.15332031  
0.25200    2943397.25000000 1902971.75000000 4722428.50000000 661.17736816    20660.55468750  13403.88964844  
0.25300    2884276.00000000 1865120.87500000 4627849.50000000 655.33239746    19322.11132812  12357.21972656  
0.25400    2825815.75000000 1827732.50000000 4534443.50000000 649.86859131    18014.04101562  11334.39453125  
0.25500    2768048.50000000 1790805.62500000 4442122.50000000 644.78155518    16736.06250000  10335.07519531  
0.25600    2710967.75000000 1754341.12500000 4350940.00000000 640.08093262    15489.86425781  9360.02832031   
0.25700    2654559.75000000 1718335.62500000 4260882.50000000 635.74127197    14275.57617188  8409.20898438   
0.25800    2598842.50000000 1682783.12500000 4171921.00000000 631.78173828    13093.11132812  7483.86718750   
0.25900    2543814.25000000 1647677.25000000 4084060.25000000 628.19512939    11943.85156250  6583.77685547   
0.26000    2489448.25000000 1613014.75000000 3997296.25000000 624.97235107    10827.86230469  5709.18310547   
0.26100    2435741.50000000 1578794.00000000 3911584.50000000 622.09637451    9743.82031250   4859.26318359   
0.26200    2382760.00000000 1545024.25000000 3827059.25000000 619.59832764    8696.06152344   4037.29956055   
0.26300    2330428.50000000 1511680.62500000 3743560.00000000 617.42694092    7680.15722656   3239.62158203   
0.26400    2278813.50000000 1478801.50000000 3661183.50000000 615.60797119    6700.16064453   2470.07592773   
0.26500    2227894.50000000 1446348.50000000 3579954.75000000 614.12097168    5754.88232422   1726.90295410   
0.26600    2177695.25000000 1414347.50000000 3499799.25000000 612.95623779    4844.21630859   1010.36987305   
0.26700    2128186.25000000 1382799.37500000 3420812.75000000 612.12023926    3969.54882812   321.97412109    
0.26800    2079407.87500000 1351705.12500000 3342971.50000000 611.58856201    3130.96166992   -339.14932251   
0.26900    2031326.25000000 1321041.37500000 3266189.00000000 611.35675049    2326.56787109   -973.76892090   
0.27000    1984004.62500000 1290857.75000000 3190634.00000000 611.41436768    1559.03649902   -1580.16931152  
0.27100    1937398.87500000 1261102.75000000 3116168.75000000 611.74414062    826.24688721    -2159.36230469  
0.27200    1891579.00000000 1231846.75000000 3042965.00000000 612.37487793    131.50492859    -2709.01269531  
0.27300    1846466.12500000 1203011.37500000 2970835.75000000 613.23699951    -529.66668701   -3232.88354492  
0.27400    1802050.37500000 1174615.87500000 2899861.75000000 614.32464600    -1156.66967773  -3730.71289062  
0.27500    1758509.25000000 1146743.25000000 2830173.25000000 615.68615723    -1745.37890625  -4198.60595703  
0.27600    1715621.37500000 1119276.12500000 2761599.75000000 617.24560547    -2301.60131836  -4641.40527344  
0.27700    1673580.00000000 1092343.12500000 2694281.75000000 619.04107666    -2820.89038086  -5055.48437500  
0.27800    1632291.50000000 1065842.62500000 2628131.50000000 621.02911377    -3306.43188477  -5443.44140625  
0.27900    1591795.87500000 1039828.25000000 2563226.25000000 623.19958496    -3757.79150391  -5804.50048828  
0.28000    1552078.00000000 1014290.50000000 2499526.75000000 625.55126953    -4175.37695312  -6139.72949219  
0.28100    1513139.25000000 989225.25000000 2437060.00000000 628.07141113    -4559.71093750  -6448.44824219  
0.28200    1475018.87500000 964655.68750000 2375861.25000000 630.75341797    -4910.49804688  -6731.55761719  
0.28300    1437696.50000000 940565.00000000 2315885.50000000 633.57269287    -5229.48193359  -6989.24169922  
0.28400    1401148.00000000 916944.43750000 2257139.75000000 636.52154541    -5516.97753906  -7222.76660156  
0.28500    1365432.50000000 893824.87500000 2199665.75000000 639.60137939    -5772.34082031  -7430.64892578  
0.28600    1330477.50000000 871176.43750000 2143400.75000000 642.78417969    -5998.47802734  -7615.92773438  
0.28700    1296365.87500000 849024.37500000 2088380.75000000 646.06408691    -6194.40478516  -7777.15722656  
0.28800    1263018.37500000 827340.56250000 2034612.75000000 649.43780518    -6361.08544922  -7915.49755859  
0.28900    1230508.25000000 806167.18750000 1982146.50000000 652.89440918    -6498.73046875  -8031.04785156  
0.29000    1198757.62500000 785459.37500000 1930848.87500000 656.41076660    -6610.00976562  -8125.48828125  
0.29100    1167845.00000000 765252.68750000 1880862.50000000 660.00347900    -6693.24121094  -8197.72558594  
0.29200    1137704.37500000 745509.75000000 1832051.37500000 663.64245605    -6750.96435547  -8249.78808594  
0.29300    1108355.75000000 726268.50000000 1784525.87500000 667.32934570    -6782.64404297  -8281.11328125  
0.29400    1079781.12500000 707478.93750000 1738163.25000000 671.03497314    -6791.74267578  -8294.15625000  
0.29500    1052003.37500000 689192.37500000 1693075.37500000 674.78582764    -6775.71289062  -8287.35742188  
0.29600    1024986.37500000 671352.87500000 1649148.37500000 678.54748535    -6738.03906250  -8263.13183594  
0.29700    998713.62500000 653982.50000000 1606419.12500000 682.32189941    -6678.79052734  -8221.66113281  
0.29800    973229.62500000 637095.31250000 1564908.75000000 686.11126709    -6597.78076172  -8162.66064453  
0.29900    948506.93750000 620670.25000000 1524595.87500000 689.90032959    -6496.29589844  -8087.10595703  
0.30000    924498.62500000 604685.62500000 1485392.37500000 693.68029785    -6377.19335938  -7996.72753906  
0.30100    901250.37500000 589170.18750000 1447396.87500000 697.46075439    -6238.16601562  -7891.00000000  
0.30200    878686.06250000 574088.06250000 1410476.75000000 701.21459961    -6083.30029297  -7771.80126953  
0.30300    856871.31250000 559461.93750000 1374733.37500000 704.96789551    -5910.56347656  -7638.31152344  
0.30400    835758.81250000 545267.25000000 1340109.87500000 708.69268799    -5722.05468750  -7491.82226562  
0.30500    815317.12500000 531492.93750000 1306522.50000000 712.38134766    -5519.88378906  -7333.76757812  
0.30600    795546.62500000 518141.18750000 1273997.87500000 716.04870605    -5303.34570312  -7164.33105469  
0.30700    776475.62500000 505231.06250000 1242608.87500000 719.69458008    -5072.30224609  -6982.74365234  
0.30800    758031.12500000 492706.09375000 1212187.62500000 723.29522705    -4830.13671875  -6791.74511719  
0.30900    740254.68750000 480606.65625000 1182832.25000000 726.87524414    -4575.44775391  -6590.59472656  
0.31000    723104.75000000 468894.65625000 1154473.25000000 730.41430664    -4309.91064453  -6380.27343750  
0.31100    706555.62500000 457566.84375000 1127066.50000000 733.91027832    -4034.57104492  -6161.47021484  
0.31200    690611.31250000 446630.71875000 1100635.25000000 737.36718750    -3749.67895508  -5934.57031250  
0.31300    675268.68750000 436064.34375000 1075145.87500000 740.79071045    -3455.79858398  -5700.31103516  
0.31400    660508.93750000 425879.84375000 1050611.00000000 744.17187500    -3153.23559570  -5458.68603516  
0.31500    646286.37500000 416037.62500000 1026928.37500000 747.50677490    -2844.07202148  -5211.33105469  
0.31600    632627.25000000 406551.93750000 1004156.12500000 750.81176758    -2527.48754883  -4957.29541016  
0.31700    619500.81250000 397410.59375000 982228.18750000 754.07366943    -2204.26635742  -4697.89599609  
0.31800    606884.06250000 388604.00000000 961127.75000000 757.28527832    -1876.54138184  -4434.30859375  
0.31900    594793.31250000 380138.12500000 940864.68750000 760.48089600    -1541.80249023  -4164.85888672  
0.32000    583178.00000000 371980.40625000 921386.31250000 763.61248779    -1203.42810059  -3891.88745117  
0.32100    572039.75000000 364129.53125000 902667.68750000 766.71057129    -860.84350586   -3615.29077148  
0.32200    561384.18750000 356596.75000000 884736.12500000 769.77709961    -513.61431885   -3334.58764648  
0.32300    551140.06250000 349336.40625000 867462.56250000 772.79229736    -164.53147888   -3052.13574219  
0.32400    541345.93750000 342364.28125000 850927.93750000 775.77526855    188.11199951    -2766.40771484  
0.32500    531963.75000000 335673.59375000 835069.75000000 778.71252441    542.94763184    -2478.84033203  
0.32600    522995.03125000 329256.71875000 819881.93750000 781.60607910    899.95520020    -2189.13623047  
0.32700    514421.75000000 323101.12500000 805336.56250000 784.47534180    1259.22412109   -1897.30883789  
0.32800    506250.06250000 317210.46875000 791444.93750000 787.30010986    1620.36950684   -1603.92456055  
0.32900    498413.65625000 311549.21875000 778119.87500000 790.08337402    1981.79699707   -1309.96166992  
0.33000    490960.71875000 306138.65625000 765399.06250000 792.83306885    2344.69995117   -1014.65332031  
0.33100    483802.03125000 300928.31250000 753178.81250000 795.53033447    2707.01733398   -719.77325439   
0.33200    477026.93750000 295984.06250000 741592.43750000 798.20257568    3071.82519531   -422.83255005   
0.33300    470544.15625000 291236.81250000 730480.93750000 800.82611084    3435.36157227   -126.55645752   
0.33400    464381.84375000 286696.78125000 719900.87500000 803.41009521    3799.56054688   170.07513428    
0.33500    458499.25000000 282356.09375000 709773.75000000 805.94714355    4162.87304688   466.27569580    
0.33600    452907.09375000 278206.90625000 700132.12500000 808.43634033    4525.96826172   761.98223877    
0.33700    447578.56250000 274242.78125000 690930.93750000 810.88641357    4888.47998047   1057.51501465   
0.33800    442533.00000000 270468.87500000 682206.00000000 813.27990723    5250.66699219   1352.60192871   
0.33900    437709.37500000 266851.12500000 673831.00000000 815.62902832    5611.24267578   1646.10461426   
0.34000    433142.15625000 263405.87500000 665888.81250000 817.92333984    5970.86718750   1938.94335938   
0.34100    428808.78125000 260119.54687500 658335.37500000 820.16394043    6329.36376953   2230.88867188   
0.34200    424726.71875000 257009.50000000 651197.00000000 822.35168457    6687.60302734   2522.39672852   
0.34300    420818.68750000 254020.57812500 644357.93750000 824.47271729    7043.28125000   2811.60937500   
0.34400    417159.15625000 251202.42187500 637918.37500000 826.53912354    7398.65136719   3100.48974609   
0.34500    413673.87500000 248499.14062500 631771.56250000 828.53802490    7751.59912109   3387.17675781   
0.34600    410409.03125000 245956.26562500 625996.81250000 830.47448730    8104.28271484   3673.23339844   
0.34700    407287.09375000 243505.39062500 620444.06250000 832.32659912    8453.45800781   3956.44604492   
0.34800    404360.46875000 241191.01562500 615228.25000000 834.10913086    8801.11132812   4238.19140625   
0.34900    401602.71875000 238996.46875000 610304.18750000 835.81018066    9147.43164062   4518.46386719   
0.35000    399010.71875000 236905.09375000 605630.56250000 837.43151855    9491.10351562   4796.53417969   
0.35100    396595.65625000 234944.70312500 601256.68750000 838.97082520    9833.75976562   5073.44042969   
0.35200    394284.71875000 233052.87500000 597057.75000000 840.41174316    10172.77246094  5346.86425781   
0.35300    392131.31250000 231270.06250000 593122.25000000 841.75482178    10509.50292969  5618.36132812   
0.35400    390131.06250000 229591.96875000 589440.56250000 843.00622559    10844.48339844  5888.21484375   
0.35500    388269.50000000 227996.28125000 585964.12500000 844.14855957    11176.63964844  6155.24707031   
0.35600    386506.46875000 226478.09375000 582667.25000000 845.19244385    11505.87304688  6419.70214844   
0.35700    384879.62500000 225049.40625000 579580.81250000 846.11804199    11832.33691406  6681.71240234   
0.35800    383378.15625000 223705.67187500 576709.12500000 846.93365479    12156.08105469  6941.17626953   
0.35900    381989.78125000 222433.23437500 574010.00000000 847.63287354    12476.69824219  7197.91357422   
0.36000    380724.53125000 221240.78125000 571514.37500000 848.21319580    12794.82910156  7452.33105469   
0.36100    379531.31250000 220098.60937500 569134.87500000 848.65905762    13108.63476562  7702.85400391   
0.36200    378491.31250000 219055.07812500 566999.06250000 848.98596191    13420.83886719  7951.87158203   
0.36300    377493.68750000 218039.93750000 564933.56250000 849.16925049    13727.65429688  8196.20800781   
0.36400    376590.34375000 217086.18750000 563021.25000000 849.20471191    14030.56835938  8437.47167969   
0.36500    375780.28125000 216189.59375000 561243.00000000 849.11108398    14329.80761719  8675.38085938   
0.36600    375078.50000000 215363.29687500 559641.06250000 848.89154053    14626.23925781  8910.87109375   
0.36700    374426.87500000 214566.09375000 558117.93750000 848.49621582    14916.99707031  9141.51367188   
0.36800    373900.18750000 213851.65625000 556798.37500000 847.98040771    15205.35058594  9370.08398438   
0.36900    373435.03125000 213166.67187500 555553.87500000 847.30682373    15488.77050781  9594.56250000   
0.37000    372993.28125000 212502.60937500 554357.25000000 846.45684814    15765.65625000  9813.81738281   
0.37100    372637.78125000 211889.14062500 553294.87500000 845.46032715    16038.54296875  10029.49218750  
0.37200    372371.78125000 211334.64062500 552372.81250000 844.32232666    16307.34472656  10242.05664062  
0.37300    372143.59375000 210797.39062500 551500.62500000 843.00720215    16570.12890625  10449.66210938  
0.37400    371992.59375000 210306.25000000 550746.68750000 841.54846191    16828.58593750  10653.60937500  
0.37500    371892.78125000 209846.31250000 550066.81250000 839.92785645    17081.25195312  10853.14355469  
0.37600    371851.96875000 209420.57812500 549481.00000000 838.13702393    17328.05273438  11048.07714844  
0.37700    371835.65625000 209009.09375000 548919.75000000 836.18145752    17568.52539062  11238.06640625  
0.37800    371881.90625000 208632.25000000 548469.50000000 834.06658936    17803.78125000  11423.73339844  
0.37900    371990.12500000 208296.73437500 548102.75000000 831.80065918    18033.27343750  11605.13671875  
0.38000    372115.90625000 207969.28125000 547764.68750000 829.36279297    18255.91406250  11781.03320312  
0.38100    372271.18750000 207651.92187500 547456.87500000 826.75897217    18471.64453125  11951.69824219  
0.38200    372479.78125000 207372.53125000 547234.81250000 824.00708008    18681.57617188  12118.06835938  
0.38300    372696.68750000 207091.92187500 547025.37500000 821.08599854    18883.90039062  12278.33984375  
0.38400    372973.78125000 206851.64062500 546909.06250000 818.01251221    19080.27929688  12434.71972656  
0.38500    373246.46875000 206604.45312500 546774.62500000 814.78454590    19268.94921875  12584.72949219  
0.38600    373577.56250000 206396.39062500 546732.12500000 811.40917969    19451.66796875  12730.49902344  
0.38700    373891.46875000 206173.20312500 546663.75000000 807.87744141    19625.56640625  12869.64257812  
0.38800    374234.00000000 205966.25000000 546631.31250000 804.19763184    19792.56445312  13003.73925781  
0.38900    374586.06250000 205765.29687500 546607.56250000 800.37603760    19952.04296875  13132.25292969  
0.39000    374978.06250000 205593.84375000 546663.93750000 796.41784668    20104.88085938  13255.90136719  
0.39100    375355.00000000 205411.48437500 546686.62500000 792.32440186    20249.47265625  13373.62304688  
0.39200    375750.75000000 205243.42187500 546740.93750000 788.09448242    20386.56445312  13485.70019531  
0.39300    376140.68750000 205069.01562500 546779.31250000 783.73602295    20515.48828125  13591.93847656  
0.39400    376566.68750000 204919.46875000 546880.62500000 779.26190186    20637.65820312  13693.33007812  
0.39500    376948.18750000 204746.60937500 546913.87500000 774.65063477    20750.72460938  13788.12402344  
0.39600    377333.37500000 204580.23437500 546960.81250000 769.92968750    20856.35937500  13877.50781250  
0.39700    377716.00000000 204410.73437500 546997.18750000 765.10595703    20953.74804688  13961.08300781  
0.39800    378105.96875000 204257.15625000 547052.18750000 760.17578125    21044.08398438  14039.76757812  
0.39900    378470.68750000 204084.10937500 547068.50000000 755.14532471    21125.75390625  14112.20019531  
0.40000    378822.84375000 203911.78125000 547074.93750000 750.00866699    21199.94921875  14179.27343750  
0.40100    379153.12500000 203732.59375000 547048.75000000 744.78826904    21265.57617188  14240.47265625  
0.40200    379483.56250000 203560.14062500 547037.62500000 739.48962402    21324.16796875  14296.57910156  
0.40300    379773.65625000 203365.82812500 546964.43750000 734.10449219    21374.24609375  14346.62402344  
0.40400    380054.43750000 203175.39062500 546888.68750000 728.64709473    21417.07812500  14391.79101562  
0.40500    380309.90625000 202974.95312500 546771.81250000 723.12390137    21451.88476562  14431.34277344  
0.40600    380552.06250000 202777.18750000 546660.50000000 717.55517578    21480.21289062  14466.41210938  
0.40700    380753.25000000 202562.92187500 546485.93750000 711.91491699    21499.90820312  14495.54492188  
0.40800    380926.25000000 202338.53125000 546278.50000000 706.22558594    21512.34375000  14519.52539062  
0.40900    381063.53125000 202098.87500000 546026.43750000 700.48773193    21517.44140625  14538.43359375  
0.41000    381189.75000000 201870.06250000 545776.25000000 694.72760010    21516.27929688  14553.20703125  
0.41100    381267.12500000 201616.31250000 545451.62500000 688.92510986    21507.38476562  14562.41113281  
0.41200    381300.78125000 201345.35937500 545080.37500000 683.08959961    21491.25000000  14566.70800781  
0.41300    381319.96875000 201079.73437500 544698.06250000 677.24322510    21469.15039062  14567.04199219  
0.41400    381283.34375000 200791.10937500 544238.12500000 671.37371826    21439.83203125  14562.26562500  
0.41500    381229.12500000 200503.62500000 543772.12500000 665.49725342    21404.79101562  14553.78906250  
0.41600    381098.34375000 200182.06250000 543203.25000000 659.60485840    21361.98828125  14539.89941406  
0.41700    380963.12500000 199869.98437500 542646.37500000 653.72705078    21314.59179688  14523.05957031  
0.41800    380803.96875000 199556.76562500 542062.37500000 647.85546875    21261.93945312  14502.44335938  
0.41900    380543.59375000 199193.75000000 541336.87500000 641.97814941    21201.07031250  14476.28515625  
0.42000    380282.50000000 198845.62500000 540638.37500000 636.12530518    21136.32031250  14447.53027344  
0.42100    379985.00000000 198492.10937500 539899.56250000 630.29473877    21066.64453125  14415.42382812  
0.42200    379640.46875000 198119.75000000 539102.06250000 624.48370361    20991.62890625  14379.67089844  
0.42300    379241.71875000 197726.40625000 538229.75000000 618.69805908    20910.91601562  14340.08300781  
0.42400    378803.46875000 197329.54687500 537324.06250000 612.94268799    20825.62304688  14297.40234375  
0.42500    378330.12500000 196920.46875000 536382.00000000 607.22393799    20736.28515625  14251.81347656  
0.42600    377793.28125000 196492.93750000 535364.75000000 601.54046631    20641.93750000  14202.88671875  
0.42700    377248.40625000 196071.40625000 534340.75000000 595.91296387    20544.29687500  14151.89550781  
0.42800    376636.93750000 195625.14062500 533247.37500000 590.31719971    20442.33789062  14097.61132812  
0.42900    376018.15625000 195186.17187500 532155.06250000 584.78625488    20337.36523438  14041.60644531  
0.43000    375337.96875000 194728.23437500 530994.62500000 579.29949951    20228.43945312  13982.68554688  
0.43100    374593.90625000 194245.39062500 529744.43750000 573.85668945    20115.31445312  13920.76855469  
0.43200    373846.59375000 193775.50000000 528513.18750000 568.48895264    20000.66601562  13857.93359375  
0.43300    373044.90625000 193284.73437500 527211.31250000 563.16809082    19881.93554688  13792.31738281  
0.43400    372212.71875000 192790.90625000 525884.81250000 557.90942383    19760.97070312  13725.03027344  
0.43500    371331.31250000 192282.81250000 524505.43750000 552.71575928    19637.22851562  13655.68261719  
0.43600    370455.65625000 191787.50000000 523148.81250000 547.59954834    19512.41796875  13585.75976562  
0.43700    369503.43750000 191262.70312500 521694.43750000 542.53686523    19384.33398438  13513.17187500  
0.43800    368515.71875000 190730.15625000 520199.84375000 537.54180908    19253.95507812  13439.05761719  
0.43900    367519.43750000 190202.57812500 518707.59375000 532.62420654    19122.58789062  13364.16113281  
0.44000    366491.12500000 189667.93750000 517181.53125000 527.77087402    18989.47070312  13287.99804688  
0.44100    365429.31250000 189128.71875000 515624.25000000 522.99353027    18854.95507812  13210.37402344  
0.44200    364344.96875000 188584.43750000 514052.03125000 518.28765869    18719.23632812  13132.16113281  
0.44300    363236.34375000 188040.60937500 512448.43750000 513.65698242    18582.50781250  13052.91796875  
0.44400    362106.53125000 187490.53125000 510836.62500000 509.10037231    18445.15625000  12972.89746094  
0.44500    360915.31250000 186914.70312500 509143.37500000 504.60159302    18305.29687500  12891.18750000  
0.44600    359722.71875000 186348.56250000 507452.96875000 500.18450928    18165.56250000  12808.91601562  
0.44700    358529.90625000 185792.64062500 505780.21875000 495.84494019    18025.82031250  12726.68750000  
0.44800    357289.31250000 185213.81250000 504047.84375000 491.57510376    17884.71289062  12643.15722656  
0.44900    356058.09375000 184653.53125000 502346.90625000 487.38433838    17744.41015625  12559.85644531  
0.45000    354816.06250000 184093.46875000 500630.96875000 483.26950073    17603.95703125  12476.21875000  
0.45100    353523.15625000 183506.46875000 498844.28125000 479.21047974    17461.65820312  12390.92285156  
0.45200    352241.68750000 182937.70312500 497099.18750000 475.23300171    17320.50976562  12306.11425781  
0.45300    350933.00000000 182358.12500000 495309.53125000 471.33065796    17178.93164062  12220.57910156  
0.45400    349626.96875000 181784.64062500 493538.18750000 467.49111938    17037.60937500  12134.94921875  
0.45500    348311.43750000 181212.01562500 491762.46875000 463.72668457    16896.72070312  12049.21093750  
0.45600    346980.62500000 180632.95312500 489966.68750000 460.02258301    16755.39843750  11962.66894531  
0.45700    345655.18750000 180062.76562500 488177.46875000 456.39587402    16615.02148438  11876.48925781  
0.45800    344308.96875000 179480.53125000 486373.59375000 452.83279419    16474.44140625  11789.81835938  
0.45900    342961.12500000 178903.40625000 484565.06250000 449.33493042    16334.08007812  11702.63867188  
0.46000    341638.68750000 178342.60937500 482798.84375000 445.91448975    16195.48242188  11616.50781250  
0.46100    340268.03125000 177753.78125000 480961.09375000 442.53906250    16055.41894531  11528.60449219  
0.46200    338939.06250000 177193.09375000 479192.43750000 439.23880005    15917.34179688  11441.81152344  
0.46300    337589.00000000 176619.87500000 477400.03125000 435.99984741    15779.09179688  11354.39257812  
0.46400    336233.40625000 176042.45312500 475591.00000000 432.81887817    15641.33886719  11266.79296875  
0.46500    334902.46875000 175478.31250000 473824.46875000 429.70513916    15504.43066406  11179.37207031  
0.46600    333557.84375000 174907.21875000 472039.06250000 426.64318848    15367.83203125  11091.67089844  
0.46700    332208.90625000 174329.78125000 470237.28125000 423.64071655    15231.22363281  11003.49804688  
0.46800    330905.21875000 173779.37500000 468506.06250000 420.70239258    15096.53515625  10916.07714844  
0.46900    329566.18750000 173204.57812500 466718.75000000 417.81341553    14961.11523438  10827.76464844  
0.47000    328243.06250000 172634.21875000 464949.15625000 414.98236084    14826.49023438  10739.56738281  
0.47100    326935.75000000 172072.37500000 463210.84375000 412.21139526    14692.92480469  10651.56445312  
0.47200    325633.34375000 171509.92187500 461468.28125000 409.49111938    14559.75292969  10563.28613281  
0.47300    324351.96875000 170954.76562500 459752.37500000 406.82708740    14427.35546875  10475.30664062  
0.47400    323046.03125000 170381.67187500 457999.09375000 404.20666504    14294.54199219  10386.20019531  
0.47500    321774.46875000 169822.65625000 456286.09375000 401.64956665    14163.09570312  10297.92480469  
0.47600    320530.46875000 169277.01562500 454611.59375000 399.14816284    14032.89355469  10210.00585938  
0.47700    319249.06250000 168699.76562500 452868.96875000 396.67868042    13901.26757812  10120.58007812  
0.47800    318001.40625000 168138.93750000 451175.00000000 394.27209473    13771.51464844  10032.03222656  
0.47900    316781.12500000 167589.26562500 449521.87500000 391.91741943    13642.41308594  9943.70312500   
0.48000    315541.40625000 167019.40625000 447819.93750000 389.60552979    13512.97949219  9854.68554688   
0.48100    314358.56250000 166479.82812500 446206.21875000 387.35681152    13385.39453125  9766.62988281   
0.48200    313125.25000000 165898.71875000 444497.00000000 385.13015747    13256.33496094  9676.90625000   
0.48300    311921.46875000 165329.28125000 442830.03125000 382.96530151    13128.68066406  9587.90429688   
0.48400    310743.50000000 164771.43750000 441194.12500000 380.85266113    13001.94335938  9499.31835938   
0.48500    309566.28125000 164206.76562500 439552.12500000 378.78411865    12875.17578125  9410.47070312   
0.48600    308415.84375000 163648.37500000 437937.21875000 376.77127075    12749.76562500  9322.04589844   
0.48700    307265.78125000 163082.12500000 436309.87500000 374.79556274    12624.17871094  9233.57421875   
0.48800    306101.93750000 162502.46875000 434662.46875000 372.86279297    12498.50976562  9144.49707031   
0.48900    304970.06250000 161930.68750000 433040.65625000 370.98046875    12373.63574219  9055.88769531   
0.49000    303848.81250000 161359.67187500 431434.00000000 369.14736938    12249.91503906  8967.71679688   
0.49100    302746.43750000 160796.01562500 429853.12500000 367.36746216    12126.94531250  8880.23828125   
0.49200    301631.59375000 160214.59375000 428231.68750000 365.62548828    12003.74707031  8792.21386719   
0.49300    300535.96875000 159638.35937500 426633.93750000 363.93341064    11881.52148438  8704.72851562   
0.49400    299451.75000000 159058.09375000 425042.15625000 362.28829956    11759.92285156  8617.71777344   
0.49500    298363.00000000 158473.10937500 423440.75000000 360.68734741    11638.67773438  8530.73437500   
0.49600    297306.87500000 157898.42187500 421874.93750000 359.14309692    11518.93359375  8444.88476562   
0.49700    296233.50000000 157306.84375000 420271.34375000 357.63284302    11398.98535156  8358.76953125   
0.49800    295185.50000000 156723.56250000 418705.25000000 356.17819214    11280.55957031  8273.75781250   
0.49900    294123.34375000 156126.25000000 417102.81250000 354.76348877    11162.04199219  8188.66992188   
0.50000    293086.75000000 155536.40625000 415534.53125000 353.40283203    11045.02343750  8104.75439453   
