# SAXS profile: number of points = 501, q_min = 0, q_max = 0.5, delta_q = 0.001
#    q    intensity 
0.00000    162234272.00000000 101201768.00000000 256270688.00000000 110797.69531250 8479530.00000000 6697149.50000000 
0.00100    162198352.00000000 101177960.00000000 256209776.00000000 110762.54687500 8477194.00000000 6695304.50000000 
0.00200    162086944.00000000 101107384.00000000 256030800.00000000 110659.37500000 8470198.00000000 6689781.00000000 
0.00300    161898064.00000000 100989512.00000000 255729296.00000000 110486.66406250 8458488.00000000 6680590.00000000 
0.00400    161630288.00000000 100825248.00000000 255309232.00000000 110245.22656250 8442163.00000000 6667754.00000000 
0.00500    161284688.00000000 100612944.00000000 254770800.00000000 109936.64062500 8421164.00000000 6651335.00000000 
0.00600    160862880.00000000 100353904.00000000 254110240.00000000 109560.19531250 8395633.00000000 6631264.00000000 
0.00700    160367456.00000000 100050224.00000000 253335952.00000000 109116.82031250 8365593.00000000 6607678.50000000 
0.00800    159795408.00000000 99701648.00000000 252445200.00000000 108608.56250000 8331024.50000000 6580549.50000000 
0.00900    159153152.00000000 99307688.00000000 251439584.00000000 108034.82812500 8292090.50000000 6549966.00000000 
0.01000    158441872.00000000 98870688.00000000 250321072.00000000 107398.33593750 8248768.50000000 6515992.00000000 
0.01100    157658576.00000000 98389144.00000000 249092416.00000000 106699.42187500 8201219.00000000 6478681.00000000 
0.01200    156806256.00000000 97864760.00000000 247752736.00000000 105939.48437500 8149509.50000000 6438086.00000000 
0.01300    155882880.00000000 97297496.00000000 246309392.00000000 105121.11718750 8093703.50000000 6394262.00000000 
0.01400    154893072.00000000 96690272.00000000 244758496.00000000 104244.82812500 8033933.50000000 6347313.50000000 
0.01500    153839328.00000000 96042152.00000000 243107184.00000000 103312.58593750 7970228.50000000 6297364.00000000 
0.01600    152723328.00000000 95356264.00000000 241355952.00000000 102327.59375000 7902908.50000000 6244451.50000000 
0.01700    151544080.00000000 94631464.00000000 239506176.00000000 101289.31250000 7831852.50000000 6188705.50000000 
0.01800    150305008.00000000 93870416.00000000 237564320.00000000 100202.28125000 7757353.00000000 6130141.50000000 
0.01900    149008880.00000000 93072856.00000000 235531344.00000000 99067.29687500  7679473.50000000 6068940.00000000 
0.02000    147656704.00000000 92241000.00000000 233410368.00000000 97886.50000000  7598339.00000000 6005265.50000000 
0.02100    146250704.00000000 91377088.00000000 231204592.00000000 96662.98437500  7514112.50000000 5939143.50000000 
0.02200    144791856.00000000 90480464.00000000 228917488.00000000 95398.39843750  7426930.00000000 5870649.50000000 
0.02300    143284448.00000000 89552992.00000000 226551856.00000000 94094.92187500  7336953.50000000 5799960.50000000 
0.02400    141729952.00000000 88596232.00000000 224112704.00000000 92756.23437500  7244362.50000000 5727230.00000000 
0.02500    140130384.00000000 87612072.00000000 221604544.00000000 91382.89062500  7149257.50000000 5652471.00000000 
0.02600    138488864.00000000 86600704.00000000 219026896.00000000 89979.75000000  7051838.50000000 5575936.00000000 
0.02700    136806432.00000000 85565144.00000000 216386800.00000000 88547.44531250  6952240.00000000 5497641.50000000 
0.02800    135087184.00000000 84506024.00000000 213687520.00000000 87089.45312500  6850627.00000000 5417808.50000000 
0.02900    133332448.00000000 83424440.00000000 210933776.00000000 85607.91406250  6747194.50000000 5336496.00000000 
0.03000    131544720.00000000 82323424.00000000 208126416.00000000 84105.70312500  6642032.00000000 5253821.00000000 
0.03100    129727016.00000000 81202576.00000000 205272240.00000000 82585.21093750  6535401.50000000 5169961.50000000 
0.03200    127881144.00000000 80064968.00000000 202373696.00000000 81049.68750000  6427395.50000000 5085076.50000000 
0.03300    126011288.00000000 78911568.00000000 199436608.00000000 79500.24218750  6318203.50000000 4999205.00000000 
0.03400    124117848.00000000 77744128.00000000 196461920.00000000 77940.46093750  6207998.00000000 4912485.50000000 
0.03500    122205048.00000000 76563640.00000000 193455952.00000000 76372.63281250  6096942.00000000 4825130.50000000 
0.03600    120273952.00000000 75372496.00000000 190423120.00000000 74798.63281250  5985196.00000000 4737187.50000000 
0.03700    118328032.00000000 74171096.00000000 187365824.00000000 73222.32031250  5872858.00000000 4648844.50000000 
0.03800    116369456.00000000 72962512.00000000 184287136.00000000 71644.32812500  5760146.50000000 4560167.00000000 
0.03900    114400536.00000000 71746656.00000000 181192448.00000000 70067.67187500  5647235.00000000 4471288.50000000 
0.04000    112424640.00000000 70525016.00000000 178085488.00000000 68494.53906250  5534195.50000000 4382283.50000000 
0.04100    110444008.00000000 69299832.00000000 174969664.00000000 66927.28125000  5421256.00000000 4293392.50000000 
0.04200    108458776.00000000 68072488.00000000 171848592.00000000 65367.40234375  5308491.00000000 4204582.50000000 
0.04300    106473888.00000000 66844752.00000000 168725728.00000000 63817.53125000  5196097.50000000 4116061.25000000 
0.04400    104490480.00000000 65617404.00000000 165603712.00000000 62279.42578125  5084191.50000000 4027895.50000000 
0.04500    102510576.00000000 64391892.00000000 162488880.00000000 60754.85156250  4972900.00000000 3940193.25000000 
0.04600    100536800.00000000 63169564.00000000 159383120.00000000 59245.99609375  4862285.00000000 3853063.75000000 
0.04700    98570792.00000000 61952044.00000000 156287392.00000000 57753.82812500  4752607.00000000 3766597.50000000 
0.04800    96614384.00000000 60740096.00000000 153208160.00000000 56279.85546875  4643846.50000000 3680873.25000000 
0.04900    94671424.00000000 59535144.00000000 150147504.00000000 54826.45312500  4536175.50000000 3596001.25000000 
0.05000    92741304.00000000 58338756.00000000 147107584.00000000 53394.26562500  4429763.00000000 3512058.75000000 
0.05100    90827008.00000000 57150804.00000000 144092048.00000000 51984.96093750  4324588.50000000 3429077.25000000 
0.05200    88930344.00000000 55973692.00000000 141103200.00000000 50599.89453125  4220763.50000000 3347186.50000000 
0.05300    87052648.00000000 54808012.00000000 138144272.00000000 49239.05468750  4118431.50000000 3266454.50000000 
0.05400    85196352.00000000 53654360.00000000 135216512.00000000 47904.98046875  4017641.75000000 3186926.00000000 
0.05500    83360872.00000000 52514436.00000000 132325448.00000000 46597.78515625  3918507.50000000 3108652.25000000 
0.05600    81549456.00000000 51388040.00000000 129469032.00000000 45317.78125000  3821058.75000000 3031677.50000000 
0.05700    79763760.00000000 50277208.00000000 126651128.00000000 44066.72265625  3725359.00000000 2956108.50000000 
0.05800    78003848.00000000 49182028.00000000 123874072.00000000 42844.46875000  3631501.75000000 2881947.00000000 
0.05900    76270288.00000000 48103636.00000000 121140008.00000000 41652.01562500  3539488.75000000 2809266.50000000 
0.06000    74566656.00000000 47042388.00000000 118450088.00000000 40489.00781250  3449403.50000000 2738073.25000000 
0.06100    72892128.00000000 45999252.00000000 115806072.00000000 39356.84765625  3361293.00000000 2668396.50000000 
0.06200    71247800.00000000 44974488.00000000 113210080.00000000 38255.13671875  3275154.00000000 2600287.50000000 
0.06300    69635048.00000000 43968572.00000000 110661896.00000000 37184.12500000  3191058.75000000 2533770.50000000 
0.06400    68053224.00000000 42982252.00000000 108164120.00000000 36143.53515625  3108960.50000000 2468845.25000000 
0.06500    66504440.00000000 42015780.00000000 105716840.00000000 35134.08984375  3028947.00000000 2405532.25000000 
0.06600    64989636.00000000 41069524.00000000 103322616.00000000 34155.24218750  2951033.25000000 2343868.00000000 
0.06700    63507748.00000000 40144092.00000000 100979920.00000000 33206.50390625  2875167.25000000 2283802.00000000 
0.06800    62060332.00000000 39239356.00000000 98690984.00000000 32288.40234375  2801402.00000000 2225378.00000000 
0.06900    60647328.00000000 38355776.00000000 96456664.00000000 31400.12695312  2729724.00000000 2168615.50000000 
0.07000    59269048.00000000 37493704.00000000 94276624.00000000 30541.41796875  2660114.25000000 2113447.25000000 
0.07100    57925764.00000000 36653256.00000000 92150728.00000000 29711.95507812  2592560.75000000 2059930.62500000 
0.07200    56617228.00000000 35833808.00000000 90079936.00000000 28911.11328125  2527087.75000000 2008004.37500000 
0.07300    55344440.00000000 35036564.00000000 88065176.00000000 28138.35546875  2463603.50000000 1957689.75000000 
0.07400    54106184.00000000 34260656.00000000 86104928.00000000 27393.35742188  2402138.25000000 1908930.62500000 
0.07500    52902872.00000000 33506598.00000000 84200088.00000000 26675.29296875  2342640.75000000 1861755.62500000 
0.07600    51734492.00000000 32774116.00000000 82348968.00000000 25983.65039062  2285117.75000000 1816104.37500000 
0.07700    50601152.00000000 32062894.00000000 80553088.00000000 25317.27734375  2229495.00000000 1771966.50000000 
0.07800    49501520.00000000 31373066.00000000 78811144.00000000 24676.13085938  2175759.25000000 1729298.37500000 
0.07900    48436232.00000000 30704236.00000000 77122544.00000000 24058.82421875  2123869.75000000 1688089.12500000 
0.08000    47404576.00000000 30056304.00000000 75487256.00000000 23465.22070312  2073767.87500000 1648308.62500000 
0.08100    46406148.00000000 29429148.00000000 73904344.00000000 22894.08007812  2025432.12500000 1609902.12500000 
0.08200    45440292.00000000 28822224.00000000 72373032.00000000 22344.71289062  1978781.87500000 1572846.12500000 
0.08300    44506564.00000000 28235336.00000000 70892392.00000000 21816.37890625  1933813.12500000 1537110.50000000 
0.08400    43604580.00000000 27668258.00000000 69461376.00000000 21308.11718750  1890459.62500000 1502646.25000000 
0.08500    42733632.00000000 27120464.00000000 68079864.00000000 20819.18945312  1848671.75000000 1469414.50000000 
0.08600    41893312.00000000 26591712.00000000 66746952.00000000 20348.71289062  1808403.12500000 1437397.37500000 
0.08700    41082588.00000000 26081564.00000000 65460248.00000000 19896.03320312  1769579.62500000 1406524.75000000 
0.08800    40300292.00000000 25589658.00000000 64219688.00000000 19460.03906250  1732169.62500000 1376779.00000000 
0.08900    39546940.00000000 25115336.00000000 63023968.00000000 19040.15820312  1696126.75000000 1348112.50000000 
0.09000    38820996.00000000 24658478.00000000 61871820.00000000 18635.67968750  1661387.37500000 1320460.62500000 
0.09100    38121860.00000000 24218348.00000000 60761852.00000000 18245.45117188  1627885.75000000 1293811.87500000 
0.09200    37448184.00000000 23794392.00000000 59693356.00000000 17868.94140625  1595596.37500000 1268118.25000000 
0.09300    36800100.00000000 23386434.00000000 58664816.00000000 17505.55078125  1564447.75000000 1243327.12500000 
0.09400    36176096.00000000 22993880.00000000 57675116.00000000 17154.12304688  1534379.75000000 1219400.87500000 
0.09500    35575964.00000000 22616060.00000000 56722404.00000000 16814.31445312  1505357.62500000 1196309.62500000 
0.09600    34998096.00000000 22252680.00000000 55806016.00000000 16485.20703125  1477341.12500000 1174010.25000000 
0.09700    34442628.00000000 21903104.00000000 54923964.00000000 16166.35156250  1450250.00000000 1152456.12500000 
0.09800    33907724.00000000 21566782.00000000 54075960.00000000 15856.93750000  1424052.50000000 1131610.50000000 
0.09900    33393324.00000000 21243134.00000000 53259532.00000000 15556.52050781  1398710.87500000 1111436.75000000 
0.10000    32897984.00000000 20931764.00000000 52474084.00000000 15264.29785156  1374154.75000000 1091902.00000000 
0.10100    32421076.00000000 20632208.00000000 51718116.00000000 14979.77441406  1350346.12500000 1072963.00000000 
0.10200    31961832.00000000 20343866.00000000 50989732.00000000 14702.50781250  1327246.12500000 1054589.62500000 
0.10300    31519716.00000000 20065990.00000000 50288936.00000000 14432.12988281  1304813.37500000 1036749.37500000 
0.10400    31093270.00000000 19798640.00000000 49613068.00000000 14167.85839844  1283012.75000000 1019405.00000000 
0.10500    30681938.00000000 19540898.00000000 48961960.00000000 13909.47167969  1261781.75000000 1002531.12500000 
0.10600    30285028.00000000 19292162.00000000 48333232.00000000 13656.39062500  1241104.62500000 986086.00000000 
0.10700    29901696.00000000 19052128.00000000 47726584.00000000 13408.41992188  1220937.50000000 970054.50000000 
0.10800    29531614.00000000 18820492.00000000 47140676.00000000 13165.10449219  1201247.25000000 954408.68750000 
0.10900    29173254.00000000 18596616.00000000 46573948.00000000 12926.06933594  1181993.00000000 939105.93750000 
0.11000    28826250.00000000 18379654.00000000 46025572.00000000 12691.07226562  1163152.50000000 924141.50000000 
0.11100    28489878.00000000 18169710.00000000 45493808.00000000 12459.98144531  1144691.25000000 909477.56250000 
0.11200    28163710.00000000 17966222.00000000 44978532.00000000 12232.29785156  1126593.37500000 895098.68750000 
0.11300    27846688.00000000 17768634.00000000 44477900.00000000 12007.95800781  1108817.87500000 880987.37500000 
0.11400    27538378.00000000 17576528.00000000 43991184.00000000 11786.75097656  1091340.00000000 867117.81250000 
0.11500    27237978.00000000 17389726.00000000 43517004.00000000 11568.44042969  1074153.75000000 853473.06250000 
0.11600    26945090.00000000 17207722.00000000 43055200.00000000 11352.86328125  1057227.37500000 840035.75000000 
0.11700    26659018.00000000 17029840.00000000 42603800.00000000 11140.01171875  1040541.31250000 826795.81250000 
0.11800    26379214.00000000 16856244.00000000 42162748.00000000 10929.59082031  1024071.31250000 813728.31250000 
0.11900    26105088.00000000 16686152.00000000 41731132.00000000 10721.62597656  1007812.75000000 800827.18750000 
0.12000    25836120.00000000 16519493.00000000 41307388.00000000 10516.00781250  991749.81250000 788077.31250000 
0.12100    25572084.00000000 16355945.00000000 40891648.00000000 10312.70214844  975867.75000000 775481.56250000 
0.12200    25312282.00000000 16195029.00000000 40482784.00000000 10111.60839844  960147.37500000 763010.37500000 
0.12300    25056248.00000000 16036549.00000000 40079776.00000000 9912.73144531   944581.50000000 750667.87500000 
0.12400    24803766.00000000 15880200.00000000 39682024.00000000 9715.96777344   929162.25000000 738434.68750000 
0.12500    24554186.00000000 15725793.00000000 39289256.00000000 9521.39062500   913886.87500000 726310.06250000 
0.12600    24307468.00000000 15573147.00000000 38900996.00000000 9329.01367188   898750.62500000 714301.81250000 
0.12700    24062768.00000000 15421994.00000000 38516380.00000000 9138.76953125   883725.37500000 702383.75000000 
0.12800    23820222.00000000 15271981.00000000 38134680.00000000 8950.62695312   868829.00000000 690564.25000000 
0.12900    23579274.00000000 15122937.00000000 37755716.00000000 8764.82324219   854045.62500000 678829.81250000 
0.13000    23339924.00000000 14974892.00000000 37378884.00000000 8581.21777344   839371.62500000 667186.62500000 
0.13100    23101602.00000000 14827475.00000000 37003924.00000000 8399.79492188   824814.93750000 655632.87500000 
0.13200    22864302.00000000 14680506.00000000 36630352.00000000 8220.66210938   810365.56250000 644162.68750000 
0.13300    22627622.00000000 14534007.00000000 36257744.00000000 8043.93554688   796023.50000000 632770.68750000 
0.13400    22391478.00000000 14387811.00000000 35885700.00000000 7869.48388672   781787.62500000 621465.25000000 
0.13500    22155662.00000000 14241610.00000000 35514648.00000000 7697.44335938   767659.50000000 610245.81250000 
0.13600    21920044.00000000 14095540.00000000 35143448.00000000 7527.82617188   753641.93750000 599111.43750000 
0.13700    21684436.00000000 13949222.00000000 34772312.00000000 7360.65380859   739733.68750000 588051.12500000 
0.13800    21448846.00000000 13802978.00000000 34400672.00000000 7196.04833984   725934.18750000 577083.56250000 
0.13900    21212958.00000000 13656376.00000000 34028620.00000000 7033.98583984   712246.31250000 566203.25000000 
0.14000    20976796.00000000 13509466.00000000 33656172.00000000 6874.47656250   698672.43750000 555409.75000000 
0.14100    20740290.00000000 13362317.00000000 33282798.00000000 6717.61914062   685227.00000000 544714.37500000 
0.14200    20503504.00000000 13214632.00000000 32908622.00000000 6563.28759766   671888.12500000 534101.06250000 
0.14300    20265966.00000000 13066567.00000000 32533620.00000000 6411.72509766   658680.31250000 523591.00000000 
0.14400    20027968.00000000 12918062.00000000 32157612.00000000 6262.81494141   645593.12500000 513169.37500000 
0.14500    19789772.00000000 12769095.00000000 31780846.00000000 6116.58642578   632639.25000000 502854.43750000 
0.14600    19550722.00000000 12619730.00000000 31402788.00000000 5973.16357422   619811.81250000 492639.68750000 
0.14700    19311516.00000000 12469867.00000000 31023770.00000000 5832.46191406   607123.50000000 482530.00000000 
0.14800    19071432.00000000 12319498.00000000 30643870.00000000 5694.44824219   594569.68750000 472526.06250000 
0.14900    18831082.00000000 12168650.00000000 30262962.00000000 5559.22412109   582150.37500000 462628.31250000 
0.15000    18590162.00000000 12017390.00000000 29880996.00000000 5426.72070312   569881.68750000 452845.12500000 
0.15100    18348928.00000000 11865654.00000000 29498360.00000000 5296.97656250   557753.31250000 443174.37500000 
0.15200    18107254.00000000 11713735.00000000 29114974.00000000 5169.99853516   545777.81250000 433622.15625000 
0.15300    17865480.00000000 11561306.00000000 28730970.00000000 5045.72021484   533946.50000000 424185.93750000 
0.15400    17623168.00000000 11408587.00000000 28346308.00000000 4924.12597656   522276.25000000 414866.43750000 
0.15500    17380796.00000000 11255600.00000000 27961120.00000000 4805.25927734   510754.03125000 405671.71875000 
0.15600    17138352.00000000 11102463.00000000 27575652.00000000 4689.07617188   499388.87500000 396597.43750000 
0.15700    16895822.00000000 10949025.00000000 27189990.00000000 4575.57226562   488184.65625000 387653.34375000 
0.15800    16653533.00000000 10795548.00000000 26804220.00000000 4464.63134766   477141.31250000 378831.50000000 
0.15900    16411195.00000000 10642159.00000000 26418442.00000000 4356.35546875   466261.56250000 370140.81250000 
0.16000    16169207.00000000 10488571.00000000 26032826.00000000 4250.58837891   455540.81250000 361576.68750000 
0.16100    15927430.00000000 10335214.00000000 25647882.00000000 4147.42333984   444988.90625000 353142.15625000 
0.16200    15686275.00000000 10181971.00000000 25263100.00000000 4046.70727539   434597.68750000 344836.96875000 
0.16300    15445601.00000000 10028941.00000000 24879138.00000000 3948.47583008   424374.15625000 336665.84375000 
0.16400    15205392.00000000 9876190.00000000 24496200.00000000 3852.67016602   414319.31250000 328626.62500000 
0.16500    14965996.00000000 9723628.00000000 24114150.00000000 3759.25708008   404428.50000000 320720.93750000 
0.16600    14727508.00000000 9571654.00000000 23733234.00000000 3668.20825195   394707.06250000 312947.18750000 
0.16700    14489831.00000000 9420063.00000000 23353576.00000000 3579.42968750   385149.40625000 305304.03125000 
0.16800    14253144.00000000 9269064.00000000 22975430.00000000 3492.88330078   375759.12500000 297791.46875000 
0.16900    14017782.00000000 9118622.00000000 22599220.00000000 3408.63232422   366537.18750000 290416.84375000 
0.17000    13783567.00000000 8968886.00000000 22224782.00000000 3326.54492188   357483.68750000 283176.15625000 
0.17100    13550646.00000000 8819957.00000000 21852150.00000000 3246.56665039   348591.71875000 276061.46875000 
0.17200    13319253.00000000 8671724.00000000 21481830.00000000 3168.70874023   339866.37500000 269082.68750000 
0.17300    13089379.00000000 8524465.00000000 21113798.00000000 3092.88037109   331306.62500000 262232.78125000 
0.17400    12861119.00000000 8378168.00000000 20748452.00000000 3019.09252930   322908.25000000 255517.12500000 
0.17500    12634675.00000000 8232899.50000000 20385694.00000000 2947.26538086   314672.06250000 248928.93750000 
0.17600    12409972.00000000 8088646.00000000 20025718.00000000 2877.36059570   306597.71875000 242464.75000000 
0.17700    12187192.00000000 7945590.00000000 19668794.00000000 2809.35498047   298681.75000000 236133.75000000 
0.17800    11966379.00000000 7803676.00000000 19314748.00000000 2743.16967773   290920.28125000 229927.68750000 
0.17900    11747742.00000000 7663121.00000000 18964072.00000000 2678.83300781   283321.71875000 223845.65625000 
0.18000    11531306.00000000 7523808.00000000 18616790.00000000 2616.23706055   275877.15625000 217889.93750000 
0.18100    11317120.00000000 7385922.00000000 18273226.00000000 2555.42211914   268589.37500000 212058.73437500 
0.18200    11105122.00000000 7249389.50000000 17933138.00000000 2496.25317383   261448.20312500 206346.48437500 
0.18300    10895663.00000000 7114344.00000000 17596806.00000000 2438.79077148   254459.56250000 200756.07812500 
0.18400    10688612.00000000 6980835.50000000 17264162.00000000 2382.92944336   247618.18750000 195282.26562500 
0.18500    10484094.00000000 6848878.50000000 16935712.00000000 2328.68579102   240927.17187500 189930.78125000 
0.18600    10282151.00000000 6718525.00000000 16611319.00000000 2275.99218750   234377.95312500 184692.07812500 
0.18700    10082917.00000000 6589813.00000000 16291149.00000000 2224.81274414   227973.07812500 179568.03125000 
0.18800    9886403.00000000 6462814.00000000 15975096.00000000 2175.14233398   221708.59375000 174557.67187500 
0.18900    9692565.00000000 6337515.00000000 15663578.00000000 2126.96752930   215587.04687500 169660.75000000 
0.19000    9501495.00000000 6213946.50000000 15356327.00000000 2080.16699219   209597.06250000 164868.46875000 
0.19100    9313506.00000000 6092246.50000000 15053853.00000000 2034.86096191   203749.70312500 160191.37500000 
0.19200    9128161.00000000 5972242.50000000 14755648.00000000 1990.85144043   198029.45312500 155616.62500000 
0.19300    8945872.00000000 5854143.50000000 14462347.00000000 1948.25219727   192447.84375000 151150.42187500 
0.19400    8766409.00000000 5737854.00000000 14173516.00000000 1906.93835449   186990.89062500 146785.46875000 
0.19500    8590004.00000000 5623432.50000000 13889445.00000000 1866.91162109   181664.73437500 142521.90625000 
0.19600    8416589.00000000 5510938.00000000 13610133.00000000 1828.19189453   176461.46875000 138360.57812500 
0.19700    8246196.00000000 5400335.50000000 13335545.00000000 1790.69152832   171383.92187500 134296.37500000 
0.19800    8078765.50000000 5291610.50000000 13065879.00000000 1754.40356445   166426.12500000 130330.92187500 
0.19900    7914473.50000000 5184863.50000000 12801106.00000000 1719.31225586   161591.34375000 126461.36718750 
0.20000    7753157.00000000 5079985.50000000 12540990.00000000 1685.35656738   156871.92187500 122682.45312500 
0.20100    7594943.50000000 4977083.00000000 12285845.00000000 1652.56481934   152268.92187500 118996.43750000 
0.20200    7439756.50000000 4876082.50000000 12035488.00000000 1620.85668945   147778.00000000 115401.40625000 
0.20300    7287603.50000000 4777022.50000000 11790067.00000000 1590.25781250   143400.73437500 111896.91406250 
0.20400    7138538.00000000 4679868.50000000 11549482.00000000 1560.70849609   139133.06250000 108477.57031250 
0.20500    6992416.00000000 4584641.00000000 11313540.00000000 1532.21301270   134971.53125000 105144.22656250 
0.20600    6849373.00000000 4491302.00000000 11082552.00000000 1504.68591309   130915.75000000 101894.20312500 
0.20700    6709295.00000000 4399865.00000000 10856333.00000000 1478.16491699   126965.42187500 98725.99218750  
0.20800    6572180.00000000 4310355.50000000 10634726.00000000 1452.59362793   123112.96875000 95638.67968750  
0.20900    6438042.50000000 4222766.00000000 10417925.00000000 1427.98107910   119364.52343750 92632.14843750  
0.21000    6306789.50000000 4136930.50000000 10205755.00000000 1404.22595215   115709.79687500 89700.96093750  
0.21100    6178403.50000000 4052964.25000000 9998178.00000000 1381.38403320   112152.03125000 86845.08593750  
0.21200    6052921.50000000 3970813.50000000 9795101.00000000 1359.38427734   108686.60937500 84064.21875000  
0.21300    5930179.00000000 3890443.00000000 9596531.00000000 1338.20056152   105313.24218750 81355.20312500  
0.21400    5810293.50000000 3811875.75000000 9402413.00000000 1317.84582520   102027.99218750 78715.96875000  
0.21500    5693144.50000000 3735075.50000000 9212723.00000000 1298.28063965   98833.96093750  76149.33593750  
0.21600    5578611.00000000 3659923.75000000 9027234.00000000 1279.45666504   95721.39062500  73646.60156250  
0.21700    5466822.00000000 3586552.50000000 8846065.00000000 1261.35876465   92692.73437500  71212.90625000  
0.21800    5357566.00000000 3514774.25000000 8669129.00000000 1243.98217773   89747.43750000  68841.78125000  
0.21900    5250864.00000000 3444626.25000000 8496021.00000000 1227.26818848   86878.06250000  66532.28125000  
0.22000    5146677.50000000 3376078.75000000 8327077.00000000 1211.20385742   84087.98437500  64285.33203125  
0.22100    5044985.00000000 3309156.50000000 8162021.50000000 1195.81970215   81374.35937500  62099.03906250  
0.22200    4945701.00000000 3243766.50000000 8000890.50000000 1181.02136230   78733.74218750  59971.25390625  
0.22300    4848677.00000000 3179848.50000000 7843423.00000000 1166.80957031   76164.46875000  57899.39062500  
0.22400    4754029.50000000 3117397.50000000 7689603.50000000 1153.14038086   73663.18750000  55882.08593750  
0.22500    4661621.50000000 3056426.50000000 7539473.00000000 1140.08203125   71233.14843750  53921.66796875  
0.22600    4571344.00000000 2996839.75000000 7392803.50000000 1127.49877930   68867.18750000  52011.50390625  
0.22700    4483229.00000000 2938626.75000000 7249535.00000000 1115.44055176   66567.53125000  50154.01171875  
0.22800    4397165.00000000 2881733.50000000 7109617.50000000 1103.85278320   64328.83203125  48345.52343750  
0.22900    4313065.50000000 2826127.25000000 6972894.50000000 1092.72546387   62150.50390625  46584.87500000  
0.23000    4230989.50000000 2771826.50000000 6839274.00000000 1082.06188965   60032.71875000  44872.50390625  
0.23100    4150836.25000000 2718731.00000000 6708792.00000000 1071.81970215   57972.86718750  43205.85156250  
0.23200    4072442.50000000 2666788.50000000 6581172.00000000 1061.98120117   55967.16406250  41583.14062500  
0.23300    3995885.25000000 2616044.25000000 6456507.50000000 1052.51269531   54016.29296875  40004.04687500  
0.23400    3921056.50000000 2566431.00000000 6334558.00000000 1043.46362305   52119.03125000  38468.03906250  
0.23500    3847816.25000000 2517854.00000000 6215286.00000000 1034.73022461   50270.59765625  36970.91406250  
0.23600    3776293.25000000 2470386.75000000 6098680.00000000 1026.36193848   48474.13671875  35515.38671875  
0.23700    3706273.25000000 2423904.00000000 5984601.50000000 1018.31109619   46725.26953125  34097.71875000  
0.23800    3637813.25000000 2378405.25000000 5872958.00000000 1010.58416748   45023.49609375  32719.16796875  
0.23900    3570775.00000000 2333869.75000000 5763619.00000000 1003.16961670   43366.47656250  31375.94335938  
0.24000    3505147.50000000 2290268.75000000 5656566.50000000 996.02154541    41754.57031250  30068.73437500  
0.24100    3440937.50000000 2247561.50000000 5551810.50000000 989.17810059    40187.44921875  28797.72851562  
0.24200    3377979.25000000 2205718.00000000 5449143.50000000 982.59619141    38661.01171875  27559.89648438  
0.24300    3316332.25000000 2164692.00000000 5348490.50000000 976.25781250    37175.58984375  26355.20507812  
0.24400    3255829.50000000 2124477.25000000 5249810.50000000 970.17108154    35729.26562500  25182.29882812  
0.24500    3196537.25000000 2085037.62500000 5153008.50000000 964.31707764    34321.79296875  24040.67578125  
0.24600    3138385.00000000 2046321.75000000 5058105.50000000 958.69348145    32952.51953125  22930.48437500  
0.24700    3081331.75000000 2008367.50000000 4964983.00000000 953.29943848    31620.34765625  21850.17773438  
0.24800    3025286.00000000 1971093.87500000 4873555.50000000 948.10675049    30324.37109375  20799.34765625  
0.24900    2970272.50000000 1934483.50000000 4783735.50000000 943.11669922    29062.41601562  19776.19921875  
0.25000    2916234.75000000 1898545.25000000 4695582.50000000 938.32153320    27835.85546875  18781.88671875  
0.25100    2863096.25000000 1863207.37500000 4608893.00000000 933.71246338    26641.89257812  17814.17578125  
0.25200    2810938.25000000 1828529.12500000 4523786.50000000 929.30523682    25482.53710938  16875.12304688  
0.25300    2759638.00000000 1794418.12500000 4440008.00000000 925.05938721    24354.64843750  15961.84765625  
0.25400    2709153.25000000 1760866.87500000 4357712.50000000 920.99420166    23258.62695312  15074.27050781  
0.25500    2659472.75000000 1727857.25000000 4276662.00000000 917.09106445    22193.13281250  14212.03417969  
0.25600    2610626.50000000 1695392.87500000 4196955.50000000 913.34722900    21158.86718750  13374.90136719  
0.25700    2562503.25000000 1663434.87500000 4118473.50000000 909.75939941    20154.25781250  12562.62207031  
0.25800    2515125.00000000 1632000.37500000 4041266.50000000 906.32818604    19179.36523438  11774.84179688  
0.25900    2468471.75000000 1601037.00000000 3965205.00000000 903.04803467    18234.20312500  11011.11914062  
0.26000    2422522.25000000 1570564.37500000 3890336.50000000 899.90032959    17317.63867188  10271.16308594  
0.26100    2377199.00000000 1540514.62500000 3816504.75000000 896.88867188    16428.49414062  9553.62890625   
0.26200    2332626.75000000 1510962.62500000 3743856.75000000 894.02667236    15568.94531250  8860.62304688   
0.26300    2288618.00000000 1481820.12500000 3672210.50000000 891.27044678    14735.37011719  8189.13427734   
0.26400    2245242.00000000 1453116.87500000 3601596.75000000 888.64862061    13930.21484375  7540.56591797   
0.26500    2202504.75000000 1424833.62500000 3532070.75000000 886.14648438    13152.43066406  6914.81152344   
0.26600    2160373.25000000 1396961.25000000 3463461.50000000 883.76159668    12401.10546875  6310.79150391   
0.26700    2118802.00000000 1369492.50000000 3395871.50000000 881.50054932    11676.49316406  5728.73632812   
0.26800    2077859.62500000 1342441.75000000 3329253.50000000 879.33892822    10978.74316406  5168.66650391   
0.26900    2037451.12500000 1315750.87500000 3263568.50000000 877.28289795    10306.10839844  4629.51806641   
0.27000    1997617.12500000 1289463.62500000 3198820.50000000 875.32983398    9660.12304688   4112.27636719   
0.27100    1958317.50000000 1263554.87500000 3134968.00000000 873.46643066    9039.28417969   3615.36303711   
0.27200    1919630.62500000 1238036.87500000 3072122.25000000 871.73077393    8445.83886719   3141.39184570   
0.27300    1881438.37500000 1212871.87500000 3010078.00000000 870.05737305    7875.22998047   2686.36376953   
0.27400    1843733.37500000 1188053.00000000 2948876.00000000 868.44689941    7328.45458984   2250.58984375   
0.27500    1806643.87500000 1163640.37500000 2888693.50000000 866.96160889    6809.37646484   1837.63916016   
0.27600    1770027.25000000 1139530.37500000 2829244.75000000 865.51953125    6311.92187500   1442.52111816   
0.27700    1733978.62500000 1115832.00000000 2770780.25000000 864.17572021    5840.64111328   1069.17614746   
0.27800    1698435.12500000 1092474.12500000 2713139.00000000 862.89520264    5392.43701172   714.54858398    
0.27900    1663425.87500000 1069482.00000000 2656379.50000000 861.68310547    4968.57958984   379.72869873    
0.28000    1628934.37500000 1046830.18750000 2600455.50000000 860.53820801    4567.88525391   64.14967346     
0.28100    1594965.62500000 1024523.43750000 2545398.25000000 859.45629883    4190.01562500   -232.34237671   
0.28200    1561526.37500000 1002588.00000000 2491237.00000000 858.42864990    3835.81347656   -509.77178955   
0.28300    1528610.87500000 980999.50000000 2437933.75000000 857.46881104    3503.88500977   -768.84527588   
0.28400    1496194.75000000 959748.06250000 2385414.25000000 856.54162598    3193.51611328   -1010.01580811  
0.28500    1464321.87500000 938873.93750000 2333801.50000000 855.69024658    2906.26318359   -1232.55126953  
0.28600    1432944.50000000 918311.75000000 2283029.50000000 854.86364746    2639.58227539   -1438.15222168  
0.28700    1402101.62500000 898118.62500000 2233118.25000000 854.08581543    2394.54321289   -1625.84533691  
0.28800    1371778.87500000 878252.93750000 2184010.00000000 853.35919189    2170.18090820   -1796.55273438  
0.28900    1341993.87500000 858761.62500000 2135832.75000000 852.67736816    1967.16320801   -1949.91357422  
0.29000    1312704.75000000 839594.68750000 2088445.25000000 852.02050781    1783.26721191   -2087.31420898  
0.29100    1283966.37500000 820786.75000000 2041935.00000000 851.41711426    1620.26208496   -2207.93017578  
0.29200    1255731.12500000 802321.75000000 1996289.50000000 850.84594727    1476.00109863   -2313.02929688  
0.29300    1228039.00000000 784216.50000000 1951504.25000000 850.31524658    1351.34667969   -2402.11230469  
0.29400    1200836.25000000 766420.68750000 1907507.50000000 849.79394531    1243.48510742   -2477.49804688  
0.29500    1174196.12500000 749000.25000000 1864425.62500000 849.34301758    1155.73400879   -2536.39355469  
0.29600    1148040.25000000 731899.50000000 1822149.62500000 848.90356445    1084.28002930   -2582.00732422  
0.29700    1122405.12500000 715145.18750000 1780708.87500000 848.49310303    1029.77294922   -2613.76342773  
0.29800    1097322.75000000 698741.25000000 1740119.75000000 848.12036133    992.96405029    -2631.19287109  
0.29900    1072752.12500000 682675.93750000 1700412.00000000 847.78955078    972.20251465    -2635.30810547  
0.30000    1048679.00000000 666928.62500000 1661473.25000000 847.47943115    966.62915039    -2627.48583984  
0.30100    1025152.37500000 651546.93750000 1623433.50000000 847.20739746    977.11627197    -2606.11376953  
0.30200    1002103.37500000 636468.81250000 1586163.50000000 846.95501709    1001.45776367   -2573.88842773  
0.30300    979595.93750000 621746.00000000 1549772.12500000 846.75793457    1040.88586426   -2529.17065430  
0.30400    957610.25000000 607358.12500000 1514209.00000000 846.58819580    1094.50756836   -2473.06420898  
0.30500    936097.75000000 593281.87500000 1479422.12500000 846.44500732    1160.07885742   -2407.17260742  
0.30600    915096.75000000 579533.75000000 1445447.12500000 846.33068848    1238.82995605   -2330.93652344  
0.30700    894624.37500000 566126.31250000 1412316.50000000 846.27770996    1331.22705078   -2243.65136719  
0.30800    874622.43750000 553016.62500000 1379946.50000000 846.23522949    1434.29772949   -2147.70605469  
0.30900    855154.50000000 540244.18750000 1348418.25000000 846.24609375    1549.64904785   -2042.00976562  
0.31000    836165.00000000 527794.43750000 1317674.62500000 846.29083252    1675.71472168   -1927.89904785  
0.31100    817647.37500000 515637.43750000 1287676.25000000 846.36529541    1812.14453125   -1805.57495117  
0.31200    799630.18750000 503807.65625000 1258480.25000000 846.48547363    1958.56750488   -1675.30944824  
0.31300    782092.12500000 492280.21875000 1230067.62500000 846.65167236    2114.75488281   -1537.35485840  
0.31400    765049.62500000 481072.37500000 1202432.00000000 846.84619141    2280.53784180   -1391.78698730  
0.31500    748458.43750000 470149.90625000 1175514.50000000 847.08782959    2454.34741211   -1240.21435547  
0.31600    732347.56250000 459529.25000000 1149361.87500000 847.37170410    2637.03759766   -1081.60876465  
0.31700    716701.87500000 449207.59375000 1123953.00000000 847.70135498    2827.72021484   -916.84381104   
0.31800    701501.31250000 439171.31250000 1099258.12500000 848.05023193    3025.10913086   -747.26953125   
0.31900    686774.93750000 429438.59375000 1075321.00000000 848.45501709    3230.88867188   -571.25701904   
0.32000    672507.31250000 419980.15625000 1052093.75000000 848.89758301    3442.63940430   -390.64779663   
0.32100    658660.31250000 410799.12500000 1029546.75000000 849.37945557    3660.67138672   -205.22911072   
0.32200    645278.25000000 401913.34375000 1007740.50000000 849.89758301    3885.66430664   -14.83240318    
0.32300    632289.50000000 393271.03125000 986553.50000000 850.44616699    4114.93408203   178.50198364    
0.32400    619741.75000000 384908.40625000 966066.50000000 851.03369141    4350.01513672   376.14437866    
0.32500    607619.18750000 376810.34375000 946254.81250000 851.64489746    4589.87451172   576.90124512    
0.32600    595908.00000000 368975.65625000 927093.87500000 852.29040527    4834.64550781   781.31170654    
0.32700    584606.56250000 361398.71875000 908576.81250000 852.97406006    5083.83886719   988.75354004    
0.32800    573736.56250000 354087.18750000 890747.75000000 853.68280029    5337.55566406   1199.17712402   
0.32900    563224.18750000 347005.34375000 873491.06250000 854.40118408    5594.17968750   1411.46228027   
0.33000    553128.62500000 340181.71875000 856883.43750000 855.15246582    5855.03222656   1626.46118164   
0.33100    543379.50000000 333572.40625000 840810.50000000 855.90063477    6117.86132812   1842.39147949   
0.33200    534060.37500000 327235.93750000 825437.12500000 856.68743896    6385.59277344   2061.90893555   
0.33300    525084.87500000 321110.93750000 810590.75000000 857.46185303    6654.80859375   2281.88037109   
0.33400    516480.59375000 315221.00000000 796353.31250000 858.25842285    6926.94238281   2503.71533203   
0.33500    508231.37500000 309547.21875000 782655.81250000 859.04016113    7200.80859375   2726.27587891   
0.33600    500329.84375000 304094.21875000 769504.93750000 859.82189941    7476.66308594   2949.76513672   
0.33700    492769.40625000 298856.03125000 756896.50000000 860.59747314    7754.34423828   3174.37573242   
0.33800    485566.03125000 293835.28125000 744849.87500000 861.36059570    8033.96386719   3399.81762695   
0.33900    478662.75000000 289000.90625000 733273.62500000 862.09167480    8314.05957031   3625.10864258   
0.34000    472093.96875000 284380.93750000 722229.00000000 862.80712891    8595.61914062   3850.91357422   
0.34100    465839.75000000 279952.50000000 711681.37500000 863.49340820    8877.73046875   4076.93505859   
0.34200    459926.75000000 275737.62500000 701664.68750000 864.15979004    9161.86035156   4303.76757812   
0.34300    454277.68750000 271687.34375000 692061.18750000 864.76470947    9444.96484375   4529.52539062   
0.34400    448956.34375000 267842.34375000 682989.93750000 865.34521484    9729.69921875   4756.01562500   
0.34500    443904.43750000 264163.87500000 674329.18750000 865.86468506    10013.80468750  4981.41650391   
0.34600    439158.34375000 260679.68750000 666160.37500000 866.33557129    10298.73632812  5207.26074219   
0.34700    434638.71875000 257336.67187500 658343.25000000 866.72814941    10581.76171875  5431.21679688   
0.34800    430416.12500000 254180.39062500 650999.37500000 867.07226562    10865.15917969  5654.98583984   
0.34900    426451.28125000 251181.03125000 644055.12500000 867.33691406    11148.11132812  5878.16406250   
0.35000    422723.93750000 248340.18750000 637500.12500000 867.52459717    11429.64746094  6099.85546875   
0.35100    419277.78125000 245667.73437500 631381.75000000 867.63940430    11711.10156250  6321.36474609   
0.35200    416014.28125000 243114.29687500 625550.37500000 867.64739990    11989.76855469  6540.53466797   
0.35300    412994.50000000 240715.17187500 620117.68750000 867.57720947    12267.38769531  6758.48974609   
0.35400    410209.53125000 238468.71875000 615048.62500000 867.40936279    12543.68164062  6975.56445312   
0.35500    407631.43750000 236352.60937500 610313.62500000 867.13256836    12817.91210938  7190.84326172   
0.35600    405238.00000000 234354.14062500 605876.56250000 866.75256348    13089.49218750  7404.05615234   
0.35700    403048.43750000 232490.20312500 601766.93750000 866.26550293    13359.16992188  7615.56396484   
0.35800    401057.34375000 230753.15625000 597981.93750000 865.66467285    13626.64062500  7825.44873047   
0.35900    399240.43750000 229131.23437500 594471.06250000 864.94384766    13890.94921875  8033.11376953   
0.36000    397612.78125000 227630.42187500 591266.68750000 864.11785889    14153.24804688  8239.15136719   
0.36100    396119.09375000 226221.76562500 588275.12500000 863.14843750    14411.07617188  8442.03027344   
0.36200    394832.78125000 224947.04687500 585631.68750000 862.06811523    14667.28417969  8643.82226562   
0.36300    393644.68750000 223739.50000000 583140.68750000 860.84710693    14918.31640625  8841.73535156   
0.36400    392596.75000000 222628.12500000 580882.75000000 859.49261475    15165.59375000  9037.15332031   
0.36500    391679.09375000 221607.82812500 578851.87500000 858.00439453    15408.68847656  9229.55078125   
0.36600    390912.21875000 220690.43750000 577060.31250000 856.39929199    15648.93652344  9420.05371094   
0.36700    390227.62500000 219832.42187500 575411.62500000 854.63647461    15882.93066406  9606.38281250   
0.36800    389700.18750000 219083.12500000 574023.56250000 852.75012207    16114.40429688  9790.89843750   
0.36900    389253.84375000 218392.00000000 572780.87500000 850.72515869    16340.66113281  9971.71289062   
0.37000    388866.34375000 217751.31250000 571646.00000000 848.54071045    16560.08398438  10148.01660156  
0.37100    388571.31250000 217176.85937500 570665.93750000 846.22772217    16774.66796875  10321.15917969  
0.37200    388386.18750000 216680.53125000 569869.50000000 843.78521729    16984.84960938  10491.42089844  
0.37300    388236.59375000 216224.96875000 569157.31250000 841.19506836    17188.78710938  10657.18359375  
0.37400    388170.78125000 215829.35937500 568592.56250000 838.46917725    17387.57031250  10819.74902344  
0.37500    388155.81250000 215478.21875000 568124.00000000 835.61206055    17580.25585938  10978.20605469  
0.37600    388200.06250000 215178.90625000 567757.25000000 832.61517334    17766.45312500  11132.09472656  
0.37700    388257.87500000 214900.68750000 567439.06250000 829.47778320    17945.93554688  11281.75097656  
0.37800    388367.37500000 214665.76562500 567210.37500000 826.21295166    18119.37695312  11427.32714844  
0.37900    388522.06250000 214476.50000000 567081.25000000 822.82220459    18287.00781250  11568.88281250  
0.38000    388678.46875000 214300.25000000 566972.75000000 819.30004883    18446.97070312  11705.34179688  
0.38100    388832.75000000 214137.32812500 566877.06250000 815.63793945    18599.75000000  11836.82812500  
0.38200    389020.65625000 214008.23437500 566854.06250000 811.87145996    18746.15429688  11964.21093750  
0.38300    389191.31250000 213886.10937500 566822.93750000 807.97375488    18884.65234375  12086.23339844  
0.38400    389384.90625000 213794.67187500 566854.75000000 803.96392822    19016.79492188  12204.14453125  
0.38500    389539.65625000 213690.23437500 566836.56250000 799.83966064    19140.90820312  12316.31640625  
0.38600    389719.81250000 213618.78125000 566883.93750000 795.61114502    19258.93359375  12424.46777344  
0.38700    389849.71875000 213526.79687500 566859.25000000 791.26574707    19367.88671875  12526.33593750  
0.38800    389962.31250000 213443.53125000 566841.81250000 786.82250977    19470.08789062  12623.48632812  
0.38900    390045.03125000 213356.65625000 566788.25000000 782.28228760    19564.43164062  12715.49609375  
0.39000    390129.09375000 213279.51562500 566761.37500000 777.65063477    19652.23828125  12802.85742188  
0.39100    390154.00000000 213182.43750000 566655.43750000 772.93292236    19731.95507812  12884.75000000  
0.39200    390152.87500000 213083.54687500 566530.87500000 768.12554932    19804.43750000  12961.45605469  
0.39300    390099.00000000 212966.20312500 566338.43750000 763.23547363    19869.23046875  13032.73437500  
0.39400    390034.50000000 212859.87500000 566154.68750000 758.28076172    19927.48828125  13099.64453125  
0.39500    389886.21875000 212710.18750000 565852.12500000 753.24798584    19977.18554688  13160.45117188  
0.39600    389702.03125000 212552.26562500 565512.31250000 748.14257812    20019.87109375  13216.22265625  
0.39700    389466.96875000 212370.78125000 565095.68750000 742.98480225    20055.48046875  13266.85839844  
0.39800    389193.87500000 212182.57812500 564655.00000000 737.78015137    20084.54687500  13313.08691406  
0.39900    388856.68750000 211966.15625000 564117.56250000 732.52465820    20106.06835938  13353.77734375  
0.40000    388467.09375000 211728.43750000 563514.62500000 727.21405029    20121.05859375  13389.71289062  
0.40100    388021.71875000 211462.45312500 562833.68750000 721.86889648    20128.76953125  13420.49804688  
0.40200    387538.09375000 211188.32812500 562106.68750000 716.49291992    20130.76562500  13447.04687500  
0.40300    386983.34375000 210874.95312500 561277.06250000 711.08703613    20125.73632812  13468.33886719  
0.40400    386376.84375000 210544.48437500 560391.06250000 705.66052246    20115.09375000  13485.62402344  
0.40500    385725.59375000 210187.21875000 559432.43750000 700.21948242    20098.22851562  13498.03906250  
0.40600    385029.96875000 209817.29687500 558426.37500000 694.77239990    20076.35742188  13506.98730469  
0.40700    384269.81250000 209411.79687500 557319.37500000 689.30822754    20048.13281250  13511.07128906  
0.40800    383459.93750000 208979.67187500 556144.25000000 683.85223389    20014.91992188  13511.09863281  
0.40900    382597.15625000 208522.64062500 554887.00000000 678.39288330    19976.13281250  13507.14355469  
0.41000    381706.50000000 208055.29687500 553595.43750000 672.95861816    19933.68359375  13500.08398438  
0.41100    380761.96875000 207552.17187500 552229.12500000 667.53405762    19885.83984375  13489.12500000  
0.41200    379757.00000000 207020.75000000 550768.18750000 662.12835693    19833.33593750  13474.29296875  
0.41300    378734.06250000 206480.34375000 549287.50000000 656.75604248    19777.46484375  13456.86035156  
0.41400    377655.50000000 205907.84375000 547715.43750000 651.41210938    19717.34570312  13435.86230469  
0.41500    376562.03125000 205328.07812500 546122.31250000 646.11083984    19653.98046875  13412.54589844  
0.41600    375398.18750000 204706.01562500 544425.25000000 640.84124756    19586.44335938  13385.45410156  
0.41700    374237.09375000 204084.90625000 542734.12500000 635.62890625    19517.27929688  13356.86132812  
0.41800    373067.59375000 203460.21875000 541022.43750000 630.47833252    19445.75781250  13326.27343750  
0.41900    371809.15625000 202778.64062500 539169.31250000 625.36163330    19369.43945312  13291.73046875  
0.42000    370579.18750000 202109.14062500 537350.12500000 620.32421875    19292.51757812  13256.52832031  
0.42100    369331.00000000 201431.34375000 535505.37500000 615.35174561    19213.87695312  13219.52539062  
0.42200    368064.31250000 200736.23437500 533629.31250000 610.45819092    19133.50781250  13180.97656250  
0.42300    366763.06250000 200019.40625000 531696.06250000 605.62329102    19050.91210938  13140.33886719  
0.42400    365469.93750000 199298.37500000 529761.12500000 600.86901855    18967.42578125  13098.48730469  
0.42500    364171.78125000 198571.57812500 527819.37500000 596.21386719    18883.36132812  13055.81542969  
0.42600    362853.78125000 197828.76562500 525827.25000000 591.61718750    18797.92382812  13011.73535156  
0.42700    361567.12500000 197098.54687500 523887.28125000 587.12786865    18712.82421875  12967.69726562  
0.42800    360261.31250000 196351.40625000 521907.93750000 582.72906494    18626.72265625  12922.31933594  
0.42900    358992.09375000 195620.54687500 519967.28125000 578.43109131    18541.53125000  12877.26562500  
0.43000    357719.21875000 194878.01562500 518016.50000000 574.22589111    18456.21289062  12831.37500000  
0.43100    356430.78125000 194118.03125000 516023.65625000 570.10748291    18369.81054688  12784.57812500  
0.43200    355194.81250000 193384.46875000 514112.53125000 566.10717773    18285.41601562  12738.82128906  
0.43300    353956.46875000 192642.51562500 512185.59375000 562.19824219    18200.72460938  12692.27734375  
0.43400    352750.81250000 191910.84375000 510295.90625000 558.40789795    18116.96875000  12646.15527344  
0.43500    351556.50000000 191178.25000000 508404.93750000 554.70880127    18034.13671875  12600.11132812  
0.43600    350424.37500000 190471.35937500 506602.06250000 551.13049316    17953.43750000  12555.33398438  
0.43700    349283.96875000 189752.78125000 504771.84375000 547.64660645    17872.47070312  12510.12890625  
0.43800    348165.75000000 189038.78125000 502966.87500000 544.27880859    17792.55859375  12465.20410156  
0.43900    347101.84375000 188348.68750000 501233.37500000 541.01361084    17714.65820312  12421.38085938  
0.44000    346067.96875000 187668.90625000 499537.12500000 537.85705566    17637.91992188  12377.88183594  
0.44100    345068.75000000 186999.51562500 497871.87500000 534.80773926    17562.57031250  12335.15429688  
0.44200    344111.81250000 186344.46875000 496268.21875000 531.86053467    17488.60546875  12293.20605469  
0.44300    343188.09375000 185705.57812500 494697.12500000 529.02832031    17416.25976562  12252.10546875  
0.44400    342312.81250000 185082.76562500 493194.75000000 526.29736328    17345.52929688  12211.77832031  
0.44500    341437.00000000 184450.31250000 491669.68750000 523.65106201    17274.78515625  12171.08789062  
0.44600    340622.15625000 183844.00000000 490230.81250000 521.10870361    17206.06445312  12131.65332031  
0.44700    339866.37500000 183268.75000000 488873.46875000 518.67437744    17139.37304688  12093.48535156  
0.44800    339118.25000000 182688.82812500 487521.68750000 516.31939697    17073.01757812  12055.24316406  
0.44900    338444.06250000 182142.96875000 486256.96875000 514.07110596    17008.97460938  12018.33984375  
0.45000    337812.31250000 181614.46875000 485060.62500000 511.91641235    16946.22656250  11982.35253906  
0.45100    337183.18750000 181081.79687500 483848.00000000 509.83435059    16883.33593750  11945.70117188  
0.45200    336620.84375000 180579.98437500 482733.96875000 507.83520508    16822.29882812  11910.34375000  
0.45300    336079.15625000 180082.50000000 481644.37500000 505.91479492    16761.71484375  11875.11328125  
0.45400    335591.09375000 179614.00000000 480625.25000000 504.06433105    16702.11523438  11840.56054688  
0.45500    335139.93750000 179158.70312500 479652.46875000 502.29901123    16643.49804688  11806.28613281  
0.45600    334715.18750000 178713.71875000 478715.31250000 500.58508301    16584.83789062  11771.96093750  
0.45700    334334.71875000 178290.00000000 477838.12500000 498.94137573    16527.25195312  11738.29980469  
0.45800    333975.15625000 177869.45312500 476982.25000000 497.35806274    16469.79882812  11704.53027344  
0.45900    333648.56250000 177466.00000000 476167.81250000 495.82177734    16412.03710938  11670.29980469  
0.46000    333376.71875000 177093.90625000 475446.71875000 494.36004639    16356.03027344  11637.32226562  
0.46100    333088.56250000 176704.75000000 474682.65625000 492.90942383    16297.79296875  11602.61718750  
0.46200    332866.87500000 176352.68750000 474021.06250000 491.52468872    16241.02734375  11568.80273438  
0.46300    332656.50000000 176003.32812500 473367.25000000 490.16226196    16183.36035156  11534.12988281  
0.46400    332455.28125000 175656.85937500 472729.59375000 488.84667969    16124.84472656  11499.08105469  
0.46500    332300.37500000 175335.78125000 472154.87500000 487.55892944    16066.76953125  11463.87109375  
0.46600    332142.81250000 175014.15625000 471581.43750000 486.28314209    16007.38183594  11427.79589844  
0.46700    331994.06250000 174693.28125000 471015.21875000 485.03811646    15946.88476562  11390.90917969  
0.46800    331898.68750000 174405.20312500 470536.31250000 483.81094360    15886.51269531  11354.10253906  
0.46900    331778.00000000 174101.25000000 470008.53125000 482.59539795    15824.07031250  11315.76464844  
0.47000    331674.34375000 173808.18750000 469515.50000000 481.38818359    15760.88867188  11276.61132812  
0.47100    331587.03125000 173526.75000000 469045.06250000 480.19726562    15696.78027344  11237.05468750  
0.47200    331500.62500000 173247.31250000 468582.25000000 479.00485229    15631.37500000  11196.38281250  
0.47300    331428.53125000 172980.37500000 468149.81250000 477.81793213    15564.90234375  11154.94628906  
0.47400    331330.18750000 172695.60937500 467669.31250000 476.61761475    15495.94824219  11111.73828125  
0.47500    331252.40625000 172427.73437500 467228.31250000 475.42401123    15426.38183594  11068.18457031  
0.47600    331187.84375000 172174.14062500 466817.90625000 474.22695923    15355.96386719  11023.89062500  
0.47700    331069.25000000 171891.06250000 466324.56250000 473.00845337    15282.19238281  10977.24511719  
0.47800    330971.21875000 171622.51562500 465874.53125000 471.79071045    15208.19726562  10930.30664062  
0.47900    330879.43750000 171364.57812500 465438.37500000 470.56115723    15132.65429688  10882.65917969  
0.48000    330743.96875000 171085.04687500 464943.06250000 469.31427002    15054.72753906  10832.98144531  
0.48100    330642.90625000 170835.82812500 464507.84375000 468.06909180    14976.43261719  10783.42871094  
0.48200    330465.62500000 170545.43750000 463965.87500000 466.78121948    14894.80078125  10731.27929688  
0.48300    330294.65625000 170261.60937500 463433.40625000 465.49716187    14812.18847656  10678.72656250  
0.48400    330114.25000000 169983.17187500 462908.15625000 464.19635010    14728.67480469  10625.38085938  
0.48500    329904.81250000 169697.12500000 462354.34375000 462.88195801    14643.17089844  10570.96289062  
0.48600    329690.75000000 169415.40625000 461794.06250000 461.55551147    14556.77636719  10515.93652344  
0.48700    329443.53125000 169119.95312500 461195.90625000 460.21685791    14468.54003906  10459.77441406  
0.48800    329153.59375000 168806.40625000 460539.62500000 458.85476685    14378.51855469  10402.16113281  
0.48900    328851.15625000 168496.59375000 459883.18750000 457.48645020    14287.60449219  10344.38085938  
0.49000    328527.87500000 168183.87500000 459205.09375000 456.11001587    14195.88574219  10285.96679688  
0.49100    328188.75000000 167871.78125000 458513.40625000 454.73202515    14103.36523438  10227.37890625  
0.49200    327795.68750000 167536.17187500 457761.93750000 453.33511353    14009.16894531  10167.59179688  
0.49300    327383.50000000 167201.15625000 456984.00000000 451.93774414    13914.28222656  10107.59082031  
0.49400    326944.43750000 166859.82812500 456179.06250000 450.53451538    13818.89160156  10047.44238281  
0.49500    326464.43750000 166501.78125000 455330.18750000 449.13299561    13722.60742188  9986.75390625   
0.49600    325973.65625000 166153.23437500 454477.37500000 447.73995972    13626.39941406  9926.49316406   
0.49700    325427.34375000 165779.10937500 453554.68750000 446.33630371    13529.00488281  9865.58300781   
0.49800    324863.56250000 165407.35937500 452621.31250000 444.94674683    13431.99707031  9805.02539062   
0.49900    324252.68750000 165013.90625000 451625.03125000 443.55590820    13334.17871094  9744.17871094   
0.50000    323627.18750000 164626.46875000 450621.93750000 442.19210815    13236.96093750  9684.06542969   
