# SAXS profile: number of points = 501, q_min = 0, q_max = 0.5, delta_q = 0.001
#    q    intensity 
0.00000    162237888.00000000 101201968.00000000 256271680.00000000 99384.29687500  8030957.50000000 6342805.50000000 
0.00100    162205344.00000000 101181128.00000000 256219696.00000000 99360.95312500  8029151.00000000 6341447.00000000 
0.00200    162106688.00000000 101118648.00000000 256062096.00000000 99290.32031250  8023847.00000000 6337235.00000000 
0.00300    161941664.00000000 101015616.00000000 255799360.00000000 99173.03125000  8014960.50000000 6330240.00000000 
0.00400    161708736.00000000 100870928.00000000 255433168.00000000 99008.80468750  8002538.50000000 6320463.50000000 
0.00500    161408288.00000000 100685288.00000000 254960560.00000000 98798.31250000  7986604.50000000 6307964.50000000 
0.00600    161043056.00000000 100458648.00000000 254385760.00000000 98542.01562500  7967223.00000000 6292627.00000000 
0.00700    160612880.00000000 100191552.00000000 253708080.00000000 98239.86718750  7944345.50000000 6274612.50000000 
0.00800    160116496.00000000 99885200.00000000 252929408.00000000 97891.64843750  7918053.50000000 6253875.50000000 
0.00900    159556976.00000000 99538960.00000000 252050048.00000000 97499.63281250  7888323.50000000 6230473.50000000 
0.01000    158934784.00000000 99154136.00000000 251071776.00000000 97062.67187500  7855273.50000000 6204467.00000000 
0.01100    158252928.00000000 98730480.00000000 249994576.00000000 96582.53125000  7818923.00000000 6175812.50000000 
0.01200    157508320.00000000 98268416.00000000 248821248.00000000 96059.60937500  7779352.50000000 6144627.50000000 
0.01300    156704512.00000000 97769072.00000000 247554416.00000000 95494.89843750  7736567.50000000 6110926.50000000 
0.01400    155838912.00000000 97233256.00000000 246193312.00000000 94889.18750000  7690671.00000000 6074766.00000000 
0.01500    154916640.00000000 96661240.00000000 244741232.00000000 94242.64843750  7641684.00000000 6036182.50000000 
0.01600    153939008.00000000 96054264.00000000 243199680.00000000 93557.36718750  7589715.00000000 5995278.00000000 
0.01700    152904512.00000000 95413208.00000000 241570960.00000000 92833.89843750  7534829.50000000 5952021.50000000 
0.01800    151816416.00000000 94738840.00000000 239857600.00000000 92072.63281250  7477120.00000000 5906548.00000000 
0.01900    150676192.00000000 94032024.00000000 238061664.00000000 91275.47656250  7416631.00000000 5858889.00000000 
0.02000    149484976.00000000 93292680.00000000 236185808.00000000 90443.24218750  7353469.50000000 5809137.50000000 
0.02100    148245792.00000000 92523544.00000000 234231568.00000000 89578.21093750  7287724.50000000 5757318.00000000 
0.02200    146958144.00000000 91724504.00000000 232204416.00000000 88680.03125000  7219452.00000000 5703575.00000000 
0.02300    145623856.00000000 90897392.00000000 230101712.00000000 87750.38281250  7148799.00000000 5647891.50000000 
0.02400    144246240.00000000 90042912.00000000 227932544.00000000 86791.21875000  7075847.50000000 5590401.50000000 
0.02500    142826160.00000000 89161824.00000000 225694384.00000000 85803.38281250  7000676.00000000 5531217.00000000 
0.02600    141366128.00000000 88255696.00000000 223393504.00000000 84788.66406250  6923396.50000000 5470324.00000000 
0.02700    139865840.00000000 87325464.00000000 221031936.00000000 83747.92968750  6844157.00000000 5407826.00000000 
0.02800    138328608.00000000 86372960.00000000 218612320.00000000 82683.03906250  6762929.50000000 5343856.00000000 
0.02900    136759072.00000000 85398368.00000000 216137728.00000000 81595.15625000  6680001.00000000 5278478.00000000 
0.03000    135156608.00000000 84403280.00000000 213612624.00000000 80485.40625000  6595296.00000000 5211738.00000000 
0.03100    133522096.00000000 83389040.00000000 211037280.00000000 79356.25781250  6509098.50000000 5143791.00000000 
0.03200    131859144.00000000 82357104.00000000 208417312.00000000 78208.17968750  6421345.00000000 5074670.50000000 
0.03300    130169512.00000000 81308552.00000000 205755328.00000000 77043.29687500  6332299.50000000 5004465.50000000 
0.03400    128454992.00000000 80244432.00000000 203054736.00000000 75862.98437500  6241980.50000000 4933280.00000000 
0.03500    126717968.00000000 79166600.00000000 200317552.00000000 74668.64062500  6150484.00000000 4861197.00000000 
0.03600    124960048.00000000 78075352.00000000 197547584.00000000 73461.34375000  6058034.50000000 4788323.00000000 
0.03700    123184288.00000000 76972768.00000000 194749456.00000000 72242.64843750  5964608.00000000 4714680.00000000 
0.03800    121390920.00000000 75859488.00000000 191923488.00000000 71015.00781250  5870368.00000000 4640427.50000000 
0.03900    119583808.00000000 74737696.00000000 189075872.00000000 69779.75000000  5775465.50000000 4565624.50000000 
0.04000    117764112.00000000 73608728.00000000 186208528.00000000 68537.13281250  5679978.00000000 4490323.00000000 
0.04100    115933936.00000000 72472200.00000000 183324192.00000000 67289.43750000  5583993.50000000 4414677.50000000 
0.04200    114095328.00000000 71330992.00000000 180426960.00000000 66037.43750000  5487610.50000000 4338704.00000000 
0.04300    112250632.00000000 70185008.00000000 177517552.00000000 64783.44921875  5390979.50000000 4262498.00000000 
0.04400    110400280.00000000 69035616.00000000 174600784.00000000 63528.25390625  5294100.00000000 4186149.50000000 
0.04500    108547392.00000000 67885192.00000000 171682704.00000000 62273.18359375  5197233.00000000 4109752.25000000 
0.04600    106694184.00000000 66733928.00000000 168760288.00000000 61019.44921875  5100334.50000000 4033376.75000000 
0.04700    104841664.00000000 65583404.00000000 165840704.00000000 59768.42187500  5003618.00000000 3957072.50000000 
0.04800    102991048.00000000 64434152.00000000 162924368.00000000 58521.34765625  4907048.00000000 3880967.25000000 
0.04900    101145704.00000000 63287932.00000000 160014592.00000000 57279.70312500  4810815.00000000 3805072.75000000 
0.05000    99306224.00000000 62145236.00000000 157115728.00000000 56044.35156250  4715030.00000000 3729500.75000000 
0.05100    97474864.00000000 61007736.00000000 154229392.00000000 54816.36718750  4619609.50000000 3654319.50000000 
0.05200    95653256.00000000 59875592.00000000 151357184.00000000 53596.99218750  4524864.50000000 3579541.25000000 
0.05300    93842136.00000000 58750440.00000000 148500768.00000000 52387.10156250  4430734.50000000 3505296.00000000 
0.05400    92043736.00000000 57632968.00000000 145665920.00000000 51187.98046875  4337289.00000000 3431590.25000000 
0.05500    90259376.00000000 56523620.00000000 142851200.00000000 50000.30078125  4244688.00000000 3358542.25000000 
0.05600    88490160.00000000 55424024.00000000 140061248.00000000 48824.80859375  4152911.50000000 3286164.50000000 
0.05700    86737128.00000000 54335032.00000000 137297632.00000000 47662.94921875  4062086.25000000 3214530.00000000 
0.05800    85001880.00000000 53256620.00000000 134562192.00000000 46514.69531250  3972264.25000000 3143676.50000000 
0.05900    83286008.00000000 52190280.00000000 131857736.00000000 45381.69531250  3883490.50000000 3073640.00000000 
0.06000    81590592.00000000 51136476.00000000 129183464.00000000 44263.84375000  3795846.25000000 3004488.25000000 
0.06100    79915688.00000000 50095508.00000000 126543656.00000000 43162.19921875  3709349.75000000 2936234.50000000 
0.06200    78264040.00000000 49068560.00000000 123938496.00000000 42077.73437500  3624083.50000000 2868967.75000000 
0.06300    76634576.00000000 48056056.00000000 121369336.00000000 41010.38671875  3540072.00000000 2802683.50000000 
0.06400    75029920.00000000 47058248.00000000 118838328.00000000 39960.87500000  3457372.25000000 2737425.75000000 
0.06500    73449896.00000000 46075828.00000000 116346976.00000000 38929.76953125  3376033.00000000 2673232.25000000 
0.06600    71895600.00000000 45109844.00000000 113895768.00000000 37917.48828125  3296080.00000000 2610110.00000000 
0.06700    70367512.00000000 44159756.00000000 111486072.00000000 36924.20312500  3217521.25000000 2548123.25000000 
0.06800    68866952.00000000 43226688.00000000 109119304.00000000 35950.30859375  3140391.50000000 2487266.50000000 
0.06900    67393488.00000000 42310728.00000000 106795976.00000000 34996.39062500  3064745.00000000 2427549.50000000 
0.07000    65948204.00000000 41412016.00000000 104516088.00000000 34062.15625000  2990589.50000000 2369031.25000000 
0.07100    64531840.00000000 40530836.00000000 102280984.00000000 33148.21484375  2917940.75000000 2311683.25000000 
0.07200    63143276.00000000 39667804.00000000 100091760.00000000 32254.42773438  2846791.75000000 2255529.00000000 
0.07300    61784484.00000000 38823032.00000000 97949096.00000000 31381.02343750  2777210.00000000 2200581.25000000 
0.07400    60454748.00000000 37995848.00000000 95852480.00000000 30527.95898438  2709146.25000000 2146870.75000000 
0.07500    59154720.00000000 37187468.00000000 93801448.00000000 29695.44726562  2642644.50000000 2094364.62500000 
0.07600    57884016.00000000 36397728.00000000 91797952.00000000 28883.29296875  2577663.00000000 2043065.00000000 
0.07700    56643756.00000000 35626488.00000000 89841104.00000000 28091.58593750  2514248.50000000 1993004.37500000 
0.07800    55432608.00000000 34873804.00000000 87931720.00000000 27320.07617188  2452395.00000000 1944159.62500000 
0.07900    54251384.00000000 34139192.00000000 86067944.00000000 26568.67382812  2392071.25000000 1896518.62500000 
0.08000    53099572.00000000 33423138.00000000 84252256.00000000 25837.17968750  2333265.75000000 1850093.37500000 
0.08100    51977528.00000000 32725630.00000000 82483056.00000000 25125.67578125  2275987.75000000 1804869.50000000 
0.08200    50885044.00000000 32046208.00000000 80759680.00000000 24433.59375000  2220230.75000000 1760832.12500000 
0.08300    49820920.00000000 31385068.00000000 79082344.00000000 23760.77343750  2165923.75000000 1717964.75000000 
0.08400    48786184.00000000 30741724.00000000 77450064.00000000 23107.08789062  2113134.00000000 1676266.62500000 
0.08500    47779640.00000000 30116622.00000000 75862840.00000000 22472.25000000  2061763.37500000 1635716.25000000 
0.08600    46801256.00000000 29508512.00000000 74320696.00000000 21855.64062500  2011854.87500000 1596288.50000000 
0.08700    45850812.00000000 28917958.00000000 72822328.00000000 21257.29882812  1963330.25000000 1557979.12500000 
0.08800    44927588.00000000 28344412.00000000 71366512.00000000 20676.64648438  1916200.87500000 1520760.75000000 
0.08900    44031016.00000000 27787714.00000000 69953064.00000000 20113.49023438  1870421.00000000 1484604.12500000 
0.09000    43161252.00000000 27247480.00000000 68582144.00000000 19566.98242188  1825979.50000000 1449497.87500000 
0.09100    42316820.00000000 26723290.00000000 67251648.00000000 19037.24804688  1782847.37500000 1415435.37500000 
0.09200    41497720.00000000 26214974.00000000 65961064.00000000 18523.65625000  1740967.62500000 1382356.75000000 
0.09300    40703880.00000000 25722166.00000000 64709952.00000000 18025.74804688  1700322.12500000 1350273.37500000 
0.09400    39933948.00000000 25244408.00000000 63496412.00000000 17543.16796875  1660898.75000000 1319127.87500000 
0.09500    39187524.00000000 24781188.00000000 62320568.00000000 17075.63281250  1622629.12500000 1288906.87500000 
0.09600    38464040.00000000 24332426.00000000 61181204.00000000 16622.32617188  1585516.37500000 1259591.75000000 
0.09700    37762756.00000000 23897642.00000000 60076484.00000000 16183.07031250  1549520.00000000 1231143.75000000 
0.09800    37083196.00000000 23476430.00000000 59006236.00000000 15757.28710938  1514579.25000000 1203556.50000000 
0.09900    36425112.00000000 23068328.00000000 57969560.00000000 15344.84375000  1480683.12500000 1176798.00000000 
0.10000    35786788.00000000 22672950.00000000 56964612.00000000 14944.82910156  1447797.75000000 1150824.12500000 
0.10100    35168176.00000000 22289846.00000000 55990684.00000000 14557.06640625  1415877.75000000 1125606.12500000 
0.10200    34568712.00000000 21918620.00000000 55047296.00000000 14181.19140625  1384887.12500000 1101125.50000000 
0.10300    33987352.00000000 21558940.00000000 54132512.00000000 13816.48144531  1354805.50000000 1077363.37500000 
0.10400    33423734.00000000 21210244.00000000 53245852.00000000 13462.90429688  1325579.37500000 1054287.12500000 
0.10500    32877280.00000000 20872228.00000000 52385920.00000000 13119.74218750  1297196.87500000 1031873.00000000 
0.10600    32346768.00000000 20544240.00000000 51551252.00000000 12786.60058594  1269607.62500000 1010073.81250000 
0.10700    31832222.00000000 20226122.00000000 50742148.00000000 12463.16601562  1242791.87500000 988891.31250000 
0.10800    31332328.00000000 19917100.00000000 49955948.00000000 12149.07714844  1216712.75000000 968290.68750000 
0.10900    30846836.00000000 19617318.00000000 49192708.00000000 11843.87304688  1191329.75000000 948244.37500000 
0.11000    30375014.00000000 19325914.00000000 48450932.00000000 11547.08886719  1166614.25000000 928714.43750000 
0.11100    29916130.00000000 19042794.00000000 47729968.00000000 11258.61914062  1142545.37500000 909700.75000000 
0.11200    29469964.00000000 18767236.00000000 47028264.00000000 10977.92871094  1119093.12500000 891172.43750000 
0.11300    29035348.00000000 18499100.00000000 46345308.00000000 10704.79394531  1096222.50000000 873098.25000000 
0.11400    28611946.00000000 18237850.00000000 45680384.00000000 10438.83789062  1073904.37500000 855467.31250000 
0.11500    28199290.00000000 17983526.00000000 45031980.00000000 10179.72949219  1052119.25000000 838249.12500000 
0.11600    27796576.00000000 17735194.00000000 44399384.00000000 9927.21875000   1030839.50000000 821431.68750000 
0.11700    27403484.00000000 17492992.00000000 43781812.00000000 9681.04687500   1010045.06250000 804990.31250000 
0.11800    27019220.00000000 17256100.00000000 43178536.00000000 9440.77246094   989691.68750000 788901.75000000 
0.11900    26643672.00000000 17024726.00000000 42588592.00000000 9206.37500000   969786.93750000 773157.06250000 
0.12000    26275802.00000000 16798214.00000000 42011332.00000000 8977.44140625   950280.37500000 757736.93750000 
0.12100    25915750.00000000 16576308.00000000 41445808.00000000 8753.92382812   931178.12500000 742628.18750000 
0.12200    25562552.00000000 16358740.00000000 40891328.00000000 8535.45312500   912448.25000000 727804.31250000 
0.12300    25216062.00000000 16145361.00000000 40347292.00000000 8321.90136719   894067.43750000 713265.87500000 
0.12400    24875814.00000000 15935739.00000000 39813264.00000000 8113.08496094   876021.06250000 698982.43750000 
0.12500    24541490.00000000 15729683.00000000 39287784.00000000 7908.84912109   858298.93750000 684948.68750000 
0.12600    24212598.00000000 15527035.00000000 38771596.00000000 7709.06542969   840885.87500000 671162.18750000 
0.12700    23888714.00000000 15327461.00000000 38262804.00000000 7513.50537109   823765.50000000 657599.37500000 
0.12800    23569768.00000000 15130831.00000000 37761540.00000000 7322.07177734   806916.12500000 644258.25000000 
0.12900    23255394.00000000 14936884.00000000 37267528.00000000 7134.68798828   790345.37500000 631116.37500000 
0.13000    22944822.00000000 14745364.00000000 36779684.00000000 6951.17822266   774027.93750000 618184.18750000 
0.13100    22638360.00000000 14556292.00000000 36298316.00000000 6771.46630859   757955.00000000 605434.06250000 
0.13200    22335696.00000000 14369419.00000000 35822436.00000000 6595.45263672   742117.12500000 592872.43750000 
0.13300    22036392.00000000 14184552.00000000 35351972.00000000 6423.12744141   726519.81250000 580489.81250000 
0.13400    21740416.00000000 14001547.00000000 34886056.00000000 6254.34814453   711136.75000000 568279.93750000 
0.13500    21447474.00000000 13820336.00000000 34425064.00000000 6089.07910156   695972.62500000 556233.00000000 
0.13600    21157218.00000000 13640810.00000000 33968432.00000000 5927.26660156   681019.31250000 544344.93750000 
0.13700    20869726.00000000 13462809.00000000 33515904.00000000 5768.84667969   666260.50000000 532621.43750000 
0.13800    20584888.00000000 13286258.00000000 33067006.00000000 5613.78662109   651716.18750000 521049.18750000 
0.13900    20302462.00000000 13111151.00000000 32621930.00000000 5462.07031250   637366.75000000 509632.68750000 
0.14000    20022358.00000000 12937257.00000000 32180532.00000000 5313.70898438   623214.00000000 498363.62500000 
0.14100    19744400.00000000 12764746.00000000 31742420.00000000 5168.58056641   609250.00000000 487243.00000000 
0.14200    19468600.00000000 12593261.00000000 31307454.00000000 5026.70117188   595480.31250000 476271.31250000 
0.14300    19195172.00000000 12422985.00000000 30875530.00000000 4888.12890625   581896.12500000 465441.93750000 
0.14400    18923426.00000000 12253759.00000000 30446662.00000000 4752.71777344   568501.00000000 454757.31250000 
0.14500    18653850.00000000 12085774.00000000 30020710.00000000 4620.55908203   555296.00000000 444217.28125000 
0.14600    18386204.00000000 11918680.00000000 29597550.00000000 4491.60693359   542280.81250000 433822.15625000 
0.14700    18120534.00000000 11752711.00000000 29177524.00000000 4365.86425781   529453.43750000 423575.18750000 
0.14800    17856662.00000000 11587754.00000000 28759918.00000000 4243.32617188   516815.62500000 413469.62500000 
0.14900    17594642.00000000 11423802.00000000 28345356.00000000 4123.96240234   504367.71875000 403512.62500000 
0.15000    17334738.00000000 11260789.00000000 27933526.00000000 4007.79272461   492109.46875000 393697.68750000 
0.15100    17076608.00000000 11098837.00000000 27524472.00000000 3894.77685547   480042.12500000 384035.84375000 
0.15200    16820568.00000000 10938071.00000000 27118630.00000000 3784.97143555   468173.81250000 374522.00000000 
0.15300    16566539.00000000 10778264.00000000 26715430.00000000 3678.29565430   456494.21875000 365155.65625000 
0.15400    16314358.00000000 10619500.00000000 26315256.00000000 3574.75439453   445011.50000000 355942.12500000 
0.15500    16064277.00000000 10461919.00000000 25918008.00000000 3474.40576172   433728.78125000 346881.21875000 
0.15600    15816281.00000000 10305330.00000000 25523708.00000000 3377.11547852   422640.56250000 337971.56250000 
0.15700    15570483.00000000 10150012.00000000 25132860.00000000 3282.97631836   411757.84375000 329223.40625000 
0.15800    15326676.00000000 9995816.00000000 24744830.00000000 3191.87451172   401074.37500000 320625.06250000 
0.15900    15085287.00000000 9842866.00000000 24360304.00000000 3103.85253906   390591.75000000 312189.84375000 
0.16000    14845910.00000000 9691089.00000000 23979012.00000000 3018.85327148   380312.21875000 303908.31250000 
0.16100    14608951.00000000 9540671.00000000 23601440.00000000 2936.88623047   370244.50000000 295789.43750000 
0.16200    14374416.00000000 9391551.00000000 23227018.00000000 2857.86791992   360380.00000000 287828.15625000 
0.16300    14142171.00000000 9243716.00000000 22856440.00000000 2781.77636719   350719.53125000 280028.37500000 
0.16400    13912502.00000000 9097236.00000000 22489534.00000000 2708.59619141   341267.00000000 272392.40625000 
0.16500    13685290.00000000 8952233.00000000 22126326.00000000 2638.25024414   332021.37500000 264919.03125000 
0.16600    13460600.00000000 8808640.00000000 21766944.00000000 2570.74536133   322984.34375000 257604.00000000 
0.16700    13238459.00000000 8666554.00000000 21411512.00000000 2505.96215820   314153.25000000 250453.73437500 
0.16800    13018951.00000000 8525909.00000000 21059952.00000000 2443.87744141   305523.87500000 243463.10937500 
0.16900    12802233.00000000 8386835.50000000 20712672.00000000 2384.45458984   297108.00000000 236637.01562500 
0.17000    12588085.00000000 8249339.00000000 20369254.00000000 2327.59179688   288897.00000000 229971.37500000 
0.17100    12376847.00000000 8113395.00000000 20030258.00000000 2273.26733398   280886.53125000 223465.68750000 
0.17200    12168332.00000000 7979067.00000000 19695236.00000000 2221.39184570   273076.65625000 217120.12500000 
0.17300    11962482.00000000 7846357.00000000 19364694.00000000 2171.90209961   265471.46875000 210934.78125000 
0.17400    11759637.00000000 7715360.00000000 19038496.00000000 2124.76416016   258065.78125000 204907.51562500 
0.17500    11559562.00000000 7586008.50000000 18716512.00000000 2079.83251953   250855.75000000 199034.84375000 
0.17600    11362263.00000000 7458299.50000000 18399014.00000000 2037.06848145   243838.50000000 193315.43750000 
0.17700    11167961.00000000 7332326.00000000 18085940.00000000 1996.41503906   237015.89062500 187750.79687500 
0.17800    10976506.00000000 7208084.50000000 17777440.00000000 1957.74841309   230381.26562500 182336.54687500 
0.17900    10787910.00000000 7085555.00000000 17473206.00000000 1921.05200195   223934.73437500 177070.82812500 
0.18000    10602347.00000000 6964743.50000000 17173696.00000000 1886.17138672   217670.68750000 171951.81250000 
0.18100    10419630.00000000 6845731.00000000 16878624.00000000 1853.11901855   211590.39062500 166979.26562500 
0.18200    10239778.00000000 6728409.50000000 16587954.00000000 1821.69555664   205679.75000000 162141.93750000 
0.18300    10062795.00000000 6612827.50000000 16301884.00000000 1791.89575195   199945.00000000 157446.56250000 
0.18400    9888699.00000000 6498997.00000000 16020159.00000000 1763.61315918   194378.32812500 152886.04687500 
0.18500    9717457.00000000 6386939.00000000 15742997.00000000 1736.76098633   188978.21875000 148458.78125000 
0.18600    9549043.00000000 6276578.00000000 15470225.00000000 1711.28356934   183737.39062500 144162.17187500 
0.18700    9383467.00000000 6167938.00000000 15201801.00000000 1687.05383301   178653.82812500 139991.28125000 
0.18800    9220604.00000000 6061007.00000000 14937851.00000000 1664.02917480   173721.89062500 135943.71875000 
0.18900    9060672.00000000 5955788.50000000 14678261.00000000 1642.12744141   168941.64062500 132017.95312500 
0.19000    8903323.00000000 5852216.50000000 14422853.00000000 1621.21166992   164298.85937500 128205.69531250 
0.19100    8748731.00000000 5750391.00000000 14171895.00000000 1601.32104492   159801.53125000 124510.26562500 
0.19200    8596800.00000000 5650173.50000000 13924948.00000000 1582.25805664   155433.85937500 120922.82031250 
0.19300    8447515.00000000 5551620.50000000 13682300.00000000 1564.04211426   151201.15625000 117443.93750000 
0.19400    8300764.00000000 5454654.00000000 13443635.00000000 1546.53430176   147090.85937500 114065.46093750 
0.19500    8156604.00000000 5359332.50000000 13209091.00000000 1529.70458984   143101.93750000 110787.60156250 
0.19600    8014934.50000000 5265580.50000000 12978435.00000000 1513.47424316   139231.07812500 107606.85156250 
0.19700    7875752.00000000 5173374.50000000 12751881.00000000 1497.78283691   135472.87500000 104518.09375000 
0.19800    7738955.00000000 5082651.50000000 12528960.00000000 1482.55187988   131820.75000000 101517.94531250 
0.19900    7604599.50000000 4993523.50000000 12310051.00000000 1467.76867676   128275.82812500 98607.11718750  
0.20000    7472450.00000000 4905790.00000000 12094602.00000000 1453.32958984   124826.90625000 95775.92187500  
0.20100    7342670.50000000 4819564.50000000 11883032.00000000 1439.21984863   121475.78125000 93025.90625000  
0.20200    7215051.00000000 4734754.00000000 11674896.00000000 1425.38208008   118213.97656250 90351.60156250  
0.20300    7089688.50000000 4651358.50000000 11470315.00000000 1411.74304199   115041.03906250 87751.60937500  
0.20400    6966424.00000000 4569350.50000000 11269120.00000000 1398.30566406   111950.78906250 85221.87500000  
0.20500    6845200.00000000 4488671.00000000 11071366.00000000 1384.99987793   108941.83593750 82760.13281250  
0.20600    6726056.00000000 4409303.50000000 10876829.00000000 1371.78027344   106007.66406250 80361.39062500  
0.20700    6608901.50000000 4331272.50000000 10685538.00000000 1358.66015625   103148.05468750 78025.64843750  
0.20800    6493685.00000000 4254507.00000000 10497347.00000000 1345.54821777   100356.85937500 75749.69531250  
0.20900    6380446.50000000 4179014.25000000 10312468.00000000 1332.52880859   97635.40625000  73532.14843750  
0.21000    6268961.50000000 4104693.00000000 10130370.00000000 1319.44531250   94974.32812500  71367.30468750  
0.21100    6159316.50000000 4031610.25000000 9951252.00000000 1306.37011719   92375.05468750  69255.35156250  
0.21200    6051449.50000000 3959689.50000000 9775095.00000000 1293.25207520   89834.63281250  67193.01562500  
0.21300    5945261.50000000 3888887.50000000 9601624.00000000 1280.07287598   87347.89843750  65178.98437500  
0.21400    5840818.50000000 3819232.00000000 9431081.00000000 1266.85607910   84916.57031250  63211.35156250  
0.21500    5738057.00000000 3750711.50000000 9263244.00000000 1253.58361816   82537.69531250  61289.40234375  
0.21600    5636808.50000000 3683222.25000000 9098002.00000000 1240.22277832   80205.36718750  59408.77734375  
0.21700    5537221.50000000 3616836.50000000 8935322.00000000 1226.80895996   77922.04687500  57570.85546875  
0.21800    5439182.00000000 3551474.50000000 8775201.00000000 1213.32165527   75683.01562500  55771.85156250  
0.21900    5342564.00000000 3487091.75000000 8617530.00000000 1199.75427246   73487.38281250  54009.98437500  
0.22000    5247467.00000000 3423749.75000000 8462228.00000000 1186.13110352   71334.43750000  52286.91406250  
0.22100    5153834.00000000 3361410.25000000 8309468.00000000 1172.47790527   69225.50781250  50600.68750000  
0.22200    5061630.50000000 3300013.75000000 8159062.50000000 1158.78784180   67155.07812500  48949.21093750  
0.22300    4970838.50000000 3239563.50000000 8010866.50000000 1145.04992676   65122.92578125  47331.03515625  
0.22400    4881350.00000000 3180016.50000000 7864970.00000000 1131.27734375   63128.98046875  45746.17187500  
0.22500    4793306.50000000 3121481.00000000 7721364.50000000 1117.54431152   61174.56250000  44196.53906250  
0.22600    4706502.50000000 3063775.00000000 7579874.50000000 1103.78601074   59255.70312500  42676.26562500  
0.22700    4621065.00000000 3007007.25000000 7440630.00000000 1090.09362793   57374.26562500  41189.91406250  
0.22800    4536871.50000000 2951104.25000000 7303443.50000000 1076.41870117   55527.89453125  39733.37109375  
0.22900    4453950.50000000 2896050.25000000 7168402.50000000 1062.80993652   53716.33984375  38307.01953125  
0.23000    4372318.00000000 2841900.25000000 7035419.00000000 1049.29589844   51941.14843750  36912.59375000  
0.23100    4291902.50000000 2788581.75000000 6904565.00000000 1035.88549805   50201.49218750  35547.88671875  
0.23200    4212698.00000000 2736072.00000000 6775637.50000000 1022.58447266   48495.28515625  34212.51953125  
0.23300    4134711.75000000 2684424.50000000 6648746.00000000 1009.42224121   46824.90234375  32907.09375000  
0.23400    4057947.50000000 2633599.75000000 6523858.50000000 996.43981934    45189.98046875  31632.16601562  
0.23500    3982281.50000000 2583550.50000000 6400885.50000000 983.60180664    43587.18750000  30384.66210938  
0.23600    3907872.00000000 2534324.50000000 6279931.50000000 970.98956299    42021.51562500  29168.49609375  
0.23700    3834603.50000000 2485897.50000000 6160884.00000000 958.58758545    40490.81250000  27981.17578125  
0.23800    3762520.25000000 2438298.75000000 6043756.50000000 946.41638184    38996.14843750  26824.33984375  
0.23900    3691552.75000000 2391446.75000000 5928529.00000000 934.48675537    37535.01953125  25695.08203125  
0.24000    3621730.75000000 2345375.00000000 5815161.50000000 922.83502197    36110.05078125  24596.27343750  
0.24100    3553100.00000000 2300100.50000000 5703801.00000000 911.48602295    34722.24218750  23528.11718750  
0.24200    3485560.00000000 2255591.00000000 5594219.50000000 900.42492676    33370.04296875  22488.85351562  
0.24300    3419165.75000000 2211848.25000000 5486506.50000000 889.66394043    32053.35937500  21478.86718750  
0.24400    3353846.25000000 2168850.75000000 5380602.50000000 879.23901367    30772.97070312  20498.32031250  
0.24500    3289667.00000000 2126603.50000000 5276508.50000000 869.13543701    29528.53125000  19547.12890625  
0.24600    3226600.00000000 2085126.37500000 5174294.50000000 859.39141846    28320.96679688  18626.11718750  
0.24700    3164615.50000000 2044364.12500000 5073871.00000000 849.99981689    27150.11718750  17734.53125000  
0.24800    3103713.25000000 2004359.62500000 4975241.00000000 840.96923828    26015.96679688  16872.69726562  
0.24900    3043902.75000000 1965050.62500000 4878339.50000000 832.30511475    24917.58007812  16039.42285156  
0.25000    2985179.00000000 1926506.12500000 4783314.50000000 824.01031494    23856.19531250  15236.01562500  
0.25100    2927492.50000000 1888646.87500000 4689917.00000000 816.08813477    22830.69726562  14460.96875000  
0.25200    2870945.50000000 1851523.75000000 4598379.50000000 808.56945801    21843.62890625  13716.23242188  
0.25300    2815437.50000000 1815108.12500000 4508530.00000000 801.41943359    20891.69921875  12999.89941406  
0.25400    2760958.00000000 1779396.62500000 4420399.50000000 794.65246582    19975.82812500  12311.86523438  
0.25500    2707512.75000000 1744360.25000000 4333916.00000000 788.25378418    19094.92187500  11651.48437500  
0.25600    2655094.00000000 1710023.12500000 4249190.50000000 782.23406982    18250.20703125  11019.61230469  
0.25700    2603702.50000000 1676347.37500000 4166103.00000000 776.58508301    17440.11523438  10414.82519531  
0.25800    2553356.50000000 1643356.25000000 4084637.75000000 771.30920410    16665.41601562  9837.78906250   
0.25900    2503970.25000000 1611030.50000000 4004832.00000000 766.39318848    15924.60937500  9287.24023438   
0.26000    2455617.50000000 1579365.62500000 3926649.75000000 761.82678223    15218.08398438  8763.27246094   
0.26100    2408187.25000000 1548316.12500000 3849996.50000000 757.59747314    14543.19628906  8264.29003906   
0.26200    2361788.25000000 1517939.37500000 3774998.00000000 753.71722412    13903.15332031  7792.10009766   
0.26300    2316285.25000000 1488153.00000000 3701447.50000000 750.14489746    13292.78417969  7342.91455078   
0.26400    2271744.00000000 1459016.25000000 3629483.25000000 746.89190674    12714.62402344  6918.56738281   
0.26500    2228146.00000000 1430475.75000000 3559018.50000000 743.94165039    12166.99218750  6518.01562500   
0.26600    2185455.50000000 1402522.75000000 3490002.50000000 741.27691650    11648.84863281  6139.68750000   
0.26700    2143655.00000000 1375177.62500000 3422460.00000000 738.89373779    11160.06152344  5784.00732422   
0.26800    2102758.50000000 1348406.50000000 3356366.00000000 736.77374268    10699.87695312  5450.51855469   
0.26900    2062694.25000000 1322180.00000000 3291610.75000000 734.89678955    10265.61914062  5136.47802734   
0.27000    2023514.87500000 1296536.50000000 3228279.50000000 733.25732422    9858.95507812   4843.36914062   
0.27100    1985150.87500000 1271419.37500000 3166281.75000000 731.82574463    9476.93261719   4569.08203125   
0.27200    1947650.12500000 1246862.87500000 3105672.75000000 730.62823486    9121.16992188   4315.14013672   
0.27300    1910910.62500000 1222791.62500000 3046273.00000000 729.59643555    8787.12207031   4077.32958984   
0.27400    1874910.62500000 1199209.62500000 2988062.00000000 728.72375488    8474.72460938   3855.33862305   
0.27500    1839749.50000000 1176182.75000000 2931214.50000000 728.04071045    8186.70947266   3651.86621094   
0.27600    1805268.25000000 1153576.25000000 2875441.25000000 727.47546387    7916.58056641   3462.00805664   
0.27700    1771577.87500000 1131485.00000000 2820950.75000000 727.06890869    7668.29248047   3288.36279297   
0.27800    1738574.87500000 1109835.75000000 2767530.75000000 726.75958252    7437.86328125   3127.63720703   
0.27900    1706272.37500000 1088641.50000000 2715273.25000000 726.55139160    7225.73046875   2980.63818359   
0.28000    1674630.12500000 1067876.50000000 2664070.00000000 726.43664551    7029.45166016   2845.94384766   
0.28100    1643656.12500000 1047537.12500000 2613902.75000000 726.38696289    6849.82568359   2722.56909180   
0.28200    1613339.50000000 1027613.87500000 2564827.75000000 726.41687012    6685.29980469   2610.90039062   
0.28300    1583632.62500000 1008090.06250000 2516693.25000000 726.48889160    6534.95410156   2509.14428711   
0.28400    1554513.50000000 988948.37500000 2469522.00000000 726.59393311    6396.87695312   2416.41650391   
0.28500    1526004.12500000 970195.18750000 2423332.50000000 726.73553467    6272.60009766   2333.50781250   
0.28600    1498043.37500000 951792.31250000 2378004.00000000 726.88421631    6158.04150391   2257.82934570   
0.28700    1470642.00000000 933755.93750000 2333596.00000000 727.04785156    6055.41601562   2190.18090820   
0.28800    1443774.12500000 916051.50000000 2289991.75000000 727.20397949    5961.76416016   2129.51000977   
0.28900    1417450.00000000 898701.12500000 2247305.25000000 727.35589600    5878.61962891   2075.74389648   
0.29000    1391602.50000000 881656.00000000 2205346.00000000 727.48504639    5802.66357422   2027.10192871   
0.29100    1366277.37500000 864944.37500000 2164245.75000000 727.59777832    5735.84472656   1984.72619629   
0.29200    1341402.25000000 848515.87500000 2123850.75000000 727.67767334    5675.61962891   1947.02160645   
0.29300    1317011.87500000 832408.43750000 2084215.62500000 727.73547363    5622.79248047   1914.40673828   
0.29400    1293038.37500000 816548.87500000 2045257.87500000 727.72808838    5574.22314453   1884.39428711   
0.29500    1269535.25000000 801015.81250000 2007040.87500000 727.70080566    5533.40576172   1859.71643066   
0.29600    1246419.87500000 785714.68750000 1969475.62500000 727.61474609    5496.41943359   1837.43408203   
0.29700    1223711.25000000 770679.37500000 1932535.25000000 727.48382568    5464.01562500   1818.05126953   
0.29800    1201425.87500000 755917.37500000 1896264.50000000 727.30682373    5436.67529297   1802.19775391   
0.29900    1179534.00000000 741396.50000000 1860622.00000000 727.08734131    5413.77148438   1789.27294922   
0.30000    1157987.87500000 727116.62500000 1825552.25000000 726.79968262    5393.22900391   1777.77221680   
0.30100    1136845.75000000 713084.87500000 1791099.75000000 726.47857666    5377.37597656   1769.33984375   
0.30200    1116019.50000000 699254.93750000 1757170.00000000 726.09533691    5363.79296875   1762.10229492   
0.30300    1095585.25000000 685679.06250000 1723862.00000000 725.67895508    5354.25537109   1757.62341309   
0.30400    1075496.00000000 672323.56250000 1691088.00000000 725.21447754    5347.73730469   1755.20654297   
0.30500    1055708.12500000 659169.56250000 1658819.12500000 724.70550537    5342.98193359   1753.66650391   
0.30600    1036254.62500000 646224.75000000 1627084.87500000 724.15167236    5341.27246094   1754.33569336   
0.30700    1017154.43750000 633517.12500000 1595895.87500000 723.57763672    5343.63037109   1757.56420898   
0.30800    998341.06250000 620977.81250000 1565199.50000000 722.96197510    5347.35351562   1761.64550781   
0.30900    979865.18750000 608675.75000000 1535027.25000000 722.33331299    5354.94189453   1768.35900879   
0.31000    961698.81250000 596569.56250000 1505346.37500000 721.67279053    5364.94726562   1776.93078613   
0.31100    943813.87500000 584643.50000000 1476132.12500000 721.00134277    5377.58642578   1787.47631836   
0.31200    926255.37500000 572928.00000000 1447423.75000000 720.31353760    5393.50683594   1800.18725586   
0.31300    908991.12500000 561409.93750000 1419198.75000000 719.62493896    5412.53466797   1815.21740723   
0.31400    892044.87500000 550095.12500000 1391484.50000000 718.93463135    5435.67578125   1833.09020996   
0.31500    875366.00000000 538959.43750000 1364206.50000000 718.24475098    5461.23193359   1853.16320801   
0.31600    859002.06250000 528027.00000000 1337424.00000000 717.56878662    5491.24853516   1876.28295898   
0.31700    842928.56250000 517287.78125000 1311124.37500000 716.91125488    5525.21972656   1902.79748535   
0.31800    827139.31250000 506735.65625000 1285275.75000000 716.25897217    5561.82275391   1931.29443359   
0.31900    811664.25000000 496391.09375000 1259943.50000000 715.65472412    5604.74072266   1964.71765137   
0.32000    796471.68750000 486235.78125000 1235074.25000000 715.06353760    5651.19433594   2000.83703613   
0.32100    781568.75000000 476264.81250000 1210655.75000000 714.51855469    5702.14892578   2040.42248535   
0.32200    766989.68750000 466512.53125000 1186758.00000000 714.01116943    5758.84326172   2084.78735352   
0.32300    752656.62500000 456922.06250000 1163281.37500000 713.54199219    5819.42285156   2132.34643555   
0.32400    738643.25000000 447537.93750000 1140309.25000000 713.12524414    5885.69921875   2184.52685547   
0.32500    724912.00000000 438348.90625000 1117818.37500000 712.75518799    5957.12255859   2240.68774414   
0.32600    711482.68750000 429364.65625000 1095797.12500000 712.44317627    6034.60205078   2301.71875000   
0.32700    698350.50000000 420573.43750000 1074275.75000000 712.18975830    6117.93017578   2367.68188477   
0.32800    685541.75000000 411998.09375000 1053272.62500000 712.00769043    6208.15966797   2438.92675781   
0.32900    672996.81250000 403601.68750000 1032700.75000000 711.87609863    6303.29785156   2514.47436523   
0.33000    660783.18750000 395413.68750000 1012655.81250000 711.81494141    6405.55371094   2595.84765625   
0.33100    648812.75000000 387407.12500000 993030.25000000 711.80804443    6512.83447266   2681.24072266   
0.33200    637209.87500000 379637.81250000 973988.62500000 711.89062500    6628.72802734   2773.77856445   
0.33300    625871.50000000 372050.21875000 955405.31250000 712.02185059    6749.85253906   2870.69702148   
0.33400    614857.68750000 364665.81250000 937320.18750000 712.23449707    6878.43701172   2973.46191406   
0.33500    604118.43750000 357478.62500000 919710.62500000 712.50140381    7013.09863281   3081.38061523   
0.33600    593689.43750000 350498.65625000 902593.81250000 712.83850098    7154.44921875   3194.63696289   
0.33700    583546.62500000 343713.37500000 885954.75000000 713.24017334    7302.67822266   3313.69555664   
0.33800    573732.62500000 337138.06250000 869850.68750000 713.71118164    7457.94970703   3438.48120117   
0.33900    564187.37500000 330749.09375000 854182.25000000 714.23870850    7619.09033203   3568.19384766   
0.34000    554937.25000000 324566.65625000 839014.75000000 714.81481934    7786.97167969   3703.40209961   
0.34100    546001.06250000 318579.96875000 824335.00000000 715.45843506    7961.32568359   3843.81567383   
0.34200    537379.75000000 312810.93750000 810187.62500000 716.15936279    8143.32373047   3990.33203125   
0.34300    529013.62500000 307211.62500000 796449.75000000 716.89184570    8330.08496094   4140.88232422   
0.34400    520971.71875000 301833.18750000 783252.06250000 717.69042969    8524.17968750   4297.54980469   
0.34500    513194.71875000 296629.34375000 770486.12500000 718.51898193    8723.34082031   4458.47167969   
0.34600    505735.96875000 291643.56250000 758240.62500000 719.39587402    8929.25683594   4624.83593750   
0.34700    498511.62500000 286808.81250000 746375.37500000 720.28564453    9139.48339844   4794.45117188   
0.34800    491590.21875000 282179.90625000 735020.00000000 721.20568848    9355.18164062   4968.72998047   
0.34900    484939.96875000 277736.93750000 724106.00000000 722.15136719    9576.43554688   5147.67285156   
0.35000    478557.50000000 273469.62500000 713621.87500000 723.10522461    9801.74316406   5329.74902344   
0.35100    472466.59375000 269397.93750000 703626.50000000 724.08013916    10032.56347656  5516.36035156   
0.35200    466600.06250000 265469.53125000 693980.37500000 725.04107666    10266.04687500  5705.11572266   
0.35300    460992.34375000 261721.37500000 684784.62500000 726.00738525    10503.75292969  5897.29541016   
0.35400    455661.78125000 258154.76562500 676015.00000000 726.96624756    10745.33886719  6092.54541016   
0.35500    450562.43750000 254748.95312500 667640.37500000 727.91046143    10989.97167969  6290.13574219   
0.35600    445685.34375000 251486.10937500 659634.12500000 728.82965088    11236.70019531  6489.60498047   
0.35700    441055.84375000 248387.78125000 652025.75000000 729.72009277    11486.23437500  6691.10644531   
0.35800    436664.81250000 245452.45312500 644803.00000000 730.58416748    11737.74023438  6894.44433594   
0.35900    432490.06250000 242655.73437500 637935.18750000 731.40643311    11990.97753906  7098.91650391   
0.36000    428549.93750000 240012.07812500 631442.87500000 732.19396973    12246.16992188  7304.72119141   
0.36100    424781.40625000 237487.68750000 625251.18750000 732.90582275    12500.80078125  7510.41748047   
0.36200    421268.50000000 235128.87500000 619461.31250000 733.58764648    12757.82910156  7717.67578125   
0.36300    417902.37500000 232866.56250000 613914.68750000 734.18505859    13012.94335938  7923.45947266   
0.36400    414726.40625000 230730.43750000 608681.31250000 734.72320557    13268.35449219  8128.99609375   
0.36500    411732.06250000 228713.01562500 603733.12500000 735.17974854    13522.75097656  8334.05957031   
0.36600    408934.71875000 226825.81250000 599112.37500000 735.57751465    13777.16796875  8538.69140625   
0.36700    406273.34375000 225025.28125000 594710.37500000 735.86761475    14028.51074219  8741.07519531   
0.36800    403821.84375000 223363.12500000 590640.18750000 736.09527588    14280.01562500  8943.33984375   
0.36900    401501.59375000 221784.09375000 586795.56250000 736.22570801    14528.87695312  9143.08007812   
0.37000    399294.59375000 220278.01562500 583129.75000000 736.23992920    14773.33007812  9339.50683594   
0.37100    397237.84375000 218869.42187500 579695.37500000 736.16613770    15015.68359375  9533.77050781   
0.37200    395333.59375000 217560.06250000 576521.06250000 735.99859619    15255.82226562  9726.37109375   
0.37300    393531.81250000 216316.46875000 573510.62500000 735.71398926    15491.23144531  9914.90332031   
0.37400    391869.46875000 215156.53125000 570712.93750000 735.33343506    15723.79101562  10101.08300781  
0.37500    390308.34375000 214063.18750000 568078.75000000 734.83721924    15952.07031250  10283.66796875  
0.37600    388859.90625000 213042.54687500 565628.87500000 734.23150635    16175.50781250  10462.26171875  
0.37700    387489.78125000 212066.26562500 563295.56250000 733.50225830    16394.01757812  10636.48925781  
0.37800    386213.96875000 211154.17187500 561132.00000000 732.66674805    16607.84570312  10807.08496094  
0.37900    385052.75000000 210307.31250000 559129.50000000 731.71704102    16817.25000000  10973.73925781  
0.38000    383942.62500000 209495.67187500 557219.00000000 730.64398193    17020.24609375  11135.44628906  
0.38100    382897.06250000 208719.06250000 555390.00000000 729.45336914    17217.27148438  11292.12207031  
0.38200    381933.15625000 207996.68750000 553719.06250000 728.15368652    17409.33398438  11444.66210938  
0.38300    381015.50000000 207293.56250000 552096.06250000 726.72259521    17594.68164062  11591.52636719  
0.38400    380180.84375000 206646.81250000 550608.56250000 725.18817139    17774.64843750  11734.18750000  
0.38500    379363.21875000 206003.75000000 549146.56250000 723.52673340    17947.42382812  11871.02832031  
0.38600    378630.78125000 205412.98437500 547809.18750000 721.76885986    18115.02929688  12003.66015625  
0.38700    377904.46875000 204819.23437500 546483.00000000 719.88043213    18274.80859375  12129.91308594  
0.38800    377221.28125000 204253.73437500 545224.87500000 717.88665771    18428.34570312  12251.26464844  
0.38900    376565.75000000 203700.70312500 544004.50000000 715.77984619    18574.99609375  12366.78710938  
0.39000    375970.12500000 203184.35937500 542875.06250000 713.57867432    18715.80273438  12478.07128906  
0.39100    375374.71875000 202660.06250000 541739.43750000 711.26855469    18849.51757812  12583.26074219  
0.39200    374812.12500000 202153.85937500 540656.12500000 708.86297607    18976.53320312  12683.30078125  
0.39300    374256.96875000 201650.96875000 539579.75000000 706.34875488    19096.34179688  12777.56054688  
0.39400    373753.34375000 201173.45312500 538577.75000000 703.75341797    19210.52343750  12867.34570312  
0.39500    373222.78125000 200676.67187500 537527.68750000 701.05291748    19316.61718750  12950.96289062  
0.39600    372706.43750000 200189.81250000 536502.43750000 698.26867676    19416.47070312  13029.52343750  
0.39700    372203.65625000 199699.54687500 535489.50000000 695.40179443    19509.58007812  13102.75683594  
0.39800    371721.87500000 199224.70312500 534505.62500000 692.45831299    19596.76562500  13171.54394531  
0.39900    371226.96875000 198737.75000000 533505.93750000 689.43505859    19676.75976562  13234.87304688  
0.40000    370743.09375000 198254.84375000 532503.62500000 686.34332275    19750.64453125  13293.43359375  
0.40100    370253.71875000 197762.96875000 531495.12500000 683.17199707    19817.67382812  13346.79785156  
0.40200    369780.81250000 197284.65625000 530517.93750000 679.94879150    19879.40234375  13395.95800781  
0.40300    369288.37500000 196784.75000000 529495.62500000 676.65081787    19933.90039062  13439.94921875  
0.40400    368805.68750000 196294.15625000 528497.75000000 673.30938721    19983.38867188  13479.91699219  
0.40500    368319.59375000 195796.40625000 527486.93750000 669.91271973    20026.53515625  13515.26953125  
0.40600    367849.03125000 195306.79687500 526493.43750000 666.47686768    20064.90039062  13547.33398438  
0.40700    367361.25000000 194805.57812500 525474.25000000 662.98742676    20096.89257812  13574.54296875  
0.40800    366869.06250000 194300.51562500 524444.68750000 659.45520020    20123.30078125  13597.68945312  
0.40900    366368.00000000 193791.17187500 523409.90625000 655.88848877    20144.53906250  13617.02441406  
0.41000    365890.62500000 193294.96875000 522404.43750000 652.30377197    20161.59179688  13633.54101562  
0.41100    365395.78125000 192784.39062500 521369.15625000 648.68035889    20172.68164062  13645.84082031  
0.41200    364888.90625000 192271.17187500 520311.28125000 645.02880859    20178.93945312  13654.61914062  
0.41300    364402.53125000 191769.09375000 519293.81250000 641.36566162    20181.27343750  13660.81738281  
0.41400    363899.09375000 191257.59375000 518243.93750000 637.68103027    20178.39648438  13663.39648438  
0.41500    363416.90625000 190758.67187500 517229.62500000 633.99243164    20171.81054688  13663.61914062  
0.41600    362898.37500000 190239.37500000 516164.43750000 630.27551270    20159.83007812  13659.95117188  
0.41700    362414.03125000 189746.53125000 515152.87500000 626.56958008    20145.13671875  13654.79199219  
0.41800    361951.15625000 189265.62500000 514176.59375000 622.86096191    20127.07031250  13647.46484375  
0.41900    361431.25000000 188751.40625000 513106.34375000 619.13366699    20102.99218750  13635.97265625  
0.42000    360956.81250000 188269.31250000 512113.09375000 615.41973877    20076.89062500  13623.50390625  
0.42100    360489.96875000 187796.95312500 511151.87500000 611.71716309    20047.74414062  13609.06347656  
0.42200    360026.65625000 187329.10937500 510183.96875000 608.01910400    20015.13085938  13592.62304688  
0.42300    359550.56250000 186856.51562500 509209.78125000 604.32104492    19978.50000000  13573.51171875  
0.42400    359094.43750000 186397.25000000 508260.78125000 600.63659668    19939.15429688  13552.92089844  
0.42500    358646.71875000 185949.81250000 507332.09375000 596.97247314    19897.10546875  13530.79199219  
0.42600    358194.59375000 185501.21875000 506395.00000000 593.30999756    19851.74023438  13506.36035156  
0.42700    357770.43750000 185083.01562500 505527.68750000 589.68280029    19804.37890625  13481.54394531  
0.42800    357342.75000000 184658.04687500 504646.31250000 586.06097412    19753.79296875  13454.52832031  
0.42900    356951.31250000 184266.50000000 503831.93750000 582.47351074    19701.91992188  13426.87597656  
0.43000    356556.34375000 183875.54687500 503017.65625000 578.89953613    19646.87500000  13397.51074219  
0.43100    356145.15625000 183479.79687500 502176.75000000 575.33868408    19588.68554688  13366.34179688  
0.43200    355780.34375000 183121.95312500 501428.37500000 571.81030273    19529.55078125  13334.90527344  
0.43300    355410.46875000 182760.92187500 500667.71875000 568.30010986    19467.51367188  13301.69628906  
0.43400    355060.09375000 182421.34375000 499953.90625000 564.81695557    19403.44531250  13267.66015625  
0.43500    354711.18750000 182088.39062500 499240.43750000 561.35253906    19337.34179688  13232.34863281  
0.43600    354409.71875000 181790.07812500 498617.81250000 557.93133545    19270.27343750  13197.01171875  
0.43700    354081.50000000 181484.56250000 497957.15625000 554.52075195    19200.26953125  13159.74316406  
0.43800    353764.28125000 181188.01562500 497315.12500000 551.12786865    19128.10546875  13121.39550781  
0.43900    353475.25000000 180915.85937500 496735.31250000 547.77124023    19054.81640625  13082.58203125  
0.44000    353197.18750000 180659.54687500 496173.71875000 544.43792725    18979.57812500  13042.64746094  
0.44100    352927.50000000 180410.07812500 495638.15625000 541.12982178    18902.41406250  13001.81835938  
0.44200    352671.40625000 180179.25000000 495130.37500000 537.84313965    18824.01171875  12960.31835938  
0.44300    352428.56250000 179962.84375000 494645.28125000 534.58654785    18743.54687500  12917.79296875  
0.44400    352198.53125000 179758.65625000 494189.84375000 531.35455322    18661.62890625  12874.39160156  
0.44500    351939.90625000 179543.57812500 493700.15625000 528.13208008    18576.75000000  12829.08007812  
0.44600    351705.56250000 179348.51562500 493252.96875000 524.93707275    18490.97460938  12783.22167969  
0.44700    351503.81250000 179178.90625000 492865.90625000 521.77001953    18403.87109375  12736.84179688  
0.44800    351274.34375000 178998.31250000 492439.56250000 518.61718750    18314.48632812  12688.94042969  
0.44900    351078.71875000 178843.92187500 492077.12500000 515.49591064    18224.17187500  12640.54101562  
0.45000    350891.62500000 178703.26562500 491728.84375000 512.39788818    18132.48242188  12591.35546875  
0.45100    350667.12500000 178543.14062500 491336.84375000 509.30041504    18037.49218750  12539.87792969  
0.45200    350474.18750000 178407.70312500 490991.46875000 506.23867798    17942.11328125  12488.06347656  
0.45300    350263.40625000 178263.67187500 490630.34375000 503.18917847    17844.39257812  12434.70996094  
0.45400    350065.81250000 178134.92187500 490295.28125000 500.15454102    17745.09570312  12380.44921875  
0.45500    349863.34375000 178009.43750000 489961.34375000 497.14160156    17644.60742188  12325.04589844  
0.45600    349648.15625000 177876.70312500 489611.59375000 494.14123535    17541.59765625  12267.91503906  
0.45700    349435.71875000 177754.87500000 489276.03125000 491.16018677    17437.43554688  12210.06933594  
0.45800    349208.62500000 177623.10937500 488912.96875000 488.19714355    17331.28710938  12150.63085938  
0.45900    348969.25000000 177491.09375000 488539.43750000 485.23953247    17223.24414062  12089.55566406  
0.46000    348749.37500000 177375.79687500 488203.93750000 482.30899048    17114.56445312  12028.33398438  
0.46100    348468.53125000 177225.48437500 487774.71875000 479.37435913    17002.30859375  11964.07421875  
0.46200    348219.56250000 177097.60937500 487399.37500000 476.47238159    16889.97656250  11899.76269531  
0.46300    347936.78125000 176952.70312500 486981.15625000 473.57388306    16775.08984375  11833.48925781  
0.46400    347628.78125000 176795.10937500 486520.96875000 470.68786621    16658.31250000  11765.61230469  
0.46500    347325.87500000 176643.40625000 486078.71875000 467.82638550    16540.56640625  11696.73828125  
0.46600    346988.65625000 176473.54687500 485584.75000000 464.96411133    16420.61523438  11626.26757812  
0.46700    346617.56250000 176285.89062500 485043.50000000 462.11624146    16298.54199219  11553.82226562  
0.46800    346267.40625000 176113.18750000 484526.90625000 459.29037476    16175.89160156  11480.93359375  
0.46900    345856.15625000 175902.96875000 483927.06250000 456.47500610    16050.58300781  11405.85156250  
0.47000    345429.71875000 175687.90625000 483304.68750000 453.66375732    15924.02832031  11329.25781250  
0.47100    344984.18750000 175463.54687500 482657.68750000 450.87933350    15796.10839844  11251.85937500  
0.47200    344512.50000000 175222.79687500 481971.03125000 448.10711670    15666.60449219  11172.67285156  
0.47300    344023.18750000 174977.43750000 481259.93750000 445.35134888    15535.83496094  11092.60156250  
0.47400    343476.62500000 174693.81250000 480452.00000000 442.60269165    15402.60449219  11010.22070312  
0.47500    342920.96875000 174409.96875000 479646.00000000 439.88150024    15268.90039062  10927.24414062  
0.47600    342355.90625000 174120.57812500 478825.59375000 437.18179321    15134.38281250  10843.46093750  
0.47700    341710.65625000 173782.54687500 477874.09375000 434.48007202    14996.80468750  10757.06542969  
0.47800    341060.71875000 173442.56250000 476917.90625000 431.80938721    14859.06933594  10670.31152344  
0.47900    340394.90625000 173095.79687500 475948.31250000 429.16305542    14720.67773438  10582.84375000  
0.48000    339663.87500000 172710.68750000 474869.37500000 426.53085327    14580.07324219  10493.34863281  
0.48100    338947.56250000 172335.03125000 473823.78125000 423.93402100    14439.95898438  10404.05078125  
0.48200    338132.56250000 171898.78125000 472622.78125000 421.33633423    14296.66894531  10312.13671875  
0.48300    337308.00000000 171458.76562500 471399.59375000 418.77844238    14153.56640625  10219.89062500  
0.48400    336461.12500000 171006.25000000 470151.37500000 416.24533081    14010.14550781  10127.30468750  
0.48500    335575.06250000 170531.45312500 468840.71875000 413.74072266    13865.53710938  10033.59960938  
0.48600    334664.81250000 170041.73437500 467495.81250000 411.26803589    13720.86718750  9939.59375000   
0.48700    333709.75000000 169527.92187500 466083.59375000 408.82467651    13575.25878906  9844.73730469   
0.48800    332700.34375000 168979.48437500 464589.34375000 406.40133667    13428.53808594  9748.64257812   
0.48900    331672.78125000 168423.37500000 463065.37500000 404.01736450    13281.93750000  9652.47167969   
0.49000    330613.68750000 167848.84375000 461496.21875000 401.67178345    13135.47265625  9556.24609375   
0.49100    329535.15625000 167264.57812500 459900.59375000 399.36599731    12989.30468750  9459.99511719   
0.49200    328399.12500000 166644.17187500 458212.56250000 397.09121704    12842.23144531  9362.79687500   
0.49300    327239.65625000 166011.90625000 456492.25000000 394.85610962    12695.55078125  9265.90039062   
0.49400    326047.65625000 165362.65625000 454721.12500000 392.66323853    12549.12792969  9168.91015625   
0.49500    324815.59375000 164690.95312500 452894.06250000 390.51083374    12402.76855469  9071.88281250   
0.49600    323576.71875000 164012.34375000 451049.87500000 388.40893555    12257.42968750  8975.48535156   
0.49700    322278.84375000 163304.67187500 449125.43750000 386.34259033    12111.97656250  8878.77929688   
0.49800    320974.46875000 162589.23437500 447181.68750000 384.33364868    11967.68457031  8782.90136719   
0.49900    319620.12500000 161846.18750000 445168.40625000 382.36297607    11823.54003906  8686.90039062   
0.50000    318254.34375000 161102.09375000 443142.37500000 380.44766235    11680.67480469  8591.98437500   
