# SAXS profile: number of points = 501, q_min = 0, q_max = 0.5, delta_q = 0.001
#    q    intensity 
0.00000    162237680.00000000 101201896.00000000 256272208.00000000 100396.77343750 8071738.50000000 6375037.50000000 
0.00100    162212688.00000000 101185712.00000000 256231504.00000000 100375.69531250 8070267.50000000 6373884.00000000 
0.00200    162137072.00000000 101138320.00000000 256110752.00000000 100314.14062500 8065836.00000000 6370425.00000000 
0.00300    162008736.00000000 101059336.00000000 255909568.00000000 100211.10156250 8058461.50000000 6364628.00000000 
0.00400    161828704.00000000 100948880.00000000 255627040.00000000 100067.32812500 8048127.50000000 6356522.00000000 
0.00500    161597184.00000000 100807048.00000000 255264672.00000000 99882.21093750  8034895.00000000 6346149.50000000 
0.00600    161314160.00000000 100633792.00000000 254822352.00000000 99657.14843750  8018720.00000000 6333450.50000000 
0.00700    160981280.00000000 100429888.00000000 254300048.00000000 99391.48437500  7999663.50000000 6318508.00000000 
0.00800    160598128.00000000 100193880.00000000 253700288.00000000 99085.17968750  7977740.00000000 6301331.50000000 
0.00900    160164336.00000000 99928776.00000000 253021712.00000000 98740.21875000  7952964.00000000 6281879.50000000 
0.01000    159680160.00000000 99632856.00000000 252264576.00000000 98355.67187500  7925342.50000000 6260201.50000000 
0.01100    159147888.00000000 99306632.00000000 251433120.00000000 97932.61718750  7894960.50000000 6236378.50000000 
0.01200    158568208.00000000 98950864.00000000 250523584.00000000 97470.71875000  7861797.00000000 6210366.00000000 
0.01300    157940000.00000000 98564992.00000000 249538480.00000000 96970.93750000  7825907.50000000 6182216.50000000 
0.01400    157265424.00000000 98150952.00000000 248480496.00000000 96434.37500000  7787334.00000000 6151928.00000000 
0.01500    156543424.00000000 97707472.00000000 247348128.00000000 95861.16406250  7746132.50000000 6119606.00000000 
0.01600    155773488.00000000 97235920.00000000 246143936.00000000 95252.40625000  7702292.00000000 6085221.00000000 
0.01700    154959872.00000000 96737344.00000000 244869280.00000000 94608.37500000  7655918.00000000 6048837.50000000 
0.01800    154101584.00000000 96210120.00000000 243525360.00000000 93930.32031250  7607045.50000000 6010494.00000000 
0.01900    153199728.00000000 95656840.00000000 242111344.00000000 93218.02343750  7555722.50000000 5970215.00000000 
0.02000    152255376.00000000 95077144.00000000 240631648.00000000 92473.36718750  7501987.00000000 5928038.00000000 
0.02100    151269104.00000000 94471584.00000000 239086576.00000000 91697.08593750  7445918.50000000 5884081.50000000 
0.02200    150241296.00000000 93840944.00000000 237475728.00000000 90889.38281250  7387541.50000000 5838253.50000000 
0.02300    149173440.00000000 93185784.00000000 235803344.00000000 90052.09375000  7326974.00000000 5790734.50000000 
0.02400    148067504.00000000 92506568.00000000 234069696.00000000 89184.59375000  7264230.50000000 5741493.00000000 
0.02500    146923696.00000000 91803760.00000000 232275984.00000000 88289.84375000  7199399.50000000 5690611.50000000 
0.02600    145742672.00000000 91078448.00000000 230424384.00000000 87367.71875000  7132532.00000000 5638125.00000000 
0.02700    144524848.00000000 90330848.00000000 228517120.00000000 86419.42968750  7063730.50000000 5584104.00000000 
0.02800    143273952.00000000 89562504.00000000 226555024.00000000 85446.65625000  6993056.50000000 5528607.00000000 
0.02900    141988880.00000000 88773352.00000000 224541392.00000000 84449.25781250  6920517.00000000 5471660.50000000 
0.03000    140671808.00000000 87963520.00000000 222475744.00000000 83429.07812500  6846253.00000000 5413366.00000000 
0.03100    139322416.00000000 87135016.00000000 220360512.00000000 82387.17968750  6770325.00000000 5353743.00000000 
0.03200    137944656.00000000 86287752.00000000 218199936.00000000 81324.66406250  6692794.00000000 5292859.50000000 
0.03300    136537920.00000000 85423096.00000000 215994560.00000000 80242.81250000  6613770.00000000 5230774.50000000 
0.03400    135103552.00000000 84541232.00000000 213743856.00000000 79142.89062500  6533268.00000000 5167585.50000000 
0.03500    133643376.00000000 83643400.00000000 211454176.00000000 78025.28906250  6451428.00000000 5103281.00000000 
0.03600    132158224.00000000 82729560.00000000 209124256.00000000 76891.74218750  6368312.50000000 5038006.00000000 
0.03700    130649632.00000000 81801704.00000000 206757376.00000000 75743.32031250  6283972.00000000 4971741.00000000 
0.03800    129118112.00000000 80859720.00000000 204356640.00000000 74581.19531250  6198533.00000000 4904644.00000000 
0.03900    127566920.00000000 79904864.00000000 201921824.00000000 73406.80468750  6112025.00000000 4836668.00000000 
0.04000    125995352.00000000 78937696.00000000 199454720.00000000 72221.37500000  6024608.00000000 4767946.00000000 
0.04100    124405824.00000000 77959032.00000000 196960320.00000000 71025.53906250  5936240.50000000 4698523.50000000 
0.04200    122799072.00000000 76969688.00000000 194439392.00000000 69820.64843750  5847103.50000000 4628462.00000000 
0.04300    121176584.00000000 75970384.00000000 191892672.00000000 68607.60156250  5757250.50000000 4557819.50000000 
0.04400    119540608.00000000 74962304.00000000 189324080.00000000 67388.64843750  5666736.00000000 4486675.50000000 
0.04500    117891192.00000000 73945984.00000000 186733600.00000000 66164.32812500  5575674.50000000 4415082.50000000 
0.04600    116230104.00000000 72922168.00000000 184125952.00000000 64935.47265625  5484139.50000000 4343109.50000000 
0.04700    114558736.00000000 71892224.00000000 181500800.00000000 63703.37500000  5392193.50000000 4270797.50000000 
0.04800    112878440.00000000 70856400.00000000 178863008.00000000 62469.28515625  5299922.50000000 4198215.00000000 
0.04900    111190584.00000000 69815576.00000000 176211488.00000000 61234.11718750  5207416.00000000 4125446.25000000 
0.05000    109495928.00000000 68770208.00000000 173549008.00000000 59999.23437500  5114708.50000000 4052507.50000000 
0.05100    107796848.00000000 67721440.00000000 170878864.00000000 58765.63671875  5021947.00000000 3979508.50000000 
0.05200    106093536.00000000 66669752.00000000 168201856.00000000 57533.94921875  4929086.50000000 3906463.50000000 
0.05300    104387816.00000000 65616664.00000000 165520592.00000000 56305.74218750  4836340.50000000 3833455.50000000 
0.05400    102680032.00000000 64561976.00000000 162837328.00000000 55082.12500000  4743683.50000000 3760537.25000000 
0.05500    100972592.00000000 63507360.00000000 160153248.00000000 53863.22656250  4651245.00000000 3687751.00000000 
0.05600    99266400.00000000 62452904.00000000 157470192.00000000 52650.75781250  4559036.00000000 3615166.25000000 
0.05700    97561944.00000000 61399460.00000000 154790864.00000000 51445.54296875  4467167.00000000 3542828.25000000 
0.05800    95860944.00000000 60347968.00000000 152114800.00000000 50248.38281250  4375717.00000000 3470777.50000000 
0.05900    94165224.00000000 59298728.00000000 149447584.00000000 49059.84765625  4284694.00000000 3399086.75000000 
0.06000    92474256.00000000 58252588.00000000 146787776.00000000 47881.38281250  4194214.75000000 3327785.50000000 
0.06100    90790048.00000000 57210404.00000000 144137872.00000000 46713.44140625  4104276.00000000 3256934.00000000 
0.06200    89113936.00000000 56172700.00000000 141498608.00000000 45557.01953125  4015006.75000000 3186578.25000000 
0.06300    87446800.00000000 55140180.00000000 138875040.00000000 44412.12500000  3926438.25000000 3116773.50000000 
0.06400    85789000.00000000 54112980.00000000 136264816.00000000 43280.50781250  3838608.50000000 3047511.75000000 
0.06500    84142144.00000000 53092444.00000000 133671936.00000000 42162.00781250  3751586.00000000 2978878.50000000 
0.06600    82507200.00000000 52078684.00000000 131097024.00000000 41058.18359375  3665407.75000000 2910917.75000000 
0.06700    80884168.00000000 51072140.00000000 128540536.00000000 39968.85937500  3580124.00000000 2843643.25000000 
0.06800    79274720.00000000 50073772.00000000 126005520.00000000 38894.85156250  3495792.75000000 2777119.75000000 
0.06900    77680216.00000000 49083728.00000000 123492504.00000000 37836.70312500  3412467.25000000 2711351.00000000 
0.07000    76100312.00000000 48102936.00000000 121002496.00000000 36795.17578125  3330159.00000000 2646384.00000000 
0.07100    74536176.00000000 47131324.00000000 118537216.00000000 35770.32421875  3248938.50000000 2582257.75000000 
0.07200    72989216.00000000 46169720.00000000 116097648.00000000 34762.91796875  3168814.50000000 2518989.00000000 
0.07300    71458864.00000000 45218804.00000000 113685000.00000000 33773.23828125  3089843.50000000 2456611.25000000 
0.07400    69947048.00000000 44278584.00000000 111300080.00000000 32801.51562500  3012042.75000000 2395158.75000000 
0.07500    68453872.00000000 43349568.00000000 108943880.00000000 31848.47070312  2935463.25000000 2334647.00000000 
0.07600    66979564.00000000 42431828.00000000 106617872.00000000 30914.29296875  2860115.75000000 2275095.00000000 
0.07700    65525444.00000000 41526424.00000000 104322880.00000000 29998.88085938  2786037.75000000 2216531.00000000 
0.07800    64091424.00000000 40633296.00000000 102059064.00000000 29102.92382812  2713233.00000000 2158964.75000000 
0.07900    62678612.00000000 39752660.00000000 99828040.00000000 28226.31640625  2641745.75000000 2102425.00000000 
0.08000    61287196.00000000 38884828.00000000 97629712.00000000 27369.44140625  2571590.75000000 2046911.87500000 
0.08100    59917200.00000000 38030424.00000000 95466024.00000000 26532.40429688  2502780.00000000 1992468.62500000 
0.08200    58569636.00000000 37189208.00000000 93336520.00000000 25715.14843750  2435324.00000000 1939081.12500000 
0.08300    57244312.00000000 36361756.00000000 91242040.00000000 24917.75585938  2369247.75000000 1886757.00000000 
0.08400    55941844.00000000 35548216.00000000 89182904.00000000 24140.52343750  2304548.25000000 1835531.75000000 
0.08500    54662588.00000000 34748444.00000000 87160192.00000000 23383.30664062  2241259.00000000 1785378.62500000 
0.08600    53407056.00000000 33963192.00000000 85174224.00000000 22646.14257812  2179352.75000000 1736333.62500000 
0.08700    52174708.00000000 33192198.00000000 83224344.00000000 21928.88476562  2118840.50000000 1688390.50000000 
0.08800    50966464.00000000 32435604.00000000 81312200.00000000 21231.36914062  2059760.87500000 1641542.37500000 
0.08900    49781896.00000000 31693824.00000000 79437272.00000000 20553.83007812  2002070.00000000 1595794.87500000 
0.09000    48621536.00000000 30966608.00000000 77600552.00000000 19895.98437500  1945813.12500000 1551153.75000000 
0.09100    47485424.00000000 30254380.00000000 75800592.00000000 19257.70117188  1890936.50000000 1507612.87500000 
0.09200    46373584.00000000 29556676.00000000 74038456.00000000 18638.55664062  1837471.62500000 1465166.87500000 
0.09300    45285700.00000000 28874036.00000000 72315128.00000000 18038.75195312  1785387.87500000 1423819.87500000 
0.09400    44222296.00000000 28206198.00000000 70628872.00000000 17457.78320312  1734681.62500000 1383543.00000000 
0.09500    43182988.00000000 27553072.00000000 68981728.00000000 16895.58984375  1685372.12500000 1344363.37500000 
0.09600    42168040.00000000 26914770.00000000 67371944.00000000 16351.86132812  1637415.87500000 1306250.00000000 
0.09700    41177196.00000000 26291390.00000000 65799956.00000000 15826.22265625  1590808.75000000 1269198.00000000 
0.09800    40210348.00000000 25682852.00000000 64265804.00000000 15318.44726562  1545542.12500000 1233187.12500000 
0.09900    39267372.00000000 25088860.00000000 62768708.00000000 14828.51269531  1501595.25000000 1198230.37500000 
0.10000    38348096.00000000 24509592.00000000 61309004.00000000 14355.56933594  1458956.87500000 1164289.87500000 
0.10100    37452396.00000000 23944764.00000000 59886136.00000000 13899.53222656  1417600.75000000 1131369.25000000 
0.10200    36580004.00000000 23394304.00000000 58500380.00000000 13460.09472656  1377515.87500000 1099440.75000000 
0.10300    35730604.00000000 22858130.00000000 57150368.00000000 13036.89062500  1338671.50000000 1068502.12500000 
0.10400    34904168.00000000 22336090.00000000 55836584.00000000 12629.35937500  1301063.62500000 1038523.25000000 
0.10500    34100644.00000000 21827874.00000000 54558484.00000000 12237.54687500  1264663.87500000 1009503.06250000 
0.10600    33318984.00000000 21333628.00000000 53315184.00000000 11860.45800781  1229423.25000000 981398.18750000 
0.10700    32559590.00000000 20852996.00000000 52106828.00000000 11498.25195312  1195365.25000000 954224.00000000 
0.10800    31821914.00000000 20385754.00000000 50932452.00000000 11150.22460938  1162432.75000000 927933.87500000 
0.10900    31105396.00000000 19931748.00000000 49791864.00000000 10815.96972656  1130603.00000000 902520.25000000 
0.11000    30409994.00000000 19490986.00000000 48684256.00000000 10495.21289062  1099858.12500000 877966.68750000 
0.11100    29735274.00000000 19062764.00000000 47609240.00000000 10187.45898438  1070171.50000000 854243.31250000 
0.11200    29080826.00000000 18647214.00000000 46566092.00000000 9892.17285156   1041517.50000000 831336.68750000 
0.11300    28446114.00000000 18244130.00000000 45554432.00000000 9609.11230469   1013861.43750000 809218.81250000 
0.11400    27831142.00000000 17853210.00000000 44573448.00000000 9337.79003906   987187.62500000 787878.50000000 
0.11500    27235082.00000000 17474178.00000000 43622792.00000000 9077.71289062   961457.06250000 767285.81250000 
0.11600    26657802.00000000 17106852.00000000 42701556.00000000 8828.60546875   936644.68750000 747424.12500000 
0.11700    26098702.00000000 16750796.00000000 41809444.00000000 8589.92578125   912727.43750000 728270.56250000 
0.11800    25557298.00000000 16405960.00000000 40945064.00000000 8361.21875000   889665.87500000 709791.87500000 
0.11900    25033418.00000000 16071984.00000000 40108544.00000000 8142.19384766   867444.75000000 691984.37500000 
0.12000    24526374.00000000 15748572.00000000 39298304.00000000 7932.41992188   846028.93750000 674812.56250000 
0.12100    24035866.00000000 15435513.00000000 38514556.00000000 7731.49804688   825391.12500000 658264.62500000 
0.12200    23561340.00000000 15132484.00000000 37756064.00000000 7538.97216797   805507.18750000 642309.68750000 
0.12300    23102428.00000000 14839365.00000000 37022492.00000000 7354.52246094   786343.87500000 626935.50000000 
0.12400    22658576.00000000 14555701.00000000 36312632.00000000 7177.68652344   767878.18750000 612111.25000000 
0.12500    22229262.00000000 14281237.00000000 35625924.00000000 7008.13867188   750078.06250000 597816.81250000 
0.12600    21814396.00000000 14015787.00000000 34962164.00000000 6845.61230469   732924.81250000 584038.00000000 
0.12700    21413104.00000000 13759013.00000000 34320024.00000000 6689.56640625   716380.50000000 570745.12500000 
0.12800    21025112.00000000 13510609.00000000 33699116.00000000 6539.67089844   700426.43750000 557928.25000000 
0.12900    20650094.00000000 13270386.00000000 33098750.00000000 6395.77343750   685033.68750000 545557.25000000 
0.13000    20287370.00000000 13038012.00000000 32517918.00000000 6257.39697266   670183.18750000 533618.75000000 
0.13100    19936454.00000000 12813240.00000000 31956144.00000000 6124.20166016   655847.43750000 522082.37500000 
0.13200    19597076.00000000 12595733.00000000 31412714.00000000 5995.97314453   641992.00000000 510943.40625000 
0.13300    19268892.00000000 12385296.00000000 30887064.00000000 5872.34570312   628604.62500000 500180.84375000 
0.13400    18951290.00000000 12181691.00000000 30378346.00000000 5753.07177734   615661.37500000 489765.46875000 
0.13500    18643948.00000000 11984495.00000000 29885800.00000000 5637.87646484   603134.37500000 479690.25000000 
0.13600    18346272.00000000 11793607.00000000 29409126.00000000 5526.46777344   591005.68750000 469935.00000000 
0.13700    18058074.00000000 11608799.00000000 28947350.00000000 5418.59521484   579251.43750000 460478.00000000 
0.13800    17778748.00000000 11429676.00000000 28499800.00000000 5314.03955078   567853.68750000 451308.68750000 
0.13900    17508120.00000000 11256128.00000000 28066274.00000000 5212.58447266   556794.43750000 442410.00000000 
0.14000    17245684.00000000 11087734.00000000 27645856.00000000 5114.01660156   546049.68750000 433769.81250000 
0.14100    16990952.00000000 10924446.00000000 27237912.00000000 5018.06250000   535603.00000000 425367.81250000 
0.14200    16743763.00000000 10765960.00000000 26842088.00000000 4924.58300781   525435.68750000 417193.12500000 
0.14300    16503571.00000000 10612029.00000000 26457442.00000000 4833.43212891   515535.59375000 409231.56250000 
0.14400    16270050.00000000 10462438.00000000 26083514.00000000 4744.33105469   505877.81250000 401471.81250000 
0.14500    16043028.00000000 10317064.00000000 25720302.00000000 4657.21728516   496456.28125000 393897.46875000 
0.14600    15822129.00000000 10175675.00000000 25366494.00000000 4571.93554688   487251.68750000 386500.09375000 
0.14700    15606871.00000000 10037921.00000000 25022294.00000000 4488.28173828   478250.31250000 379270.28125000 
0.14800    15397013.00000000 9903773.00000000 24686604.00000000 4406.18164062   469436.34375000 372193.93750000 
0.14900    15192236.00000000 9772830.00000000 24359090.00000000 4325.46337891   460800.15625000 365257.53125000 
0.15000    14992414.00000000 9645135.00000000 24039478.00000000 4246.12939453   452327.71875000 358458.53125000 
0.15100    14797059.00000000 9520433.00000000 23727300.00000000 4167.96435547   444010.31250000 351787.65625000 
0.15200    14606138.00000000 9398585.00000000 23422210.00000000 4090.93945312   435837.96875000 345234.87500000 
0.15300    14419100.00000000 9279352.00000000 23123506.00000000 4014.96997070   427798.68750000 338785.87500000 
0.15400    14235941.00000000 9162616.00000000 22831002.00000000 3939.95043945   419879.21875000 332441.03125000 
0.15500    14056254.00000000 9048220.00000000 22544182.00000000 3865.86669922   412081.71875000 326192.03125000 
0.15600    13879911.00000000 8936076.00000000 22262796.00000000 3792.62524414   404387.31250000 320029.65625000 
0.15700    13706714.00000000 8825925.00000000 21986578.00000000 3720.22973633   396799.03125000 313953.15625000 
0.15800    13536382.00000000 8717650.00000000 21714922.00000000 3648.56225586   389297.75000000 307948.65625000 
0.15900    13368811.00000000 8611257.00000000 21447774.00000000 3577.66870117   381890.68750000 302022.90625000 
0.16000    13203689.00000000 8506471.00000000 21184724.00000000 3507.46923828   374560.93750000 296160.46875000 
0.16100    13041011.00000000 8403383.00000000 20925586.00000000 3438.00097656   367316.96875000 290367.40625000 
0.16200    12880435.00000000 8301689.00000000 20669910.00000000 3369.19726562   360141.50000000 284630.59375000 
0.16300    12721930.00000000 8201296.50000000 20417654.00000000 3301.04931641   353036.59375000 278952.71875000 
0.16400    12565420.00000000 8102223.50000000 20168542.00000000 3233.60083008   345997.93750000 273326.03125000 
0.16500    12410543.00000000 8004324.50000000 19922300.00000000 3166.81542969   339022.59375000 267755.15625000 
0.16600    12257400.00000000 7907541.50000000 19678712.00000000 3100.72436523   332111.59375000 262234.78125000 
0.16700    12105700.00000000 7811691.00000000 19437510.00000000 3035.28466797   325252.62500000 256759.57812500 
0.16800    11955464.00000000 7716869.50000000 19198786.00000000 2970.57128906   318455.90625000 251330.57812500 
0.16900    11806589.00000000 7622919.00000000 18962096.00000000 2906.59008789   311715.96875000 245950.28125000 
0.17000    11658865.00000000 7529721.50000000 18727432.00000000 2843.29565430   305029.09375000 240613.04687500 
0.17100    11512326.00000000 7437347.50000000 18494608.00000000 2780.77392578   298399.90625000 235319.51562500 
0.17200    11366830.00000000 7345607.50000000 18263566.00000000 2719.02587891   291823.43750000 230071.32812500 
0.17300    11222329.00000000 7254547.00000000 18034160.00000000 2658.06787109   285302.68750000 224865.70312500 
0.17400    11078897.00000000 7164146.00000000 17806314.00000000 2597.97656250   278836.06250000 219705.60937500 
0.17500    10936268.00000000 7074278.00000000 17579804.00000000 2538.71411133   272426.09375000 214589.17187500 
0.17600    10794347.00000000 6984926.50000000 17354570.00000000 2480.32934570   266071.37500000 209516.18750000 
0.17700    10653436.00000000 6896130.50000000 17130804.00000000 2422.84521484   259775.23437500 204489.70312500 
0.17800    10513234.00000000 6807797.00000000 16908104.00000000 2366.28857422   253534.92187500 199510.03125000 
0.17900    10373737.00000000 6719933.50000000 16686643.00000000 2310.71752930   247356.70312500 194577.28125000 
0.18000    10235022.00000000 6632492.50000000 16466388.00000000 2256.12036133   241239.35937500 189693.64062500 
0.18100    10097008.00000000 6545536.50000000 16247195.00000000 2202.58056641   235187.68750000 184861.37500000 
0.18200    9959640.00000000 6458917.50000000 16028967.00000000 2150.02978516   229195.79687500 180074.71875000 
0.18300    9822881.00000000 6372748.00000000 15811837.00000000 2098.55273438   223271.32812500 175343.28125000 
0.18400    9686894.00000000 6286924.50000000 15595811.00000000 2048.17041016   217414.82812500 170664.60937500 
0.18500    9551591.00000000 6201542.50000000 15380778.00000000 1998.92004395   211630.67187500 166041.35937500 
0.18600    9416846.00000000 6116547.00000000 15166603.00000000 1950.78747559   205915.71875000 161473.43750000 
0.18700    9282871.00000000 6031911.50000000 14953603.00000000 1903.79675293   200275.50000000 156964.10937500 
0.18800    9149567.00000000 5947647.50000000 14741601.00000000 1857.96398926   194709.35937500 152512.14062500 
0.18900    9016968.00000000 5863849.50000000 14530714.00000000 1813.35534668   189223.75000000 148124.75000000 
0.19000    8885041.00000000 5780347.50000000 14320657.00000000 1769.87548828   183811.62500000 143793.18750000 
0.19100    8753923.00000000 5697387.50000000 14112073.00000000 1727.66943359   178487.14062500 139532.10937500 
0.19200    8623438.00000000 5614689.00000000 13904316.00000000 1686.63952637   173240.20312500 135330.67187500 
0.19300    8493803.00000000 5532523.00000000 13697940.00000000 1646.85375977   168080.79687500 131199.25000000 
0.19400    8364903.00000000 5450776.50000000 13492421.00000000 1608.26391602   163004.93750000 127132.55468750 
0.19500    8236840.50000000 5369450.50000000 13288340.00000000 1570.92016602   158017.51562500 123135.96875000 
0.19600    8109606.50000000 5288586.50000000 13085408.00000000 1534.79858398   153118.28125000 119207.55468750 
0.19700    7983192.50000000 5208223.50000000 12883736.00000000 1499.88769531   148310.25000000 115350.78125000 
0.19800    7857662.00000000 5128304.00000000 12683422.00000000 1466.18664551   143590.87500000 111565.26562500 
0.19900    7733093.50000000 5048954.00000000 12484450.00000000 1433.73059082   138966.75000000 107853.79687500 
0.20000    7609380.50000000 4970069.00000000 12286920.00000000 1402.43786621   134432.96875000 104214.43750000 
0.20100    7486658.00000000 4891747.50000000 12090840.00000000 1372.34509277   129994.52343750 100649.64062500 
0.20200    7364923.50000000 4813974.50000000 11896129.00000000 1343.41442871   125649.88281250 97158.33593750  
0.20300    7244220.00000000 4736783.00000000 11703074.00000000 1315.64599609   121403.25781250 93745.07812500  
0.20400    7124500.00000000 4660157.00000000 11511429.00000000 1289.01806641   117249.48437500 90405.56250000  
0.20500    7005856.00000000 4584158.00000000 11321422.00000000 1263.50732422   113193.37500000 87142.54687500  
0.20600    6888257.00000000 4508742.50000000 11133087.00000000 1239.07519531   109231.79687500 83954.40625000  
0.20700    6771794.50000000 4433952.50000000 10946373.00000000 1215.74890137   105368.05468750 80844.45312500  
0.20800    6656422.00000000 4359822.50000000 10761399.00000000 1193.42297363   101599.25000000 77809.21093750  
0.20900    6542298.00000000 4286403.00000000 10578306.00000000 1172.17504883   97929.78125000  74853.50781250  
0.21000    6429266.50000000 4213587.00000000 10396881.00000000 1151.86462402   94352.17187500  71970.42187500  
0.21100    6317449.50000000 4141510.00000000 10217276.00000000 1132.54711914   90870.64843750  69164.10156250  
0.21200    6206837.50000000 4070125.25000000 10039465.00000000 1114.14965820   87483.00000000  66432.58593750  
0.21300    6097433.00000000 3999429.25000000 9863458.00000000 1096.64404297   84188.22656250  63775.81250000  
0.21400    5989271.50000000 3929485.25000000 9689568.00000000 1080.01879883   80988.44531250  61193.59765625  
0.21500    5882424.50000000 3860306.00000000 9517608.00000000 1064.24243164   77882.27343750  58686.25781250  
0.21600    5776790.50000000 3791829.75000000 9347459.00000000 1049.23205566   74864.10937500  56250.17187500  
0.21700    5672466.00000000 3724133.75000000 9179331.00000000 1035.00292969   71936.89062500  53886.29687500  
0.21800    5569421.00000000 3657218.00000000 9013224.00000000 1021.51293945   69097.31250000  51593.62109375  
0.21900    5467675.00000000 3591040.00000000 8849146.00000000 1008.68859863   66344.70312500  49369.50390625  
0.22000    5367206.00000000 3525668.75000000 8687021.00000000 996.53668213    63677.51171875  47214.89843750  
0.22100    5268159.50000000 3461125.50000000 8527068.00000000 985.02661133    61096.80468750  45129.62500000  
0.22200    5170402.00000000 3397369.50000000 8369134.50000000 974.10339355    58597.47656250  43110.81640625  
0.22300    5073954.00000000 3334404.25000000 8213258.00000000 963.72711182    56178.60546875  41156.01953125  
0.22400    4978804.00000000 3272221.75000000 8059447.50000000 953.85882568    53837.28906250  39264.77734375  
0.22500    4885082.50000000 3210918.25000000 7907842.00000000 944.52154541    51576.38281250  37438.62890625  
0.22600    4792634.00000000 3150404.00000000 7758202.50000000 935.59350586    49389.54687500  35671.26562500  
0.22700    4701591.50000000 3090738.00000000 7610770.50000000 927.12237549    47277.95703125  33965.94921875  
0.22800    4611838.50000000 3031862.50000000 7465374.00000000 919.01647949    45237.08593750  32317.91992188  
0.22900    4523417.50000000 2973804.00000000 7322058.00000000 911.26916504    43265.42578125  30726.37304688  
0.23000    4436327.50000000 2916592.75000000 7180954.00000000 903.87084961    41362.80078125  29191.29687500  
0.23100    4350619.00000000 2860207.00000000 7041872.50000000 896.76794434    39526.66406250  27709.68750000  
0.23200    4266183.00000000 2804641.00000000 6904833.50000000 889.92584229    37752.86328125  26279.97070312  
0.23300    4183067.75000000 2749887.50000000 6769959.00000000 883.32916260    36041.87109375  24901.12304688  
0.23400    4101299.75000000 2695970.25000000 6637147.50000000 876.97778320    34391.16015625  23572.46093750  
0.23500    4020760.75000000 2642837.75000000 6506323.00000000 870.77905273    32796.63671875  22289.09570312  
0.23600    3941549.00000000 2590560.50000000 6377608.50000000 864.77758789    31259.71679688  21053.53515625  
0.23700    3863615.00000000 2539072.50000000 6250945.50000000 858.93096924    29776.35742188  19862.57421875  
0.23800    3786967.75000000 2488426.50000000 6126313.00000000 853.21697998    28346.18554688  18714.74804688  
0.23900    3711546.00000000 2438525.00000000 6003632.50000000 847.60308838    26964.44531250  17607.25000000  
0.24000    3637393.25000000 2389440.50000000 5882979.50000000 842.09283447    25631.58789062  16540.49609375  
0.24100    3564492.00000000 2341169.75000000 5764355.50000000 836.67877197    24347.11914062  15513.48437500  
0.24200    3492804.50000000 2293685.00000000 5647712.50000000 831.33392334    23106.36523438  14522.99414062  
0.24300    3422316.25000000 2246982.50000000 5532941.50000000 826.02813721    21908.41992188  13568.32519531  
0.24400    3353045.50000000 2201048.75000000 5420117.50000000 820.77355957    20751.70703125  12647.55761719  
0.24500    3284909.50000000 2155873.50000000 5309191.50000000 815.54058838    19634.03125000  11759.61132812  
0.24600    3217969.50000000 2111458.75000000 5200165.00000000 810.34716797    18555.42578125  10904.09179688  
0.24700    3152211.50000000 2067802.37500000 5093040.00000000 805.16888428    17512.85546875  10079.45410156  
0.24800    3087583.00000000 2024883.62500000 4987724.50000000 800.00512695    16505.64843750  9283.41894531   
0.24900    3024054.75000000 1982708.87500000 4884220.50000000 794.85174561    15531.91308594  8515.47656250   
0.25000    2961666.75000000 1941258.37500000 4782500.00000000 789.70227051    14590.12988281  7774.90429688   
0.25100    2900317.25000000 1900511.75000000 4682540.50000000 784.55145264    13678.30078125  7059.48681641   
0.25200    2840117.25000000 1860529.00000000 4584491.50000000 779.42944336    12798.91503906  6370.61035156   
0.25300    2780981.00000000 1821226.25000000 4488068.50000000 774.30590820    11946.40527344  5704.73925781   
0.25400    2722868.50000000 1782624.25000000 4393395.00000000 769.18591309    11121.70410156  5062.16894531   
0.25500    2665778.00000000 1744696.00000000 4300311.00000000 764.08337402    10322.61328125  4441.30957031   
0.25600    2609754.00000000 1707462.87500000 4209026.00000000 758.99176025    9549.88183594   3842.19287109   
0.25700    2554697.75000000 1670901.00000000 4119329.00000000 753.92150879    8801.03906250   3263.00756836   
0.25800    2500675.25000000 1634997.12500000 4031269.50000000 748.88684082    8076.21582031   2704.41625977   
0.25900    2447607.75000000 1599748.75000000 3944816.00000000 743.88928223    7374.71875000   2164.41137695   
0.26000    2395520.00000000 1565161.87500000 3859955.25000000 738.93438721    6695.11767578   1643.66064453   
0.26100    2344340.00000000 1531193.25000000 3776617.75000000 734.01562500    6035.90527344   1139.40563965   
0.26200    2294178.75000000 1497887.00000000 3694897.00000000 729.18170166    5399.56787109   654.18298340    
0.26300    2244890.00000000 1465164.87500000 3614591.50000000 724.38159180    4781.39550781   184.27276611    
0.26400    2196530.50000000 1433064.50000000 3535867.00000000 719.68664551    4184.31689453   -268.34359741   
0.26500    2149083.25000000 1401589.37500000 3458618.50000000 715.07348633    3606.76416016   -704.94812012   
0.26600    2102495.75000000 1370705.37500000 3382791.50000000 710.55371094    3048.00732422   -1126.31469727  
0.26700    2056823.50000000 1340419.62500000 3308448.00000000 706.15332031    2508.38208008   -1531.90441895  
0.26800    2012003.75000000 1310732.50000000 3235525.75000000 701.86865234    1987.91931152   -1921.92028809  
0.26900    1968007.25000000 1281590.12500000 3163967.75000000 697.71679688    1483.83715820   -2298.04199219  
0.27000    1924913.50000000 1253039.50000000 3093866.25000000 693.70489502    999.06903076    -2659.21972656  
0.27100    1882616.37500000 1225040.75000000 3025082.50000000 689.84234619    531.19976807    -3006.32690430  
0.27200    1841192.62500000 1197628.12500000 2957715.50000000 686.16516113    83.73035431     -3337.34545898  
0.27300    1800530.50000000 1170733.37500000 2891636.00000000 682.63824463    -348.48693848   -3656.61523438  
0.27400    1760631.62500000 1144352.25000000 2826787.25000000 679.27673340    -764.51385498   -3962.40258789  
0.27500    1721619.50000000 1118559.87500000 2763393.25000000 676.14044189    -1159.96960449  -4251.72558594  
0.27600    1683312.75000000 1093244.75000000 2701146.50000000 673.17102051    -1540.83374023  -4530.00732422  
0.27700    1645835.62500000 1068495.62500000 2640283.75000000 670.44744873    -1901.23779297  -4792.53369141  
0.27800    1609101.62500000 1044233.93750000 2580608.25000000 667.92077637    -2246.35839844  -5042.37890625  
0.27900    1573130.87500000 1020490.31250000 2522210.75000000 665.62445068    -2572.55371094  -5277.75488281  
0.28000    1537901.50000000 997244.37500000 2465013.00000000 663.56024170    -2881.54296875  -5499.83837891  
0.28100    1503406.75000000 974497.93750000 2409039.50000000 661.73022461    -3173.51171875  -5708.62060547  
0.28200    1469667.75000000 952244.62500000 2354270.25000000 660.15264893    -3446.33471680  -5902.59130859  
0.28300    1436644.00000000 930477.62500000 2300706.25000000 658.82446289    -3701.75463867  -6083.44628906  
0.28400    1404322.62500000 909172.68750000 2248254.25000000 657.74224854    -3940.39819336  -6250.82617188  
0.28500    1372732.25000000 888357.56250000 2197016.00000000 656.92565918    -4159.37255859  -6403.47998047  
0.28600    1341812.62500000 867994.00000000 2146864.75000000 656.35186768    -4362.10351562  -6543.65625000  
0.28700    1311610.62500000 848096.18750000 2097868.25000000 656.04937744    -4545.74316406  -6669.49169922  
0.28800    1282064.00000000 828638.37500000 2049966.12500000 656.00305176    -4711.55126953  -6781.46875000  
0.28900    1253238.50000000 809655.25000000 2003215.50000000 656.23199463    -4858.53076172  -6879.31640625  
0.29000    1225053.12500000 791090.25000000 1957487.87500000 656.71063232    -4988.68310547  -6963.86865234  
0.29100    1197558.87500000 772984.37500000 1912903.87500000 657.45623779    -5098.95703125  -7034.06494141  
0.29200    1170691.75000000 755296.56250000 1869357.00000000 658.45062256    -5191.98291016  -7090.71777344  
0.29300    1144499.75000000 738049.93750000 1826874.12500000 659.71289062    -5266.04833984  -7132.86914062  
0.29400    1118906.87500000 721194.81250000 1785369.25000000 661.19927979    -5323.84619141  -7163.15136719  
0.29500    1093988.50000000 704781.93750000 1744969.50000000 662.95458984    -5361.41357422  -7177.97851562  
0.29600    1069669.50000000 688761.50000000 1705520.50000000 664.93695068    -5382.63916016  -7180.31982422  
0.29700    1045961.25000000 673133.31250000 1667055.00000000 667.14672852    -5386.08544922  -7169.35595703  
0.29800    1022882.12500000 657925.25000000 1629609.12500000 669.58862305    -5371.32812500  -7144.47558594  
0.29900    1000412.25000000 643105.62500000 1593141.25000000 672.24981689    -5338.44970703  -7106.09277344  
0.30000    978512.31250000 628654.25000000 1557595.12500000 675.11175537    -5289.67089844  -7055.42480469  
0.30100    957218.00000000 614599.06250000 1523027.00000000 678.18389893    -5222.43994141  -6990.89843750  
0.30200    936479.12500000 600901.06250000 1489339.37500000 681.43524170    -5139.56201172  -6914.62207031  
0.30300    916326.75000000 587588.18750000 1456609.37500000 684.86743164    -5039.37353516  -6825.28759766  
0.30400    896746.50000000 574635.87500000 1424784.25000000 688.47149658    -4922.48681641  -6723.21777344  
0.30500    877682.75000000 562020.93750000 1393793.12500000 692.22064209    -4790.90087891  -6610.09765625  
0.30600    859167.43750000 549753.81250000 1363675.50000000 696.11102295    -4643.40234375  -6485.07177734  
0.30700    841220.56250000 537857.37500000 1334478.00000000 700.15112305    -4479.57080078  -6347.49121094  
0.30800    823752.75000000 526267.12500000 1306047.87500000 704.29260254    -4302.37451172  -6199.87451172  
0.30900    806841.50000000 515034.96875000 1278499.87500000 708.54992676    -4109.35742188  -6040.24023438  
0.31000    790423.18750000 504118.50000000 1251751.00000000 712.89465332    -3903.19604492  -5870.42089844  
0.31100    774489.93750000 493509.68750000 1225768.62500000 717.31231689    -3683.32275391  -5690.62646484  
0.31200    759061.56250000 483218.43750000 1200583.50000000 721.79479980    -3450.57641602  -5500.83251953  
0.31300    744103.06250000 473235.50000000 1176155.12500000 726.33551025    -3205.41235352  -5301.19384766  
0.31400    729633.93750000 463564.25000000 1152503.87500000 730.90753174    -2947.60693359  -5092.17138672  
0.31500    715600.87500000 454160.87500000 1129563.62500000 735.49365234    -2678.93847656  -4875.23095703  
0.31600    702025.25000000 445063.34375000 1107343.62500000 740.09222412    -2398.96630859  -4649.20166016  
0.31700    688898.06250000 436243.87500000 1085838.12500000 744.69250488    -2108.48925781  -4415.31494141  
0.31800    676176.75000000 427686.06250000 1064996.12500000 749.24621582    -1809.64440918  -4174.72998047  
0.31900    663909.87500000 419416.28125000 1044859.50000000 753.79791260    -1499.48059082  -3925.80029297  
0.32000    652036.50000000 411398.87500000 1025358.00000000 758.27349854    -1182.04980469  -3670.86791992  
0.32100    640556.75000000 403628.90625000 1006485.18750000 762.70019531    -856.46514893   -3409.80468750  
0.32200    629489.75000000 396125.31250000 988272.56250000 767.04724121    -523.20391846   -3142.73022461  
0.32300    618764.81250000 388835.59375000 970600.37500000 771.30645752    -183.80381775   -2871.18066406  
0.32400    608420.43750000 381790.25000000 953533.81250000 775.45703125    161.62767029    -2594.69189453  
0.32500    598435.50000000 374974.15625000 937043.12500000 779.49761963    512.14758301    -2313.66748047  
0.32600    588804.00000000 368381.68750000 921113.18750000 783.41149902    867.85839844    -2028.94213867  
0.32700    579506.06250000 362007.06250000 905717.68750000 787.18988037    1227.86743164   -1740.90930176  
0.32800    570552.31250000 355850.25000000 890894.18750000 790.83300781    1591.83471680   -1449.47302246  
0.32900    561896.18750000 349878.87500000 876523.31250000 794.30090332    1957.88708496   -1156.40258789  
0.33000    553568.75000000 344121.15625000 862675.00000000 797.60839844    2326.78491211   -860.83892822   
0.33100    545494.37500000 338527.06250000 849237.75000000 800.72979736    2696.07128906   -564.68426514   
0.33200    537765.81250000 333154.03125000 836354.56250000 803.68280029    3068.72656250   -266.06338501   
0.33300    530281.00000000 327942.31250000 823869.12500000 806.42706299    3440.36499023   32.06676483     
0.33400    523086.31250000 322909.65625000 811835.56250000 808.97802734    3812.50708008   331.06738281    
0.33500    516134.25000000 318032.50000000 800191.50000000 811.31732178    4183.53369141   629.10522461    
0.33600    509426.53125000 313322.09375000 788952.12500000 813.43719482    4553.11767578   926.69616699    
0.33700    502956.37500000 308760.78125000 778096.31250000 815.33850098    4921.27636719   1222.99560547   
0.33800    496737.78125000 304363.25000000 767630.12500000 817.02673340    5287.50341797   1518.16699219   
0.33900    490713.40625000 300092.28125000 757482.81250000 818.47302246    5650.08447266   1811.18176270   
0.34000    484911.31250000 295966.90625000 747706.75000000 819.68334961    6009.82421875   2101.68261719   
0.34100    479316.12500000 291975.12500000 738246.68750000 820.66467285    6365.64843750   2389.67724609   
0.34200    473938.78125000 288131.40625000 729148.12500000 821.41931152    6718.56201172   2675.84326172   
0.34300    468712.59375000 284382.93750000 720301.68750000 821.91473389    7065.52685547   2957.59204102   
0.34400    463708.81250000 280783.31250000 711803.37500000 822.19726562    7408.85009766   3236.59301758   
0.34500    458847.78125000 277277.96875000 703542.93750000 822.21716309    7746.09619141   3511.42797852   
0.34600    454189.34375000 273905.21875000 695611.37500000 822.01953125    8078.82470703   3782.78808594   
0.34700    449641.03125000 270610.87500000 687868.50000000 821.56152344    8403.85449219   4048.75146484   
0.34800    445268.09375000 267431.34375000 680397.75000000 820.87506104    8723.13867188   4310.44775391   
0.34900    441041.59375000 264350.81250000 673179.75000000 819.95941162    9036.78515625   4567.86572266   
0.35000    436947.81250000 261359.59375000 666170.18750000 818.79852295    9342.49218750   4819.71630859   
0.35100    433011.62500000 258474.60937500 659428.00000000 817.42724609    9642.72363281   5067.33886719   
0.35200    429153.56250000 255653.90625000 652815.43750000 815.81524658    9933.99218750   5308.40869141   
0.35300    425441.50000000 252917.73437500 646430.50000000 813.98999023    10218.27539062  5544.14160156   
0.35400    421852.81250000 250276.56250000 640258.25000000 811.94757080    10495.77539062  5774.89599609   
0.35500    418373.12500000 247703.14062500 634265.62500000 809.69946289    10765.02343750  5999.72998047   
0.35600    414975.46875000 245195.26562500 628411.93750000 807.24066162    11026.27441406  6218.30175781   
0.35700    411692.59375000 242763.03125000 622754.68750000 804.58026123    11280.00097656  6431.41503906   
0.35800    408518.28125000 240406.92187500 617264.87500000 801.73297119    11525.79687500  6638.70263672   
0.35900    405427.84375000 238112.84375000 611926.37500000 798.70379639    11763.70800781  6839.93896484   
0.36000    402448.43750000 235890.21875000 606771.37500000 795.50250244    11994.35351562  7035.65771484   
0.36100    399525.84375000 233715.21875000 601702.62500000 792.11053467    12215.92578125  7224.43750000   
0.36200    396728.40625000 231629.35937500 596855.06250000 788.58715820    12431.28417969  7408.86767578   
0.36300    393965.90625000 229563.59375000 592067.50000000 784.87982178    12636.94726562  7585.83447266   
0.36400    391284.31250000 227559.51562500 587413.25000000 781.03131104    12835.24121094  7756.93798828   
0.36500    388676.06250000 225610.51562500 582879.87500000 777.03765869    13025.44140625  7922.25048828   
0.36600    386175.03125000 223732.34375000 578519.87500000 772.93688965    13209.44335938  8082.65869141   
0.36700    383704.28125000 221878.25000000 574222.62500000 768.68627930    13384.53613281  8236.11718750   
0.36800    381352.62500000 220109.73437500 570121.31250000 764.34149170    13553.92871094  8385.46386719   
0.36900    379054.37500000 218375.65625000 566104.00000000 759.89355469    13715.65820312  8529.01757812   
0.37000    376775.71875000 216666.18750000 562135.62500000 755.32818604    13868.87890625  8665.84765625   
0.37100    374586.40625000 215012.00000000 558296.06250000 750.68023682    14015.62109375  8797.71875000   
0.37200    372480.15625000 213419.48437500 554611.87500000 745.96807861    14156.89453125  8925.25390625   
0.37300    370415.31250000 211859.70312500 550996.43750000 741.16412354    14290.51953125  9047.02050781   
0.37400    368433.59375000 210353.79687500 547507.12500000 736.30847168    14419.12402344  9164.70312500   
0.37500    366507.59375000 208891.40625000 544124.75000000 731.39886475    14541.37597656  9277.63378906   
0.37600    364648.84375000 207475.56250000 540850.12500000 726.44055176    14657.40332031  9385.59667969   
0.37700    362830.81250000 206087.53125000 537638.18750000 721.43426514    14767.41406250  9488.78222656   
0.37800    361089.75000000 204754.29687500 534553.25000000 716.39819336    14872.70410156  9588.45800781   
0.37900    359431.43750000 203473.45312500 531609.12500000 711.34893799    14973.43164062  9684.34570312   
0.38000    357808.46875000 202222.98437500 528717.68750000 706.26824951    15068.31738281  9775.64941406   
0.38100    356235.50000000 201007.45312500 525912.93750000 701.17822266    15158.31835938  9862.97363281   
0.38200    354749.31250000 199845.09375000 523250.25000000 696.08953857    15244.65332031  9947.45410156   
0.38300    353300.93750000 198711.07812500 520643.78125000 690.99810791    15325.75878906  10027.76757812  
0.38400    351944.46875000 197640.57812500 518193.96875000 685.91699219    15404.06933594  10105.70410156  
0.38500    350622.62500000 196589.25000000 515790.03125000 680.84796143    15477.46093750  10179.80175781  
0.38600    349398.09375000 195602.93750000 513539.28125000 675.80810547    15548.89257812  10252.09765625  
0.38700    348197.87500000 194633.43750000 511345.25000000 670.78283691    15615.51757812  10320.48535156  
0.38800    347071.18750000 193716.46875000 509257.50000000 665.78674316    15679.57226562  10386.74121094  
0.38900    346002.25000000 192831.40625000 507260.03125000 660.82482910    15740.23925781  10450.42089844  
0.39000    345028.50000000 192011.56250000 505424.15625000 655.91052246    15799.58300781  10512.61425781  
0.39100    344099.25000000 191215.17187500 503641.28125000 651.03625488    15856.05664062  10572.41308594  
0.39200    343241.62500000 190469.76562500 501984.40625000 646.20715332    15910.16210938  10630.22656250  
0.39300    342435.90625000 189755.42187500 500414.59375000 641.42651367    15961.77832031  10686.06250000  
0.39400    341732.34375000 189105.37500000 498996.40625000 636.71209717    16012.91601562  10741.01660156  
0.39500    341061.03125000 188470.82812500 497619.53125000 632.03167725    16060.78613281  10793.37500000  
0.39600    340452.50000000 187883.15625000 496355.09375000 627.41839600    16107.52636719  10844.81445312  
0.39700    339918.12500000 187334.95312500 495192.68750000 622.86590576    16152.86914062  10894.76562500  
0.39800    339459.03125000 186836.70312500 494162.71875000 618.37573242    16197.71093750  10944.05175781  
0.39900    339054.71875000 186370.51562500 493212.28125000 613.95068359    16240.83203125  10991.93164062  
0.40000    338714.62500000 185944.89062500 492360.53125000 609.58764648    16283.26562500  11038.93945312  
0.40100    338436.00000000 185555.21875000 491600.37500000 605.28668213    16324.12597656  11084.58984375  
0.40200    338243.00000000 185215.92187500 490971.12500000 601.05993652    16365.06152344  11130.06152344  
0.40300    338084.71875000 184900.29687500 490398.59375000 596.89337158    16404.42382812  11174.09277344  
0.40400    338005.90625000 184630.42187500 489951.56250000 592.79583740    16444.02148438  11217.99414062  
0.40500    337988.03125000 184398.92187500 489589.37500000 588.76495361    16482.49609375  11261.02441406  
0.40600    338045.40625000 184211.89062500 489361.31250000 584.81353760    16521.69140625  11304.31445312  
0.40700    338147.53125000 184053.26562500 489189.06250000 580.91723633    16559.58203125  11346.23535156  
0.40800    338311.78125000 183926.25000000 489106.06250000 577.08618164    16596.82812500  11387.55859375  
0.40900    338525.06250000 183833.18750000 489110.81250000 573.32238770    16633.96093750  11428.50390625  
0.41000    338823.12500000 183791.06250000 489238.93750000 569.63275146    16671.50585938  11469.68847656  
0.41100    339160.56250000 183766.95312500 489420.15625000 565.99884033    16707.86132812  11509.81250000  
0.41200    339541.93750000 183768.32812500 489678.62500000 562.41906738    16743.79882812  11549.22753906  
0.41300    339990.25000000 183817.21875000 490043.46875000 558.91784668    16780.10742188  11588.88574219  
0.41400    340475.96875000 183881.14062500 490459.09375000 555.46551514    16815.41406250  11627.58886719  
0.41500    341036.09375000 183990.45312500 490979.21875000 552.08209229    16851.15234375  11666.28906250  
0.41600    341601.21875000 184099.17187500 491520.78125000 548.73895264    16884.95898438  11703.64648438  
0.41700    342246.37500000 184258.12500000 492173.68750000 545.46875000    16919.99218750  11741.49511719  
0.41800    342951.78125000 184454.01562500 492930.03125000 542.25689697    16954.74609375  11779.10742188  
0.41900    343638.65625000 184632.87500000 493644.65625000 539.07513428    16986.69726562  11814.42968750  
0.42000    344404.96875000 184860.82812500 494486.21875000 535.96325684    17019.64257812  11850.32910156  
0.42100    345209.03125000 185114.64062500 495400.21875000 532.90222168    17052.20703125  11885.89355469  
0.42200    346045.15625000 185384.29687500 496345.56250000 529.88580322    17083.87500000  11920.61621094  
0.42300    346894.78125000 185658.56250000 497314.59375000 526.91198730    17113.95117188  11954.02148438  
0.42400    347782.09375000 185958.23437500 498342.12500000 523.98431396    17143.47656250  11986.85644531  
0.42500    348697.34375000 186271.28125000 499411.25000000 521.10467529    17172.06835938  12018.89941406  
0.42600    349614.59375000 186588.68750000 500487.68750000 518.26232910    17199.22265625  12049.62597656  
0.42700    350587.81250000 186940.45312500 501650.90625000 515.47167969    17226.18359375  12080.07910156  
0.42800    351553.15625000 187280.54687500 502795.93750000 512.71130371    17250.91406250  12109.03906250  
0.42900    352562.75000000 187654.20312500 504019.00000000 510.00375366    17275.49023438  12137.49023438  
0.43000    353561.31250000 188020.85937500 505225.90625000 507.32800293    17297.90234375  12164.39355469  
0.43100    354548.50000000 188374.54687500 506401.18750000 504.67800903    17317.79882812  12189.33203125  
0.43200    355573.96875000 188760.64062500 507656.43750000 502.08056641    17337.79296875  12214.25390625  
0.43300    356583.84375000 189133.57812500 508878.34375000 499.50628662    17354.80468750  12236.90917969  
0.43400    357603.34375000 189512.62500000 510119.25000000 496.97082520    17370.39453125  12258.32421875  
0.43500    358608.43750000 189883.25000000 511334.75000000 494.46978760    17383.77929688  12278.04492188  
0.43600    359642.87500000 190273.34375000 512600.43750000 492.01379395    17396.60546875  12297.36523438  
0.43700    360631.37500000 190637.20312500 513799.56250000 489.57769775    17405.89843750  12313.93945312  
0.43800    361603.03125000 190991.34375000 514977.37500000 487.17587280    17413.16210938  12328.70214844  
0.43900    362575.90625000 191350.31250000 516157.78125000 484.81198120    17418.43750000  12342.40234375  
0.44000    363535.12500000 191702.09375000 517318.18750000 482.47744751    17421.36523438  12354.09179688  
0.44100    364467.93750000 192040.35937500 518444.25000000 480.18225098    17421.90429688  12363.95996094  
0.44200    365383.31250000 192368.98437500 519545.75000000 477.91149902    17420.22265625  12372.01464844  
0.44300    366272.31250000 192684.92187500 520612.31250000 475.68551636    17415.96679688  12378.21582031  
0.44400    367140.46875000 192991.45312500 521641.93750000 473.49053955    17409.33007812  12382.72265625  
0.44500    367934.68750000 193255.12500000 522571.25000000 471.31335449    17398.76171875  12384.03417969  
0.44600    368716.31250000 193515.14062500 523480.06250000 469.18161011    17385.94335938  12383.76171875  
0.44700    369485.12500000 193768.10937500 524379.81250000 467.08905029    17370.86132812  12381.92285156  
0.44800    370181.09375000 193985.57812500 525167.50000000 465.02294922    17352.57226562  12377.37304688  
0.44900    370869.71875000 194199.31250000 525948.62500000 463.00534058    17331.97265625  12371.22656250  
0.45000    371514.71875000 194393.78125000 526676.68750000 461.02661133    17308.92578125  12363.25488281  
0.45100    372082.31250000 194541.67187500 527276.62500000 459.07095337    17281.43554688  12351.93457031  
0.45200    372624.59375000 194681.03125000 527855.87500000 457.16058350    17252.02929688  12339.11425781  
0.45300    373102.75000000 194783.01562500 528335.68750000 455.28955078    17218.89062500  12323.76757812  
0.45400    373543.03125000 194870.89062500 528767.31250000 453.45819092    17183.32421875  12306.44335938  
0.45500    373933.84375000 194932.45312500 529129.43750000 451.66891479    17144.97265625  12286.89746094  
0.45600    374255.96875000 194957.57812500 529386.06250000 449.91796875    17102.95898438  12264.88964844  
0.45700    374539.53125000 194962.85937500 529590.75000000 448.21078491    17058.53906250  12240.93359375  
0.45800    374745.40625000 194928.54687500 529690.68750000 446.54763794    17010.86914062  12214.58105469  
0.45900    374895.53125000 194865.85937500 529709.25000000 444.92132568    16959.71289062  12185.71679688  
0.46000    375017.12500000 194791.40625000 529685.93750000 443.35766602    16907.20703125  12155.72363281  
0.46100    375022.34375000 194654.76562500 529497.25000000 441.81954956    16849.69726562  12122.14453125  
0.46200    375015.65625000 194514.89062500 529290.87500000 440.33822632    16790.85351562  12087.55371094  
0.46300    374925.81250000 194331.98437500 528977.12500000 438.90005493    16728.48828125  12050.33496094  
0.46400    374759.93750000 194111.09375000 528547.25000000 437.50857544    16663.19531250  12010.92871094  
0.46500    374558.43750000 193870.48437500 528062.93750000 436.16952515    16595.63671875  11969.84082031  
0.46600    374271.65625000 193587.82812500 527464.87500000 434.87234497    16524.90039062  11926.33007812  
0.46700    373908.18750000 193265.62500000 526753.50000000 433.61856079    16450.93359375  11880.69140625  
0.46800    373519.65625000 192938.18750000 526015.87500000 432.42535400    16375.75878906  11833.93945312  
0.46900    373030.06250000 192551.01562500 525125.75000000 431.26870728    16296.57812500  11784.24511719  
0.47000    372479.31250000 192138.68750000 524155.06250000 430.16256714    16215.26953125  11733.07910156  
0.47100    371873.56250000 191699.01562500 523113.06250000 429.10858154    16131.77929688  11680.23828125  
0.47200    371202.40625000 191225.56250000 521965.43750000 428.10314941    16045.90820312  11625.59667969  
0.47300    370474.03125000 190727.26562500 520754.56250000 427.14483643    15957.90917969  11569.55273438  
0.47400    369658.43750000 190178.54687500 519399.90625000 426.22314453    15866.58691406  11510.90527344  
0.47500    368792.96875000 189610.84375000 517991.12500000 425.35559082    15773.88671875  11451.41308594  
0.47600    367889.21875000 189028.35937500 516533.37500000 424.54040527    15679.96191406  11390.96972656  
0.47700    366870.21875000 188381.18750000 514901.28125000 423.75454712    15581.98046875  11327.41992188  
0.47800    365823.43750000 187722.90625000 513226.62500000 423.02001953    15483.33007812  11263.42382812  
0.47900    364726.46875000 187047.06250000 511500.40625000 422.33416748    15383.21972656  11198.45507812  
0.48000    363539.15625000 186321.00000000 509637.59375000 421.68072510    15280.18261719  11131.27929688  
0.48100    362343.21875000 185596.57812500 507769.21875000 421.08233643    15176.95117188  11063.98730469  
0.48200    361020.65625000 184805.64062500 505720.56250000 420.49838257    15070.12304688  10993.93554688  
0.48300    359673.18750000 184002.35937500 503630.75000000 419.96240234    14962.46582031  10923.47949219  
0.48400    358278.43750000 183182.57812500 501487.15625000 419.46405029    14853.89453125  10852.23632812  
0.48500    356825.43750000 182332.78125000 499261.59375000 419.00067139    14743.77050781  10779.75292969  
0.48600    355338.00000000 181466.57812500 496988.37500000 418.56988525    14632.67480469  10706.82617188  
0.48700    353786.78125000 180571.64062500 494621.46875000 418.16732788    14520.14648438  10632.71875000  
0.48800    352165.12500000 179641.71875000 492158.21875000 417.78454590    14405.80371094  10557.16210938  
0.48900    350516.53125000 178698.53125000 489660.81250000 417.43450928    14290.88769531  10481.19726562  
0.49000    348825.71875000 177739.84375000 487108.31250000 417.10586548    14175.33984375  10405.01660156  
0.49100    347103.96875000 176770.46875000 484518.90625000 416.80886841    14059.37402344  10328.37402344  
0.49200    345315.84375000 175763.73437500 481832.15625000 416.51770020    13941.81835938  10250.47656250  
0.49300    343503.65625000 174750.48437500 479112.03125000 416.25045776    13823.95800781  10172.52636719  
0.49400    341652.78125000 173718.10937500 476342.40625000 415.99499512    13705.56542969  10094.08789062  
0.49500    339756.56250000 172667.64062500 473511.18750000 415.74664307    13586.45117188  10015.06738281  
0.49600    337849.03125000 171615.68750000 470673.28125000 415.52053833    13467.56835938  9936.38574219   
0.49700    335887.00000000 170534.70312500 467754.93750000 415.28857422    13347.49902344  9856.68945312   
0.49800    333913.25000000 169454.54687500 464821.62500000 415.06863403    13227.95214844  9777.43164062   
0.49900    331891.71875000 168346.82812500 461825.03125000 414.84170532    13107.49707031  9697.39062500   
0.50000    329864.28125000 167242.87500000 458822.93750000 414.62368774    12987.55078125  9617.84960938   
