# SAXS profile: number of points = 501, q_min = 0, q_max = 0.5, delta_q = 0.001
#    q    intensity 
0.00000    162232656.00000000 101201552.00000000 256269552.00000000 98348.99218750  7989000.00000000 6309716.00000000 
0.00100    162192544.00000000 101174312.00000000 256200352.00000000 98316.46093750  7986544.00000000 6307778.50000000 
0.00200    162067152.00000000 101092960.00000000 255994752.00000000 98217.97656250  7979289.50000000 6302091.00000000 
0.00300    161850832.00000000 100957944.00000000 255649712.00000000 98054.26562500  7967223.50000000 6292542.50000000 
0.00400    161543488.00000000 100768624.00000000 255170064.00000000 97826.21093750  7950266.00000000 6279219.00000000 
0.00500    161148320.00000000 100525464.00000000 254550240.00000000 97533.53906250  7928593.00000000 6262164.00000000 
0.00600    160670320.00000000 100229560.00000000 253800912.00000000 97178.07031250  7902156.00000000 6241370.00000000 
0.00700    160102576.00000000 99881936.00000000 252916816.00000000 96758.92968750  7871121.50000000 6216909.50000000 
0.00800    159455072.00000000 99484144.00000000 251898944.00000000 96279.07812500  7835477.50000000 6188855.50000000 
0.00900    158727312.00000000 99034392.00000000 250754464.00000000 95738.41406250  7795339.50000000 6157253.50000000 
0.01000    157920560.00000000 98534320.00000000 249480960.00000000 95139.21875000  7750751.00000000 6122197.00000000 
0.01100    157032240.00000000 97984488.00000000 248085952.00000000 94482.14062500  7701861.50000000 6083767.50000000 
0.01200    156065808.00000000 97388064.00000000 246567296.00000000 93768.38281250  7648827.00000000 6041995.00000000 
0.01300    155023360.00000000 96744112.00000000 244932096.00000000 93001.28906250  7591668.50000000 5996991.50000000 
0.01400    153912624.00000000 96056432.00000000 243181680.00000000 92181.50000000  7530552.00000000 5948853.00000000 
0.01500    152728352.00000000 95324208.00000000 241318096.00000000 91311.46875000  7465625.50000000 5897744.50000000 
0.01600    151474272.00000000 94549768.00000000 239348640.00000000 90392.71093750  7396979.50000000 5843730.00000000 
0.01700    150156080.00000000 93733800.00000000 237273792.00000000 89427.21093750  7324808.00000000 5786945.00000000 
0.01800    148775056.00000000 92879024.00000000 235099568.00000000 88418.06250000  7249280.50000000 5727497.50000000 
0.01900    147330112.00000000 91987168.00000000 232829936.00000000 87367.30468750  7170590.00000000 5665505.00000000 
0.02000    145829600.00000000 91059032.00000000 230469152.00000000 86277.39843750  7088788.50000000 5601106.00000000 
0.02100    144273488.00000000 90095536.00000000 228020096.00000000 85150.92187500  7004198.00000000 5534475.00000000 
0.02200    142666224.00000000 89100768.00000000 225490080.00000000 83989.65625000  6916816.50000000 5465686.00000000 
0.02300    141009120.00000000 88074432.00000000 222882288.00000000 82796.75781250  6826956.00000000 5394876.00000000 
0.02400    139305616.00000000 87019480.00000000 220200544.00000000 81574.11718750  6734777.50000000 5322268.00000000 
0.02500    137560944.00000000 85937936.00000000 217454544.00000000 80325.07031250  6640367.50000000 5247924.50000000 
0.02600    135773056.00000000 84831792.00000000 214643328.00000000 79052.58593750  6544085.00000000 5172003.50000000 
0.02700    133951648.00000000 83702944.00000000 211772928.00000000 77758.42968750  6445933.50000000 5094727.00000000 
0.02800    132095280.00000000 82553504.00000000 208852112.00000000 76444.75781250  6346207.00000000 5016133.00000000 
0.02900    130210136.00000000 81383944.00000000 205882736.00000000 75115.50781250  6245082.50000000 4936459.00000000 
0.03000    128296576.00000000 80197296.00000000 202869232.00000000 73772.16406250  6142723.50000000 4855781.50000000 
0.03100    126360392.00000000 78996424.00000000 199819840.00000000 72418.69531250  6039333.00000000 4774327.00000000 
0.03200    124403560.00000000 77783344.00000000 196737856.00000000 71055.47656250  5935100.00000000 4692155.00000000 
0.03300    122429240.00000000 76559360.00000000 193629248.00000000 69686.75781250  5830225.00000000 4609439.50000000 
0.03400    120440824.00000000 75325208.00000000 190494736.00000000 68314.56250000  5724749.00000000 4526316.50000000 
0.03500    118441408.00000000 74083680.00000000 187342704.00000000 66940.64062500  5619011.50000000 4442931.00000000 
0.03600    116433352.00000000 72836592.00000000 184179488.00000000 65567.79687500  5513077.00000000 4359399.50000000 
0.03700    114420728.00000000 71586504.00000000 181006368.00000000 64197.40234375  5407128.00000000 4275848.50000000 
0.03800    112406112.00000000 70333576.00000000 177828976.00000000 62832.45703125  5301396.00000000 4192433.25000000 
0.03900    110391736.00000000 69081912.00000000 174652560.00000000 61475.12109375  5195908.00000000 4109202.75000000 
0.04000    108380296.00000000 67831792.00000000 171481888.00000000 60126.42578125  5090924.50000000 4026357.50000000 
0.04100    106375880.00000000 66585176.00000000 168320576.00000000 58789.07031250  4986535.50000000 3943988.25000000 
0.04200    104379864.00000000 65343548.00000000 165170160.00000000 57464.26562500  4882921.50000000 3862199.75000000 
0.04300    102394464.00000000 64108332.00000000 162037904.00000000 56153.87890625  4780113.00000000 3781095.00000000 
0.04400    100423288.00000000 62880944.00000000 158927392.00000000 54859.41015625  4678378.00000000 3700778.75000000 
0.04500    98467608.00000000 61663656.00000000 155841568.00000000 53582.25781250  4577713.50000000 3621297.00000000 
0.04600    96530176.00000000 60456928.00000000 152783136.00000000 52323.86718750  4478261.50000000 3542801.25000000 
0.04700    94611976.00000000 59262268.00000000 149756352.00000000 51085.42968750  4380134.00000000 3465338.75000000 
0.04800    92716008.00000000 58081264.00000000 146763728.00000000 49867.89453125  4283416.50000000 3388947.00000000 
0.04900    90844344.00000000 56914256.00000000 143808352.00000000 48672.29296875  4188271.00000000 3313761.25000000 
0.05000    88998136.00000000 55763084.00000000 140892112.00000000 47499.50781250  4094584.50000000 3239804.50000000 
0.05100    87178896.00000000 54628480.00000000 138017648.00000000 46350.66796875  4002662.50000000 3167175.00000000 
0.05200    85388224.00000000 53511500.00000000 135190384.00000000 45225.89062500  3912378.50000000 3095867.50000000 
0.05300    83627112.00000000 52413092.00000000 132409168.00000000 44126.00390625  3823899.00000000 3025943.75000000 
0.05400    81897368.00000000 51333564.00000000 129675608.00000000 43051.55468750  3737227.25000000 2957450.75000000 
0.05500    80200504.00000000 50274304.00000000 126993504.00000000 42002.48828125  3652423.25000000 2890436.00000000 
0.05600    78535864.00000000 49235304.00000000 124363744.00000000 40979.72656250  3569510.00000000 2824935.25000000 
0.05700    76906136.00000000 48217552.00000000 121787296.00000000 39982.62109375  3488535.00000000 2760932.00000000 
0.05800    75310608.00000000 47220736.00000000 119265744.00000000 39012.48046875  3409504.25000000 2698465.75000000 
0.05900    73750376.00000000 46246312.00000000 116799016.00000000 38067.81640625  3332420.50000000 2637536.25000000 
0.06000    72225832.00000000 45294456.00000000 114389736.00000000 37149.47265625  3257313.25000000 2578187.50000000 
0.06100    70738048.00000000 44364612.00000000 112038216.00000000 36257.24609375  3184180.25000000 2520361.50000000 
0.06200    69287424.00000000 43458000.00000000 109743376.00000000 35390.09765625  3113020.00000000 2464095.00000000 
0.06300    67872568.00000000 42574156.00000000 107506928.00000000 34548.98828125  3043802.00000000 2409393.25000000 
0.06400    66494516.00000000 41712952.00000000 105329136.00000000 33732.54687500  2976535.50000000 2356205.75000000 
0.06500    65154404.00000000 40874984.00000000 103208480.00000000 32940.43750000  2911174.25000000 2304566.75000000 
0.06600    63849396.00000000 40060280.00000000 101147072.00000000 32172.85156250  2847740.50000000 2254403.50000000 
0.06700    62582228.00000000 39267840.00000000 99143280.00000000 31428.34179688  2786176.75000000 2205725.50000000 
0.06800    61350524.00000000 38498784.00000000 97196552.00000000 30707.03710938  2726417.50000000 2158510.25000000 
0.06900    60155204.00000000 37752184.00000000 95306552.00000000 30008.21679688  2668488.00000000 2112708.75000000 
0.07000    58994864.00000000 37027836.00000000 93472896.00000000 29331.13867188  2612349.25000000 2068360.00000000 
0.07100    57869692.00000000 36325452.00000000 91695232.00000000 28674.80859375  2557880.75000000 2025317.87500000 
0.07200    56778788.00000000 35644204.00000000 89971000.00000000 28038.90234375  2505114.50000000 1983622.75000000 
0.07300    55722036.00000000 34984472.00000000 88300984.00000000 27422.72460938  2453959.75000000 1943238.00000000 
0.07400    54697864.00000000 34345720.00000000 86683872.00000000 26825.17382812  2404415.50000000 1904089.87500000 
0.07500    53705960.00000000 33727352.00000000 85116984.00000000 26246.07226562  2356390.50000000 1866160.37500000 
0.07600    52745684.00000000 33129366.00000000 83600712.00000000 25684.20117188  2309836.75000000 1829401.25000000 
0.07700    51816320.00000000 32550456.00000000 82133640.00000000 25139.18945312  2264731.25000000 1793775.87500000 
0.07800    50916588.00000000 31990486.00000000 80713152.00000000 24609.77734375  2220961.25000000 1759240.37500000 
0.07900    50045720.00000000 31448696.00000000 79340176.00000000 24095.85156250  2178525.25000000 1725746.87500000 
0.08000    49202640.00000000 30925102.00000000 78011120.00000000 23596.42382812  2137371.50000000 1693257.87500000 
0.08100    48387260.00000000 30418544.00000000 76724536.00000000 23110.90625000  2097392.50000000 1661737.87500000 
0.08200    47597404.00000000 29928498.00000000 75480952.00000000 22638.32617188  2058581.75000000 1631120.87500000 
0.08300    46832800.00000000 29454786.00000000 74277056.00000000 22178.02539062  2020847.87500000 1601390.00000000 
0.08400    46092972.00000000 28996276.00000000 73111784.00000000 21729.72265625  1984187.50000000 1572478.37500000 
0.08500    45375900.00000000 28552628.00000000 71984648.00000000 21292.54492188  1948521.00000000 1544378.37500000 
0.08600    44681224.00000000 28123178.00000000 70891696.00000000 20865.82226562  1913801.87500000 1517012.12500000 
0.08700    44007736.00000000 27707242.00000000 69833648.00000000 20449.42773438  1879977.25000000 1490375.75000000 
0.08800    43354824.00000000 27304372.00000000 68806968.00000000 20042.14843750  1846998.87500000 1464389.75000000 
0.08900    42721220.00000000 26913822.00000000 67811480.00000000 19643.90234375  1814811.62500000 1439045.62500000 
0.09000    42105756.00000000 26535146.00000000 66846180.00000000 19254.22460938  1783386.25000000 1414314.87500000 
0.09100    41508084.00000000 26167676.00000000 65908540.00000000 18872.44921875  1752676.00000000 1390136.00000000 
0.09200    40926732.00000000 25810646.00000000 64997372.00000000 18498.27734375  1722640.75000000 1366498.12500000 
0.09300    40361432.00000000 25463648.00000000 64111308.00000000 18131.29492188  1693231.37500000 1343348.62500000 
0.09400    39810636.00000000 25126200.00000000 63248756.00000000 17770.95898438  1664418.62500000 1320676.37500000 
0.09500    39273700.00000000 24797730.00000000 62408308.00000000 17417.16406250  1636161.50000000 1298441.87500000 
0.09600    38750372.00000000 24477636.00000000 61589360.00000000 17069.73828125  1608443.00000000 1276635.87500000 
0.09700    38239132.00000000 24165290.00000000 60789920.00000000 16728.18554688  1581213.37500000 1255205.12500000 
0.09800    37739576.00000000 23860508.00000000 60009052.00000000 16392.23046875  1554455.62500000 1234150.87500000 
0.09900    37250772.00000000 23562478.00000000 59245436.00000000 16061.72753906  1528121.50000000 1213441.87500000 
0.10000    36772152.00000000 23270880.00000000 58498004.00000000 15736.46191406  1502207.12500000 1193053.62500000 
0.10100    36302980.00000000 22985324.00000000 57765540.00000000 15416.20800781  1476692.75000000 1172967.00000000 
0.10200    35843160.00000000 22705406.00000000 57047584.00000000 15100.87890625  1451546.75000000 1153182.87500000 
0.10300    35390860.00000000 22430476.00000000 56342156.00000000 14790.43554688  1426747.75000000 1133664.87500000 
0.10400    34946844.00000000 22160440.00000000 55649380.00000000 14484.49023438  1402286.37500000 1114393.00000000 
0.10500    34509956.00000000 21894902.00000000 54967704.00000000 14183.15332031  1378140.75000000 1095384.75000000 
0.10600    34079400.00000000 21633234.00000000 54296240.00000000 13886.27148438  1354304.62500000 1076597.50000000 
0.10700    33655268.00000000 21375724.00000000 53634636.00000000 13594.01757812  1330756.50000000 1058035.00000000 
0.10800    33236742.00000000 21121266.00000000 52982124.00000000 13306.00195312  1307490.75000000 1039702.43750000 
0.10900    32823532.00000000 20870414.00000000 52337568.00000000 13022.31640625  1284498.50000000 1021562.00000000 
0.11000    32415216.00000000 20622304.00000000 51700712.00000000 12743.02734375  1261757.75000000 1003626.18750000 
0.11100    32011638.00000000 20376880.00000000 51070532.00000000 12468.08789062  1239287.87500000 985890.56250000 
0.11200    31612326.00000000 20134126.00000000 50447280.00000000 12197.44042969  1217061.62500000 968348.12500000 
0.11300    31216720.00000000 19893292.00000000 49829956.00000000 11931.03027344  1195084.25000000 950969.75000000 
0.11400    30825038.00000000 19654934.00000000 49218556.00000000 11668.91699219  1173348.75000000 933802.25000000 
0.11500    30436888.00000000 19418322.00000000 48611964.00000000 11411.07519531  1151850.62500000 916806.68750000 
0.11600    30051668.00000000 19183500.00000000 48010368.00000000 11157.54101562  1130588.25000000 899988.56250000 
0.11700    29669824.00000000 18950390.00000000 47413000.00000000 10908.48828125  1109574.62500000 883347.81250000 
0.11800    29290640.00000000 18718774.00000000 46819720.00000000 10663.43945312  1088791.87500000 866887.56250000 
0.11900    28914098.00000000 18488502.00000000 46230384.00000000 10422.81152344  1068226.75000000 850601.37500000 
0.12000    28540142.00000000 18259282.00000000 45644828.00000000 10186.53906250  1047910.56250000 834495.43750000 
0.12100    28168934.00000000 18031786.00000000 45063368.00000000 9954.65234375   1027843.00000000 818569.00000000 
0.12200    27799750.00000000 17805150.00000000 44484536.00000000 9726.92968750   1007993.62500000 802819.37500000 
0.12300    27433296.00000000 17579626.00000000 43909336.00000000 9503.46582031   988395.25000000 787255.81250000 
0.12400    27068698.00000000 17355294.00000000 43336940.00000000 9284.37792969   969019.18750000 771868.87500000 
0.12500    26706420.00000000 17131802.00000000 42767936.00000000 9069.60839844   949897.81250000 756661.43750000 
0.12600    26346374.00000000 16909634.00000000 42201376.00000000 8858.99902344   931015.62500000 741649.81250000 
0.12700    25988384.00000000 16688232.00000000 41638564.00000000 8652.57714844   912371.93750000 726820.12500000 
0.12800    25632630.00000000 16467910.00000000 41077896.00000000 8450.31054688   893975.06250000 712176.81250000 
0.12900    25278890.00000000 16248571.00000000 40520664.00000000 8252.26074219   875825.62500000 697722.12500000 
0.13000    24927386.00000000 16030368.00000000 39966440.00000000 8058.29296875   857913.43750000 683453.75000000 
0.13100    24577804.00000000 15812931.00000000 39415088.00000000 7868.30371094   840265.25000000 669380.87500000 
0.13200    24230468.00000000 15596669.00000000 38866612.00000000 7682.38671875   822851.06250000 655496.00000000 
0.13300    23885324.00000000 15381420.00000000 38321596.00000000 7500.39794922   805693.12500000 641811.43750000 
0.13400    23542732.00000000 15167165.00000000 37779204.00000000 7322.22363281   788777.75000000 628315.31250000 
0.13500    23202222.00000000 14954160.00000000 37240576.00000000 7147.89208984   772124.56250000 615007.62500000 
0.13600    22863944.00000000 14742237.00000000 36704860.00000000 6977.27978516   755708.31250000 601901.81250000 
0.13700    22527828.00000000 14531514.00000000 36172676.00000000 6810.37304688   739550.93750000 588987.25000000 
0.13800    22194450.00000000 14322092.00000000 35643568.00000000 6646.98828125   723631.50000000 576275.93750000 
0.13900    21863262.00000000 14113797.00000000 35118260.00000000 6487.17285156   707972.50000000 563758.81250000 
0.14000    21534854.00000000 13906824.00000000 34596648.00000000 6330.74462891   692551.93750000 551435.62500000 
0.14100    21208930.00000000 13701247.00000000 34079396.00000000 6177.73339844   677384.81250000 539300.06250000 
0.14200    20885460.00000000 13497102.00000000 33565028.00000000 6027.98583984   662454.43750000 527361.81250000 
0.14300    20564934.00000000 13294353.00000000 33055196.00000000 5881.39550781   647776.00000000 515623.31250000 
0.14400    20246916.00000000 13093067.00000000 32549014.00000000 5737.99804688   633332.12500000 504068.87500000 
0.14500    19931602.00000000 12893384.00000000 32047112.00000000 5597.61523438   619137.68750000 492705.53125000 
0.14600    19619386.00000000 12695279.00000000 31549676.00000000 5460.24316406   605175.68750000 481532.50000000 
0.14700    19309858.00000000 12498758.00000000 31056528.00000000 5325.70166016   591450.37500000 470554.21875000 
0.14800    19003264.00000000 12303908.00000000 30567606.00000000 5194.05810547   577956.56250000 459755.43750000 
0.14900    18699782.00000000 12110685.00000000 30083318.00000000 5065.14990234   564700.12500000 449146.40625000 
0.15000    18399104.00000000 11919322.00000000 29603478.00000000 4938.82275391   551669.50000000 438719.56250000 
0.15100    18101818.00000000 11729708.00000000 29128482.00000000 4815.18457031   538864.31250000 428475.21875000 
0.15200    17807436.00000000 11541870.00000000 28658422.00000000 4694.18115234   526293.37500000 418415.46875000 
0.15300    17516278.00000000 11355975.00000000 28193000.00000000 4575.60644531   513937.21875000 408528.53125000 
0.15400    17228150.00000000 11171971.00000000 27732536.00000000 4459.50146484   501805.90625000 398818.12500000 
0.15500    16943328.00000000 10989826.00000000 27277096.00000000 4345.78320312   489885.12500000 389287.81250000 
0.15600    16661886.00000000 10809616.00000000 26826744.00000000 4234.42529297   478181.34375000 379928.43750000 
0.15700    16383718.00000000 10631605.00000000 26381554.00000000 4125.36621094   466695.50000000 370741.21875000 
0.15800    16108611.00000000 10455408.00000000 25941358.00000000 4018.55468750   455413.12500000 361721.03125000 
0.15900    15837027.00000000 10281293.00000000 25506610.00000000 3913.99023438   444341.34375000 352870.65625000 
0.16000    15568728.00000000 10109275.00000000 25076870.00000000 3811.62475586   433476.43750000 344184.75000000 
0.16100    15303965.00000000 9939371.00000000 24652780.00000000 3711.47485352   422813.40625000 335662.62500000 
0.16200    15042482.00000000 9771574.00000000 24233862.00000000 3613.43554688   412352.09375000 327301.53125000 
0.16300    14784387.00000000 9605867.00000000 23820418.00000000 3517.47436523   402088.90625000 319102.71875000 
0.16400    14529905.00000000 9442217.00000000 23412202.00000000 3423.64355469   392022.21875000 311061.96875000 
0.16500    14278664.00000000 9280800.00000000 23009698.00000000 3331.88012695   382149.21875000 303180.03125000 
0.16600    14030956.00000000 9121562.00000000 22612666.00000000 3242.19531250   372469.43750000 295450.90625000 
0.16700    13786737.00000000 8964450.00000000 22220648.00000000 3154.53100586   362977.06250000 287872.59375000 
0.16800    13545896.00000000 8809449.00000000 21834588.00000000 3068.87084961   353675.00000000 280446.84375000 
0.16900    13308538.00000000 8656739.00000000 21453978.00000000 2985.28491211   344558.68750000 273173.90625000 
0.17000    13074719.00000000 8506202.00000000 21078612.00000000 2903.66625977   335626.21875000 266041.84375000 
0.17100    12844191.00000000 8357755.00000000 20708934.00000000 2824.05151367   326874.46875000 259061.95312500 
0.17200    12617174.00000000 8211547.50000000 20344678.00000000 2746.43212891   318304.46875000 252225.62500000 
0.17300    12393654.00000000 8067484.50000000 19985762.00000000 2670.78833008   309913.46875000 245531.04687500 
0.17400    12173557.00000000 7925675.00000000 19632652.00000000 2597.11230469   301701.21875000 238979.18750000 
0.17500    11956779.00000000 7785913.00000000 19284704.00000000 2525.38134766   293660.81250000 232566.12500000 
0.17600    11743395.00000000 7648369.00000000 18942112.00000000 2455.59594727   285791.81250000 226291.17187500 
0.17700    11533461.00000000 7512956.00000000 18604982.00000000 2387.75561523   278096.96875000 220153.17187500 
0.17800    11326749.00000000 7379694.00000000 18272956.00000000 2321.80590820   270568.09375000 214149.78125000 
0.17900    11123480.00000000 7248542.00000000 17946624.00000000 2257.77221680   263206.21875000 208278.01562500 
0.18000    10923454.00000000 7119429.00000000 17625348.00000000 2195.62207031   256012.39062500 202538.60937500 
0.18100    10726841.00000000 6992516.50000000 17309392.00000000 2135.35058594   248980.54687500 196929.85937500 
0.18200    10533239.00000000 6867515.00000000 16998632.00000000 2076.89184570   242102.98437500 191444.81250000 
0.18300    10342964.00000000 6744666.00000000 16692921.00000000 2020.28784180   235388.95312500 186087.26562500 
0.18400    10155860.00000000 6623804.50000000 16392238.00000000 1965.46203613   228828.64062500 180853.28125000 
0.18500    9971885.00000000 6504987.50000000 16096654.00000000 1912.44287109   222423.53125000 175742.51562500 
0.18600    9791118.00000000 6388106.50000000 15806029.00000000 1861.14392090   216169.70312500 170748.56250000 
0.18700    9613434.00000000 6273186.00000000 15520089.00000000 1811.55664062   210063.98437500 165874.70312500 
0.18800    9438658.00000000 6160186.50000000 15239119.00000000 1763.68054199   204104.70312500 161115.20312500 
0.18900    9266961.00000000 6049102.00000000 14963124.00000000 1717.48059082   198291.35937500 156472.32812500 
0.19000    9098057.00000000 5939774.50000000 14691481.00000000 1672.84045410   192614.54687500 151935.81250000 
0.19100    8932232.00000000 5832515.50000000 14424752.00000000 1629.84130859   187081.46875000 147515.17187500 
0.19200    8769156.00000000 5726886.00000000 14162407.00000000 1588.34191895   181679.59375000 143196.73437500 
0.19300    8608967.00000000 5623117.50000000 13904643.00000000 1548.36938477   176415.20312500 138987.32812500 
0.19400    8451496.00000000 5521113.50000000 13651215.00000000 1509.87011719   171279.46875000 134877.54687500 
0.19500    8296744.00000000 5420881.00000000 13402125.00000000 1472.78674316   166268.59375000 130870.48437500 
0.19600    8144703.00000000 5322289.50000000 13157403.00000000 1437.08361816   161385.81250000 126959.64062500 
0.19700    7995335.00000000 5225373.00000000 12916771.00000000 1402.72021484   156624.10937500 123145.93750000 
0.19800    7848459.00000000 5130136.00000000 12680239.00000000 1369.63623047   151979.32812500 119426.47656250 
0.19900    7704206.50000000 5036462.00000000 12447907.00000000 1337.84008789   147451.85937500 115798.75781250 
0.20000    7562271.50000000 4944364.50000000 12219266.00000000 1307.20861816   143037.03125000 112260.16406250 
0.20100    7422933.50000000 4853848.00000000 11994661.00000000 1277.77441406   138733.82812500 108809.07812500 
0.20200    7285945.00000000 4764828.00000000 11773944.00000000 1249.44335938   134535.95312500 105439.54687500 
0.20300    7151389.50000000 4677354.50000000 11556829.00000000 1222.19262695   130444.09375000 102156.42968750 
0.20400    7018973.00000000 4591331.50000000 11343485.00000000 1195.98632812   126452.56250000 98952.67187500  
0.20500    6888937.50000000 4506715.00000000 11133712.00000000 1170.76232910   122560.75781250 95825.95312500  
0.20600    6761074.50000000 4423531.50000000 10927503.00000000 1146.49401855   118763.39062500 92774.99218750  
0.20700    6635395.50000000 4341694.50000000 10724623.00000000 1123.15161133   115062.10156250 89800.28906250  
0.20800    6511784.50000000 4261221.00000000 10525200.00000000 1100.67663574   111448.98437500 86895.78906250  
0.20900    6390356.50000000 4182155.75000000 10329271.00000000 1079.07946777   107929.47656250 84065.11718750  
0.21000    6270928.00000000 4104363.00000000 10136549.00000000 1058.25170898   104492.68750000 81298.67968750  
0.21100    6153541.50000000 4027838.50000000 9946982.00000000 1038.23132324   101140.18750000 78600.77343750  
0.21200    6038091.00000000 3952535.00000000 9760523.00000000 1018.94006348   97868.83593750  75966.71093750  
0.21300    5924583.00000000 3878500.25000000 9577220.00000000 1000.36444092   94676.35156250  73396.09375000  
0.21400    5812971.50000000 3805696.50000000 9396946.00000000 982.49444580    91562.14062500  70887.45312500  
0.21500    5703320.00000000 3734125.25000000 9219800.00000000 965.30621338    88526.75000000  68440.06250000  
0.21600    5595422.00000000 3663672.00000000 9045416.00000000 948.74176025    85560.21875000  66049.93750000  
0.21700    5489351.50000000 3594413.25000000 8873980.00000000 932.81176758    82668.04687500  63718.03125000  
0.21800    5385066.50000000 3526295.75000000 8705442.00000000 917.48870850    79845.53906250  61441.45312500  
0.21900    5282549.50000000 3459260.25000000 8539556.00000000 902.74890137    77091.64062500  59219.44531250  
0.22000    5181712.50000000 3393361.50000000 8376571.00000000 888.57995605    74405.73437500  57051.57421875  
0.22100    5082629.50000000 3328592.00000000 8216385.50000000 874.98693848    71786.90625000  54937.92968750  
0.22200    4985259.50000000 3264897.75000000 8058836.50000000 861.94561768    69233.12500000  52875.21484375  
0.22300    4889507.00000000 3202270.50000000 7903950.00000000 849.43133545    66742.68750000  50863.78515625  
0.22400    4795384.50000000 3140631.75000000 7751620.00000000 837.43975830    64314.67187500  48901.87109375  
0.22500    4702947.50000000 3080136.25000000 7602058.50000000 826.00939941    61951.20312500  46991.86328125  
0.22600    4612066.00000000 3020607.00000000 7454984.00000000 815.04931641    59646.29687500  45129.03515625  
0.22700    4522842.50000000 2962132.00000000 7310571.00000000 804.62945557    57404.33203125  43316.26562500  
0.22800    4435154.50000000 2904693.75000000 7168587.00000000 794.70983887    55220.90234375  41549.73828125  
0.22900    4349022.50000000 2848231.00000000 7029113.50000000 785.28649902    53095.87500000  39831.00390625  
0.23000    4264524.00000000 2792780.50000000 6892145.00000000 776.36376953    51031.51171875  38159.63671875  
0.23100    4181487.75000000 2738316.50000000 6757680.50000000 767.94879150    49025.13281250  36535.06640625  
0.23200    4099989.00000000 2684809.25000000 6625545.00000000 760.01470947    47075.44921875  34955.75390625  
0.23300    4019987.50000000 2632299.25000000 6495959.50000000 752.56536865    45183.16796875  33422.60937500  
0.23400    3941491.75000000 2580756.25000000 6368702.00000000 745.61248779    43349.02343750  31935.48437500  
0.23500    3864453.50000000 2530124.25000000 6243826.50000000 739.12445068    41568.62109375  30491.03320312  
0.23600    3788959.75000000 2480466.25000000 6121386.00000000 733.13470459    39846.04296875  29093.86914062  
0.23700    3714894.00000000 2431749.25000000 6001230.00000000 727.61486816    38178.94140625  27740.08007812  
0.23800    3642284.75000000 2383999.00000000 5883417.00000000 722.56298828    36567.42187500  26431.07421875  
0.23900    3571100.00000000 2337112.25000000 5767874.50000000 717.96826172    35009.62890625  25164.70312500  
0.24000    3501386.50000000 2291173.00000000 5654647.50000000 713.82708740    33506.08203125  23942.12109375  
0.24100    3433070.00000000 2246146.00000000 5543738.50000000 710.15521240    32058.00781250  22763.78320312  
0.24200    3366174.75000000 2202029.25000000 5435069.50000000 706.92242432    30662.65039062  21627.45703125  
0.24300    3300656.25000000 2158793.00000000 5328564.50000000 704.11566162    29319.42968750  20533.20898438  
0.24400    3236472.00000000 2116431.25000000 5224279.00000000 701.72827148    28027.94140625  19480.15429688  
0.24500    3173676.25000000 2074943.25000000 5122197.50000000 699.75494385    26788.34960938  18468.22851562  
0.24600    3112238.75000000 2034304.62500000 5022222.00000000 698.18505859    25599.46093750  17497.36523438  
0.24700    3052118.50000000 1994532.75000000 4924462.50000000 696.99499512    24460.87304688  16566.88476562  
0.24800    2993329.50000000 1955603.12500000 4828707.50000000 696.18176270    23371.12695312  15675.25781250  
0.24900    2935763.00000000 1917474.12500000 4734992.00000000 695.70666504    22329.19531250  14821.78808594  
0.25000    2879495.00000000 1880174.75000000 4643363.50000000 695.58758545    21334.65625000  14006.98730469  
0.25100    2824487.50000000 1843661.00000000 4553663.50000000 695.76605225    20385.85546875  13228.43554688  
0.25200    2770726.50000000 1807972.87500000 4466107.50000000 696.28002930    19484.08007812  12487.65527344  
0.25300    2718168.50000000 1773026.37500000 4380343.00000000 697.06512451    18625.36132812  11781.53710938  
0.25400    2666756.75000000 1738846.62500000 4296474.00000000 698.10528564    17809.46484375  11110.05175781  
0.25500    2616517.25000000 1705398.87500000 4214476.50000000 699.39886475    17034.79687500  10471.70996094  
0.25600    2567426.25000000 1672699.87500000 4134289.75000000 700.91589355    16300.69531250  9866.41210938   
0.25700    2519408.00000000 1640700.62500000 4055894.00000000 702.63305664    15605.56542969  9292.45410156   
0.25800    2472513.50000000 1609391.62500000 3979187.00000000 704.52905273    14947.95800781  8749.03417969   
0.25900    2426627.75000000 1578763.37500000 3904247.00000000 706.59643555    14326.79199219  8234.87695312   
0.26000    2381784.25000000 1548804.75000000 3830893.00000000 708.79986572    13740.80468750  7749.16064453   
0.26100    2337893.25000000 1519485.87500000 3759135.75000000 711.11712646    13186.25488281  7289.69482422   
0.26200    2295062.00000000 1490789.25000000 3688983.75000000 713.55084229    12665.75097656  6857.63916016   
0.26300    2253072.50000000 1462692.50000000 3620243.25000000 716.03198242    12173.62402344  6448.88916016   
0.26400    2212039.75000000 1435185.37500000 3553037.50000000 718.58679199    11711.02734375  6064.42138672   
0.26500    2171875.00000000 1408273.62500000 3487239.75000000 721.18206787    11276.00097656  5702.10644531   
0.26600    2132526.00000000 1381891.00000000 3422778.50000000 723.79748535    10865.66406250  5361.02978516   
0.26700    2094049.00000000 1356036.25000000 3359696.75000000 726.42864990    10480.78027344  5040.47412109   
0.26800    2056344.12500000 1330734.75000000 3297899.00000000 729.04907227    10118.70214844  4738.80810547   
0.26900    2019370.37500000 1305904.62500000 3237269.00000000 731.62554932    9776.88964844   4454.25732422   
0.27000    1983158.12500000 1281564.00000000 3177861.25000000 734.17346191    9455.53417969   4186.99121094   
0.27100    1947615.62500000 1257681.50000000 3119600.00000000 736.65423584    9152.56835938   3934.71044922   
0.27200    1912800.75000000 1234263.37500000 3062457.50000000 739.10351562    8868.59179688   3698.53564453   
0.27300    1878593.50000000 1211263.25000000 3006311.75000000 741.46026611    8598.58398438   3474.17773438   
0.27400    1844933.25000000 1188640.12500000 2951107.50000000 743.70184326    8341.61132812   3261.07519531   
0.27500    1811979.75000000 1166484.62500000 2897023.25000000 745.89404297    8101.65478516   3062.17382812   
0.27600    1779499.37500000 1144630.87500000 2843723.25000000 747.95513916    7870.98486328   2871.51171875   
0.27700    1747611.75000000 1123193.50000000 2791428.00000000 749.94531250    7654.09326172   2692.26660156   
0.27800    1716231.25000000 1102087.37500000 2739935.50000000 751.82061768    7446.00292969   2521.53735352   
0.27900    1685353.62500000 1081334.50000000 2689294.25000000 753.58001709    7248.73437500   2359.41650391   
0.28000    1654926.12500000 1060899.25000000 2639401.25000000 755.24176025    7059.06347656   2204.31030273   
0.28100    1624963.37500000 1040781.75000000 2590302.50000000 756.79241943    6877.59570312   2056.38769531   
0.28200    1595470.12500000 1020971.12500000 2541908.50000000 758.25024414    6704.26806641   1915.37182617   
0.28300    1566385.25000000 1001454.25000000 2494236.25000000 759.60290527    6537.35693359   1780.14599609   
0.28400    1537673.25000000 982201.12500000 2447188.25000000 760.84545898    6375.62744141   1649.91259766   
0.28500    1509385.25000000 963233.06250000 2400853.00000000 762.02465820    6220.86425781   1525.70483398   
0.28600    1481448.87500000 944521.37500000 2355126.25000000 763.09130859    6070.80468750   1405.19665527   
0.28700    1453899.75000000 926071.25000000 2310023.75000000 764.09851074    5926.00292969   1289.75476074   
0.28800    1426680.87500000 907858.00000000 2265450.00000000 765.03466797    5786.01660156   1178.43750000   
0.28900    1399831.50000000 889917.00000000 2221574.00000000 765.91143799    5651.59228516   1071.99670410   
0.29000    1373295.12500000 872184.87500000 2178157.50000000 766.72436523    5520.88769531   968.74682617    
0.29100    1347122.12500000 854714.50000000 2135384.00000000 767.51165771    5396.08984375   870.47570801    
0.29200    1321269.50000000 837454.81250000 2093104.37500000 768.26666260    5275.12451172   775.53424072    
0.29300    1295734.25000000 820441.75000000 2051411.62500000 769.00122070    5160.23535156   685.55725098    
0.29400    1270502.37500000 803634.18750000 2010217.12500000 769.71301270    5048.70703125   598.34332275    
0.29500    1245633.00000000 787070.62500000 1969593.25000000 770.43750000    4944.14257812   516.73803711    
0.29600    1221042.12500000 770708.81250000 1929477.25000000 771.16705322    4844.15820312   438.76834106    
0.29700    1196769.37500000 754574.37500000 1889884.87500000 771.90972900    4749.39062500   365.26351929    
0.29800    1172830.75000000 738677.50000000 1850860.12500000 772.68786621    4661.69726562   297.13366699    
0.29900    1149246.50000000 723001.00000000 1812385.00000000 773.50518799    4580.47607422   234.32453918    
0.30000    1125935.75000000 707544.31250000 1774407.12500000 774.35546875    4504.93945312   176.00833130    
0.30100    1102988.50000000 692322.06250000 1737018.12500000 775.27673340    4437.99755859   123.86304474    
0.30200    1080351.25000000 677313.62500000 1700130.12500000 776.25109863    4377.20312500   76.91570282     
0.30300    1058068.62500000 662553.18750000 1663852.75000000 777.29467773    4325.02294922   36.57742691     
0.30400    1036144.06250000 648035.18750000 1628144.87500000 778.42041016    4281.43212891   2.66280174      
0.30500    1014533.56250000 633727.18750000 1592976.62500000 779.61102295    4245.12109375   -25.30037689    
0.30600    993286.62500000 619659.68750000 1558381.87500000 780.88702393    4218.10156250   -46.46266556    
0.30700    972436.75000000 605862.50000000 1524426.37500000 782.25860596    4201.45556641   -59.55546188    
0.30800    951907.81250000 592286.68750000 1491030.87500000 783.70330811    4193.09082031   -65.98527527    
0.30900    931783.62500000 578982.56250000 1458290.62500000 785.24438477    4195.33691406   -64.27692413    
0.31000    912057.50000000 565932.50000000 1426167.00000000 786.87689209    4207.26855469   -55.13069916    
0.31100    892673.18750000 553116.93750000 1394617.00000000 788.58544922    4229.56005859   -38.26954269    
0.31200    873706.62500000 540578.43750000 1363758.50000000 790.38836670    4262.22070312   -12.93387413    
0.31300    855132.68750000 528289.37500000 1333538.12500000 792.26800537    4305.53710938   20.63502121     
0.31400    836986.06250000 516289.25000000 1304011.50000000 794.23834229    4360.72998047   62.86238480     
0.31500    819215.25000000 504536.50000000 1275081.87500000 796.26715088    4425.27539062   113.12944794    
0.31600    801879.50000000 493059.96875000 1246842.25000000 798.37164307    4501.43310547   172.14709473    
0.31700    784954.37500000 481862.62500000 1219289.62500000 800.54217529    4588.61914062   239.74868774    
0.31800    768440.25000000 470927.84375000 1192390.50000000 802.75738525    4685.73925781   315.05804443    
0.31900    752377.18750000 460287.71875000 1166211.25000000 805.03265381    4794.93115234   400.01742554    
0.32000    736726.68750000 449915.15625000 1140720.87500000 807.33746338    4914.05078125   492.93475342    
0.32100    721493.62500000 439812.96875000 1115875.37500000 809.67199707    5043.30664062   593.74383545    
0.32200    706713.93750000 430007.09375000 1091784.87500000 812.03497314    5183.57373047   703.42114258    
0.32300    692320.56250000 420456.53125000 1068310.37500000 814.39654541    5332.57275391   820.02105713    
0.32400    678371.12500000 411188.75000000 1045545.37500000 816.74792480    5491.81738281   944.72412109    
0.32500    664851.56250000 402198.34375000 1023465.68750000 819.10845947    5659.80224609   1076.70153809   
0.32600    651747.06250000 393488.40625000 1002084.68750000 821.44195557    5837.28857422   1216.24353027   
0.32700    639070.12500000 385045.28125000 981371.31250000 823.74035645    6023.35449219   1362.77917480   
0.32800    626842.31250000 376887.46875000 961358.56250000 826.00830078    6217.77587891   1516.40649414   
0.32900    614986.18750000 368981.71875000 941979.93750000 828.21533203    6419.29101562   1675.74291992   
0.33000    603560.00000000 361357.81250000 923292.50000000 830.36608887    6628.47851562   1841.55395508   
0.33100    592493.75000000 353962.71875000 905180.18750000 832.42895508    6843.16699219   2011.97607422   
0.33200    581888.87500000 346869.37500000 887807.56250000 834.42169189    7066.16308594   2189.35961914   
0.33300    571643.18750000 340009.90625000 871015.75000000 836.32122803    7293.42675781   2370.85034180   
0.33400    561797.06250000 333405.50000000 854869.12500000 838.12280273    7526.63867188   2557.09350586   
0.33500    552310.75000000 327034.25000000 839306.00000000 839.80468750    7763.80468750   2747.11694336   
0.33600    543198.12500000 320912.06250000 824341.93750000 841.37133789    8005.24218750   2941.07543945   
0.33700    534430.06250000 315021.93750000 809936.37500000 842.81311035    8250.18750000   3138.12866211   
0.33800    526036.81250000 309364.00000000 796151.68750000 844.13549805    8498.91308594   3338.78881836   
0.33900    517957.03125000 303915.21875000 782853.68750000 845.30316162    8749.11425781   3541.18261719   
0.34000    510219.62500000 298695.78125000 770121.12500000 846.33715820    9001.51855469   3745.90795898   
0.34100    502802.81250000 293683.25000000 757919.62500000 847.21966553    9255.65527344   3952.37402344   
0.34200    495726.43750000 288894.87500000 746269.43750000 847.96209717    9511.87890625   4161.29101562   
0.34300    488915.56250000 284279.00000000 735034.50000000 848.53247070    9767.19726562   4369.95703125   
0.34400    482435.65625000 279880.46875000 724349.06250000 848.96783447    10024.12402344  4580.52636719   
0.34500    476207.90625000 275656.43750000 714073.56250000 849.22235107    10279.87109375  4790.70068359   
0.34600    470282.68750000 271631.31250000 704297.81250000 849.34454346    10536.37011719  5001.86425781   
0.34700    464582.00000000 267747.62500000 694867.87500000 849.28564453    10790.03125000  5211.62500000   
0.34800    459158.03125000 264048.75000000 685895.81250000 849.07934570    11043.10644531  5421.36181641   
0.34900    453968.12500000 260509.73437500 677327.00000000 848.71173096    11294.63769531  5630.52294922   
0.35000    449014.12500000 257124.09375000 669125.87500000 848.18115234    11543.80273438  5838.25244141   
0.35100    444301.53125000 253902.31250000 661322.62500000 847.51068115    11791.85546875  6045.66015625   
0.35200    439763.09375000 250793.43750000 653803.25000000 846.67596436    12035.85156250  6250.53466797   
0.35300    435439.37500000 247831.96875000 646642.06250000 845.69683838    12277.50781250  6453.76367188   
0.35400    431330.15625000 245011.00000000 639825.62500000 844.58453369    12516.93261719  6655.75585938   
0.35500    427403.62500000 242308.84375000 633316.12500000 843.32965088    12752.94824219  6855.57177734   
0.35600    423636.81250000 239716.42187500 627060.87500000 841.93725586    12985.42675781  7052.87695312   
0.35700    420050.34375000 237243.06250000 621098.75000000 840.40924072    13214.71679688  7248.17919922   
0.35800    416641.37500000 234889.71875000 615435.43750000 838.77557373    13440.97558594  7441.36083984   
0.35900    413379.40625000 232633.64062500 610003.56250000 837.02044678    13663.63964844  7632.09277344   
0.36000    410282.50000000 230487.04687500 604852.81250000 835.16052246    13883.39843750  7820.85449219   
0.36100    407306.15625000 228417.51562500 599890.25000000 833.17370605    14098.66796875  8006.37207031   
0.36200    404516.43750000 226470.90625000 595234.87500000 831.11718750    14312.20703125  8190.69189453   
0.36300    401804.15625000 224579.53125000 590712.81250000 828.94940186    14520.59277344  8370.96582031   
0.36400    399226.31250000 222775.09375000 586399.12500000 826.69061279    14725.25781250  8549.03808594   
0.36500    396773.06250000 221049.53125000 582292.12500000 824.35931396    14926.84960938  8724.33105469   
0.36600    394457.25000000 219414.59375000 578402.81250000 821.96527100    15126.00292969  8897.93554688   
0.36700    392223.93750000 217837.03125000 574648.81250000 819.49121094    15320.57031250  9068.16894531   
0.36800    390147.87500000 216356.65625000 571147.93750000 816.96954346    15513.81347656  9237.15917969   
0.36900    388163.96875000 214935.60937500 567801.25000000 814.38702393    15703.28320312  9403.36523438   
0.37000    386248.96875000 213556.84375000 564546.25000000 811.74359131    15888.09277344  9566.17480469   
0.37100    384438.00000000 212246.73437500 561477.62500000 809.05554199    16070.51660156  9726.69335938   
0.37200    382755.71875000 211016.07812500 558601.18750000 806.33990479    16251.13867188  9885.97265625   
0.37300    381146.25000000 209829.06250000 555835.68750000 803.57562256    16427.84960938  10042.15136719  
0.37400    379641.65625000 208707.90625000 553246.62500000 800.79577637    16603.06054688  10196.77343750  
0.37500    378230.18750000 207640.29687500 550801.25000000 797.99102783    16775.00781250  10349.08691406  
0.37600    376913.09375000 206634.75000000 548496.31250000 795.15783691    16944.27343750  10499.22363281  
0.37700    375656.75000000 205663.84375000 546295.81250000 792.30072021    17110.69726562  10646.73339844  
0.37800    374510.84375000 204753.14062500 544244.31250000 789.42810059    17275.21875000  10792.54199219  
0.37900    373461.25000000 203908.10937500 542361.00000000 786.55291748    17437.90039062  10937.00585938  
0.38000    372469.03125000 203094.46875000 540569.06250000 783.65454102    17597.50976562  11078.68847656  
0.38100    371552.62500000 202319.76562500 538878.56250000 780.74090576    17754.36132812  11217.91308594  
0.38200    370734.03125000 201608.71875000 537345.87500000 777.83312988    17909.57812500  11356.12792969  
0.38300    369976.56250000 200926.89062500 535897.43750000 774.90106201    18061.69140625  11491.21289062  
0.38400    369323.59375000 200309.14062500 534617.93750000 771.97454834    18212.70507812  11625.30957031  
0.38500    368709.40625000 199717.20312500 533395.31250000 769.03070068    18359.93750000  11756.53417969  
0.38600    368214.40625000 199187.53125000 532346.56250000 766.09442139    18506.30859375  11886.64160156  
0.38700    367751.03125000 198674.64062500 531348.87500000 763.14190674    18648.90820312  12013.55761719  
0.38800    367372.00000000 198211.64062500 530474.62500000 760.18530273    18789.29101562  12138.66406250  
0.38900    367061.93750000 197783.01562500 529699.00000000 757.21704102    18926.97460938  12261.51757812  
0.39000    366846.71875000 197415.68750000 529076.06250000 754.25567627    19063.37500000  12382.62011719  
0.39100    366671.53125000 197064.45312500 528507.56250000 751.27172852    19195.94335938  12501.20410156  
0.39200    366576.84375000 196759.65625000 528059.50000000 748.28247070    19326.30664062  12617.29882812  
0.39300    366529.78125000 196482.20312500 527686.75000000 745.27868652    19453.18554688  12730.81054688  
0.39400    366581.34375000 196264.45312500 527452.00000000 742.27056885    19578.10937500  12842.56054688  
0.39500    366650.56250000 196050.31250000 527250.75000000 739.23681641    19698.71875000  12950.70507812  
0.39600    366786.71875000 195876.32812500 527145.25000000 736.18328857    19816.32421875  13056.39843750  
0.39700    366973.75000000 195728.40625000 527115.31250000 733.11376953    19930.58203125  13159.21679688  
0.39800    367227.78125000 195622.03125000 527189.31250000 730.02691650    20041.95117188  13259.62500000  
0.39900    367519.03125000 195535.40625000 527316.56250000 726.90930176    20148.93945312  13356.56250000  
0.40000    367854.71875000 195476.25000000 527512.75000000 723.77032471    20252.48437500  13450.49609375  
0.40100    368228.37500000 195437.59375000 527767.56250000 720.60906982    20351.62500000  13541.11523438  
0.40200    368663.87500000 195433.96875000 528115.81250000 717.41076660    20447.17382812  13628.87597656  
0.40300    369111.68750000 195439.06250000 528482.12500000 714.17602539    20537.76367188  13712.50488281  
0.40400    369606.37500000 195473.01562500 528914.81250000 710.91320801    20624.86132812  13793.28027344  
0.40500    370135.03125000 195522.12500000 529400.31250000 707.61437988    20707.03320312  13870.09472656  
0.40600    370703.56250000 195601.09375000 529945.25000000 704.28698730    20785.26367188  13944.01074219  
0.40700    371276.31250000 195686.42187500 530516.43750000 700.91418457    20858.16015625  14013.56835938  
0.40800    371874.40625000 195783.81250000 531107.25000000 697.49938965    20925.96093750  14079.29394531  
0.40900    372489.09375000 195889.29687500 531724.75000000 694.03222656    20988.83007812  14141.05761719  
0.41000    373136.40625000 196020.53125000 532396.50000000 690.54516602    21047.29687500  14199.42187500  
0.41100    373777.84375000 196151.79687500 533069.81250000 686.99841309    21100.04882812  14253.14257812  
0.41200    374416.56250000 196282.98437500 533738.75000000 683.40185547    21146.85937500  14302.52539062  
0.41300    375082.25000000 196434.04687500 534448.18750000 679.76715088    21189.40625000  14348.62402344  
0.41400    375728.68750000 196575.62500000 535133.87500000 676.07562256    21225.59179688  14389.69042969  
0.41500    376393.84375000 196735.29687500 535853.68750000 672.34741211    21257.02539062  14427.10839844  
0.41600    377020.12500000 196872.07812500 536513.31250000 668.54913330    21281.94531250  14459.42675781  
0.41700    377669.71875000 197026.32812500 537213.12500000 664.72503662    21302.18359375  14488.47851562  
0.41800    378324.75000000 197191.84375000 537928.68750000 660.84674072    21317.32812500  14513.49218750  
0.41900    378901.00000000 197313.28125000 538527.25000000 656.89910889    21324.42968750  14532.59863281  
0.42000    379504.37500000 197456.25000000 539170.75000000 652.91644287    21327.48632812  14548.66796875  
0.42100    380093.46875000 197600.95312500 539801.87500000 648.88647461    21325.41601562  14560.44921875  
0.42200    380651.46875000 197730.45312500 540392.68750000 644.81048584    21317.05273438  14568.14550781  
0.42300    381167.00000000 197838.43750000 540925.68750000 640.67297363    21302.39257812  14570.86816406  
0.42400    381661.84375000 197944.10937500 541429.18750000 636.49517822    21282.76757812  14569.53515625  
0.42500    382130.12500000 198039.71875000 541903.56250000 632.26580811    21257.58203125  14564.41796875  
0.42600    382551.75000000 198111.00000000 542306.93750000 627.97827148    21226.23632812  14554.65917969  
0.42700    382966.25000000 198186.37500000 542707.62500000 623.66827393    21190.44921875  14541.76757812  
0.42800    383319.87500000 198232.60937500 543034.25000000 619.29699707    21148.48437500  14524.14453125  
0.42900    383666.59375000 198285.45312500 543350.75000000 614.90838623    21102.19921875  14503.46777344  
0.43000    383958.00000000 198309.45312500 543589.18750000 610.46112061    21050.20117188  14478.50097656  
0.43100    384181.93750000 198301.31250000 543730.25000000 605.96948242    20992.26562500  14449.01562500  
0.43200    384400.15625000 198297.48437500 543884.31250000 601.45562744    20930.56250000  14417.26171875  
0.43300    384559.12500000 198265.21875000 543940.75000000 596.89624023    20863.25000000  14381.08203125  
0.43400    384681.12500000 198220.92187500 543955.31250000 592.30261230    20791.25000000  14341.69628906  
0.43500    384744.68750000 198148.18750000 543893.50000000 587.68035889    20714.50976562  14298.73730469  
0.43600    384805.59375000 198080.89062500 543822.37500000 583.04071045    20634.47460938  14253.64453125  
0.43700    384781.28125000 197970.90625000 543641.31250000 578.36120605    20548.88867188  14204.40527344  
0.43800    384706.37500000 197838.70312500 543385.68750000 573.65521240    20458.82812500  14152.11425781  
0.43900    384610.68750000 197699.21875000 543105.50000000 568.93884277    20365.45898438  14097.25781250  
0.44000    384460.71875000 197541.06250000 542766.37500000 564.19921875    20267.96875000  14039.75976562  
0.44100    384270.90625000 197360.17187500 542361.50000000 559.44616699    20166.69140625  13979.45507812  
0.44200    384034.78125000 197165.93750000 541899.93750000 554.67730713    20061.97070312  13916.73437500  
0.44300    383763.00000000 196951.40625000 541385.25000000 549.90246582    19953.78710938  13851.83984375  
0.44400    383450.21875000 196722.53125000 540815.31250000 545.12298584    19842.57421875  13784.64257812  
0.44500    383053.09375000 196451.14062500 540135.56250000 540.32501221    19726.89648438  13714.34375000  
0.44600    382638.37500000 196172.39062500 539422.12500000 535.52886963    19609.12109375  13642.34960938  
0.44700    382205.34375000 195890.32812500 538696.50000000 530.74688721    19488.95507812  13569.18359375  
0.44800    381698.00000000 195577.26562500 537866.81250000 525.96051025    19365.38867188  13493.43457031  
0.44900    381183.18750000 195256.95312500 537029.00000000 521.19433594    19240.11718750  13416.57714844  
0.45000    380632.00000000 194927.50000000 536145.37500000 516.43927002    19112.67382812  13338.37695312  
0.45100    380009.75000000 194558.65625000 535160.43750000 511.68453979    18981.87500000  13257.70703125  
0.45200    379378.43750000 194191.48437500 534170.31250000 506.95767212    18849.89648438  13176.18652344  
0.45300    378698.43750000 193797.96875000 533108.37500000 502.25250244    18715.67578125  13093.30273438  
0.45400    377999.96875000 193400.78125000 532022.37500000 497.56701660    18579.79882812  13009.35937500  
0.45500    377271.25000000 192988.04687500 530893.68750000 492.91799927    18442.69921875  12924.57714844  
0.45600    376496.59375000 192556.43750000 529711.56250000 488.28533936    18303.60742188  12838.37597656  
0.45700    375710.25000000 192119.85937500 528517.37500000 483.69735718    18163.52929688  12751.67480469  
0.45800    374879.00000000 191661.73437500 527250.00000000 479.14660645    18022.04296875  12663.88964844  
0.45900    374026.46875000 191191.76562500 525954.56250000 474.62426758    17879.16210938  12575.32031250  
0.46000    373174.59375000 190730.26562500 524669.31250000 470.16284180    17736.59960938  12486.99609375  
0.46100    372256.18750000 190228.51562500 523282.71875000 465.72866821    17591.60546875  12396.78417969  
0.46200    371353.53125000 189743.12500000 521929.81250000 461.35354614    17447.30664062  12307.24902344  
0.46300    370415.75000000 189234.34375000 520519.56250000 457.02139282    17301.56250000  12216.73144531  
0.46400    369446.84375000 188711.35937500 519068.93750000 452.74392700    17155.42773438  12125.75585938  
0.46500    368477.43750000 188194.00000000 517626.59375000 448.52673340    17009.31445312  12034.85644531  
0.46600    367480.21875000 187657.96875000 516134.46875000 444.35745239    16862.54101562  11943.69824219  
0.46700    366450.90625000 187107.71875000 514603.28125000 440.25122070    16715.24023438  11851.85058594  
0.46800    365449.40625000 186573.37500000 513113.50000000 436.21206665    16568.86132812  11760.70605469  
0.46900    364395.28125000 186006.39062500 511544.50000000 432.22879028    16421.49414062  11668.73925781  
0.47000    363336.68750000 185438.92187500 509966.21875000 428.31317139    16274.14062500  11576.94433594  
0.47100    362271.81250000 184872.82812500 508382.90625000 424.46707153    16127.46191406  11485.29785156  
0.47200    361191.56250000 184296.56250000 506777.96875000 420.68298340    15980.66503906  11393.55761719  
0.47300    360112.62500000 183723.01562500 505182.93750000 416.97488403    15834.63183594  11302.33496094  
0.47400    358995.46875000 183120.98437500 503515.81250000 413.32736206    15687.77343750  11210.23144531  
0.47500    357887.21875000 182530.56250000 501872.71875000 409.76144409    15542.20019531  11119.09082031  
0.47600    356790.93750000 181943.32812500 500240.75000000 406.26742554    15397.54589844  11028.50781250  
0.47700    355633.37500000 181322.45312500 498524.65625000 402.83209229    15251.60644531  10936.77929688  
0.47800    354498.56250000 180710.62500000 496839.40625000 399.48229980    15107.35351562  10846.02441406  
0.47900    353369.56250000 180106.32812500 495159.62500000 396.21304321    14964.00000000  10755.98925781  
0.48000    352202.28125000 179476.21875000 493418.84375000 393.00524902    14820.36914062  10665.32226562  
0.48100    351076.15625000 178871.53125000 491744.65625000 389.89334106    14678.73535156  10576.03027344  
0.48200    349875.15625000 178220.57812500 489955.96875000 386.82723999    14535.76855469  10485.55957031  
0.48300    348689.93750000 177577.39062500 488189.93750000 383.84902954    14394.21972656  10395.87988281  
0.48400    347517.25000000 176939.29687500 486433.28125000 380.94601440    14253.87890625  10306.88769531  
0.48500    346324.53125000 176290.18750000 484651.12500000 378.11837769    14114.00878906  10218.23925781  
0.48600    345139.03125000 175646.53125000 482880.21875000 375.37310791    13975.56250000  10130.17871094  
0.48700    343935.31250000 174989.57812500 481079.09375000 372.69589233    13837.40527344  10042.21386719  
0.48800    342702.03125000 174314.12500000 479234.43750000 370.08541870    13699.44726562  9954.10937500   
0.48900    341480.06250000 173643.50000000 477404.75000000 367.55477905    13562.77050781  9866.70117188   
0.49000    340255.84375000 172972.07812500 475567.75000000 365.09970093    13427.51953125  9780.13281250   
0.49100    339037.12500000 172302.75000000 473742.75000000 362.72457886    13293.33007812  9694.21484375   
0.49200    337783.53125000 171613.87500000 471862.87500000 360.40664673    13159.37597656  9608.10937500   
0.49300    336532.53125000 170923.92187500 469982.06250000 358.17083740    13026.65136719  9522.83593750   
0.49400    335276.21875000 170229.82812500 468096.00000000 356.00704956    12895.17382812  9438.10839844   
0.49500    334004.56250000 169525.53125000 466181.68750000 353.91012573    12764.41601562  9353.73828125   
0.49600    332744.78125000 168829.06250000 464283.90625000 351.89212036    12635.34277344  9270.59277344   
0.49700    331453.62500000 168112.84375000 462337.25000000 349.93566895    12506.54003906  9187.28417969   
0.49800    330168.25000000 167401.31250000 460406.84375000 348.05383301    12379.58398438  9105.24804688   
0.49900    328858.25000000 166673.28125000 458430.50000000 346.23651123    12253.11230469  9023.21777344   
0.50000    327559.59375000 165950.03125000 456469.81250000 344.49929810    12128.53613281  8942.52734375   
