# SAXS profile: number of points = 501, q_min = 0, q_max = 0.5, delta_q = 0.001
#    q    intensity 
0.00000    162235760.00000000 101202656.00000000 256271040.00000000 104005.14843750 8215549.50000000 6488585.50000000 
0.00100    162200400.00000000 101178568.00000000 256209808.00000000 103973.52343750 8213290.00000000 6486858.00000000 
0.00200    162089376.00000000 101107200.00000000 256029168.00000000 103878.85937500 8206627.50000000 6481611.00000000 
0.00300    161900352.00000000 100989136.00000000 255729280.00000000 103721.09375000 8195470.00000000 6472874.50000000 
0.00400    161632448.00000000 100823864.00000000 255310016.00000000 103501.10156250 8179958.50000000 6460635.50000000 
0.00500    161288720.00000000 100611176.00000000 254768880.00000000 103218.16406250 8160014.00000000 6444955.00000000 
0.00600    160866832.00000000 100351592.00000000 254109536.00000000 102874.44531250 8135773.50000000 6425852.50000000 
0.00700    160371456.00000000 100046672.00000000 253336320.00000000 102469.79687500 8107220.50000000 6403369.00000000 
0.00800    159800432.00000000 99697392.00000000 252444752.00000000 102004.68750000 8074401.50000000 6377572.50000000 
0.00900    159161568.00000000 99302320.00000000 251441760.00000000 101481.12500000 8037387.50000000 6348455.00000000 
0.01000    158453568.00000000 98864272.00000000 250322528.00000000 100899.84375000 7996299.00000000 6316102.50000000 
0.01100    157676112.00000000 98382064.00000000 249096448.00000000 100262.65625000 7951143.50000000 6280611.00000000 
0.01200    156823872.00000000 97856960.00000000 247758960.00000000 99569.23437500  7902077.00000000 6241983.00000000 
0.01300    155904784.00000000 97289304.00000000 246315376.00000000 98822.76562500  7849125.50000000 6200275.00000000 
0.01400    154921280.00000000 96680736.00000000 244769280.00000000 98022.83593750  7792420.50000000 6155676.00000000 
0.01500    153874064.00000000 96033056.00000000 243120400.00000000 97173.91406250  7732060.00000000 6108205.50000000 
0.01600    152763488.00000000 95347448.00000000 241373920.00000000 96275.87500000  7668215.00000000 6057937.00000000 
0.01700    151591264.00000000 94622968.00000000 239532784.00000000 95331.17968750  7600910.50000000 6004958.00000000 
0.01800    150360448.00000000 93862768.00000000 237597952.00000000 94340.95312500  7530338.50000000 5949443.50000000 
0.01900    149073280.00000000 93066368.00000000 235573280.00000000 93307.80468750  7456605.50000000 5891369.50000000 
0.02000    147731392.00000000 92236896.00000000 233463664.00000000 92234.37500000  7379790.00000000 5830925.00000000 
0.02100    146335408.00000000 91374912.00000000 231269472.00000000 91121.50781250  7300110.50000000 5768233.00000000 
0.02200    144890608.00000000 90481304.00000000 228996224.00000000 89972.53906250  7217711.00000000 5703322.00000000 
0.02300    143397792.00000000 89557432.00000000 226646976.00000000 88789.03125000  7132678.00000000 5636408.50000000 
0.02400    141858432.00000000 88605200.00000000 224224832.00000000 87574.05468750  7045175.00000000 5567505.50000000 
0.02500    140275056.00000000 87626400.00000000 221736592.00000000 86328.17968750  6955404.50000000 5496805.50000000 
0.02600    138652416.00000000 86621552.00000000 219182272.00000000 85055.26562500  6863428.00000000 5424389.00000000 
0.02700    136990208.00000000 85593272.00000000 216567616.00000000 83757.78125000  6769520.50000000 5350440.00000000 
0.02800    135292000.00000000 84542120.00000000 213894960.00000000 82437.11718750  6673683.50000000 5274984.00000000 
0.02900    133560136.00000000 83469488.00000000 211170608.00000000 81096.41406250  6576229.50000000 5198218.50000000 
0.03000    131797840.00000000 82378848.00000000 208396896.00000000 79737.17968750  6477203.00000000 5120236.00000000 
0.03100    130007112.00000000 81269968.00000000 205578352.00000000 78362.60937500  6376910.50000000 5041228.50000000 
0.03200    128190432.00000000 80144552.00000000 202718240.00000000 76974.20312500  6275346.50000000 4961168.00000000 
0.03300    126351128.00000000 79005520.00000000 199823072.00000000 75575.84375000  6172688.00000000 4880314.50000000 
0.03400    124490216.00000000 77852144.00000000 196893552.00000000 74167.41406250  6069143.50000000 4798749.50000000 
0.03500    122611736.00000000 76688480.00000000 193934336.00000000 72753.09375000  5964883.50000000 4716612.00000000 
0.03600    120717784.00000000 75515048.00000000 190954464.00000000 71334.58593750  5860014.00000000 4633963.50000000 
0.03700    118810336.00000000 74332720.00000000 187951520.00000000 69913.66406250  5754701.50000000 4550966.50000000 
0.03800    116893216.00000000 73144152.00000000 184930672.00000000 68492.49218750  5649157.00000000 4467724.50000000 
0.03900    114967120.00000000 71949552.00000000 181896240.00000000 67073.84375000  5543381.50000000 4384383.00000000 
0.04000    113034920.00000000 70751480.00000000 178854112.00000000 65657.96093750  5437608.50000000 4301001.50000000 
0.04100    111100840.00000000 69551064.00000000 175807616.00000000 64248.40625000  5331966.50000000 4217684.50000000 
0.04200    109164816.00000000 68349704.00000000 172756064.00000000 62846.32812500  5226586.50000000 4134585.50000000 
0.04300    107230008.00000000 67149056.00000000 169707872.00000000 61453.55468750  5121585.00000000 4051774.50000000 
0.04400    105299480.00000000 65950116.00000000 166665584.00000000 60071.81640625  5017100.50000000 3969378.25000000 
0.04500    103374288.00000000 64754464.00000000 163630368.00000000 58702.71484375  4913266.00000000 3887453.50000000 
0.04600    101456176.00000000 63563428.00000000 160607632.00000000 57347.63281250  4810114.00000000 3806126.25000000 
0.04700    99548608.00000000 62378296.00000000 157600448.00000000 56008.16796875  4707922.00000000 3725451.00000000 
0.04800    97653304.00000000 61200092.00000000 154610416.00000000 54685.39453125  4606603.00000000 3645553.00000000 
0.04900    95770568.00000000 60030396.00000000 151641648.00000000 53380.97656250  4506368.50000000 3566444.00000000 
0.05000    93903832.00000000 58869464.00000000 148697648.00000000 52095.49218750  4407259.00000000 3488252.25000000 
0.05100    92054056.00000000 57719284.00000000 145779920.00000000 50830.40625000  4309445.50000000 3411026.00000000 
0.05200    90222576.00000000 56580024.00000000 142892112.00000000 49586.25390625  4212897.50000000 3334853.75000000 
0.05300    88411368.00000000 55453368.00000000 140035120.00000000 48364.81250000  4117792.25000000 3259756.00000000 
0.05400    86621712.00000000 54339920.00000000 137212400.00000000 47165.69531250  4024142.00000000 3185809.50000000 
0.05500    84855392.00000000 53240732.00000000 134425808.00000000 45990.68750000  3932028.25000000 3113071.50000000 
0.05600    83114048.00000000 52156484.00000000 131677584.00000000 44839.38281250  3841482.75000000 3041561.25000000 
0.05700    81398024.00000000 51087952.00000000 128969784.00000000 43713.00781250  3752606.50000000 2971376.75000000 
0.05800    79708432.00000000 50035728.00000000 126303096.00000000 42611.51953125  3665425.75000000 2902527.25000000 
0.05900    78047552.00000000 49000620.00000000 123679160.00000000 41536.04296875  3579954.00000000 2835023.50000000 
0.06000    76414064.00000000 47983080.00000000 121101848.00000000 40486.19921875  3496277.75000000 2768916.00000000 
0.06100    74811400.00000000 46984220.00000000 118570928.00000000 39461.69140625  3414377.25000000 2704216.00000000 
0.06200    73237824.00000000 46003724.00000000 116086632.00000000 38463.71484375  3334321.00000000 2640935.00000000 
0.06300    71695832.00000000 45042452.00000000 113651008.00000000 37491.65625000  3256120.75000000 2579130.25000000 
0.06400    70185792.00000000 44100368.00000000 111265640.00000000 36545.70703125  3179732.25000000 2518784.25000000 
0.06500    68707416.00000000 43178408.00000000 108930480.00000000 35625.58593750  3105241.75000000 2459927.25000000 
0.06600    67261520.00000000 42276268.00000000 106646216.00000000 34731.29687500  3032624.75000000 2402521.00000000 
0.06700    65848160.00000000 41394444.00000000 104414216.00000000 33862.29296875  2961873.50000000 2346594.50000000 
0.06800    64468440.00000000 40533544.00000000 102233472.00000000 33018.64453125  2892997.00000000 2292150.50000000 
0.06900    63121412.00000000 39692916.00000000 100105784.00000000 32200.07031250  2825961.75000000 2239164.75000000 
0.07000    61808096.00000000 38872960.00000000 98029768.00000000 31405.63867188  2760816.00000000 2187622.50000000 
0.07100    60527904.00000000 38073500.00000000 96006976.00000000 30635.54296875  2697437.50000000 2137527.00000000 
0.07200    59280880.00000000 37294872.00000000 94036144.00000000 29888.96875000  2635888.50000000 2088850.50000000 
0.07300    58067580.00000000 36537040.00000000 92117968.00000000 29165.56054688  2576126.75000000 2041596.12500000 
0.07400    56886640.00000000 35799524.00000000 90251672.00000000 28464.76171875  2518129.75000000 1995724.25000000 
0.07500    55738520.00000000 35082300.00000000 88436464.00000000 27785.74609375  2461871.00000000 1951237.87500000 
0.07600    54622920.00000000 34385488.00000000 86673752.00000000 27128.12890625  2407260.25000000 1908045.12500000 
0.07700    53539372.00000000 33708912.00000000 84961008.00000000 26491.49609375  2354329.25000000 1866200.50000000 
0.07800    52487764.00000000 33052188.00000000 83298232.00000000 25874.67382812  2303003.75000000 1825613.37500000 
0.07900    51466520.00000000 32414742.00000000 81684608.00000000 25277.42578125  2253276.50000000 1786261.25000000 
0.08000    50476612.00000000 31796412.00000000 80120112.00000000 24699.02929688  2205068.25000000 1748154.37500000 
0.08100    49516644.00000000 31196976.00000000 78602688.00000000 24138.66992188  2158376.00000000 1711198.12500000 
0.08200    48586148.00000000 30615920.00000000 77131856.00000000 23595.75781250  2113106.25000000 1675416.00000000 
0.08300    47684440.00000000 30053268.00000000 75707336.00000000 23069.66015625  2069262.62500000 1640729.87500000 
0.08400    46811400.00000000 29507924.00000000 74327104.00000000 22559.71093750  2026756.37500000 1607117.37500000 
0.08500    45965356.00000000 28979994.00000000 72990472.00000000 22065.10742188  1985575.00000000 1574546.75000000 
0.08600    45145944.00000000 28468860.00000000 71695416.00000000 21585.25585938  1945634.62500000 1542968.25000000 
0.08700    44353224.00000000 27974134.00000000 70443288.00000000 21119.54492188  1906923.00000000 1512368.75000000 
0.08800    43585172.00000000 27495424.00000000 69230712.00000000 20667.37890625  1869388.50000000 1482662.87500000 
0.08900    42841492.00000000 27032080.00000000 68056824.00000000 20227.97460938  1832935.25000000 1453853.12500000 
0.09000    42121788.00000000 26583412.00000000 66920228.00000000 19800.59570312  1797566.25000000 1425891.75000000 
0.09100    41424664.00000000 26149308.00000000 65819840.00000000 19385.12890625  1763230.12500000 1398746.62500000 
0.09200    40749764.00000000 25729200.00000000 64754328.00000000 18980.58593750  1729855.62500000 1372356.87500000 
0.09300    40096264.00000000 25322296.00000000 63722828.00000000 18586.46875000  1697421.62500000 1346724.75000000 
0.09400    39462636.00000000 24928424.00000000 62723348.00000000 18202.19726562  1665848.75000000 1321766.75000000 
0.09500    38848444.00000000 24546674.00000000 61755520.00000000 17827.38281250  1635126.00000000 1297490.00000000 
0.09600    38252904.00000000 24176994.00000000 60816856.00000000 17461.62695312  1605200.37500000 1273831.12500000 
0.09700    37675816.00000000 23818612.00000000 59906828.00000000 17104.49218750  1576024.62500000 1250767.12500000 
0.09800    37115600.00000000 23470732.00000000 59024168.00000000 16755.05859375  1547565.25000000 1228279.00000000 
0.09900    36571968.00000000 23133610.00000000 58167152.00000000 16413.43945312  1519776.00000000 1206328.75000000 
0.10000    36043124.00000000 22806142.00000000 57334512.00000000 16078.92382812  1492616.37500000 1184861.25000000 
0.10100    35529064.00000000 22487676.00000000 56526072.00000000 15751.33300781  1466063.25000000 1163863.75000000 
0.10200    35028984.00000000 22178342.00000000 55738976.00000000 15430.17968750  1440070.62500000 1143332.62500000 
0.10300    34542080.00000000 21877212.00000000 54973144.00000000 15115.20800781  1414599.37500000 1123209.12500000 
0.10400    34067756.00000000 21583954.00000000 54227144.00000000 14806.08300781  1389639.25000000 1103477.75000000 
0.10500    33605172.00000000 21298364.00000000 53499660.00000000 14502.64257812  1365145.37500000 1084128.62500000 
0.10600    33153434.00000000 21019530.00000000 52789800.00000000 14204.47949219  1341095.25000000 1065112.87500000 
0.10700    32711918.00000000 20747258.00000000 52096560.00000000 13911.45605469  1317450.37500000 1046428.43750000 
0.10800    32280152.00000000 20481388.00000000 51418224.00000000 13623.32324219  1294194.25000000 1028051.37500000 
0.10900    31857622.00000000 20221038.00000000 50754832.00000000 13339.88378906  1271316.62500000 1009961.06250000 
0.11000    31443344.00000000 19966226.00000000 50104724.00000000 13061.09277344  1248773.62500000 992139.43750000 
0.11100    31037046.00000000 19716308.00000000 49467344.00000000 12786.66601562  1226555.37500000 974571.37500000 
0.11200    30638054.00000000 19471016.00000000 48841508.00000000 12516.46484375  1204645.00000000 957245.06250000 
0.11300    30246194.00000000 19230130.00000000 48226592.00000000 12250.59082031  1183020.25000000 940145.68750000 
0.11400    29860288.00000000 18993186.00000000 47621684.00000000 11988.50878906  1161674.87500000 923258.75000000 
0.11500    29480678.00000000 18759700.00000000 47026168.00000000 11730.58886719  1140600.50000000 906581.81250000 
0.11600    29106316.00000000 18529870.00000000 46438720.00000000 11476.51562500  1119761.87500000 890090.43750000 
0.11700    28736778.00000000 18303238.00000000 45860212.00000000 11226.41699219  1099161.50000000 873791.18750000 
0.11800    28371860.00000000 18079246.00000000 45288300.00000000 10979.99121094  1078782.50000000 857661.25000000 
0.11900    28011436.00000000 17858120.00000000 44723360.00000000 10737.39648438  1058644.00000000 841707.56250000 
0.12000    27654650.00000000 17639284.00000000 44164280.00000000 10498.42773438  1038705.62500000 825914.25000000 
0.12100    27301868.00000000 17422710.00000000 43610900.00000000 10263.19140625  1018979.68750000 810284.87500000 
0.12200    26952090.00000000 17208066.00000000 43062876.00000000 10031.71777344  999462.31250000 794818.12500000 
0.12300    26605502.00000000 16995444.00000000 42519612.00000000 9803.85742188   980135.50000000 779495.93750000 
0.12400    26262000.00000000 16784426.00000000 41980612.00000000 9579.70019531   961011.00000000 764323.62500000 
0.12500    25920658.00000000 16574731.00000000 41445800.00000000 9359.26171875   942070.12500000 749303.81250000 
0.12600    25582206.00000000 16366652.00000000 40914228.00000000 9142.47851562   923341.87500000 734445.56250000 
0.12700    25245682.00000000 16159956.00000000 40386968.00000000 8929.37500000   904793.81250000 719717.87500000 
0.12800    24911350.00000000 15954372.00000000 39862072.00000000 8719.93261719   886446.56250000 705142.81250000 
0.12900    24578988.00000000 15749844.00000000 39340704.00000000 8514.23144531   868283.06250000 690722.50000000 
0.13000    24248598.00000000 15546369.00000000 38822000.00000000 8312.21289062   850329.50000000 676454.68750000 
0.13100    23920104.00000000 15343826.00000000 38305532.00000000 8113.89208984   832557.62500000 662338.31250000 
0.13200    23593182.00000000 15142318.00000000 37792000.00000000 7919.31103516   815000.43750000 648372.62500000 
0.13300    23267926.00000000 14941611.00000000 37280968.00000000 7728.43261719   797641.06250000 634561.37500000 
0.13400    22944370.00000000 14741736.00000000 36771868.00000000 7541.35351562   780473.56250000 620915.12500000 
0.13500    22622376.00000000 14542625.00000000 36265184.00000000 7357.98730469   763538.18750000 607420.68750000 
0.13600    22301824.00000000 14344297.00000000 35761008.00000000 7178.27246094   746797.81250000 594099.31250000 
0.13700    21983068.00000000 14146838.00000000 35258864.00000000 7002.32080078   730276.00000000 580944.68750000 
0.13800    21665716.00000000 13950124.00000000 34758780.00000000 6830.02880859   713971.68750000 567951.81250000 
0.13900    21350128.00000000 13754260.00000000 34261436.00000000 6661.44921875   697890.81250000 555134.75000000 
0.14000    21036226.00000000 13559244.00000000 33766576.00000000 6496.57861328   682033.00000000 542493.00000000 
0.14100    20723844.00000000 13364967.00000000 33273754.00000000 6335.31835938   666407.12500000 530028.37500000 
0.14200    20413244.00000000 13171624.00000000 32783342.00000000 6177.66992188   651007.00000000 517742.25000000 
0.14300    20104550.00000000 12979184.00000000 32295714.00000000 6023.68066406   635837.87500000 505643.40625000 
0.14400    19797570.00000000 12787665.00000000 31810476.00000000 5873.21240234   620906.18750000 493723.78125000 
0.14500    19492658.00000000 12597051.00000000 31328248.00000000 5726.28808594   606216.43750000 481996.34375000 
0.14600    19189434.00000000 12407591.00000000 30848756.00000000 5582.93652344   591772.37500000 470457.84375000 
0.14700    18888712.00000000 12219201.00000000 30372340.00000000 5442.98828125   577565.43750000 459112.18750000 
0.14800    18589602.00000000 12031863.00000000 29899052.00000000 5306.42968750   563603.75000000 447952.71875000 
0.14900    18293060.00000000 11845661.00000000 29428740.00000000 5173.24511719   549888.93750000 436990.12500000 
0.15000    17998824.00000000 11660731.00000000 28962154.00000000 5043.39208984   536428.06250000 426220.62500000 
0.15100    17706906.00000000 11477078.00000000 28498872.00000000 4916.78857422   523210.46875000 415654.68750000 
0.15200    17417466.00000000 11294780.00000000 28039444.00000000 4793.39550781   510245.87500000 405283.40625000 
0.15300    17130486.00000000 11113831.00000000 27583632.00000000 4673.14941406   497526.21875000 395109.81250000 
0.15400    16846074.00000000 10934369.00000000 27131704.00000000 4555.95458984   485057.96875000 385130.34375000 
0.15500    16564715.00000000 10756322.00000000 26683694.00000000 4441.81298828   472840.96875000 375351.06250000 
0.15600    16285711.00000000 10579834.00000000 26240098.00000000 4330.64306641   460872.43750000 365771.65625000 
0.15700    16009956.00000000 10404970.00000000 25800640.00000000 4222.35107422   449153.62500000 356387.40625000 
0.15800    15736844.00000000 10231759.00000000 25365670.00000000 4116.85302734   437672.06250000 347197.28125000 
0.15900    15466785.00000000 10060219.00000000 24935160.00000000 4014.18261719   426445.59375000 338204.09375000 
0.16000    15199758.00000000 9890499.00000000 24509024.00000000 3914.19409180   415457.00000000 329404.18750000 
0.16100    14935946.00000000 9722498.00000000 24088040.00000000 3816.84057617   404717.56250000 320797.56250000 
0.16200    14675269.00000000 9556347.00000000 23671700.00000000 3722.04956055   394210.65625000 312380.09375000 
0.16300    14417717.00000000 9392083.00000000 23260386.00000000 3629.76367188   383943.15625000 304151.68750000 
0.16400    14163589.00000000 9229738.00000000 22854158.00000000 3539.90039062   373908.03125000 296110.21875000 
0.16500    13912744.00000000 9069348.00000000 22452982.00000000 3452.43774414   364102.28125000 288257.78125000 
0.16600    13665288.00000000 8910972.00000000 22056858.00000000 3367.27001953   354528.18750000 280584.40625000 
0.16700    13421159.00000000 8754528.00000000 21665924.00000000 3284.31933594   345174.53125000 273085.43750000 
0.16800    13180610.00000000 8600180.00000000 21280502.00000000 3203.56250000   336037.46875000 265767.12500000 
0.16900    12943431.00000000 8447938.00000000 20900640.00000000 3124.94213867   327124.59375000 258622.50000000 
0.17000    12709778.00000000 8297754.50000000 20525866.00000000 3048.37304688   318424.59375000 251648.70312500 
0.17100    12479733.00000000 8149641.50000000 20156588.00000000 2973.79882812   309928.09375000 244842.12500000 
0.17200    12253073.00000000 8003656.00000000 19792948.00000000 2901.16577148   301639.90625000 238201.57812500 
0.17300    12029956.00000000 7859858.50000000 19434764.00000000 2830.44433594   293553.96875000 231720.45312500 
0.17400    11810556.00000000 7718286.50000000 19082106.00000000 2761.55981445   285662.25000000 225400.67187500 
0.17500    11594494.00000000 7578732.00000000 18735064.00000000 2694.45629883   277966.71875000 219234.03125000 
0.17600    11382039.00000000 7441377.00000000 18393206.00000000 2629.04760742   270454.40625000 213215.65625000 
0.17700    11173141.00000000 7306237.00000000 18057350.00000000 2565.37597656   263128.75000000 207349.56250000 
0.17800    10967793.00000000 7173214.50000000 17726842.00000000 2503.30786133   255979.85937500 201624.60937500 
0.17900    10765953.00000000 7042385.00000000 17401832.00000000 2442.85449219   249009.65625000 196042.35937500 
0.18000    10567608.00000000 6913754.00000000 17082334.00000000 2383.94653320   242212.53125000 190598.57812500 
0.18100    10372765.00000000 6787288.50000000 16768396.00000000 2326.58398438   235578.53125000 185290.65625000 
0.18200    10181299.00000000 6662908.50000000 16459822.00000000 2270.63183594   229105.03125000 180109.40625000 
0.18300    9993223.00000000 6540704.50000000 16156690.00000000 2216.13671875   222791.48437500 175056.84375000 
0.18400    9808596.00000000 6420601.00000000 15858989.00000000 2163.04858398   216633.37500000 170129.06250000 
0.18500    9627297.00000000 6302662.00000000 15566506.00000000 2111.34619141   210625.07812500 165324.18750000 
0.18600    9449412.00000000 6186699.00000000 15279259.00000000 2060.93286133   204761.39062500 160633.25000000 
0.18700    9274658.00000000 6072872.00000000 14997298.00000000 2011.82897949   199041.46875000 156058.89062500 
0.18800    9103145.00000000 5961085.00000000 14720383.00000000 1963.97949219   193459.17187500 151594.95312500 
0.18900    8934977.00000000 5851389.50000000 14448808.00000000 1917.39868164   188013.56250000 147242.39062500 
0.19000    8769864.00000000 5743607.50000000 14182014.00000000 1871.98364258   182693.68750000 142989.84375000 
0.19100    8607892.00000000 5637879.50000000 13920485.00000000 1827.82897949   177508.29687500 138846.31250000 
0.19200    8448957.00000000 5534073.50000000 13663581.00000000 1784.76074219   172442.37500000 134798.06250000 
0.19300    8292981.00000000 5432220.50000000 13411623.00000000 1742.84960938   167500.31250000 130851.13281250 
0.19400    8140018.50000000 5332253.50000000 13164400.00000000 1702.07189941   162672.92187500 126994.78125000 
0.19500    7989983.00000000 5234129.00000000 12921857.00000000 1662.36230469   157961.59375000 123232.80468750 
0.19600    7842853.00000000 5137891.50000000 12683928.00000000 1623.73657227   153359.26562500 119559.35937500 
0.19700    7698481.00000000 5043473.00000000 12450406.00000000 1586.12951660   148870.37500000 115973.46093750 
0.19800    7556823.00000000 4950819.00000000 12221458.00000000 1549.55932617   144484.04687500 112472.63281250 
0.19900    7418029.00000000 4859925.00000000 11996863.00000000 1514.01550293   140203.20312500 109056.48437500 
0.20000    7281703.50000000 4770763.00000000 11776443.00000000 1479.44226074   136020.85937500 105718.75000000 
0.20100    7148161.50000000 4683276.00000000 11560286.00000000 1445.86828613   131937.68750000 102460.03125000 
0.20200    7017040.00000000 4597411.50000000 11348149.00000000 1413.22314453   127950.43750000 99279.39843750  
0.20300    6888510.00000000 4513226.00000000 11140232.00000000 1381.53210449   124057.39062500 96173.27343750  
0.20400    6762362.00000000 4430603.50000000 10936200.00000000 1350.75537109   120255.06250000 93139.23437500  
0.20500    6638614.50000000 4349553.00000000 10736022.00000000 1320.89062500   116542.47656250 90178.33593750  
0.20600    6517253.00000000 4270061.00000000 10539577.00000000 1291.89367676   112916.09375000 87286.17968750  
0.20700    6398248.50000000 4192068.75000000 10346850.00000000 1263.77758789   109376.68750000 84462.25781250  
0.20800    6281368.50000000 4115529.25000000 10157931.00000000 1236.51721191   105919.14062500 81705.58593750  
0.20900    6166838.00000000 4040494.50000000 9972584.00000000 1210.14392090   102547.82812500 79015.57031250  
0.21000    6054344.00000000 3966789.50000000 9790549.00000000 1184.55236816   99252.94531250  76388.07031250  
0.21100    5943983.00000000 3894510.50000000 9611956.00000000 1159.79064941   96038.49218750  73823.89843750  
0.21200    5835734.00000000 3823543.75000000 9436709.00000000 1135.81518555   92900.39062500  71319.75000000  
0.21300    5729390.50000000 3753927.25000000 9264707.00000000 1112.62426758   89837.46093750  68876.52343750  
0.21400    5625135.00000000 3685613.00000000 9095863.00000000 1090.21228027   86848.04687500  66492.85937500  
0.21500    5522831.50000000 3618557.00000000 8930269.00000000 1068.56921387   83934.20312500  64167.73046875  
0.21600    5422324.50000000 3552718.75000000 8767751.00000000 1047.64086914   81088.89062500  61898.20703125  
0.21700    5323717.50000000 3488104.00000000 8608124.00000000 1027.45324707   78315.36718750  59685.22656250  
0.21800    5226936.00000000 3424692.75000000 8451492.00000000 1007.96685791   75610.20312500  57526.34765625  
0.21900    5131838.50000000 3362394.75000000 8297652.50000000 989.17443848    72970.92968750  55420.36718750  
0.22000    5038522.50000000 3301237.25000000 8146556.50000000 971.07196045    70399.13281250  53367.49218750  
0.22100    4946936.50000000 3241247.00000000 7998373.50000000 953.64538574    67893.67968750  51367.14843750  
0.22200    4857027.00000000 3182288.50000000 7852849.50000000 936.87493896    65451.50000000  49417.53515625  
0.22300    4768712.50000000 3124415.50000000 7709859.50000000 920.73565674    63072.11718750  47517.32031250  
0.22400    4681955.00000000 3067537.75000000 7569404.00000000 905.20758057    60753.37500000  45665.68750000  
0.22500    4596866.50000000 3011760.00000000 7431644.50000000 890.33172607    58498.84765625  43864.80078125  
0.22600    4513230.50000000 2956923.00000000 7296214.00000000 876.03277588    56300.80468750  42108.42187500  
0.22700    4431114.00000000 2903098.25000000 7163275.50000000 862.32330322    54163.50390625  40400.56250000  
0.22800    4350479.50000000 2850182.00000000 7032706.50000000 849.17730713    52082.98437500  38737.52343750  
0.22900    4271278.50000000 2798208.50000000 6904388.00000000 836.57781982    50057.91406250  37118.48828125  
0.23000    4193510.50000000 2747179.50000000 6778399.50000000 824.55041504    48090.40625000  35545.10546875  
0.23100    4117183.75000000 2697050.25000000 6654708.50000000 813.03283691    46177.39843750  34015.48437500  
0.23200    4042155.50000000 2647763.00000000 6533091.00000000 802.03295898    44316.40234375  32526.37890625  
0.23300    3968494.50000000 2599375.75000000 6413690.00000000 791.52435303    42508.99218750  31080.32617188  
0.23400    3896149.75000000 2551834.25000000 6296392.50000000 781.50878906    40753.86718750  29675.35546875  
0.23500    3825029.50000000 2505094.00000000 6181056.00000000 771.95666504    39047.14843750  28308.86523438  
0.23600    3755262.75000000 2459188.00000000 6067926.50000000 762.87500000    37392.22265625  26983.79687500  
0.23700    3686712.00000000 2414083.00000000 5956691.50000000 754.23150635    35785.19140625  25696.76757812  
0.23800    3619415.00000000 2369755.00000000 5847428.00000000 746.03192139    34226.65234375  24448.27539062  
0.23900    3553300.50000000 2326215.00000000 5740088.00000000 738.22869873    32713.98632812  23235.94140625  
0.24000    3488355.75000000 2283398.00000000 5634599.00000000 730.84820557    31247.43359375  22060.65625000  
0.24100    3424633.00000000 2241375.75000000 5531072.00000000 723.87512207    29827.91406250  20922.53906250  
0.24200    3362025.75000000 2200064.75000000 5429347.00000000 717.27050781    28451.98828125  19818.94531250  
0.24300    3300561.50000000 2159468.25000000 5329432.00000000 711.02929688    27118.74218750  18749.26367188  
0.24400    3240204.50000000 2119580.50000000 5231229.50000000 705.14465332    25828.06250000  17713.92187500  
0.24500    3180916.25000000 2080400.62500000 5134805.50000000 699.59655762    24578.89843750  16711.18164062  
0.24600    3122722.25000000 2041872.87500000 5040064.00000000 694.39068604    23370.26953125  15741.19140625  
0.24700    3065586.75000000 2004035.87500000 4947084.50000000 689.50891113    22202.51953125  14803.57812500  
0.24800    3009491.00000000 1966861.37500000 4855722.00000000 684.92053223    21073.41796875  13896.76171875  
0.24900    2954404.75000000 1930323.37500000 4765978.00000000 680.62829590    19981.89257812  13019.96582031  
0.25000    2900343.00000000 1894443.75000000 4677808.00000000 676.64160156    18928.77343750  12173.72265625  
0.25100    2847240.25000000 1859190.12500000 4591222.00000000 672.90850830    17911.06640625  11355.70312500  
0.25200    2795190.75000000 1824567.37500000 4506283.00000000 669.45971680    16931.65234375  10568.02734375  
0.25300    2744067.75000000 1790550.12500000 4422822.50000000 666.26098633    15986.16894531  9807.93164062   
0.25400    2693899.75000000 1757134.12500000 4340875.50000000 663.30786133    15075.00976562  9075.61035156   
0.25500    2644616.25000000 1724302.37500000 4260392.50000000 660.58166504    14197.25683594  8369.65917969   
0.25600    2596276.50000000 1692061.62500000 4181419.00000000 658.09350586    13353.30761719  7690.52587891   
0.25700    2548841.00000000 1660378.00000000 4103833.75000000 655.81488037    12541.04394531  7037.15576172   
0.25800    2502293.75000000 1629288.87500000 4027662.75000000 653.75653076    11761.08886719  6409.61718750   
0.25900    2456594.50000000 1598739.00000000 3952887.75000000 651.90368652    11012.05957031  5806.89208984   
0.26000    2411782.75000000 1568737.87500000 3879497.50000000 650.24176025    10294.02832031  5228.64941406   
0.26100    2367759.00000000 1539278.50000000 3807425.50000000 648.75695801    9604.26171875   4673.65283203   
0.26200    2324614.00000000 1510360.62500000 3736769.00000000 647.48199463    8945.44335938   4143.32714844   
0.26300    2282241.50000000 1481943.37500000 3667276.75000000 646.35296631    8313.06933594   3634.51245117   
0.26400    2240699.25000000 1454054.75000000 3599133.00000000 645.39617920    7710.00292969   3148.95434570   
0.26500    2199921.25000000 1426680.00000000 3532274.50000000 644.61267090    7134.62500000   2685.72363281   
0.26600    2159907.25000000 1399789.87500000 3466632.00000000 643.98443604    6585.33398438   2243.64892578   
0.26700    2120665.25000000 1373392.37500000 3402204.00000000 643.51123047    6062.84326172   1823.32263184   
0.26800    2082171.87500000 1347490.50000000 3339028.00000000 643.18310547    5567.06640625   1424.01196289   
0.26900    2044376.87500000 1322043.87500000 3276923.50000000 642.98968506    5094.99169922   1044.24450684   
0.27000    2007319.62500000 1297084.75000000 3216062.25000000 642.94329834    4649.08837891   685.55883789    
0.27100    1970931.75000000 1272580.62500000 3156273.50000000 643.02264404    4226.24267578   345.70614624    
0.27200    1935279.50000000 1248540.37500000 3097699.00000000 643.25811768    3829.64794922   26.60915947     
0.27300    1900247.25000000 1224928.75000000 3040159.00000000 643.60424805    3454.04907227   -275.08047485   
0.27400    1865845.12500000 1201715.12500000 2983571.00000000 644.04345703    3099.88745117   -559.45129395   
0.27500    1832148.25000000 1178979.00000000 2928224.75000000 644.64447021    2771.50341797   -823.14947510   
0.27600    1799012.00000000 1156620.25000000 2873715.75000000 645.33233643    2461.76635742   -1071.55651855  
0.27700    1766548.75000000 1134723.12500000 2820338.50000000 646.15728760    2175.77368164   -1300.56701660  
0.27800    1734645.87500000 1113191.12500000 2767946.00000000 647.08374023    1909.59680176   -1513.63598633  
0.27900    1703356.62500000 1092070.00000000 2716492.75000000 648.12060547    1664.31909180   -1709.65014648  
0.28000    1672639.37500000 1071334.25000000 2665953.50000000 649.26202393    1438.81457520   -1889.55480957  
0.28100    1642465.25000000 1050976.12500000 2616378.00000000 650.50604248    1232.32263184   -2053.62329102  
0.28200    1612848.50000000 1031000.43750000 2567728.25000000 651.86236572    1046.31188965   -2201.83251953  
0.28300    1583793.25000000 1011391.81250000 2519950.50000000 653.30541992    878.36224365    -2334.88940430  
0.28400    1555207.87500000 992120.75000000 2473000.00000000 654.84094238    727.85894775    -2453.91430664  
0.28500    1527164.50000000 973231.00000000 2426948.50000000 656.48297119    595.88073730    -2557.37036133  
0.28600    1499600.62500000 954658.87500000 2381694.00000000 658.21197510    480.08007812    -2647.99829102  
0.28700    1472534.62500000 936427.18750000 2337259.50000000 660.02551270    381.63171387    -2724.22412109  
0.28800    1445930.62500000 918522.93750000 2293587.25000000 661.92620850    299.14041138    -2787.54711914  
0.28900    1419812.25000000 900954.50000000 2250759.50000000 663.91247559    233.14958191    -2837.43408203  
0.29000    1394096.87500000 883688.43750000 2208606.75000000 665.97363281    181.49061584    -2875.49023438  
0.29100    1368864.87500000 866742.93750000 2167250.00000000 668.12500000    145.35647583    -2900.87988281  
0.29200    1344043.12500000 850081.75000000 2126578.75000000 670.33843994    123.23963928    -2914.81201172  
0.29300    1319650.75000000 833729.56250000 2086645.37500000 672.64038086    115.57147217    -2916.74560547  
0.29400    1295632.62500000 817638.31250000 2047332.75000000 674.98724365    119.80447388    -2909.30346680  
0.29500    1272049.25000000 801854.43750000 2008762.00000000 677.42651367    138.39094543    -2889.83178711  
0.29600    1248821.50000000 786318.06250000 1970771.12500000 679.90100098    168.20466614    -2860.98217773  
0.29700    1225963.25000000 771050.25000000 1933423.25000000 682.44250488    209.58793640    -2822.91137695  
0.29800    1203495.87500000 756058.31250000 1896724.62500000 685.04064941    263.25100708    -2774.79614258  
0.29900    1181403.25000000 741328.06250000 1860646.25000000 687.68872070    327.90371704    -2717.62646484  
0.30000    1159611.62500000 726823.00000000 1825106.00000000 690.37341309    401.69689941    -2652.74511719  
0.30100    1138197.12500000 712572.75000000 1790195.62500000 693.10864258    486.22579956    -2578.98071289  
0.30200    1117093.37500000 698546.37500000 1755805.87500000 695.87982178    579.53137207    -2498.39868164  
0.30300    1096332.50000000 684764.50000000 1722003.00000000 698.68688965    682.41296387    -2409.93359375  
0.30400    1075894.25000000 671218.56250000 1688734.50000000 701.52435303    793.92254639    -2314.16625977  
0.30500    1055749.37500000 657868.43750000 1655965.25000000 704.37280273    912.24584961    -2213.17651367  
0.30600    1035912.56250000 644744.56250000 1623723.87500000 707.24743652    1038.14916992   -2105.64306641  
0.30700    1016398.00000000 631848.25000000 1592017.00000000 710.13897705    1172.23303223   -1991.48645020  
0.30800    997156.93750000 619137.18750000 1560754.75000000 713.03723145    1311.84606934   -1872.97644043  
0.30900    978223.62500000 606644.93750000 1530009.75000000 715.95208740    1458.34765625   -1748.47912598  
0.31000    959585.25000000 594354.00000000 1499756.75000000 718.86322021    1610.33654785   -1619.82299805  
0.31100    941198.06250000 582243.93750000 1469942.00000000 721.77020264    1767.47473145   -1487.09777832  
0.31200    923106.25000000 570341.12500000 1440611.75000000 724.67089844    1929.59082031   -1350.09472656  
0.31300    905287.56250000 558616.43750000 1411729.37500000 727.55920410    2096.38745117   -1209.39160156  
0.31400    887765.87500000 547101.75000000 1383325.87500000 730.44165039    2268.01147461   -1065.01062012  
0.31500    870473.81250000 535746.12500000 1355333.75000000 733.29016113    2442.55664062   -918.13092041   
0.31600    853476.75000000 524578.12500000 1327788.75000000 736.13116455    2621.53320312   -767.71978760   
0.31700    836741.00000000 513602.56250000 1300699.37500000 738.93920898    2803.70043945   -614.85064697   
0.31800    820259.62500000 502785.56250000 1274008.37500000 741.70532227    2987.80981445   -460.39471436   
0.31900    804052.68750000 492166.40625000 1247798.50000000 744.46343994    3176.25024414   -302.59500122   
0.32000    788110.56250000 481711.53125000 1221986.00000000 747.17175293    3366.37451172   -143.57077026   
0.32100    772421.93750000 471421.68750000 1196589.75000000 749.83453369    3558.70068359   17.22243118     
0.32200    757018.18750000 461329.59375000 1171669.25000000 752.47210693    3753.81738281   180.20153809    
0.32300    741837.06250000 451375.87500000 1147083.12500000 755.04937744    3949.75512695   343.52462769    
0.32400    726930.06250000 441606.37500000 1122957.00000000 757.59014893    4147.48242188   508.14450073    
0.32500    712289.68750000 432004.12500000 1099260.37500000 760.06695557    4346.64843750   673.79510498    
0.32600    697914.62500000 422574.93750000 1075973.50000000 762.50830078    4547.48730469   840.70501709    
0.32700    683800.50000000 413317.12500000 1053130.25000000 764.89190674    4749.74218750   1008.49108887   
0.32800    669977.00000000 404237.84375000 1030717.06250000 767.24145508    4953.63330078   1177.50683594   
0.32900    656389.75000000 395311.46875000 1008699.75000000 769.50482178    5157.92773438   1346.50830078   
0.33000    643100.81250000 386572.50000000 987128.06250000 771.73370361    5363.89355469   1516.88977051   
0.33100    630028.06250000 377975.96875000 965933.56250000 773.89666748    5569.37353516   1686.34704590   
0.33200    617293.12500000 369585.25000000 945251.87500000 776.01287842    5777.79296875   1858.39001465   
0.33300    604801.62500000 361352.71875000 924965.75000000 778.06201172    5986.12060547   2029.82153320   
0.33400    592600.12500000 353298.46875000 905117.43750000 780.06115723    6195.86035156   2202.29931641   
0.33500    580652.43750000 345411.12500000 885709.18750000 782.00451660    6405.90625000   2374.74072266   
0.33600    568998.00000000 337695.96875000 866732.18750000 783.87768555    6616.96240234   2547.91552734   
0.33700    557612.12500000 330154.06250000 848182.31250000 785.70513916    6828.92529297   2721.71337891   
0.33800    546532.50000000 322801.75000000 830119.00000000 787.47814941    7042.60839844   2896.34619141   
0.33900    535704.68750000 315610.06250000 812441.12500000 789.18957520    7256.04589844   3071.00341797   
0.34000    525176.56250000 308600.78125000 795249.43750000 790.84368896    7471.09033203   3246.63964844   
0.34100    514934.21875000 301775.75000000 778498.81250000 792.44360352    7687.11230469   3422.64379883   
0.34200    505015.84375000 295146.34375000 762258.00000000 793.99511719    7905.27587891   3600.42626953   
0.34300    495336.28125000 288667.50000000 746409.00000000 795.48437500    8123.19433594   3777.83813477   
0.34400    485996.09375000 282401.87500000 731074.62500000 796.93115234    8343.69824219   3957.20166016   
0.34500    476918.37500000 276299.87500000 716165.50000000 798.31414795    8564.56933594   4136.82470703   
0.34600    468161.90625000 270403.96875000 701765.93750000 799.65679932    8787.91308594   4318.02880859   
0.34700    459656.09375000 264660.25000000 687753.93750000 800.92657471    9011.06054688   4499.04833984   
0.34800    451464.40625000 259117.32812500 674251.06250000 802.15325928    9235.86621094   4681.68554688   
0.34900    443573.62500000 253761.12500000 661210.93750000 803.32855225    9462.83886719   4865.57177734   
0.35000    435958.53125000 248585.54687500 648623.68750000 804.44030762    9690.05468750   5049.94775391   
0.35100    428668.53125000 243613.28125000 636548.43750000 805.51190186    9920.17871094   5236.33447266   
0.35200    421622.25000000 238792.95312500 624854.56250000 806.51940918    10149.98144531  5422.64257812   
0.35300    414878.31250000 234169.81250000 613644.93750000 807.46472168    10381.38671875  5610.32666016   
0.35400    408434.90625000 229738.21875000 602921.37500000 808.36975098    10614.73828125  5799.49707031   
0.35500    402272.78125000 225486.85937500 592651.25000000 809.20141602    10848.97851562  5989.50830078   
0.35600    396375.37500000 221406.85937500 582800.43750000 809.97106934    11083.92089844  6180.18408203   
0.35700    390764.09375000 217515.23437500 573412.75000000 810.68347168    11320.25488281  6372.03515625   
0.35800    385445.34375000 213809.78125000 564490.50000000 811.33367920    11557.73535156  6564.95556641   
0.35900    380388.46875000 210277.95312500 555997.87500000 811.92266846    11796.10742188  6758.75390625   
0.36000    375620.75000000 206931.51562500 547972.50000000 812.44451904    12035.77246094  6953.82373047   
0.36100    371090.84375000 203744.89062500 540330.25000000 812.89184570    12275.09472656  7148.60595703   
0.36200    366869.28125000 200760.98437500 533185.56250000 813.27819824    12516.44726562  7345.66796875   
0.36300    362857.50000000 197917.53125000 526386.18750000 813.56939697    12756.57031250  7541.73242188   
0.36400    359094.75000000 195244.54687500 519999.87500000 813.78967285    12996.97265625  7738.17431641   
0.36500    355584.62500000 192731.62500000 514022.21875000 813.91821289    13237.43066406  7935.14599609   
0.36600    352340.06250000 190405.42187500 508484.43750000 813.98638916    13478.50195312  8132.87841797   
0.36700    349297.37500000 188213.14062500 503275.25000000 813.94744873    13717.94140625  8329.58593750   
0.36800    346538.18750000 186211.00000000 498529.81250000 813.83618164    13958.63574219  8527.52539062   
0.36900    343979.59375000 184349.35937500 494119.81250000 813.63037109    14198.15136719  8724.99121094   
0.37000    341600.09375000 182614.37500000 490012.37500000 813.30230713    14434.72753906  8920.29199219   
0.37100    339445.78125000 181029.57812500 486277.34375000 812.88470459    14670.68261719  9115.75976562   
0.37200    337526.75000000 179606.25000000 482926.15625000 812.38000488    14906.19433594  9311.09570312   
0.37300    335774.09375000 178306.79687500 479868.28125000 811.75067139    15139.03222656  9504.56347656   
0.37400    334230.00000000 177151.04687500 477152.06250000 811.02362061    15370.68066406  9697.67578125   
0.37500    332862.75000000 176118.84375000 474741.84375000 810.19177246    15600.07714844  9889.17871094   
0.37600    331682.00000000 175220.65625000 472642.90625000 809.23620605    15826.71289062  10078.81445312  
0.37700    330648.09375000 174424.73437500 470796.00000000 808.16314697    16049.89453125  10266.51074219  
0.37800    329788.37500000 173758.92187500 469232.53125000 806.97283936    16270.89843750  10452.54882812  
0.37900    329101.62500000 173212.46875000 467978.90625000 805.67230225    16489.53320312  10637.02050781  
0.38000    328541.93750000 172760.14062500 466928.56250000 804.23876953    16703.47656250  10818.32421875  
0.38100    328103.09375000 172399.71875000 466102.21875000 802.67761230    16913.56445312  10996.73144531  
0.38200    327821.37500000 172154.10937500 465538.62500000 800.99591064    17120.51367188  11173.35546875  
0.38300    327638.12500000 171986.59375000 465153.75000000 799.19006348    17322.39453125  11346.13378906  
0.38400    327603.78125000 171920.70312500 465018.81250000 797.26000977    17521.16406250  11516.55566406  
0.38500    327645.40625000 171920.57812500 465023.03125000 795.19879150    17714.31445312  11682.99804688  
0.38600    327824.03125000 172020.43750000 465261.43750000 793.01800537    17904.05859375  11847.06250000  
0.38700    328061.43750000 172169.70312500 465615.71875000 790.70861816    18087.45703125  12006.33789062  
0.38800    328404.06250000 172394.04687500 466139.75000000 788.28192139    18266.37109375  12162.28222656  
0.38900    328817.59375000 172676.87500000 466800.90625000 785.72375488    18439.63867188  12314.08886719  
0.39000    329338.93750000 173040.50000000 467643.93750000 783.05877686    18608.80664062  12462.74609375  
0.39100    329899.71875000 173441.70312500 468573.25000000 780.27014160    18771.91601562  12606.90625000  
0.39200    330537.40625000 173900.71875000 469629.68750000 777.36584473    18929.66992188  12746.78515625  
0.39300    331218.18750000 174396.60937500 470770.46875000 774.34381104    19081.54687500  12882.18261719  
0.39400    331984.59375000 174953.57812500 472058.87500000 771.22369385    19228.35156250  13014.01855469  
0.39500    332758.56250000 175524.89062500 473367.71875000 767.99615479    19368.43359375  13140.41503906  
0.39600    333580.75000000 176133.67187500 474763.56250000 764.65698242    19502.96093750  13262.31738281  
0.39700    334434.15625000 176769.21875000 476224.96875000 761.23181152    19631.37304688  13379.84277344  
0.39800    335333.81250000 177443.56250000 477760.96875000 757.70843506    19754.91601562  13493.07128906  
0.39900    336248.81250000 178128.34375000 479329.62500000 754.10156250    19872.01367188  13601.34179688  
0.40000    337183.50000000 178830.85937500 480935.18750000 750.40612793    19983.27734375  13705.07910156  
0.40100    338124.18750000 179544.82812500 482564.21875000 746.62908936    20088.42382812  13803.58203125  
0.40200    339107.00000000 180284.68750000 484253.15625000 742.79669189    20188.39062500  13898.33007812  
0.40300    340071.62500000 181015.51562500 485918.87500000 738.87677002    20281.66210938  13987.53417969  
0.40400    341054.40625000 181763.01562500 487613.71875000 734.90838623    20370.25390625  14072.67578125  
0.40500    342037.03125000 182505.89062500 489315.46875000 730.87475586    20452.73046875  14153.12500000  
0.40600    343035.43750000 183262.23437500 491041.25000000 726.80908203    20530.46679688  14229.59179688  
0.40700    344015.84375000 184006.76562500 492741.96875000 722.68719482    20602.31445312  14300.99121094  
0.40800    344990.78125000 184744.98437500 494425.00000000 718.52447510    20668.46289062  14367.82128906  
0.40900    345951.09375000 185472.48437500 496088.71875000 714.33117676    20729.38867188  14430.38671875  
0.41000    346928.00000000 186203.57812500 497765.87500000 710.12084961    20786.10742188  14489.20312500  
0.41100    347876.53125000 186915.65625000 499401.96875000 705.88037109    20837.17187500  14543.42187500  
0.41200    348800.87500000 187608.89062500 500989.28125000 701.61071777    20883.01171875  14593.17187500  
0.41300    349733.00000000 188300.46875000 502586.75000000 697.35375977    20925.12890625  14639.65039062  
0.41400    350626.50000000 188961.48437500 504120.12500000 693.07727051    20961.82421875  14681.49707031  
0.41500    351527.90625000 189622.12500000 505649.09375000 688.80706787    20994.61328125  14719.98437500  
0.41600    352371.28125000 190239.53125000 507085.00000000 684.52911377    21022.11914062  14753.89257812  
0.41700    353231.90625000 190859.92187500 508536.21875000 680.27313232    21046.41015625  14785.11328125  
0.41800    354088.90625000 191470.89062500 509970.68750000 676.03503418    21067.17187500  14812.99609375  
0.41900    354863.62500000 192017.84375000 511265.37500000 671.78729248    21081.84960938  14835.80664062  
0.42000    355660.78125000 192571.25000000 512584.28125000 667.57672119    21094.00585938  14856.52441406  
0.42100    356443.15625000 193106.40625000 513861.81250000 663.39196777    21102.90039062  14874.10351562  
0.42200    357198.93750000 193614.79687500 515097.18750000 659.23138428    21107.90625000  14888.35253906  
0.42300    357907.34375000 194087.53125000 516244.12500000 655.08563232    21108.94726562  14898.94921875  
0.42400    358610.50000000 194540.64062500 517359.06250000 650.98107910    21106.76367188  14906.73437500  
0.42500    359290.87500000 194973.28125000 518437.40625000 646.91229248    21101.31640625  14911.84570312  
0.42600    359929.65625000 195368.20312500 519439.09375000 642.86248779    21092.33789062  14913.57421875  
0.42700    360573.25000000 195757.12500000 520434.93750000 638.86987305    21081.02343750  14913.34375000  
0.42800    361178.28125000 196105.93750000 521336.21875000 634.89453125    21065.90039062  14909.65820312  
0.42900    361784.84375000 196449.79687500 522246.00000000 630.97650146    21048.83007812  14904.33105469  
0.43000    362350.46875000 196754.79687500 523079.53125000 627.08740234    21028.42773438  14896.06835938  
0.43100    362872.81250000 197019.01562500 523818.18750000 623.22558594    21004.01953125  14884.48828125  
0.43200    363402.84375000 197283.32812500 524566.43750000 619.41162109    20978.49414062  14871.59472656  
0.43300    363891.40625000 197508.76562500 525234.25000000 615.63653564    20949.08593750  14855.50976562  
0.43400    364369.06250000 197717.00000000 525869.87500000 611.89770508    20917.22265625  14837.45800781  
0.43500    364808.96875000 197891.60937500 526436.87500000 608.19091797    20882.70507812  14816.87500000  
0.43600    365263.40625000 198064.73437500 527010.81250000 604.53277588    20846.54492188  14795.13671875  
0.43700    365656.43750000 198190.29687500 527478.12500000 600.89495850    20806.45703125  14770.01367188  
0.43800    366018.50000000 198291.18750000 527886.81250000 597.29589844    20763.76367188  14742.83105469  
0.43900    366382.68750000 198377.90625000 528282.93750000 593.73242188    20719.11718750  14713.86914062  
0.44000    366717.06250000 198443.78125000 528634.93750000 590.19342041    20671.69531250  14682.93652344  
0.44100    367028.87500000 198483.67187500 528932.25000000 586.68829346    20621.70703125  14649.75585938  
0.44200    367319.78125000 198504.54687500 529187.25000000 583.20941162    20569.39062500  14614.65625000  
0.44300    367586.03125000 198507.07812500 529398.93750000 579.76599121    20514.20898438  14577.59960938  
0.44400    367836.59375000 198488.15625000 529575.81250000 576.34680176    20457.01757812  14538.70703125  
0.44500    368023.50000000 198423.01562500 529643.81250000 572.93688965    20395.75976562  14497.00976562  
0.44600    368205.03125000 198350.78125000 529698.43750000 569.55725098    20332.53320312  14453.60351562  
0.44700    368384.50000000 198273.03125000 529736.50000000 566.20593262    20267.38085938  14408.88574219  
0.44800    368501.87500000 198154.64062500 529686.00000000 562.85638428    20198.77343750  14361.83203125  
0.44900    368629.06250000 198036.31250000 529638.68750000 559.54888916    20128.53125000  14313.27734375  
0.45000    368733.12500000 197900.23437500 529544.43750000 556.25738525    20055.82617188  14263.28906250  
0.45100    368774.56250000 197723.56250000 529359.56250000 552.96502686    19979.40820312  14210.40234375  
0.45200    368814.68750000 197544.96875000 529169.50000000 549.70452881    19901.28125000  14156.47167969  
0.45300    368815.15625000 197339.00000000 528908.12500000 546.45922852    19819.95703125  14100.35156250  
0.45400    368799.75000000 197123.56250000 528621.43750000 543.22235107    19736.63085938  14042.75097656  
0.45500    368757.12500000 196893.93750000 528301.18750000 540.00885010    19650.85937500  13983.71289062  
0.45600    368679.37500000 196637.82812500 527916.87500000 536.79907227    19562.06250000  13922.58691406  
0.45700    368582.93750000 196376.64062500 527512.50000000 533.61468506    19471.33203125  13860.15039062  
0.45800    368446.56250000 196089.76562500 527039.12500000 530.44378662    19377.84765625  13796.16992188  
0.45900    368279.18750000 195789.73437500 526527.87500000 527.28417969    19281.55859375  13730.24121094  
0.46000    368116.50000000 195491.95312500 526024.75000000 524.15197754    19184.51953125  13664.02636719  
0.46100    367879.06250000 195151.09375000 525407.25000000 521.02148438    19083.17578125  13594.87597656  
0.46200    367650.09375000 194825.00000000 524813.87500000 517.92150879    18981.12109375  13525.71191406  
0.46300    367378.25000000 194472.60937500 524147.65625000 514.83233643    18876.24218750  13454.63378906  
0.46400    367067.12500000 194101.59375000 523433.25000000 511.76422119    18769.08203125  13382.31835938  
0.46500    366747.21875000 193732.79687500 522716.50000000 508.71829224    18660.48437500  13309.18554688  
0.46600    366387.71875000 193343.15625000 521934.93750000 505.69445801    18549.58203125  13234.60742188  
0.46700    365988.03125000 192937.34375000 521097.93750000 502.68255615    18436.25195312  13158.83300781  
0.46800    365597.18750000 192543.25000000 520289.62500000 499.70532227    18322.18750000  13082.95117188  
0.46900    365140.96875000 192114.51562500 519381.56250000 496.74505615    18205.39453125  13005.36035156  
0.47000    364663.37500000 191684.46875000 518457.75000000 493.81250000    18087.04882812  12926.97851562  
0.47100    364168.00000000 191249.34375000 517510.71875000 490.91415405    17967.82226562  12848.37792969  
0.47200    363641.18750000 190804.64062500 516528.53125000 488.04010010    17846.92578125  12768.92480469  
0.47300    363100.46875000 190359.29687500 515528.81250000 485.19735718    17724.94531250  12689.13671875  
0.47400    362498.93750000 189886.39062500 514449.87500000 482.37780762    17600.61132812  12607.90332031  
0.47500    361894.15625000 189424.85937500 513377.96875000 479.59600830    17475.98242188  12527.13281250  
0.47600    361283.00000000 188962.62500000 512304.40625000 476.85498047    17350.96679688  12446.35839844  
0.47700    360598.56250000 188465.90625000 511124.31250000 474.12530518    17223.24023438  12363.78710938  
0.47800    359913.50000000 187979.62500000 509961.78125000 471.44076538    17095.60546875  12281.93652344  
0.47900    359221.56250000 187498.48437500 508797.03125000 468.80187988    16967.59765625  12200.30859375  
0.48000    358471.62500000 186993.81250000 507550.25000000 466.18203735    16838.09179688  12117.70605469  
0.48100    357746.03125000 186514.12500000 506361.37500000 463.61364746    16709.06445312  12036.06445312  
0.48200    356934.84375000 185988.39062500 505043.40625000 461.05264282    16577.72070312  11952.92675781  
0.48300    356120.46875000 185472.31250000 503729.50000000 458.54321289    16446.75781250  11870.41992188  
0.48400    355296.34375000 184961.85937500 502421.50000000 456.06655884    16315.79101562  11788.29003906  
0.48500    354440.15625000 184442.23437500 501074.28125000 453.62460327    16183.95800781  11706.15234375  
0.48600    353578.68750000 183930.39062500 499733.25000000 451.22222900    16052.64648438  11624.52539062  
0.48700    352686.81250000 183405.98437500 498348.37500000 448.84857178    15920.66601562  11542.71777344  
0.48800    351747.21875000 182863.45312500 496910.06250000 446.49591064    15787.80371094  11460.55273438  
0.48900    350808.81250000 182331.75000000 495477.25000000 444.18325806    15655.30273438  11379.04296875  
0.49000    349854.40625000 181797.76562500 494030.15625000 441.89752197    15523.18652344  11298.09277344  
0.49100    348890.03125000 181269.43750000 492584.25000000 439.64978027    15391.53125000  11217.47753906  
0.49200    347884.09375000 180721.04687500 491072.65625000 437.41693115    15258.85351562  11136.41210938  
0.49300    346866.37500000 180175.50000000 489564.12500000 435.21615601    15126.76464844  11056.01269531  
0.49400    345832.71875000 179627.48437500 488037.50000000 433.03729248    14994.55859375  10975.87695312  
0.49500    344770.46875000 179071.48437500 486475.90625000 430.87799072    14862.27050781  10895.75292969  
0.49600    343709.12500000 178524.98437500 484924.84375000 428.74536133    14730.88085938  10816.45214844  
0.49700    342608.87500000 177960.37500000 483319.31250000 426.61920166    14598.83300781  10736.70800781  
0.49800    341509.31250000 177399.81250000 481721.96875000 424.51934814    14467.30566406  10657.57519531  
0.49900    340370.28125000 176823.56250000 480071.28125000 422.42871094    14335.41894531  10577.98437500  
0.50000    339229.46875000 176254.46875000 478430.90625000 420.35266113    14204.23535156  10499.24902344  
