# SAXS profile: number of points = 501, q_min = 0, q_max = 0.5, delta_q = 0.001
#    q    intensity 
0.00000    162236688.00000000 101201384.00000000 256271264.00000000 100937.71093750 8093452.00000000 6392207.00000000 
0.00100    162212528.00000000 101186160.00000000 256231872.00000000 100916.82812500 8091973.50000000 6391060.50000000 
0.00200    162137248.00000000 101138512.00000000 256112224.00000000 100854.42968750 8087537.00000000 6387563.50000000 
0.00300    162011136.00000000 101060200.00000000 255912592.00000000 100751.38281250 8080171.00000000 6381753.50000000 
0.00400    161834240.00000000 100950896.00000000 255632816.00000000 100606.85156250 8069869.00000000 6373633.00000000 
0.00500    161606224.00000000 100810104.00000000 255273872.00000000 100420.89062500 8056648.00000000 6363231.50000000 
0.00600    161326512.00000000 100638256.00000000 254836320.00000000 100194.21875000 8040482.00000000 6350501.00000000 
0.00700    160997184.00000000 100435312.00000000 254319296.00000000 99927.36718750  8021440.00000000 6335524.50000000 
0.00800    160618784.00000000 100201264.00000000 253724288.00000000 99620.04687500  7999518.50000000 6318326.50000000 
0.00900    160190448.00000000 99937944.00000000 253052304.00000000 99273.88281250  7974776.00000000 6298865.50000000 
0.01000    159711472.00000000 99643752.00000000 252304416.00000000 98887.24218750  7947203.50000000 6277141.00000000 
0.01100    159186048.00000000 99320024.00000000 251480464.00000000 98462.14062500  7916816.50000000 6253257.50000000 
0.01200    158612720.00000000 98966488.00000000 250578624.00000000 97998.69531250  7883705.00000000 6227206.00000000 
0.01300    157993248.00000000 98584032.00000000 249603984.00000000 97497.11718750  7847880.50000000 6199019.00000000 
0.01400    157325120.00000000 98172272.00000000 248555184.00000000 96958.99218750  7809337.50000000 6168702.50000000 
0.01500    156613120.00000000 97731952.00000000 247434640.00000000 96383.94531250  7768212.50000000 6136301.50000000 
0.01600    155853056.00000000 97264080.00000000 246241952.00000000 95772.99218750  7724407.50000000 6101914.00000000 
0.01700    155049632.00000000 96767608.00000000 244979632.00000000 95127.48437500  7678132.00000000 6065464.00000000 
0.01800    154200768.00000000 96244792.00000000 243647952.00000000 94446.96093750  7629352.00000000 6027107.50000000 
0.01900    153310096.00000000 95694864.00000000 242248832.00000000 93733.34375000  7578098.50000000 5986788.50000000 
0.02000    152377760.00000000 95119696.00000000 240782352.00000000 92986.63281250  7524497.00000000 5944625.00000000 
0.02100    151403696.00000000 94518552.00000000 239251552.00000000 92209.01562500  7468565.00000000 5900579.50000000 
0.02200    150387520.00000000 93892184.00000000 237656224.00000000 91399.89843750  7410334.50000000 5854777.00000000 
0.02300    149332832.00000000 93240912.00000000 235999856.00000000 90561.23437500  7349908.50000000 5807222.00000000 
0.02400    148240192.00000000 92566000.00000000 234281232.00000000 89693.37500000  7287333.00000000 5758007.50000000 
0.02500    147110560.00000000 91868328.00000000 232505600.00000000 88798.21093750  7222707.00000000 5707141.50000000 
0.02600    145942160.00000000 91148704.00000000 230670688.00000000 87875.50781250  7156088.50000000 5654703.00000000 
0.02700    144739568.00000000 90406104.00000000 228781120.00000000 86927.73437500  7087504.00000000 5600749.00000000 
0.02800    143503248.00000000 89642616.00000000 226837792.00000000 85954.60156250  7017061.50000000 5545286.50000000 
0.02900    142233696.00000000 88858856.00000000 224842400.00000000 84958.24218750  6944797.00000000 5488458.50000000 
0.03000    140931824.00000000 88054168.00000000 222795472.00000000 83939.48437500  6870828.50000000 5430193.50000000 
0.03100    139598224.00000000 87231512.00000000 220700656.00000000 82899.15625000  6795216.50000000 5370691.50000000 
0.03200    138235856.00000000 86390064.00000000 218558816.00000000 81838.71875000  6718051.00000000 5309920.00000000 
0.03300    136845840.00000000 85530600.00000000 216373632.00000000 80759.64843750  6639369.00000000 5248024.00000000 
0.03400    135427744.00000000 84654616.00000000 214144400.00000000 79662.54687500  6559318.50000000 5184957.00000000 
0.03500    133983920.00000000 83762440.00000000 211874208.00000000 78548.65625000  6477879.00000000 5120866.50000000 
0.03600    132515448.00000000 82854696.00000000 209564992.00000000 77419.33593750  6395213.00000000 5055772.50000000 
0.03700    131023312.00000000 81933080.00000000 207219968.00000000 76275.67968750  6311388.00000000 4989762.00000000 
0.03800    129509608.00000000 80997232.00000000 204838192.00000000 75119.38281250  6226407.00000000 4922868.50000000 
0.03900    127975032.00000000 80047960.00000000 202425920.00000000 73950.21093750  6140435.00000000 4855184.50000000 
0.04000    126421088.00000000 79086776.00000000 199980464.00000000 72771.34375000  6053535.00000000 4786765.50000000 
0.04100    124848608.00000000 78114848.00000000 197507440.00000000 71582.66406250  5965799.50000000 4717673.00000000 
0.04200    123259040.00000000 77131520.00000000 195007312.00000000 70385.64843750  5877272.00000000 4647938.00000000 
0.04300    121654032.00000000 76138232.00000000 192482768.00000000 69181.28906250  5788054.00000000 4577687.50000000 
0.04400    120034584.00000000 75136672.00000000 189934560.00000000 67971.38281250  5698224.50000000 4506920.50000000 
0.04500    118402496.00000000 74126312.00000000 187366320.00000000 66756.63281250  5607866.00000000 4435756.50000000 
0.04600    116758480.00000000 73108784.00000000 184778912.00000000 65538.10937500  5517057.00000000 4364205.00000000 
0.04700    115104040.00000000 72085136.00000000 182177056.00000000 64317.10546875  5425863.50000000 4292366.50000000 
0.04800    113440864.00000000 71055320.00000000 179559392.00000000 63094.68359375  5334403.00000000 4220298.50000000 
0.04900    111769776.00000000 70020192.00000000 176926576.00000000 61871.65234375  5242685.50000000 4148033.50000000 
0.05000    110091592.00000000 68981224.00000000 174287104.00000000 60649.77343750  5150851.50000000 4075655.00000000 
0.05100    108408776.00000000 67937992.00000000 171637248.00000000 59429.39062500  5058941.00000000 4003211.50000000 
0.05200    106721504.00000000 66892480.00000000 168980560.00000000 58211.87890625  4966999.50000000 3930760.25000000 
0.05300    105031360.00000000 65845152.00000000 166319680.00000000 56998.14062500  4875160.50000000 3858369.00000000 
0.05400    103339488.00000000 64796148.00000000 163655344.00000000 55789.49218750  4783429.00000000 3786061.50000000 
0.05500    101647368.00000000 63747100.00000000 160989792.00000000 54586.48828125  4691954.50000000 3713949.75000000 
0.05600    99955672.00000000 62698176.00000000 158325872.00000000 53389.70703125  4600757.00000000 3642040.75000000 
0.05700    98266312.00000000 61650036.00000000 155664704.00000000 52201.12109375  4509897.00000000 3570414.75000000 
0.05800    96579368.00000000 60603808.00000000 153008192.00000000 51020.84375000  4419425.00000000 3499089.25000000 
0.05900    94897008.00000000 59559672.00000000 150357696.00000000 49849.85937500  4329455.50000000 3428118.00000000 
0.06000    93220368.00000000 58518796.00000000 147714320.00000000 48688.73828125  4240033.50000000 3357591.50000000 
0.06100    91549208.00000000 57481264.00000000 145081728.00000000 47538.81640625  4151139.50000000 3287515.50000000 
0.06200    89885648.00000000 56448272.00000000 142458480.00000000 46400.51953125  4062958.00000000 3217921.00000000 
0.06300    88230376.00000000 55420164.00000000 139849120.00000000 45274.26171875  3975475.75000000 3148918.50000000 
0.06400    86583896.00000000 54397508.00000000 137254688.00000000 44160.94140625  3888711.50000000 3080464.00000000 
0.06500    84948712.00000000 53380964.00000000 134674960.00000000 43061.60546875  3802787.50000000 3012649.25000000 
0.06600    83323752.00000000 52371312.00000000 132114008.00000000 41976.24218750  3717703.25000000 2945535.25000000 
0.06700    81711152.00000000 51368588.00000000 129571032.00000000 40905.83593750  3633529.00000000 2879096.75000000 
0.06800    80111256.00000000 50373844.00000000 127047640.00000000 39850.60546875  3550301.50000000 2813410.00000000 
0.06900    78525296.00000000 49387464.00000000 124545592.00000000 38811.48046875  3468060.50000000 2748485.75000000 
0.07000    76953608.00000000 48409804.00000000 122066616.00000000 37788.44140625  3386854.25000000 2684377.50000000 
0.07100    75397008.00000000 47441280.00000000 119611520.00000000 36782.14843750  3306703.00000000 2621097.50000000 
0.07200    73856976.00000000 46482464.00000000 117181312.00000000 35792.91796875  3227649.50000000 2558673.00000000 
0.07300    72333968.00000000 45533864.00000000 114776528.00000000 34821.42578125  3149731.25000000 2497152.00000000 
0.07400    70827944.00000000 44595880.00000000 112399448.00000000 33867.42968750  3072982.25000000 2436523.25000000 
0.07500    69339552.00000000 43668984.00000000 110050728.00000000 32931.58593750  2997408.50000000 2376832.75000000 
0.07600    67870408.00000000 42753456.00000000 107730464.00000000 32014.15820312  2923070.25000000 2318111.25000000 
0.07700    66419984.00000000 41849664.00000000 105440744.00000000 31115.13281250  2849960.50000000 2260345.00000000 
0.07800    64989180.00000000 40957788.00000000 103181264.00000000 30235.09570312  2778118.50000000 2203580.75000000 
0.07900    63578804.00000000 40078360.00000000 100954040.00000000 29373.60351562  2707554.25000000 2147828.75000000 
0.08000    62189276.00000000 39211456.00000000 98758872.00000000 28531.27539062  2638295.50000000 2093082.25000000 
0.08100    60820660.00000000 38357696.00000000 96596440.00000000 27708.03515625  2570359.25000000 2039382.37500000 
0.08200    59473352.00000000 37516740.00000000 94468128.00000000 26903.91406250  2503730.00000000 1986709.50000000 
0.08300    58148064.00000000 36689452.00000000 92373784.00000000 26118.99609375  2438450.50000000 1935099.00000000 
0.08400    56844784.00000000 35875568.00000000 90313888.00000000 25353.10937500  2374503.25000000 1884529.50000000 
0.08500    55563992.00000000 35075648.00000000 88289184.00000000 24606.46289062  2311915.50000000 1835032.50000000 
0.08600    54306032.00000000 34289968.00000000 86300744.00000000 23878.94921875  2250698.50000000 1786609.50000000 
0.08700    53071080.00000000 33518046.00000000 84348352.00000000 23170.33789062  2190821.25000000 1739250.37500000 
0.08800    51858916.00000000 32760340.00000000 82431440.00000000 22480.81054688  2132294.00000000 1692953.50000000 
0.08900    50670024.00000000 32017084.00000000 80551584.00000000 21809.76171875  2075152.25000000 1647732.87500000 
0.09000    49504844.00000000 31288366.00000000 78708480.00000000 21157.45703125  2019331.00000000 1603577.75000000 
0.09100    48362764.00000000 30574020.00000000 76902056.00000000 20523.46679688  1964888.62500000 1560471.75000000 
0.09200    47244472.00000000 29874384.00000000 75132624.00000000 19907.71289062  1911782.00000000 1518444.25000000 
0.09300    46149944.00000000 29189368.00000000 73400856.00000000 19309.80273438  1860022.87500000 1477456.62500000 
0.09400    45078892.00000000 28518796.00000000 71705576.00000000 18729.82812500  1809569.87500000 1437521.00000000 
0.09500    44031648.00000000 27862894.00000000 70047800.00000000 18167.19531250  1760441.75000000 1398618.00000000 
0.09600    43007608.00000000 27221576.00000000 68427544.00000000 17621.93359375  1712622.87500000 1360737.25000000 
0.09700    42007356.00000000 26595004.00000000 66843688.00000000 17093.44140625  1666086.75000000 1323881.00000000 
0.09800    41030492.00000000 25982690.00000000 65296756.00000000 16581.67382812  1620825.75000000 1288022.37500000 
0.09900    40076704.00000000 25385120.00000000 63787260.00000000 16086.21582031  1576824.50000000 1253171.62500000 
0.10000    39146528.00000000 24801738.00000000 62313788.00000000 15606.56054688  1534064.00000000 1219276.62500000 
0.10100    38238788.00000000 24232690.00000000 60876132.00000000 15142.59082031  1492522.00000000 1186355.12500000 
0.10200    37354104.00000000 23677896.00000000 59475052.00000000 14693.90234375  1452181.37500000 1154379.87500000 
0.10300    36492004.00000000 23137026.00000000 58109248.00000000 14260.15722656  1413025.25000000 1123346.25000000 
0.10400    35652536.00000000 22610308.00000000 56779192.00000000 13840.91894531  1375032.37500000 1093221.00000000 
0.10500    34834872.00000000 22097200.00000000 55483680.00000000 13435.81933594  1338176.75000000 1063999.12500000 
0.10600    34039036.00000000 21597758.00000000 54222520.00000000 13044.48437500  1302432.50000000 1035645.87500000 
0.10700    33264810.00000000 21111668.00000000 52995436.00000000 12666.61718750  1267782.25000000 1008166.37500000 
0.10800    32511984.00000000 20639000.00000000 51802328.00000000 12301.64355469  1234201.62500000 981525.37500000 
0.10900    31779896.00000000 20179282.00000000 50642020.00000000 11949.37109375  1201651.12500000 955706.18750000 
0.11000    31068436.00000000 19732456.00000000 49514748.00000000 11609.34570312  1170123.62500000 930691.31250000 
0.11100    30377372.00000000 19298472.00000000 48419352.00000000 11281.07031250  1139600.37500000 906465.43750000 
0.11200    29705986.00000000 18876828.00000000 47355160.00000000 10964.33203125  1110032.75000000 882996.12500000 
0.11300    29054648.00000000 18467460.00000000 46322440.00000000 10658.58398438  1081408.75000000 860273.81250000 
0.11400    28422298.00000000 18070046.00000000 45319848.00000000 10363.58886719  1053692.50000000 838274.31250000 
0.11500    27808644.00000000 17684680.00000000 44346964.00000000 10078.77929688  1026867.00000000 816976.18750000 
0.11600    27213488.00000000 17310678.00000000 43403364.00000000 9804.01367188   1000902.37500000 796358.06250000 
0.11700    26636398.00000000 16948006.00000000 42488084.00000000 9538.66992188   975775.87500000 776397.12500000 
0.11800    26076784.00000000 16596372.00000000 41600944.00000000 9282.42187500   951450.25000000 757076.68750000 
0.11900    25534264.00000000 16255422.00000000 40740888.00000000 9035.07910156   927900.43750000 738373.81250000 
0.12000    25008470.00000000 15925255.00000000 39907024.00000000 8796.06640625   905105.62500000 720262.81250000 
0.12100    24499166.00000000 15605243.00000000 39099648.00000000 8565.22167969   883042.75000000 702733.93750000 
0.12200    24005664.00000000 15295172.00000000 38317060.00000000 8342.07128906   861679.50000000 685757.43750000 
0.12300    23527734.00000000 14994880.00000000 37559212.00000000 8126.35400391   840995.25000000 669318.93750000 
0.12400    23064698.00000000 14704084.00000000 36825648.00000000 7917.65332031   820951.50000000 653387.37500000 
0.12500    22616388.00000000 14422406.00000000 36114372.00000000 7715.73925781   801540.68750000 637960.62500000 
0.12600    22182044.00000000 14149753.00000000 35426384.00000000 7520.34228516   782735.06250000 623006.06250000 
0.12700    21761618.00000000 13885802.00000000 34760024.00000000 7330.98242188   764497.50000000 608505.18750000 
0.12800    21354482.00000000 13630301.00000000 34114796.00000000 7147.54980469   746813.50000000 594447.93750000 
0.12900    20960090.00000000 13382789.00000000 33489870.00000000 6969.69091797   729663.43750000 580808.18750000 
0.13000    20578090.00000000 13143177.00000000 32884728.00000000 6797.15722656   713013.93750000 567564.62500000 
0.13100    20208194.00000000 12911234.00000000 32298728.00000000 6629.62939453   696853.12500000 554709.68750000 
0.13200    19849876.00000000 12686518.00000000 31731128.00000000 6466.89892578   681151.31250000 542223.75000000 
0.13300    19502776.00000000 12469008.00000000 31181284.00000000 6308.78906250   665891.25000000 530081.68750000 
0.13400    19166422.00000000 12258281.00000000 30648746.00000000 6154.99072266   651053.12500000 518273.43750000 
0.13500    18840422.00000000 12054131.00000000 30132664.00000000 6005.30712891   636617.81250000 506786.75000000 
0.13600    18524208.00000000 11856169.00000000 29632354.00000000 5859.55615234   622558.81250000 495604.03125000 
0.13700    18217714.00000000 11664362.00000000 29147228.00000000 5717.52343750   608868.56250000 484703.71875000 
0.13800    17920394.00000000 11478400.00000000 28676740.00000000 5579.02001953   595523.00000000 474080.31250000 
0.13900    17631800.00000000 11297960.00000000 28220428.00000000 5443.94677734   582506.06250000 463716.81250000 
0.14000    17351784.00000000 11122898.00000000 27777320.00000000 5312.02050781   569799.31250000 453604.25000000 
0.14100    17079582.00000000 10952991.00000000 27347140.00000000 5183.22412109   557394.18750000 443725.15625000 
0.14200    16815212.00000000 10787891.00000000 26929094.00000000 5057.27734375   545264.56250000 434068.75000000 
0.14300    16558179.00000000 10627537.00000000 26523086.00000000 4934.13085938   533402.25000000 424620.81250000 
0.14400    16308165.00000000 10471595.00000000 26127866.00000000 4813.65527344   521795.21875000 415373.09375000 
0.14500    16064732.00000000 10319926.00000000 25743634.00000000 4695.67285156   510429.71875000 406319.84375000 
0.14600    15827801.00000000 10172272.00000000 25369306.00000000 4580.19775391   499292.56250000 397444.56250000 
0.14700    15596976.00000000 10028515.00000000 25004736.00000000 4467.08496094   488371.59375000 388744.90625000 
0.14800    15371750.00000000 9888336.00000000 24649400.00000000 4356.16259766   477655.53125000 380204.62500000 
0.14900    15152071.00000000 9751649.00000000 24302608.00000000 4247.41845703   467133.43750000 371817.46875000 
0.15000    14937560.00000000 9618208.00000000 23964144.00000000 4140.83984375   456799.09375000 363578.53125000 
0.15100    14727922.00000000 9487913.00000000 23633526.00000000 4036.21997070   446641.93750000 355479.46875000 
0.15200    14523016.00000000 9360588.00000000 23310376.00000000 3933.69824219   436657.28125000 347515.96875000 
0.15300    14322422.00000000 9236053.00000000 22994044.00000000 3833.01831055   426829.31250000 339678.03125000 
0.15400    14126026.00000000 9114077.00000000 22684412.00000000 3734.25952148   417153.81250000 331957.15625000 
0.15500    13933625.00000000 8994622.00000000 22380924.00000000 3637.34375000   407629.62500000 324356.68750000 
0.15600    13744744.00000000 8877481.00000000 22083348.00000000 3542.23876953   398242.03125000 316866.15625000 
0.15700    13559610.00000000 8762554.00000000 21791312.00000000 3448.97558594   388998.06250000 309485.12500000 
0.15800    13377562.00000000 8649613.00000000 21504582.00000000 3357.40576172   379881.12500000 302203.65625000 
0.15900    13198691.00000000 8538678.00000000 21222770.00000000 3267.63427734   370889.50000000 295023.46875000 
0.16000    13022723.00000000 8429511.00000000 20945474.00000000 3179.55322266   362020.93750000 287939.81250000 
0.16100    12849554.00000000 8322197.50000000 20672650.00000000 3093.25122070   353276.18750000 280949.62500000 
0.16200    12679023.00000000 8216345.00000000 20403692.00000000 3008.63769531   344644.12500000 274051.34375000 
0.16300    12510830.00000000 8112054.50000000 20138746.00000000 2925.72875977   336129.34375000 267242.81250000 
0.16400    12345073.00000000 8009142.50000000 19877400.00000000 2844.53881836   327722.90625000 260520.85937500 
0.16500    12181325.00000000 7907562.50000000 19619410.00000000 2765.04345703   319430.15625000 253885.84375000 
0.16600    12019790.00000000 7807231.50000000 19364550.00000000 2687.27636719   311242.90625000 247336.50000000 
0.16700    11860111.00000000 7708034.50000000 19112554.00000000 2611.16894531   303162.81250000 240869.01562500 
0.16800    11702037.00000000 7609889.00000000 18863550.00000000 2536.80541992   295190.87500000 234485.28125000 
0.16900    11545968.00000000 7512850.50000000 18617168.00000000 2464.17749023   287326.43750000 228187.28125000 
0.17000    11391371.00000000 7416663.00000000 18373274.00000000 2393.24853516   279566.75000000 221969.45312500 
0.17100    11238359.00000000 7321444.50000000 18131630.00000000 2324.05053711   271914.15625000 215834.37500000 
0.17200    11086740.00000000 7227019.50000000 17892174.00000000 2256.60791016   264364.90625000 209784.20312500 
0.17300    10936526.00000000 7133448.00000000 17655014.00000000 2190.89062500   256924.82812500 203816.28125000 
0.17400    10787697.00000000 7040577.00000000 17419690.00000000 2126.94482422   249591.21875000 197932.32812500 
0.17500    10640121.00000000 6948458.00000000 17186330.00000000 2064.72753906   242364.35937500 192133.35937500 
0.17600    10493668.00000000 6856950.00000000 16954668.00000000 2004.24670410   235245.59375000 186418.48437500 
0.17700    10348486.00000000 6766125.00000000 16725004.00000000 1945.55761719   228238.42187500 180789.73437500 
0.17800    10204370.00000000 6675886.00000000 16496786.00000000 1888.60742188   221337.71875000 175247.28125000 
0.17900    10061400.00000000 6586273.00000000 16270294.00000000 1833.43139648   214553.18750000 169794.00000000 
0.18000    9919397.00000000 6497200.00000000 16045316.00000000 1780.00329590   207879.07812500 164428.12500000 
0.18100    9778618.00000000 6408769.00000000 15821988.00000000 1728.36584473   201322.45312500 159155.53125000 
0.18200    9638682.00000000 6320773.50000000 15599885.00000000 1678.42370605   194876.17187500 153968.34375000 
0.18300    9499805.00000000 6233335.50000000 15379509.00000000 1630.23925781   188548.71875000 148874.95312500 
0.18400    9361936.00000000 6146432.50000000 15160359.00000000 1583.79431152   182338.39062500 143873.96875000 
0.18500    9225064.00000000 6060055.50000000 14942895.00000000 1539.08386230   176248.57812500 138968.67187500 
0.18600    9089196.00000000 5974168.00000000 14726693.00000000 1496.07617188   170276.90625000 134156.37500000 
0.18700    8954193.00000000 5888784.50000000 14511936.00000000 1454.76354980   164428.54687500 129440.27343750 
0.18800    8820260.00000000 5803890.00000000 14298605.00000000 1415.13146973   158699.51562500 124820.99218750 
0.18900    8687365.00000000 5719547.50000000 14086754.00000000 1377.18225098   153097.59375000 120301.77343750 
0.19000    8555387.00000000 5635642.50000000 13876252.00000000 1340.81616211   147615.12500000 115876.00781250 
0.19100    8424524.00000000 5552365.50000000 13667377.00000000 1306.14575195   142263.73437500 111555.04687500 
0.19200    8294596.50000000 5469548.00000000 13459851.00000000 1273.01342773   137032.03125000 107329.97656250 
0.19300    8165763.50000000 5387317.50000000 13253902.00000000 1241.47741699   131931.96875000 103208.30468750 
0.19400    8037910.50000000 5305602.50000000 13049450.00000000 1211.47106934   126955.71093750 99184.49218750  
0.19500    7911166.50000000 5224454.50000000 12846522.00000000 1182.96240234   122107.01562500 95265.06250000  
0.19600    7785479.00000000 5143857.00000000 12645226.00000000 1155.93872070   117386.31250000 91445.46093750  
0.19700    7660942.00000000 5063893.00000000 12445475.00000000 1130.35607910   112793.46093750 87728.28906250  
0.19800    7537497.50000000 4984503.50000000 12247502.00000000 1106.15869141   108327.49218750 84112.82812500  
0.19900    7415221.50000000 4905743.50000000 12051168.00000000 1083.36511230   103991.84375000 80600.57031250  
0.20000    7294080.50000000 4827580.50000000 11856478.00000000 1061.88195801   99780.96875000  77188.67187500  
0.20100    7174153.50000000 4750081.00000000 11663583.00000000 1041.69531250   95697.65625000  73878.33593750  
0.20200    7055360.00000000 4673241.50000000 11472508.00000000 1022.74993896   91740.53125000  70669.72656250  
0.20300    6937947.00000000 4597078.50000000 11283226.00000000 1005.02294922   87910.81250000  67563.50781250  
0.20400    6821660.00000000 4521585.00000000 11095871.00000000 988.46026611    84203.78125000  64556.23046875  
0.20500    6706667.50000000 4446804.50000000 10910343.00000000 973.02239990    80621.71875000  61649.02343750  
0.20600    6592938.50000000 4372746.00000000 10726766.00000000 958.64447021    77161.96875000  58839.62890625  
0.20700    6480540.00000000 4299431.00000000 10545176.00000000 945.32299805    73824.87500000  56130.01171875  
0.20800    6369444.50000000 4226840.00000000 10365478.00000000 932.95947266    70605.80468750  53515.21484375  
0.20900    6259809.50000000 4155083.50000000 10188102.00000000 921.59838867    67511.98437500  51000.60546875  
0.21000    6151398.50000000 4084027.25000000 10012509.00000000 911.07592773    64529.27734375  48576.90234375  
0.21100    6044380.50000000 4013787.50000000 9839089.00000000 901.41821289    61664.94921875  46247.39062500  
0.21200    5938798.50000000 3944340.00000000 9667789.00000000 892.56890869    58913.10546875  44010.60546875  
0.21300    5834594.50000000 3875726.00000000 9498584.00000000 884.46356201    56273.64843750  41863.17578125  
0.21400    5731785.50000000 3807935.75000000 9331653.00000000 877.08605957    53744.29687500  39805.46875000  
0.21500    5630497.00000000 3741008.00000000 9166961.00000000 870.40844727    51324.35937500  37837.33984375  
0.21600    5530560.00000000 3674871.00000000 9004313.00000000 864.31622314    49007.04296875  35952.16406250  
0.21700    5432112.50000000 3609652.00000000 8844041.00000000 858.82385254    46795.25390625  34152.55859375  
0.21800    5335103.00000000 3545249.50000000 8685917.00000000 853.86639404    44683.12500000  32433.85351562  
0.21900    5239536.00000000 3481723.50000000 8530048.00000000 849.39117432    42668.39453125  30794.81835938  
0.22000    5145414.00000000 3419093.50000000 8376469.00000000 845.37634277    40749.94531250  29234.65625000  
0.22100    5052812.00000000 3357345.50000000 8225240.00000000 841.80041504    38926.70703125  27751.83007812  
0.22200    4961711.50000000 3296513.75000000 8076310.50000000 838.59753418    37193.10937500  26342.14062500  
0.22300    4872025.50000000 3236535.25000000 7929643.50000000 835.72564697    35547.44140625  25003.74218750  
0.22400    4783781.50000000 3177466.25000000 7785192.50000000 833.14544678    33985.03125000  23734.77343750  
0.22500    4697091.50000000 3119330.50000000 7643197.00000000 830.88732910    32509.26953125  22535.95507812  
0.22600    4611776.50000000 3062077.50000000 7503400.50000000 828.81567383    31109.74804688  21400.14843750  
0.22700    4528008.00000000 3005738.75000000 7366003.00000000 826.98352051    29789.70312500  20329.12304688  
0.22800    4445673.00000000 2950285.00000000 7230855.00000000 825.31579590    28542.46679688  19318.22851562  
0.22900    4364745.50000000 2895725.50000000 7097924.00000000 823.78375244    27365.84960938  18364.82226562  
0.23000    4285271.50000000 2842095.50000000 6967375.00000000 822.39038086    26259.09179688  17470.00000000  
0.23100    4207248.00000000 2789367.00000000 6839041.50000000 821.09368896    25218.17773438  16628.65234375  
0.23200    4130616.25000000 2737505.50000000 6712986.00000000 819.85003662    24238.25390625  15837.98730469  
0.23300    4055423.50000000 2686547.50000000 6589156.50000000 818.66516113    23319.52343750  15098.05371094  
0.23400    3981597.25000000 2636495.00000000 6467623.00000000 817.51605225    22459.15039062  14405.79492188  
0.23500    3909120.50000000 2587268.00000000 6348145.50000000 816.34735107    21650.32812500  13756.64941406  
0.23600    3838042.75000000 2538975.50000000 6230917.50000000 815.20025635    20895.32031250  13152.32812500  
0.23700    3768335.75000000 2491513.50000000 6115915.00000000 814.02526855    20189.32226562  12588.31152344  
0.23800    3699943.25000000 2444939.50000000 6003033.00000000 812.80627441    19530.54882812  12063.79980469  
0.23900    3632843.50000000 2399196.50000000 5892182.00000000 811.52996826    18913.87109375  11573.96777344  
0.24000    3567025.00000000 2354291.25000000 5783499.00000000 810.20373535    18339.59375000  11119.81835938  
0.24100    3502538.25000000 2310235.00000000 5676864.50000000 808.82928467    17805.79492188  10698.85253906  
0.24200    3439290.25000000 2267018.75000000 5572331.00000000 807.36456299    17308.07226562  10308.05468750  
0.24300    3377265.50000000 2224583.50000000 5469730.50000000 805.80407715    16843.27148438  9945.43945312   
0.24400    3316455.50000000 2182974.25000000 5369106.50000000 804.16204834    16411.23437500  9609.54687500   
0.24500    3256830.75000000 2142111.25000000 5270432.50000000 802.42535400    16008.41015625  9298.15234375   
0.24600    3198377.50000000 2102069.50000000 5173658.50000000 800.59948730    15633.07226562  9010.53320312   
0.24700    3141100.25000000 2062793.12500000 5078826.50000000 798.68090820    15284.56640625  8744.22070312   
0.24800    3084915.75000000 2024261.50000000 4985774.50000000 796.66064453    14958.75292969  8497.74902344   
0.24900    3029847.00000000 1986475.37500000 4894514.00000000 794.54199219    14654.18945312  8269.14550781   
0.25000    2975851.00000000 1949416.37500000 4805069.00000000 792.34698486    14370.03710938  8056.95214844   
0.25100    2922884.25000000 1913059.37500000 4717367.50000000 790.04156494    14102.68652344  7859.66503906   
0.25200    2871024.00000000 1877446.37500000 4631394.00000000 787.68286133    13853.67675781  7677.66015625   
0.25300    2820142.00000000 1842490.87500000 4547067.00000000 785.22528076    13618.58398438  7506.75097656   
0.25400    2770263.25000000 1808212.75000000 4464396.00000000 782.69866943    13396.62890625  7347.14599609   
0.25500    2721279.75000000 1774603.25000000 4383269.00000000 780.10449219    13186.01855469  7197.37207031   
0.25600    2673290.25000000 1741647.37500000 4303766.00000000 777.44403076    12986.46191406  7056.16650391   
0.25700    2626200.75000000 1709314.37500000 4225741.50000000 774.73181152    12795.44140625  6922.86572266   
0.25800    2580033.50000000 1677610.12500000 4149238.00000000 771.97778320    12612.96386719  6796.37158203   
0.25900    2534717.75000000 1646518.62500000 4074168.00000000 769.19171143    12437.11621094  6675.45019531   
0.26000    2490239.00000000 1616018.62500000 4000537.00000000 766.38220215    12267.73046875  6559.54785156   
0.26100    2446558.25000000 1586075.75000000 3928243.25000000 763.53588867    12101.65917969  6446.77148438   
0.26200    2403760.00000000 1556736.12500000 3857395.50000000 760.70758057    11941.91113281  6338.42480469   
0.26300    2361665.50000000 1527912.87500000 3787749.75000000 757.84191895    11782.33984375  6231.26367188   
0.26400    2320370.25000000 1499647.25000000 3719440.25000000 755.00988770    11627.29589844  6126.44824219   
0.26500    2279806.25000000 1471915.50000000 3652404.75000000 752.19244385    11473.49511719  6023.46435547   
0.26600    2239955.00000000 1444691.00000000 3586532.75000000 749.40435791    11320.86035156  5920.40380859   
0.26700    2200803.75000000 1417955.25000000 3521868.75000000 746.65423584    11169.17773438  5818.30224609   
0.26800    2162359.25000000 1391728.37500000 3458401.50000000 743.95788574    11018.04980469  5716.44042969   
0.26900    2124538.25000000 1365951.12500000 3396001.50000000 741.30407715    10865.78808594  5612.91699219   
0.27000    2087381.37500000 1340664.87500000 3334702.00000000 738.72351074    10713.70703125  5509.14257812   
0.27100    2050830.37500000 1315818.37500000 3274465.75000000 736.20568848    10560.46484375  5404.06689453   
0.27200    2014954.25000000 1291442.12500000 3215349.00000000 733.79638672    10408.30957031  5299.33251953   
0.27300    1979592.37500000 1267464.37500000 3157128.50000000 731.45306396    10252.58398438  5191.27246094   
0.27400    1944780.00000000 1243870.75000000 3099840.00000000 729.18652344    10094.46191406  5080.79052734   
0.27500    1910608.87500000 1220755.25000000 3043685.50000000 727.04962158    9938.04199219   4971.06298828   
0.27600    1876890.00000000 1197970.50000000 2988290.00000000 725.00164795    9777.58691406   4857.16455078   
0.27700    1843773.87500000 1175621.25000000 2933923.25000000 723.08404541    9617.72851562   4743.23291016   
0.27800    1811141.12500000 1153634.62500000 2880352.25000000 721.27929688    9455.51074219   4626.78955078   
0.27900    1779028.12500000 1132020.00000000 2827681.50000000 719.59851074    9292.43652344   4509.15869141   
0.28000    1747372.87500000 1110754.87500000 2775848.00000000 718.04772949    9128.16503906   4389.75732422   
0.28100    1716204.62500000 1089852.12500000 2724793.50000000 716.61981201    8962.66210938   4268.57031250   
0.28200    1685519.50000000 1069285.00000000 2674602.50000000 715.34051514    8797.63964844   4147.01367188   
0.28300    1655279.00000000 1049056.12500000 2625157.00000000 714.19604492    8631.09277344   4023.66113281   
0.28400    1625456.37500000 1029151.50000000 2576464.50000000 713.18469238    8464.25781250   3899.21166992   
0.28500    1596108.00000000 1009576.06250000 2528521.25000000 712.32226562    8298.39843750   3774.71020508   
0.28600    1567141.87500000 990292.00000000 2481306.50000000 711.58666992    8131.37744141   3648.47802734   
0.28700    1538623.50000000 971334.87500000 2434809.50000000 710.99780273    7965.76904297   3522.78222656   
0.28800    1510486.62500000 952654.25000000 2388989.50000000 710.55603027    7800.82666016   3396.97167969   
0.28900    1482785.00000000 934304.18750000 2343897.50000000 710.24835205    7637.79882812   3271.41503906   
0.29000    1455433.75000000 916205.12500000 2299448.25000000 710.07495117    7475.34960938   3145.96704102   
0.29100    1428521.75000000 898413.31250000 2255685.75000000 710.04162598    7315.80273438   3022.03466797   
0.29200    1401955.75000000 880886.81250000 2212550.00000000 710.14520264    7158.03564453   2898.99584961   
0.29300    1375788.62500000 863652.31250000 2170095.75000000 710.38348389    7003.84667969   2777.88598633   
0.29400    1349956.75000000 846659.31250000 2128205.25000000 710.73211670    6850.45703125   2657.08227539   
0.29500    1324536.50000000 829952.68750000 2086995.37500000 711.22290039    6702.90771484   2539.73925781   
0.29600    1299437.62500000 813492.00000000 2046369.87500000 711.81915283    6557.55078125   2423.92089844   
0.29700    1274692.25000000 797279.81250000 2006320.37500000 712.52374268    6415.79736328   2310.29711914   
0.29800    1250330.12500000 781337.75000000 1966896.75000000 713.35168457    6279.46777344   2200.43798828   
0.29900    1226321.00000000 765654.00000000 1928096.75000000 714.27874756    6148.37597656   2094.08300781   
0.30000    1202634.50000000 750196.00000000 1889836.12500000 715.29333496    6020.91503906   1990.15527344   
0.30100    1179323.75000000 735002.75000000 1852195.87500000 716.41662598    5899.87255859   1891.02148438   
0.30200    1156320.25000000 720027.87500000 1815072.50000000 717.60943604    5783.72119141   1794.93676758   
0.30300    1133696.50000000 705312.37500000 1778579.87500000 718.89154053    5674.50195312   1704.29333496   
0.30400    1111413.87500000 690832.00000000 1742655.75000000 720.24340820    5571.43994141   1617.95056152   
0.30500    1089444.50000000 676571.31250000 1707253.50000000 721.65246582    5473.87011719   1535.75915527   
0.30600    1067811.62500000 662547.00000000 1672411.25000000 723.12426758    5383.46728516   1458.84301758   
0.30700    1046545.56250000 648776.62500000 1638183.25000000 724.65283203    5301.17480469   1388.19323730   
0.30800    1025594.68750000 635211.50000000 1604441.50000000 726.21447754    5224.92919922   1322.05957031   
0.30900    1004994.75000000 621891.25000000 1571323.00000000 727.82550049    5157.23242188   1262.46337891   
0.31000    984733.62500000 608801.12500000 1538734.00000000 729.46197510    5096.82568359   1208.44262695   
0.31100    964795.68750000 595922.50000000 1506668.12500000 731.11431885    5044.27343750   1160.51989746   
0.31200    945199.31250000 583281.62500000 1475184.00000000 732.78558350    4999.28710938   1118.95849609   
0.31300    925947.62500000 570858.43750000 1444234.87500000 734.46917725    4963.12304688   1083.83764648   
0.31400    907051.56250000 558677.37500000 1413861.75000000 736.15576172    4935.65234375   1055.48400879   
0.31500    888455.87500000 546702.81250000 1384007.62500000 737.82879639    4915.51367188   1033.40576172   
0.31600    870217.12500000 534960.25000000 1354720.25000000 739.49737549    4904.66308594   1018.63995361   
0.31700    852327.00000000 523438.46875000 1325977.00000000 741.15222168    4902.84423828   1010.96643066   
0.31800    834753.18750000 512129.56250000 1297760.87500000 742.75994873    4908.24023438   1008.99670410   
0.31900    817541.37500000 501058.62500000 1270138.25000000 744.36346436    4923.99414062   1015.59930420   
0.32000    800668.12500000 490204.93750000 1243039.00000000 745.91632080    4947.51953125   1028.43957520   
0.32100    784121.37500000 479560.15625000 1216483.37500000 747.42633057    4979.83740234   1048.67504883   
0.32200    767937.87500000 469150.56250000 1190500.12500000 748.89709473    5021.82226562   1076.53039551   
0.32300    752063.75000000 458939.68750000 1165007.50000000 750.30505371    5070.89111328   1110.50439453   
0.32400    736534.06250000 448954.28125000 1140087.00000000 751.65051270    5129.09082031   1151.91992188   
0.32500    721353.31250000 439183.37500000 1115689.12500000 752.94140625    5195.96142578   1200.23999023   
0.32600    706505.56250000 429635.78125000 1091849.00000000 754.16497803    5271.15332031   1255.86096191   
0.32700    692005.00000000 420301.75000000 1068557.62500000 755.30749512    5354.81054688   1318.52307129   
0.32800    677863.00000000 411199.12500000 1045831.06250000 756.38934326    5447.34667969   1388.42138672   
0.32900    664033.06250000 402290.21875000 1023591.75000000 757.37780762    5547.08447266   1464.52172852   
0.33000    650559.37500000 393605.96875000 1001938.68750000 758.29974365    5655.40234375   1547.76110840   
0.33100    637381.00000000 385115.68750000 980734.62500000 759.11663818    5770.07031250   1636.86804199   
0.33200    624596.93750000 376871.00000000 960182.12500000 759.86621094    5894.69042969   1733.96008301   
0.33300    612114.75000000 368816.96875000 940096.37500000 760.51000977    6025.43212891   1836.31433105   
0.33400    599987.56250000 360981.59375000 920566.62500000 761.06927490    6164.00634766   1945.42102051   
0.33500    588173.81250000 353343.28125000 901533.68750000 761.53283691    6308.87158203   2060.18676758   
0.33600    576691.56250000 345914.90625000 883029.37500000 761.89709473    6460.79199219   2180.70336914   
0.33700    565533.25000000 338688.28125000 865043.12500000 762.16790771    6619.01660156   2307.21020508   
0.33800    554722.62500000 331677.84375000 847593.25000000 762.33752441    6784.40527344   2439.40771484   
0.33900    544207.43750000 324851.96875000 830609.31250000 762.40332031    6954.84375000   2576.52807617   
0.34000    534018.37500000 318235.21875000 814160.68750000 762.37591553    7131.30468750   2718.87988281   
0.34100    524148.21875000 311815.06250000 798208.93750000 762.24713135    7313.41992188   2866.12622070   
0.34200    514628.03125000 305608.65625000 782803.93750000 762.02972412    7501.64892578   3018.86230469   
0.34300    505380.15625000 299575.37500000 767823.62500000 761.69744873    7693.79492188   3175.12231445   
0.34400    496475.87500000 293754.81250000 753400.81250000 761.28552246    7891.73095703   3336.83374023   
0.34500    487855.00000000 288112.43750000 739415.43750000 760.76287842    8093.39892578   3501.67700195   
0.34600    479568.00000000 282679.25000000 725966.75000000 760.15881348    8300.39160156   3671.30981445   
0.34700    471535.75000000 277400.50000000 712917.06250000 759.44714355    8509.75585938   3843.62866211   
0.34800    463817.78125000 272324.25000000 700350.12500000 758.63848877    8722.96289062   4019.34326172   
0.34900    456399.15625000 267426.09375000 688270.18750000 757.74658203    8939.84375000   4198.76806641   
0.35000    449251.28125000 262704.06250000 676621.50000000 756.75799561    9159.25683594   4380.40966797   
0.35100    442416.12500000 258174.67187500 665463.31250000 755.68542480    9382.54003906   4565.68603516   
0.35200    435813.06250000 253790.68750000 654663.25000000 754.51464844    9606.43945312   4752.06103516   
0.35300    429493.06250000 249582.96875000 644325.37500000 753.26086426    9832.73046875   4940.79785156   
0.35400    423454.96875000 245555.89062500 634430.06250000 751.93041992    10061.07128906  5131.88085938   
0.35500    417671.78125000 241685.37500000 624937.81250000 750.51556396    10290.80566406  5324.21582031   
0.35600    412129.40625000 237964.51562500 615830.12500000 749.01995850    10521.15429688  5517.70703125   
0.35700    406847.65625000 234407.59375000 607121.43750000 747.45043945    10752.62109375  5712.47949219   
0.35800    401814.50000000 231009.48437500 598831.18750000 745.80554199    10984.72851562  5908.31494141   
0.35900    397021.43750000 227760.50000000 590907.68750000 744.09155273    11216.82617188  6104.64501953   
0.36000    392474.03125000 224667.76562500 583384.06250000 742.31219482    11449.58007812  6301.64160156   
0.36100    388128.78125000 221699.28125000 576177.93750000 740.46044922    11680.68457031  6498.21142578   
0.36200    384047.43750000 218907.79687500 569398.68750000 738.55938721    11913.25195312  6695.88183594   
0.36300    380136.59375000 216213.65625000 562884.56250000 736.58087158    12142.83984375  6891.79931641   
0.36400    376440.40625000 213660.31250000 556714.00000000 734.54492188    12371.33496094  7087.44238281   
0.36500    372944.43750000 211234.15625000 550866.18750000 732.45123291    12598.30859375  7282.05761719   
0.36600    369673.06250000 208953.65625000 545374.93750000 730.32391357    12824.84765625  7476.68359375   
0.36700    366552.00000000 206769.10937500 540140.25000000 728.12316895    13047.63085938  7668.83447266   
0.36800    363674.03125000 204736.48437500 535277.25000000 725.89361572    13270.26074219  7861.07861328   
0.36900    360954.43750000 202808.26562500 530682.43750000 723.61926270    13489.95507812  8051.31591797   
0.37000    358363.15625000 200965.57812500 526286.93750000 721.28015137    13705.18164062  8238.32714844   
0.37100    355950.15625000 199238.98437500 522187.90625000 718.90795898    13918.12207031  8423.92871094   
0.37200    353728.68750000 197634.18750000 518386.87500000 716.51232910    14128.96875000  8608.10156250   
0.37300    351627.93750000 196113.95312500 514802.46875000 714.07031250    14335.59863281  8789.17871094   
0.37400    349695.25000000 194700.51562500 511481.62500000 711.60723877    14539.44921875  8968.53027344   
0.37500    347906.37500000 193380.60937500 508388.31250000 709.11328125    14739.66113281  9145.07617188   
0.37600    346249.53125000 192153.09375000 505521.87500000 706.58441162    14935.60156250  9318.42187500   
0.37700    344697.15625000 190992.59375000 502829.71875000 704.02783203    15127.00195312  9488.51367188   
0.37800    343287.56250000 189928.23437500 500363.81250000 701.45507812    15314.76855469  9656.00683594   
0.37900    342013.53125000 188951.59375000 498117.62500000 698.86822510    15498.91113281  9820.59277344   
0.38000    340820.12500000 188038.70312500 496019.93750000 696.25231934    15677.42089844  9981.28222656   
0.38100    339722.65625000 187186.48437500 494079.81250000 693.62121582    15851.39746094  10138.21191406  
0.38200    338748.81250000 186419.46875000 492341.84375000 690.97900391    16021.57226562  10292.38964844  
0.38300    337843.71875000 185702.71875000 490717.40625000 688.31457520    16185.68554688  10441.96972656  
0.38400    337059.68750000 185066.92187500 489300.62500000 685.65576172    16345.90820312  10588.71191406  
0.38500    336319.68750000 184466.48437500 487960.34375000 682.96954346    16500.37304688  10730.91894531  
0.38600    335695.78125000 183946.37500000 486818.62500000 680.29693604    16650.92968750  10870.24609375  
0.38700    335104.62500000 183456.07812500 485738.37500000 677.60314941    16794.53515625  11004.34863281  
0.38800    334592.18750000 183019.73437500 484787.50000000 674.90838623    16934.00390625  11134.92578125  
0.38900    334139.12500000 182625.87500000 483944.90625000 672.21435547    17067.75000000  11261.20117188  
0.39000    333773.75000000 182298.64062500 483246.71875000 669.52685547    17197.16210938  11384.16406250  
0.39100    333431.21875000 181991.35937500 482604.56250000 666.83880615    17320.77343750  11502.61523438  
0.39200    333153.06250000 181732.28125000 482071.34375000 664.15179443    17439.17773438  11617.14160156  
0.39300    332906.78125000 181499.51562500 481589.81250000 661.46801758    17551.75781250  11727.08886719  
0.39400    332736.87500000 181322.00000000 481243.84375000 658.80493164    17660.35546875  11833.76562500  
0.39500    332556.00000000 181149.00000000 480903.81250000 656.13220215    17762.20312500  11935.17675781  
0.39600    332421.62500000 181012.53125000 480634.06250000 653.47064209    17859.05078125  12032.93261719  
0.39700    332316.62500000 180897.04687500 480420.84375000 650.82208252    17950.51757812  12126.36718750  
0.39800    332252.43750000 180816.17187500 480291.40625000 648.18566895    18037.52734375  12216.18750000  
0.39900    332196.81250000 180749.65625000 480181.81250000 645.56292725    18118.99218750  12301.58593750  
0.40000    332168.59375000 180702.14062500 480113.28125000 642.95532227    18195.45507812  12383.02148438  
0.40100    332137.93750000 180669.75000000 480073.34375000 640.35461426    18265.95117188  12460.07128906  
0.40200    332149.87500000 180663.50000000 480093.25000000 637.77789307    18332.50390625  12533.69238281  
0.40300    332143.31250000 180658.32812500 480100.34375000 635.21173096    18392.97265625  12602.83984375  
0.40400    332166.03125000 180674.09375000 480162.12500000 632.66314697    18449.56250000  12668.66503906  
0.40500    332189.84375000 180697.79687500 480232.87500000 630.13555908    18500.82812500  12730.16113281  
0.40600    332234.56250000 180742.48437500 480346.71875000 627.63665771    18548.33984375  12788.94433594  
0.40700    332266.65625000 180783.76562500 480444.90625000 625.14733887    18590.43164062  12843.31054688  
0.40800    332296.90625000 180831.75000000 480550.12500000 622.67864990    18627.88281250  12893.95507812  
0.40900    332324.00000000 180883.34375000 480663.75000000 620.22937012    18660.68359375  12941.05859375  
0.41000    332371.06250000 180954.40625000 480810.34375000 617.81469727    18690.40429688  12985.31347656  
0.41100    332401.90625000 181015.17187500 480936.78125000 615.41192627    18715.02929688  13025.69726562  
0.41200    332413.93750000 181072.32812500 481047.34375000 613.02697754    18734.85742188  13062.47656250  
0.41300    332441.93750000 181147.04687500 481184.28125000 610.67749023    18751.85742188  13096.59863281  
0.41400    332446.28125000 181208.20312500 481289.84375000 608.34484863    18764.24023438  13127.21972656  
0.41500    332465.68750000 181283.37500000 481422.90625000 606.04083252    18773.58593750  13155.29882812  
0.41600    332438.87500000 181333.20312500 481491.78125000 603.74438477    18777.75585938  13179.22851562  
0.41700    332437.59375000 181404.45312500 481601.06250000 601.48870850    18779.78515625  13201.50781250  
0.41800    332441.84375000 181482.25000000 481732.46875000 599.26733398    18778.73828125  13221.23925781  
0.41900    332375.62500000 181517.28125000 481744.93750000 597.03942871    18772.23632812  13236.50683594  
0.42000    332343.15625000 181578.32812500 481817.21875000 594.85589600    18763.82812500  13250.38574219  
0.42100    332309.56250000 181638.51562500 481890.56250000 592.69354248    18752.77929688  13261.92773438  
0.42200    332254.81250000 181689.25000000 481936.28125000 590.55621338    18738.35351562  13270.81542969  
0.42300    332173.87500000 181725.59375000 481939.34375000 588.43536377    18720.37500000  13276.79687500  
0.42400    332089.00000000 181763.39062500 481946.96875000 586.33862305    18699.87500000  13280.65234375  
0.42500    332004.43750000 181794.75000000 481936.96875000 584.26715088    18676.72656250  13282.39648438  
0.42600    331887.25000000 181809.00000000 481883.84375000 582.20697021    18650.37109375  13281.53125000  
0.42700    331788.50000000 181838.65625000 481867.56250000 580.18469238    18622.65625000  13279.43261719  
0.42800    331659.84375000 181845.59375000 481791.62500000 578.16473389    18591.46679688  13274.43359375  
0.42900    331550.37500000 181865.56250000 481751.53125000 576.18518066    18559.07421875  13268.54296875  
0.43000    331409.71875000 181867.92187500 481662.00000000 574.21014404    18523.84765625  13260.17089844  
0.43100    331239.46875000 181847.32812500 481516.28125000 572.24902344    18485.30468750  13249.21093750  
0.43200    331096.40625000 181844.29687500 481416.81250000 570.31481934    18446.25000000  13237.77734375  
0.43300    330922.12500000 181820.81250000 481265.28125000 568.38800049    18404.11914062  13223.63769531  
0.43400    330747.71875000 181794.71875000 481114.00000000 566.47937012    18360.23828125  13208.25195312  
0.43500    330558.87500000 181755.18750000 480924.18750000 564.57830811    18314.26171875  13190.98535156  
0.43600    330394.96875000 181729.79687500 480776.03125000 562.70397949    18267.69335938  13173.00781250  
0.43700    330190.25000000 181676.34375000 480559.84375000 560.82788086    18217.96875000  13152.65625000  
0.43800    329971.50000000 181611.92187500 480312.53125000 558.96032715    18166.38281250  13130.76171875  
0.43900    329768.03125000 181550.92187500 480085.40625000 557.10784912    18113.88671875  13107.67675781  
0.44000    329554.87500000 181482.79687500 479840.00000000 555.25860596    18059.31250000  13083.28222656  
0.44100    329336.28125000 181404.89062500 479576.87500000 553.41870117    18003.21484375  13057.22265625  
0.44200    329117.68750000 181322.70312500 479305.03125000 551.57696533    17945.57812500  13030.18847656  
0.44300    328886.81250000 181234.18750000 479020.96875000 549.73858643    17886.38867188  13001.56347656  
0.44400    328664.93750000 181140.07812500 478724.25000000 547.90863037    17825.80859375  12971.89843750  
0.44500    328394.40625000 181015.12500000 478354.93750000 546.05944824    17762.48242188  12939.89355469  
0.44600    328139.50000000 180891.23437500 477998.53125000 544.21392822    17698.28710938  12906.95214844  
0.44700    327903.25000000 180774.82812500 477660.00000000 542.37322998    17632.95507812  12873.27441406  
0.44800    327631.15625000 180631.89062500 477264.31250000 540.51702881    17565.45312500  12837.74902344  
0.44900    327385.50000000 180502.03125000 476896.53125000 538.66400146    17497.30664062  12801.42187500  
0.45000    327136.09375000 180360.46875000 476522.81250000 536.80737305    17427.87304688  12764.18457031  
0.45100    326847.46875000 180190.29687500 476066.87500000 534.91760254    17355.53515625  12724.40136719  
0.45200    326578.81250000 180026.14062500 475644.50000000 533.03747559    17282.56445312  12684.06640625  
0.45300    326290.28125000 179844.29687500 475171.84375000 531.13470459    17207.70507812  12642.16308594  
0.45400    326009.96875000 179661.34375000 474711.43750000 529.21429443    17131.42578125  12599.10546875  
0.45500    325726.15625000 179472.06250000 474234.09375000 527.28686523    17053.96679688  12554.95410156  
0.45600    325428.62500000 179263.96875000 473719.68750000 525.33148193    16974.21289062  12508.86816406  
0.45700    325132.68750000 179056.43750000 473206.00000000 523.36474609    16893.43945312  12461.98730469  
0.45800    324821.25000000 178828.04687500 472653.06250000 521.37817383    16810.92382812  12413.65625000  
0.45900    324499.93750000 178591.14062500 472081.28125000 519.36822510    16726.29296875  12363.47558594  
0.46000    324207.87500000 178364.81250000 471539.34375000 517.35430908    16641.72460938  12313.18554688  
0.46100    323849.96875000 178092.26562500 470894.93750000 515.29095459    16553.32031250  12259.90917969  
0.46200    323536.09375000 177839.15625000 470302.25000000 513.21905518    16464.78515625  12206.42089844  
0.46300    323191.37500000 177564.43750000 469657.28125000 511.12322998    16374.07128906  12151.11132812  
0.46400    322833.06250000 177272.09375000 468976.25000000 508.99539185    16281.42382812  12094.21093750  
0.46500    322487.65625000 176983.90625000 468307.87500000 506.85144043    16187.78808594  12036.45117188  
0.46600    322113.00000000 176672.92187500 467593.43750000 504.67529297    16091.87695312  11976.94824219  
0.46700    321718.62500000 176342.90625000 466827.43750000 502.47335815    15994.00390625  11915.68945312  
0.46800    321353.71875000 176027.25000000 466113.34375000 500.25366211    15895.64257812  11853.90429688  
0.46900    320940.28125000 175676.50000000 465303.09375000 498.00109863    15794.25390625  11789.80078125  
0.47000    320523.43750000 175318.43750000 464488.71875000 495.72271729    15691.63183594  11724.59375000  
0.47100    320105.84375000 174952.90625000 463655.15625000 493.42764282    15587.54394531  11658.13671875  
0.47200    319669.75000000 174573.07812500 462792.87500000 491.09970093    15481.81640625  11590.22656250  
0.47300    319233.50000000 174189.93750000 461923.03125000 488.75338745    15374.57910156  11521.31542969  
0.47400    318755.12500000 173773.42187500 460979.18750000 486.37573242    15264.71484375  11450.05371094  
0.47500    318282.59375000 173358.60937500 460036.62500000 483.98104858    15154.15332031  11378.19238281  
0.47600    317818.53125000 172944.40625000 459103.37500000 481.57321167    15042.73339844  11305.67285156  
0.47700    317286.21875000 172486.25000000 458057.12500000 479.12490845    14927.77148438  11230.11621094  
0.47800    316769.06250000 172030.85937500 457030.59375000 476.66925049    14812.52050781  11154.58691406  
0.47900    316253.12500000 171574.92187500 455996.62500000 474.19857788    14696.27929688  11077.97167969  
0.48000    315686.96875000 171087.68750000 454883.46875000 471.70269775    14577.63085938  10999.23535156  
0.48100    315152.15625000 170613.73437500 453816.46875000 469.20999146    14458.84277344  10920.64843750  
0.48200    314541.37500000 170089.84375000 452619.46875000 466.67633057    14336.83398438  10839.34082031  
0.48300    313930.50000000 169567.01562500 451424.56250000 464.14791870    14214.44726562  10757.57910156  
0.48400    313322.81250000 169039.54687500 450227.21875000 461.60696411    14091.47070312  10675.19824219  
0.48500    312685.46875000 168495.84375000 448983.78125000 459.06082153    13966.89843750  10591.67675781  
0.48600    312047.84375000 167951.15625000 447739.93750000 456.51556396    13841.86328125  10507.70898438  
0.48700    311380.50000000 167385.12500000 446442.90625000 453.96325684    13715.54492188  10422.53222656  
0.48800    310677.31250000 166796.12500000 445084.93750000 451.40127563    13587.60742188  10335.97558594  
0.48900    309969.81250000 166204.85937500 443720.53125000 448.85012817    13459.41992188  10249.13574219  
0.49000    309251.84375000 165604.04687500 442343.28125000 446.30322266    13330.94335938  10162.02148438  
0.49100    308528.81250000 165002.60937500 440953.59375000 443.77374268    13202.34277344  10074.66406250  
0.49200    307765.34375000 164374.06250000 439499.78125000 441.24548340    13072.46484375  9986.22265625   
0.49300    306997.96875000 163744.73437500 438036.50000000 438.72869873    12942.60058594  9897.80957031   
0.49400    306211.00000000 163102.76562500 436545.96875000 436.23181152    12812.46093750  9808.93652344   
0.49500    305401.00000000 162448.04687500 435020.90625000 433.75155640    12682.16503906  9719.85644531   
0.49600    304595.81250000 161797.53125000 433504.53125000 431.30218506    12552.43066406  9631.20703125   
0.49700    303753.43750000 161125.29687500 431930.31250000 428.86807251    12422.28710938  9541.97753906   
0.49800    302914.62500000 160455.01562500 430358.31250000 426.47070312    12293.14453125  9453.31738281   
0.49900    302037.31250000 159764.07812500 428736.15625000 424.09292603    12163.49218750  9364.28222656   
0.50000    301170.18750000 159080.32812500 427124.90625000 421.75732422    12035.14160156  9276.03710938   
