# SAXS profile: number of points = 501, q_min = 0, q_max = 0.5, delta_q = 0.001
#    q    intensity 
0.00000    162238272.00000000 101202112.00000000 256271856.00000000 99456.47656250  8033819.50000000 6345110.50000000 
0.00100    162212528.00000000 101185552.00000000 256229104.00000000 99433.30468750  8032261.50000000 6343866.50000000 
0.00200    162132736.00000000 101136384.00000000 256103552.00000000 99364.50000000  8027439.00000000 6340105.00000000 
0.00300    162000848.00000000 101054032.00000000 255894176.00000000 99250.78125000  8019497.50000000 6333855.50000000 
0.00400    161813600.00000000 100939288.00000000 255601072.00000000 99091.15625000  8008369.50000000 6325142.00000000 
0.00500    161572848.00000000 100792184.00000000 255224416.00000000 98886.45312500  7994055.50000000 6313933.00000000 
0.00600    161278208.00000000 100612328.00000000 254764048.00000000 98636.65625000  7976648.00000000 6300255.00000000 
0.00700    160931440.00000000 100399528.00000000 254222768.00000000 98342.38281250  7956039.50000000 6284128.00000000 
0.00800    160534000.00000000 100155544.00000000 253598416.00000000 98004.14843750  7932397.00000000 6265574.50000000 
0.00900    160080016.00000000 99879720.00000000 252894352.00000000 97621.62500000  7905666.00000000 6244618.50000000 
0.01000    159577120.00000000 99571784.00000000 252108592.00000000 97196.71093750  7875891.50000000 6221272.00000000 
0.01100    159023696.00000000 99233488.00000000 251242816.00000000 96728.63281250  7843142.00000000 6195580.00000000 
0.01200    158422096.00000000 98864704.00000000 250299264.00000000 96218.42968750  7807391.50000000 6167565.50000000 
0.01300    157770832.00000000 98464944.00000000 249277152.00000000 95667.49218750  7768761.00000000 6137291.50000000 
0.01400    157070944.00000000 98035248.00000000 248178480.00000000 95075.31250000  7727215.00000000 6104724.50000000 
0.01500    156319632.00000000 97575440.00000000 247005008.00000000 94443.64843750  7682864.50000000 6069921.00000000 
0.01600    155520032.00000000 97087584.00000000 245756784.00000000 93772.60156250  7635757.00000000 6032952.00000000 
0.01700    154676192.00000000 96569616.00000000 244434336.00000000 93063.89062500  7585899.00000000 5993867.00000000 
0.01800    153787360.00000000 96023912.00000000 243041296.00000000 92318.09375000  7533389.00000000 5952709.50000000 
0.01900    152851648.00000000 95451176.00000000 241577440.00000000 91535.96093750  7478306.00000000 5909497.00000000 
0.02000    151873888.00000000 94851856.00000000 240045744.00000000 90718.45312500  7420660.50000000 5864286.50000000 
0.02100    150851376.00000000 94225088.00000000 238446000.00000000 89867.38281250  7360559.50000000 5817153.50000000 
0.02200    149788528.00000000 93573360.00000000 236780032.00000000 88983.02343750  7298060.50000000 5768066.50000000 
0.02300    148684688.00000000 92896712.00000000 235051600.00000000 88066.74218750  7233238.00000000 5717250.00000000 
0.02400    147540336.00000000 92195072.00000000 233258960.00000000 87119.64062500  7166147.50000000 5664602.00000000 
0.02500    146357248.00000000 91469616.00000000 231406208.00000000 86143.32812500  7096893.00000000 5610279.00000000 
0.02600    145137040.00000000 90721624.00000000 229496544.00000000 85139.11718750  7025532.50000000 5554287.50000000 
0.02700    143881696.00000000 89951120.00000000 227528720.00000000 84107.67968750  6952151.00000000 5496703.50000000 
0.02800    142590480.00000000 89159080.00000000 225505328.00000000 83050.19531250  6876842.00000000 5437572.50000000 
0.02900    141265792.00000000 88346440.00000000 223429664.00000000 81968.53125000  6799638.50000000 5376990.50000000 
0.03000    139908112.00000000 87513280.00000000 221302624.00000000 80863.68750000  6720692.50000000 5315033.00000000 
0.03100    138519760.00000000 86661784.00000000 219128352.00000000 79737.46875000  6640070.50000000 5251760.00000000 
0.03200    137102096.00000000 85790680.00000000 216905296.00000000 78590.58593750  6557855.00000000 5187217.00000000 
0.03300    135656048.00000000 84902792.00000000 214637952.00000000 77424.96875000  6474112.00000000 5121460.00000000 
0.03400    134181944.00000000 83997696.00000000 212328592.00000000 76241.79687500  6388982.00000000 5054606.00000000 
0.03500    132683304.00000000 83076960.00000000 209979712.00000000 75041.96875000  6302459.50000000 4986677.50000000 
0.03600    131159520.00000000 82141440.00000000 207591824.00000000 73827.69531250  6214753.00000000 4917784.00000000 
0.03700    129613672.00000000 81190992.00000000 205165808.00000000 72600.34375000  6125880.00000000 4847981.00000000 
0.03800    128045456.00000000 80227520.00000000 202708144.00000000 71360.74218750  6035938.00000000 4777307.50000000 
0.03900    126457816.00000000 79251752.00000000 200219712.00000000 70110.20312500  5945051.00000000 4705908.00000000 
0.04000    124851512.00000000 78264280.00000000 197700144.00000000 68850.73437500  5853285.50000000 4633797.50000000 
0.04100    123228224.00000000 77265816.00000000 195153008.00000000 67583.05468750  5760715.50000000 4561060.50000000 
0.04200    121588688.00000000 76257504.00000000 192582144.00000000 66309.44531250  5667455.50000000 4487781.00000000 
0.04300    119935112.00000000 75239928.00000000 189988480.00000000 65030.62109375  5573601.00000000 4413993.50000000 
0.04400    118268640.00000000 74214720.00000000 187372784.00000000 63747.84765625  5479242.00000000 4339811.00000000 
0.04500    116590728.00000000 73182224.00000000 184740576.00000000 62462.85546875  5384434.50000000 4265276.00000000 
0.04600    114902952.00000000 72143192.00000000 182091968.00000000 61176.43750000  5289307.50000000 4190481.50000000 
0.04700    113205904.00000000 71098544.00000000 179428560.00000000 59890.46093750  5193945.50000000 4115467.50000000 
0.04800    111502344.00000000 70048936.00000000 176753264.00000000 58605.82812500  5098384.00000000 4040317.00000000 
0.04900    109792744.00000000 68995528.00000000 174068224.00000000 57323.71093750  5002790.50000000 3965104.75000000 
0.05000    108078472.00000000 67938464.00000000 171376336.00000000 56046.06250000  4907131.00000000 3889893.00000000 
0.05100    106360800.00000000 66879668.00000000 168679152.00000000 54772.93750000  4811647.50000000 3814719.25000000 
0.05200    104640832.00000000 65819264.00000000 165978512.00000000 53505.87500000  4716267.00000000 3739646.00000000 
0.05300    102920848.00000000 64758388.00000000 163275952.00000000 52246.74609375  4621184.50000000 3664778.25000000 
0.05400    101202072.00000000 63697404.00000000 160575392.00000000 50995.89453125  4526379.00000000 3590149.75000000 
0.05500    99484632.00000000 62637504.00000000 157876880.00000000 49754.52343750  4432025.00000000 3515833.00000000 
0.05600    97770712.00000000 61579000.00000000 155183424.00000000 48523.55078125  4338087.50000000 3441869.50000000 
0.05700    96060864.00000000 60523428.00000000 152495376.00000000 47304.42187500  4244738.50000000 3368318.50000000 
0.05800    94356856.00000000 59470608.00000000 149817296.00000000 46097.38281250  4151989.00000000 3295246.00000000 
0.05900    92659832.00000000 58421708.00000000 147148160.00000000 44903.80859375  4059905.25000000 3222691.25000000 
0.06000    90970600.00000000 57377424.00000000 144491216.00000000 43724.42968750  3968583.00000000 3150698.50000000 
0.06100    89290928.00000000 56338124.00000000 141849296.00000000 42560.33984375  3878080.00000000 3079344.00000000 
0.06200    87620520.00000000 55304608.00000000 139220688.00000000 41411.78515625  3788434.00000000 3008658.25000000 
0.06300    85960992.00000000 54277808.00000000 136609616.00000000 40280.15625000  3699730.50000000 2938692.25000000 
0.06400    84314264.00000000 53258100.00000000 134018248.00000000 39165.38671875  3611981.00000000 2869481.00000000 
0.06500    82680592.00000000 52246156.00000000 131446312.00000000 38068.85156250  3525283.25000000 2801054.00000000 
0.06600    81060776.00000000 51242620.00000000 128896104.00000000 36991.02734375  3439662.00000000 2733475.50000000 
0.06700    79455624.00000000 50247640.00000000 126367848.00000000 35931.98046875  3355182.75000000 2666790.00000000 
0.06800    77866280.00000000 49262092.00000000 123864920.00000000 34892.60156250  3271875.50000000 2600995.00000000 
0.06900    76293552.00000000 48286224.00000000 121387600.00000000 33873.35546875  3189783.50000000 2536173.00000000 
0.07000    74738088.00000000 47320832.00000000 118936168.00000000 32874.90234375  3108931.25000000 2472322.00000000 
0.07100    73200976.00000000 46366424.00000000 116513456.00000000 31897.15625000  3029395.50000000 2409457.75000000 
0.07200    71682656.00000000 45422828.00000000 114119160.00000000 30940.67382812  2951180.00000000 2347630.25000000 
0.07300    70183416.00000000 44490988.00000000 111755744.00000000 30005.68750000  2874327.75000000 2286866.50000000 
0.07400    68704736.00000000 43571448.00000000 109423352.00000000 29092.91406250  2798872.75000000 2227200.25000000 
0.07500    67246920.00000000 42664536.00000000 107123176.00000000 28201.95898438  2724822.00000000 2168608.00000000 
0.07600    65809612.00000000 41770252.00000000 104855352.00000000 27333.17968750  2652202.25000000 2111165.25000000 
0.07700    64394240.00000000 40889032.00000000 102621944.00000000 26486.83984375  2581058.50000000 2054838.12500000 
0.07800    63001400.00000000 40020944.00000000 100422472.00000000 25662.91601562  2511366.00000000 1999667.50000000 
0.07900    61630760.00000000 39166804.00000000 98258040.00000000 24861.48437500  2443175.25000000 1945657.62500000 
0.08000    60283700.00000000 38326644.00000000 96130240.00000000 24082.79101562  2376491.50000000 1892838.75000000 
0.08100    58959796.00000000 37500640.00000000 94038144.00000000 23326.47070312  2311321.50000000 1841194.00000000 
0.08200    57659648.00000000 36688664.00000000 91983392.00000000 22592.59570312  2247682.25000000 1790735.62500000 
0.08300    56383404.00000000 35891400.00000000 89965768.00000000 21881.19531250  2185568.25000000 1741480.62500000 
0.08400    55131208.00000000 35108692.00000000 87985848.00000000 21191.92187500  2124974.25000000 1693421.12500000 
0.08500    53903748.00000000 34341056.00000000 86043696.00000000 20524.71484375  2065915.12500000 1646564.37500000 
0.08600    52700560.00000000 33588308.00000000 84140744.00000000 19879.51171875  2008400.25000000 1600895.12500000 
0.08700    51522404.00000000 32850424.00000000 82275576.00000000 19255.99414062  1952405.12500000 1556437.37500000 
0.08800    50369144.00000000 32127626.00000000 80449216.00000000 18653.95117188  1897927.25000000 1513158.00000000 
0.08900    49240480.00000000 31420230.00000000 78661920.00000000 18072.87304688  1844975.00000000 1471076.00000000 
0.09000    48136796.00000000 30727910.00000000 76913304.00000000 17512.81445312  1793513.75000000 1430173.62500000 
0.09100    47057784.00000000 30050662.00000000 75203872.00000000 16973.14062500  1743557.87500000 1390446.75000000 
0.09200    46003912.00000000 29388712.00000000 73533104.00000000 16453.63867188  1695065.25000000 1351868.50000000 
0.09300    44974992.00000000 28742102.00000000 71900944.00000000 15953.99902344  1648046.87500000 1314448.37500000 
0.09400    43970472.00000000 28110226.00000000 70308112.00000000 15473.73144531  1602477.25000000 1278170.37500000 
0.09500    42990668.00000000 27493620.00000000 68753384.00000000 15012.44628906  1558328.25000000 1243009.25000000 
0.09600    42035244.00000000 26891932.00000000 67236344.00000000 14569.71093750  1515591.25000000 1208951.87500000 
0.09700    41104228.00000000 26305144.00000000 65758052.00000000 14145.14648438  1474245.87500000 1175987.12500000 
0.09800    40196996.00000000 25732988.00000000 64317132.00000000 13738.01171875  1434262.37500000 1144108.00000000 
0.09900    39313836.00000000 25175622.00000000 62913348.00000000 13348.24511719  1395625.12500000 1113275.25000000 
0.10000    38453968.00000000 24632706.00000000 61547092.00000000 12975.08300781  1358290.37500000 1083487.12500000 
0.10100    37617756.00000000 24104056.00000000 60216768.00000000 12618.18457031  1322256.00000000 1054702.37500000 
0.10200    36804216.00000000 23589570.00000000 58922856.00000000 12276.91699219  1287478.62500000 1026923.93750000 
0.10300    36013200.00000000 23089008.00000000 57664200.00000000 11950.78613281  1253936.25000000 1000114.93750000 
0.10400    35244500.00000000 22602268.00000000 56440580.00000000 11639.32226562  1221599.62500000 974253.56250000 
0.10500    34498252.00000000 22129128.00000000 55252136.00000000 11342.10156250  1190431.12500000 949331.81250000 
0.10600    33773220.00000000 21669320.00000000 54097116.00000000 11058.30273438  1160413.12500000 925307.06250000 
0.10700    33069536.00000000 21222582.00000000 52975680.00000000 10787.71484375  1131507.62500000 902162.68750000 
0.10800    32386372.00000000 20788684.00000000 51886776.00000000 10529.54296875  1103678.12500000 879876.12500000 
0.10900    31723724.00000000 20367448.00000000 50830056.00000000 10283.50585938  1076904.62500000 858416.93750000 
0.11000    31081152.00000000 19958636.00000000 49804728.00000000 10048.89257812  1051138.37500000 837763.87500000 
0.11100    30458136.00000000 19561776.00000000 48810276.00000000 9825.31835938   1026363.62500000 817896.56250000 
0.11200    29854110.00000000 19176990.00000000 47845744.00000000 9612.12695312   1002535.37500000 798779.37500000 
0.11300    29268448.00000000 18803552.00000000 46910624.00000000 9408.96289062   979622.62500000 780387.87500000 
0.11400    28701186.00000000 18441548.00000000 46003780.00000000 9215.26855469   957603.93750000 762705.12500000 
0.11500    28151644.00000000 18090742.00000000 45125072.00000000 9030.42871094   936435.68750000 745701.75000000 
0.11600    27619122.00000000 17750314.00000000 44273716.00000000 8854.04296875   916084.93750000 729351.81250000 
0.11700    27103422.00000000 17420508.00000000 43448880.00000000 8685.69824219   896521.06250000 713620.81250000 
0.11800    26603552.00000000 17100678.00000000 42649180.00000000 8524.75488281   877704.62500000 698491.18750000 
0.11900    26119768.00000000 16790902.00000000 41874540.00000000 8370.88769531   859617.25000000 683943.43750000 
0.12000    25651042.00000000 16490512.00000000 41124080.00000000 8223.57324219   842214.68750000 669940.43750000 
0.12100    25197084.00000000 16199541.00000000 40396912.00000000 8082.46582031   825478.37500000 656473.93750000 
0.12200    24757266.00000000 15917344.00000000 39692300.00000000 7946.99707031   809362.12500000 643497.50000000 
0.12300    24331324.00000000 15644048.00000000 39009536.00000000 7816.90625000   793842.06250000 631004.81250000 
0.12400    23918518.00000000 15378843.00000000 38347804.00000000 7691.73193359   778886.18750000 618964.68750000 
0.12500    23518544.00000000 15121755.00000000 37706276.00000000 7570.98681641   764471.31250000 607354.18750000 
0.12600    23130802.00000000 14872444.00000000 37084460.00000000 7454.49951172   750565.06250000 596156.12500000 
0.12700    22754862.00000000 14630671.00000000 36481316.00000000 7341.76416016   737136.00000000 585335.50000000 
0.12800    22390082.00000000 14396054.00000000 35896308.00000000 7232.51318359   724158.31250000 574891.06250000 
0.12900    22036404.00000000 14168355.00000000 35328536.00000000 7126.40527344   711612.00000000 564783.37500000 
0.13000    21693042.00000000 13947316.00000000 34777644.00000000 7023.09765625   699458.68750000 554999.37500000 
0.13100    21359650.00000000 13732508.00000000 34242216.00000000 6922.30029297   687681.31250000 545514.68750000 
0.13200    21035698.00000000 13523814.00000000 33722016.00000000 6823.77246094   676250.12500000 536315.81250000 
0.13300    20720856.00000000 13321033.00000000 33216682.00000000 6727.25439453   665156.87500000 527384.81250000 
0.13400    20414744.00000000 13123725.00000000 32725020.00000000 6632.42285156   654355.25000000 518698.59375000 
0.13500    20116604.00000000 12931678.00000000 32246552.00000000 6539.16210938   643835.37500000 510241.53125000 
0.13600    19826358.00000000 12744657.00000000 31780466.00000000 6447.18212891   633582.56250000 502000.25000000 
0.13700    19543628.00000000 12562408.00000000 31326356.00000000 6356.27539062   623565.56250000 493949.56250000 
0.13800    19267764.00000000 12384687.00000000 30883616.00000000 6266.29248047   613771.37500000 486082.84375000 
0.13900    18998628.00000000 12211394.00000000 30451628.00000000 6177.04833984   604183.06250000 478388.31250000 
0.14000    18735850.00000000 12042094.00000000 30029726.00000000 6088.32958984   594777.81250000 470841.37500000 
0.14100    18478870.00000000 11876713.00000000 29617522.00000000 6000.15576172   585541.12500000 463441.75000000 
0.14200    18227512.00000000 11714925.00000000 29214028.00000000 5912.26953125   576457.37500000 456166.37500000 
0.14300    17981492.00000000 11556636.00000000 28819218.00000000 5824.53906250   567516.87500000 449004.78125000 
0.14400    17740134.00000000 11401580.00000000 28432408.00000000 5736.92236328   558701.18750000 441947.87500000 
0.14500    17503672.00000000 11249552.00000000 28053300.00000000 5649.32177734   549994.25000000 434988.87500000 
0.14600    17271506.00000000 11100385.00000000 27681044.00000000 5561.69873047   541391.06250000 428115.43750000 
0.14700    17043400.00000000 10953988.00000000 27315556.00000000 5473.99804688   532875.93750000 421319.81250000 
0.14800    16819088.00000000 10810096.00000000 26956108.00000000 5386.05419922   524445.93750000 414586.43750000 
0.14900    16598314.00000000 10668494.00000000 26602514.00000000 5297.90283203   516078.93750000 407915.31250000 
0.15000    16380773.00000000 10529189.00000000 26254438.00000000 5209.54052734   507774.50000000 401299.40625000 
0.15100    16166302.00000000 10391865.00000000 25911300.00000000 5120.91259766   499523.65625000 394729.53125000 
0.15200    15954772.00000000 10256596.00000000 25572926.00000000 5032.07714844   491323.25000000 388201.43750000 
0.15300    15745817.00000000 10123026.00000000 25238930.00000000 4942.92626953   483162.00000000 381708.15625000 
0.15400    15539306.00000000 9991102.00000000 24908710.00000000 4853.54443359   475031.65625000 375246.43750000 
0.15500    15335196.00000000 9860837.00000000 24582484.00000000 4763.93359375   466936.93750000 368812.56250000 
0.15600    15133100.00000000 9731927.00000000 24259788.00000000 4674.09765625   458863.81250000 362398.50000000 
0.15700    14932886.00000000 9604427.00000000 23940266.00000000 4584.10546875   450815.90625000 356011.75000000 
0.15800    14734506.00000000 9478084.00000000 23623578.00000000 4493.94189453   442787.15625000 349637.62500000 
0.15900    14537878.00000000 9352983.00000000 23309852.00000000 4403.74365234   434775.43750000 343285.75000000 
0.16000    14342683.00000000 9228939.00000000 22998760.00000000 4313.45458984   426775.75000000 336945.03125000 
0.16100    14149049.00000000 9105963.00000000 22690142.00000000 4223.22412109   418801.18750000 330620.96875000 
0.16200    13956683.00000000 8983820.00000000 22383794.00000000 4133.04150391   410833.34375000 324308.71875000 
0.16300    13765598.00000000 8862620.00000000 22079220.00000000 4042.99853516   402880.50000000 318008.93750000 
0.16400    13575628.00000000 8742233.00000000 21776882.00000000 3953.18896484   394942.75000000 311724.15625000 
0.16500    13386748.00000000 8622544.00000000 21476244.00000000 3863.64135742   387023.09375000 305449.59375000 
0.16600    13199025.00000000 8503665.00000000 21177470.00000000 3774.45263672   379118.75000000 299191.75000000 
0.16700    13012186.00000000 8385374.50000000 20880138.00000000 3685.66284180   371230.84375000 292947.90625000 
0.16800    12826179.00000000 8267776.50000000 20584466.00000000 3597.34594727   363364.03125000 286721.78125000 
0.16900    12641256.00000000 8150871.50000000 20290192.00000000 3509.64892578   355523.56250000 280516.62500000 
0.17000    12457074.00000000 8034532.50000000 19997500.00000000 3422.57885742   347706.62500000 274327.59375000 
0.17100    12273759.00000000 7918706.50000000 19706168.00000000 3336.25415039   339918.96875000 268163.00000000 
0.17200    12091363.00000000 7803516.00000000 19416152.00000000 3250.70996094   332161.81250000 262021.82812500 
0.17300    11909673.00000000 7688840.50000000 19127492.00000000 3166.05151367   324436.87500000 255909.12500000 
0.17400    11728924.00000000 7574718.00000000 18840298.00000000 3082.36059570   316754.75000000 249825.56250000 
0.17500    11548902.00000000 7461166.00000000 18554406.00000000 2999.67822266   309111.21875000 243776.92187500 
0.17600    11369679.00000000 7348111.00000000 18269768.00000000 2918.11962891   301514.43750000 237759.57812500 
0.17700    11191448.00000000 7235663.50000000 17986468.00000000 2837.70849609   293969.12500000 231783.53125000 
0.17800    11013927.00000000 7123712.00000000 17704616.00000000 2758.53564453   286475.21875000 225846.32812500 
0.17900    10837463.00000000 7012373.00000000 17424208.00000000 2680.66650391   279038.65625000 219955.90625000 
0.18000    10661881.00000000 6901635.50000000 17145394.00000000 2604.16796875   271664.25000000 214113.06250000 
0.18100    10487305.00000000 6791536.00000000 16867990.00000000 2529.13110352   264360.15625000 208320.73437500 
0.18200    10313586.00000000 6681916.00000000 16592164.00000000 2455.49731445   257120.06250000 202580.32812500 
0.18300    10140936.00000000 6572988.50000000 16317849.00000000 2383.43725586   249953.67187500 196897.90625000 
0.18400    9969469.00000000 6464747.50000000 16045342.00000000 2312.96093750   242866.23437500 191275.31250000 
0.18500    9799053.00000000 6357204.50000000 15774601.00000000 2244.12915039   235861.18750000 185718.06250000 
0.18600    9629790.00000000 6250347.50000000 15505580.00000000 2176.94042969   228943.60937500 180223.15625000 
0.18700    9461727.00000000 6144200.00000000 15238521.00000000 2111.47314453   222113.01562500 174798.48437500 
0.18800    9294895.00000000 6038794.00000000 14973296.00000000 2047.72827148   215376.18750000 169445.48437500 
0.18900    9129536.00000000 5934255.50000000 14710227.00000000 1985.80993652   208736.65625000 164168.23437500 
0.19000    8965284.00000000 5830407.00000000 14449018.00000000 1925.62426758   202194.31250000 158965.87500000 
0.19100    8802641.00000000 5727519.00000000 14190331.00000000 1867.32226562   195760.65625000 153847.54687500 
0.19200    8641398.00000000 5625415.50000000 13933678.00000000 1810.82922363   189428.46875000 148807.93750000 
0.19300    8481746.00000000 5524318.00000000 13679539.00000000 1756.25231934   183209.65625000 143856.90625000 
0.19400    8323536.50000000 5424085.00000000 13427624.00000000 1703.49438477   177099.75000000 138990.20312500 
0.19500    8166941.50000000 5324821.00000000 13178267.00000000 1652.60644531   171106.95312500 134212.26562500 
0.19600    8012044.50000000 5226524.00000000 12931486.00000000 1603.61181641   165228.64062500 129526.25781250 
0.19700    7858853.50000000 5129255.00000000 12687381.00000000 1556.48925781   159472.15625000 124931.89062500 
0.19800    7707407.50000000 5033045.50000000 12445929.00000000 1511.22924805   153834.40625000 120431.68750000 
0.19900    7557809.50000000 4937925.50000000 12207331.00000000 1467.86486816   148324.62500000 116029.82031250 
0.20000    7410005.50000000 4843883.50000000 11971443.00000000 1426.29370117   142934.26562500 111721.42187500 
0.20100    7264130.50000000 4750961.50000000 11738627.00000000 1386.61279297   137673.00000000 107514.15625000 
0.20200    7120148.50000000 4659200.50000000 11508697.00000000 1348.72009277   132537.09375000 103405.54687500 
0.20300    6978139.50000000 4568615.50000000 11281958.00000000 1312.62451172   127532.79687500 99397.13281250  
0.20400    6838207.50000000 4479247.50000000 11058153.00000000 1278.31274414   122655.35156250 95488.97656250  
0.20500    6700214.50000000 4391078.00000000 10837542.00000000 1245.72827148   117907.81250000 91683.33593750  
0.20600    6564309.00000000 4304152.00000000 10620114.00000000 1214.83166504   113289.45312500 87977.39843750  
0.20700    6430518.50000000 4218499.00000000 10406024.00000000 1185.63452148   108803.03906250 84375.15625000  
0.20800    6298862.00000000 4134079.50000000 10195100.00000000 1158.05834961   104444.47656250 80874.02343750  
0.20900    6169464.50000000 4051033.50000000 9987727.00000000 1132.12927246   100220.47656250 77477.46093750  
0.21000    6042087.50000000 3969212.00000000 9783602.00000000 1107.72106934   96121.91406250  74179.34375000  
0.21100    5916946.00000000 3888767.00000000 9582838.00000000 1084.83715820   92152.37500000  70984.16406250  
0.21200    5794026.00000000 3809611.00000000 9385568.00000000 1063.41931152   88312.38281250  67888.86718750  
0.21300    5673317.00000000 3731813.50000000 9191735.00000000 1043.42370605   84597.57812500  64893.37109375  
0.21400    5554895.50000000 3655383.50000000 9001349.00000000 1024.82592773   81010.12500000  61997.68750000  
0.21500    5438734.50000000 3580336.75000000 8814645.00000000 1007.56689453   77548.38281250  59201.80078125  
0.21600    5324730.50000000 3506601.75000000 8631241.00000000 991.55615234    74207.82031250  56501.02734375  
0.21700    5213046.00000000 3434262.50000000 8451464.00000000 976.80267334    70989.66406250  53898.12109375  
0.21800    5103592.50000000 3363286.50000000 8275105.50000000 963.22448730    67891.43750000  51389.17968750  
0.21900    4996388.50000000 3293652.25000000 8102259.00000000 950.75152588    64909.49609375  48972.38281250  
0.22000    4891430.00000000 3225395.50000000 7932936.50000000 939.34924316    62044.10937500  46648.00390625  
0.22100    4788764.50000000 3158540.75000000 7767168.50000000 928.99542236    59293.80078125  44415.70312500  
0.22200    4688306.00000000 3093023.25000000 7604941.50000000 919.59466553    56654.76171875  42270.97265625  
0.22300    4590016.00000000 3028853.50000000 7446089.50000000 911.10729980    54123.44921875  40213.06250000  
0.22400    4493940.00000000 2966044.50000000 7290685.50000000 903.46484375    51698.18750000  38238.96484375  
0.22500    4400142.00000000 2904622.75000000 7138814.00000000 896.67504883    49380.37890625  36350.56640625  
0.22600    4308426.00000000 2844473.25000000 6990223.50000000 890.61102295    47160.83203125  34541.51171875  
0.22700    4218918.00000000 2785697.50000000 6845150.00000000 885.26812744    45042.85156250  32812.92968750  
0.22800    4131478.50000000 2728205.50000000 6703332.50000000 880.57104492    43019.44531250  31160.29882812  
0.22900    4046163.25000000 2671996.00000000 6564758.00000000 876.47204590    41089.05468750  29581.92187500  
0.23000    3962915.00000000 2617084.50000000 6429517.00000000 872.94537354    39250.12500000  28077.55273438  
0.23100    3881722.00000000 2563480.00000000 6297519.50000000 869.92767334    37499.08984375  26643.97851562  
0.23200    3802503.25000000 2511056.50000000 6168661.50000000 867.35717773    35831.17187500  25277.48046875  
0.23300    3725310.75000000 2459897.25000000 6042931.00000000 865.20770264    34246.46875000  23977.16796875  
0.23400    3650081.50000000 2409971.00000000 5920291.50000000 863.44018555    32740.48828125  22741.89062500  
0.23500    3576704.75000000 2361193.50000000 5800589.50000000 861.98339844    31308.22656250  21565.58789062  
0.23600    3505231.75000000 2313637.00000000 5683974.00000000 860.83007812    29951.76171875  20450.79101562  
0.23700    3435566.75000000 2267210.25000000 5570234.50000000 859.92694092    28663.88867188  19392.09960938  
0.23800    3367738.25000000 2221917.25000000 5459333.00000000 859.23486328    27443.66992188  18388.45703125  
0.23900    3301657.25000000 2177715.00000000 5351212.00000000 858.70812988    26286.95117188  17436.40625000  
0.24000    3237276.75000000 2134618.50000000 5245827.00000000 858.32293701    25191.87304688  16535.29101562  
0.24100    3174611.50000000 2092600.12500000 5143211.00000000 858.06414795    24156.48828125  15682.89062500  
0.24200    3113599.00000000 2051623.75000000 5043156.00000000 857.87017822    23176.31445312  14875.96679688  
0.24300    3054149.25000000 2011645.12500000 4945647.50000000 857.73132324    22248.94335938  14112.26953125  
0.24400    2996241.50000000 1972660.87500000 4850570.00000000 857.60137939    21371.84960938  13390.25781250  
0.24500    2939839.75000000 1934635.25000000 4757920.50000000 857.46746826    20541.21484375  12707.66796875  
0.24600    2884918.00000000 1897548.75000000 4667652.50000000 857.30895996    19757.33398438  12062.55859375  
0.24700    2831419.25000000 1861389.00000000 4579672.50000000 857.09790039    19015.58984375  11453.11718750  
0.24800    2779296.25000000 1826105.25000000 4493864.00000000 856.81994629    18313.72460938  10877.09570312  
0.24900    2728480.75000000 1791694.87500000 4410208.00000000 856.44293213    17648.87695312  10332.33105469  
0.25000    2678975.75000000 1758108.87500000 4328673.50000000 855.96893311    17020.29492188  9817.47656250   
0.25100    2630694.25000000 1725328.25000000 4249099.50000000 855.35919189    16423.16601562  9330.13769531   
0.25200    2583676.75000000 1693376.12500000 4171543.25000000 854.64184570    15859.05761719  8870.30175781   
0.25300    2537804.75000000 1662160.62500000 4095845.50000000 853.76745605    15322.57421875  8434.25000000   
0.25400    2493031.00000000 1631687.00000000 4021951.50000000 852.74438477    14813.03613281  8021.30615234   
0.25500    2449314.75000000 1601917.25000000 3949793.25000000 851.55059814    14328.05175781  7629.10449219   
0.25600    2406655.00000000 1572833.25000000 3879354.25000000 850.19006348    13866.07324219  7257.37500000   
0.25700    2365003.50000000 1544415.25000000 3810521.75000000 848.65521240    13425.14062500  6903.77099609   
0.25800    2324304.25000000 1516638.62500000 3743283.50000000 846.95446777    13004.24023438  6567.57519531   
0.25900    2284516.75000000 1489483.75000000 3677534.25000000 845.06475830    12600.95507812  6246.92285156   
0.26000    2245621.00000000 1462911.62500000 3613253.25000000 843.01129150    12214.67089844  5941.09960938   
0.26100    2207538.25000000 1436904.25000000 3550281.25000000 840.75866699    11841.70996094  5647.78320312   
0.26200    2170304.00000000 1411461.00000000 3488738.25000000 838.35333252    11484.43359375  5368.28417969   
0.26300    2133776.75000000 1386526.75000000 3428377.25000000 835.75189209    11137.71386719  5098.25195312   
0.26400    2098016.75000000 1362095.12500000 3369278.50000000 832.99420166    10802.62695312  4839.38281250   
0.26500    2062960.87500000 1338162.12500000 3311384.50000000 830.07775879    10477.98144531  4590.07568359   
0.26600    2028576.87500000 1314687.50000000 3254557.75000000 827.00103760    10162.20214844  4348.39550781   
0.26700    1994840.50000000 1291670.37500000 3198838.50000000 823.77557373    9854.99316406   4115.21630859   
0.26800    1961726.00000000 1269074.12500000 3144123.25000000 820.41851807    9555.53320312   3889.18481445   
0.26900    1929157.75000000 1246875.00000000 3090367.00000000 816.91760254    9261.15625000   3668.75659180   
0.27000    1897163.25000000 1225089.37500000 3037601.75000000 813.30828857    8973.84179688   3454.90234375   
0.27100    1865685.00000000 1203659.25000000 2985664.50000000 809.57257080    8690.85351562   3245.16113281   
0.27200    1834764.87500000 1182621.12500000 2934675.25000000 805.76544189    8414.79785156   3042.13305664   
0.27300    1804256.50000000 1161892.50000000 2884412.00000000 801.84539795    8140.90283203   2841.20458984   
0.27400    1774176.25000000 1141477.25000000 2834859.25000000 797.83001709    7869.08886719   2643.42919922   
0.27500    1744609.25000000 1121424.87500000 2786196.00000000 793.78833008    7603.84228516   2451.69555664   
0.27600    1715361.50000000 1101622.75000000 2738112.00000000 789.65930176    7338.99169922   2260.55590820   
0.27700    1686576.50000000 1082146.62500000 2690782.00000000 785.51873779    7079.39599609   2074.13476562   
0.27800    1658138.50000000 1062938.00000000 2644063.50000000 781.33978271    6820.81982422   1889.62255859   
0.27900    1630081.87500000 1043998.75000000 2597982.00000000 777.14837646    6565.44482422   1708.01879883   
0.28000    1602334.75000000 1025300.50000000 2552473.75000000 772.94934082    6312.61621094   1528.62072754   
0.28100    1574928.75000000 1006860.75000000 2507551.25000000 768.77081299    6061.71142578   1351.53955078   
0.28200    1547849.62500000 988662.75000000 2463183.00000000 764.62292480    5814.11035156   1177.62329102   
0.28300    1521087.00000000 970684.87500000 2419347.25000000 760.50433350    5568.97021484   1005.43304443   
0.28400    1494563.25000000 952927.81250000 2375989.00000000 756.43182373    5325.64160156   835.19848633    
0.28500    1468370.75000000 935389.00000000 2333167.50000000 752.43957520    5086.33154297   668.40429688    
0.28600    1442413.25000000 918049.93750000 2290762.75000000 748.50439453    4848.57910156   502.72793579    
0.28700    1416733.00000000 900918.62500000 2248865.00000000 744.65936279    4614.28369141   340.38510132    
0.28800    1391294.75000000 883965.81250000 2207357.75000000 740.91656494    4383.82714844   180.47288513    
0.28900    1366138.87500000 867231.50000000 2166374.75000000 737.28753662    4157.11328125   23.86452866     
0.29000    1341192.75000000 850659.31250000 2125755.50000000 733.76452637    3933.32568359   -130.33601379   
0.29100    1316524.12500000 834297.81250000 2085609.50000000 730.38513184    3714.95532227   -280.73089600   
0.29200    1292061.12500000 818091.06250000 2045828.12500000 727.13580322    3500.35131836   -428.03067017   
0.29300    1267852.62500000 802083.68750000 2006500.50000000 724.04156494    3291.54370117   -571.04681396   
0.29400    1243853.37500000 786222.81250000 1967512.25000000 721.09869385    3086.21484375   -711.89636230   
0.29500    1220128.50000000 770556.18750000 1928985.37500000 718.33374023    2888.03442383   -846.87597656   
0.29600    1196591.37500000 755050.06250000 1890818.37500000 715.72003174    2694.69311523   -978.62213135   
0.29700    1173281.62500000 739708.56250000 1853033.12500000 713.28771973    2506.86718750   -1105.91540527  
0.29800    1150215.75000000 724554.81250000 1815680.00000000 711.04711914    2326.71093750   -1228.00012207  
0.29900    1127399.75000000 709572.37500000 1778749.62500000 708.99926758    2153.82617188   -1344.74340820  
0.30000    1104800.37500000 694735.68750000 1742157.37500000 707.13372803    1986.93225098   -1456.97265625  
0.30100    1082451.00000000 680099.25000000 1706023.62500000 705.47735596    1828.95031738   -1562.82385254  
0.30200    1060313.25000000 665600.68750000 1670235.00000000 704.01318359    1677.63867188   -1663.75390625  
0.30300    1038446.81250000 651306.68750000 1634899.62500000 702.76202393    1535.64050293   -1757.94531250  
0.30400    1016837.37500000 637176.56250000 1599983.25000000 701.71783447    1402.45214844   -1845.86303711  
0.30500    995435.93750000 623209.31250000 1565446.00000000 700.86505127    1277.02111816   -1928.06359863  
0.30600    974294.56250000 609412.87500000 1531320.12500000 700.22589111    1160.97009277   -2003.37243652  
0.30700    953452.81250000 595821.06250000 1497684.37500000 699.81237793    1055.92968750   -2070.76806641  
0.30800    932830.62500000 582386.25000000 1464418.50000000 699.58514404    959.08630371    -2132.06640625  
0.30900    912514.37500000 569158.62500000 1431659.50000000 699.57684326    873.51031494    -2185.33789062  
0.31000    892460.75000000 556107.43750000 1399329.62500000 699.76794434    797.81744385    -2231.36181641  
0.31100    872671.06250000 543235.31250000 1367438.62500000 700.15185547    732.50958252    -2269.49731445  
0.31200    853177.81250000 530561.18750000 1336017.75000000 700.74475098    678.24395752    -2300.04492188  
0.31300    833971.18750000 518075.31250000 1305066.87500000 701.52856445    634.68768311    -2322.13964844  
0.31400    815087.37500000 505804.12500000 1274634.37500000 702.50512695    603.13494873    -2335.94116211  
0.31500    796476.18750000 493709.00000000 1244654.12500000 703.65655518    582.06054688    -2342.05908203  
0.31600    778175.00000000 481829.43750000 1215181.87500000 705.00866699    572.79772949    -2339.16967773  
0.31700    760199.93750000 470152.03125000 1186213.75000000 706.52825928    575.44256592    -2327.70751953  
0.31800    742524.12500000 458672.40625000 1157739.75000000 708.19555664    588.39569092    -2308.59960938  
0.31900    725201.56250000 447421.28125000 1129845.12500000 710.05224609    615.03979492    -2279.40258789  
0.32000    708192.37500000 436373.87500000 1102428.12500000 712.05249023    652.31347656    -2242.30737305  
0.32100    691505.25000000 425542.78125000 1075548.87500000 714.19854736    701.51440430    -2196.41357422  
0.32200    675186.87500000 414936.93750000 1049247.37500000 716.49005127    763.27050781    -2141.15283203  
0.32300    659169.68750000 404528.93750000 1023417.00000000 718.90814209    835.60534668    -2078.17871094  
0.32400    643510.43750000 394359.68750000 998190.25000000 721.44335938    919.96142578    -2006.11267090  
0.32500    628204.87500000 384401.03125000 973498.18750000 724.10418701    1015.87121582   -1925.62780762  
0.32600    613257.68750000 374677.03125000 949381.50000000 726.85913086    1123.38427734   -1836.14624023  
0.32700    598662.81250000 365177.59375000 925839.12500000 729.71807861    1242.75744629   -1738.19958496  
0.32800    584458.87500000 355928.68750000 902903.12500000 732.66833496    1374.00170898   -1631.22778320  
0.32900    570580.50000000 346884.06250000 880503.18750000 735.68682861    1515.34301758   -1516.44519043  
0.33000    557098.37500000 338093.31250000 858717.25000000 738.78265381    1668.48571777   -1393.11047363  
0.33100    543933.93750000 329498.34375000 837445.06250000 741.92907715    1831.19958496   -1262.22692871  
0.33200    531210.18750000 321191.25000000 816872.93750000 745.14123535    2006.57824707   -1121.96081543  
0.33300    518821.37500000 313092.43750000 796825.93750000 748.38018799    2191.03564453   -974.71392822   
0.33400    506825.15625000 305236.56250000 777397.50000000 751.65423584    2386.15844727   -819.32769775   
0.33500    495184.90625000 297608.21875000 758542.43750000 754.94671631    2590.86010742   -656.96588135   
0.33600    483916.62500000 290218.21875000 740274.50000000 758.24633789    2804.98876953   -487.23675537   
0.33700    473028.90625000 283067.62500000 722606.68750000 761.55358887    3028.79296875   -309.92642212   
0.33800    462527.43750000 276160.59375000 705556.37500000 764.85412598    3261.95458984   -125.69409180   
0.33900    452376.78125000 269470.90625000 689054.43750000 768.13354492    3502.97387695   64.73341370     
0.34000    442605.25000000 263026.62500000 673153.37500000 771.39221191    3752.56860352   261.83975220    
0.34100    433201.50000000 256811.56250000 657851.93750000 774.61517334    4010.26171875   464.90368652    
0.34200    424208.59375000 250854.93750000 643176.06250000 777.80596924    4276.74414062   675.16558838    
0.34300    415538.93750000 245098.53125000 629025.18750000 780.92822266    4549.38134766   889.85375977    
0.34400    407270.43750000 239598.85937500 615518.00000000 784.00903320    4829.82226562   1111.09765625   
0.34500    399336.03125000 234318.12500000 602542.37500000 787.01513672    5116.38330078   1336.88354492   
0.34600    391800.65625000 229280.21875000 590187.12500000 789.95208740    5410.25000000   1568.26733398   
0.34700    384572.62500000 224439.39062500 578326.68750000 792.79693604    5708.32031250   1803.39904785   
0.34800    377722.87500000 219836.04687500 567066.93750000 795.56347656    6012.26025391   2043.22253418   
0.34900    371223.09375000 215454.39062500 556359.56250000 798.23052979    6321.93359375   2287.30541992   
0.35000    365057.59375000 211282.32812500 546181.12500000 800.80041504    6635.47119141   2534.68432617   
0.35100    359259.84375000 207351.10937500 536596.56250000 803.25891113    6954.43261719   2786.49926758   
0.35200    353756.31250000 203593.01562500 527467.68750000 805.60217285    7275.53564453   3040.32714844   
0.35300    348583.75000000 200057.96875000 518870.53125000 807.82427979    7600.37841797   3297.03808594   
0.35400    343758.96875000 196738.14062500 510824.96875000 809.92864990    7928.77929688   3556.75390625   
0.35500    339244.12500000 193614.18750000 503278.21875000 811.90124512    8259.54101562   3818.58764648   
0.35600    335015.12500000 190676.68750000 496187.53125000 813.73895264    8591.97558594   4082.01025391   
0.35700    331111.78125000 187938.65625000 489608.28125000 815.44244385    8926.31835938   4347.08496094   
0.35800    327510.18750000 185398.56250000 483504.28125000 817.00256348    9262.32324219   4613.70458984   
0.35900    324194.56250000 183038.23437500 477872.96875000 818.42767334    9598.96093750   4881.35937500   
0.36000    321184.78125000 180874.73437500 472715.34375000 819.70898438    9936.85937500   5150.01220703   
0.36100    318412.25000000 178864.48437500 467951.90625000 820.82531738    10273.48046875  5418.18945312   
0.36200    315969.71875000 177060.34375000 463703.09375000 821.81994629    10611.99121094  5688.03613281   
0.36300    313731.68750000 175390.57812500 459783.00000000 822.63281250    10947.73925781  5955.97753906   
0.36400    311753.87500000 173890.89062500 456282.15625000 823.29626465    11282.62792969  6223.69140625   
0.36500    310021.25000000 172542.28125000 453178.53125000 823.80999756    11615.98730469  6490.60449219   
0.36600    308553.90625000 171368.46875000 450502.21875000 824.17700195    11948.80175781  6757.32714844   
0.36700    307285.15625000 170319.81250000 448133.81250000 824.37066650    12277.99414062  7021.43261719   
0.36800    306292.06250000 169451.03125000 446213.37500000 824.42388916    12606.46484375  7285.53662109   
0.36900    305488.56250000 168704.56250000 444594.75000000 824.31890869    12931.56250000  7547.39257812   
0.37000    304858.75000000 168069.25000000 443254.71875000 824.04144287    13251.87207031  7805.68457031   
0.37100    304430.96875000 167570.15625000 442261.93750000 823.61572266    13569.41699219  8062.12353516   
0.37200    304234.18750000 167213.54687500 441605.90625000 823.04577637    13883.93554688  8316.87011719   
0.37300    304184.37500000 166958.68750000 441212.96875000 822.31121826    14193.37500000  8567.52050781   
0.37400    304330.09375000 166826.92187500 441123.00000000 821.43420410    14499.43554688  8816.22558594   
0.37500    304634.93750000 166802.46875000 441291.46875000 820.41290283    14800.78808594  9061.46289062   
0.37600    305104.06250000 166881.68750000 441736.59375000 819.23754883    15096.64941406  9303.00292969   
0.37700    305695.81250000 167046.03125000 442370.34375000 817.91333008    15387.08886719  9540.28515625   
0.37800    306452.90625000 167314.81250000 443270.71875000 816.44866943    15672.62792969  9774.14941406   
0.37900    307352.56250000 167680.81250000 444415.68750000 814.85583496    15953.03320312  10004.41113281  
0.38000    308354.00000000 168115.57812500 445720.09375000 813.11206055    16226.54687500  10229.77929688  
0.38100    309465.09375000 168617.56250000 447200.62500000 811.23382568    16493.82031250  10450.30957031  
0.38200    310703.90625000 169208.14062500 448894.34375000 809.23486328    16755.56835938  10666.97558594  
0.38300    312020.56250000 169849.75000000 450716.53125000 807.09197998    17009.91406250  10878.01757812  
0.38400    313463.43750000 170574.73437500 452737.71875000 804.83575439    17258.72851562  11085.02246094  
0.38500    314959.18750000 171336.90625000 454849.90625000 802.45050049    17499.67773438  11286.19628906  
0.38600    316570.34375000 172173.53125000 457158.78125000 799.95935059    17734.68554688  11483.28027344  
0.38700    318211.84375000 173036.10937500 459512.71875000 797.33746338    17961.39453125  11673.77832031  
0.38800    319931.59375000 173947.45312500 461991.93750000 794.61224365    18181.30859375  11859.40917969  
0.38900    321698.12500000 174895.90625000 464563.50000000 791.77709961    18393.78515625  12039.27148438  
0.39000    323551.21875000 175899.40625000 467266.53125000 788.84240723    18599.56640625  12214.19042969  
0.39100    325420.84375000 176913.90625000 469999.75000000 785.81036377    18797.32617188  12383.14746094  
0.39200    327338.96875000 177964.09375000 472818.09375000 782.67822266    18987.63671875  12546.51367188  
0.39300    329274.75000000 179029.65625000 475672.09375000 779.45471191    19169.91015625  12703.74804688  
0.39400    331271.21875000 180135.06250000 478620.21875000 776.14648438    19345.56835938  12855.91113281  
0.39500    333245.34375000 181228.31250000 481539.84375000 772.74871826    19512.13085938  13001.30566406  
0.39600    335242.25000000 182340.87500000 484500.43750000 769.27105713    19671.43945312  13141.08300781  
0.39700    337247.18750000 183456.90625000 487475.68750000 765.71112061    19822.66601562  13274.59765625  
0.39800    339273.43750000 184589.14062500 490488.78125000 762.08282471    19966.77539062  13402.79980469  
0.39900    341282.87500000 185711.07812500 493474.93750000 758.39300537    20102.72070312  13524.69824219  
0.40000    343287.03125000 186832.57812500 496453.28125000 754.62030029    20230.65820312  13640.61816406  
0.40100    345266.46875000 187943.31250000 499407.28125000 750.79284668    20350.55273438  13750.14843750  
0.40200    347258.50000000 189058.57812500 502365.34375000 746.90881348    20463.51367188  13854.48242188  
0.40300    349203.03125000 190146.60937500 505261.84375000 742.96002197    20567.86914062  13952.03515625  
0.40400    351137.53125000 191228.15625000 508142.31250000 738.96301270    20665.19726562  14044.28320312  
0.40500    353041.53125000 192290.70312500 510976.25000000 734.91796875    20754.76367188  14130.35742188  
0.40600    354929.53125000 193347.53125000 513792.90625000 730.83331299    20837.46679688  14211.41894531  
0.40700    356770.96875000 194369.93750000 516526.71875000 726.69628906    20912.00000000  14286.04199219  
0.40800    358564.84375000 195368.15625000 519192.21875000 722.52331543    20979.15820312  14354.75195312  
0.40900    360320.53125000 196339.01562500 521794.62500000 718.30200195    21038.79296875  14417.88867188  
0.41000    362055.15625000 197296.84375000 524365.75000000 714.05987549    21092.41601562  14476.05664062  
0.41100    363724.90625000 198215.46875000 526834.56250000 709.78308105    21137.95117188  14528.05175781  
0.41200    365341.71875000 199094.28125000 529210.25000000 705.46990967    21176.33007812  14574.44140625  
0.41300    366924.62500000 199954.98437500 531542.87500000 701.13629150    21208.80664062  14616.06054688  
0.41400    368437.21875000 200771.84375000 533757.75000000 696.77325439    21233.67968750  14651.98925781  
0.41500    369918.31250000 201565.85937500 535925.81250000 692.39514160    21252.68554688  14683.08789062  
0.41600    371304.78125000 202300.62500000 537941.81250000 687.98028564    21263.83203125  14708.11425781  
0.41700    372666.15625000 203019.03125000 539918.18750000 683.56805420    21270.23437500  14729.26074219  
0.41800    373990.12500000 203711.26562500 541837.43750000 679.14105225    21270.62500000  14745.84277344  
0.41900    375189.46875000 204324.21875000 543547.81250000 674.67864990    21262.87890625  14755.89257812  
0.42000    376372.43750000 204925.71875000 545238.93750000 670.22155762    21250.60351562  14762.53808594  
0.42100    377502.65625000 205491.01562500 546839.37500000 665.75408936    21233.09570312  14764.91699219  
0.42200    378560.15625000 206012.76562500 548331.68750000 661.27746582    21209.68750000  14762.53808594  
0.42300    379544.87500000 206479.03125000 549693.75000000 656.78387451    21180.06250000  14755.36816406  
0.42400    380467.56250000 206914.35937500 550971.81250000 652.29376221    21145.41210938  14744.31250000  
0.42500    381338.56250000 207310.82812500 552155.50000000 647.79577637    21105.72851562  14729.10937500  
0.42600    382124.90625000 207649.26562500 553195.18750000 643.28729248    21060.78906250  14709.58398438  
0.42700    382882.50000000 207969.87500000 554201.00000000 638.79577637    21011.65625000  14686.90625000  
0.42800    383545.46875000 208232.65625000 555057.06250000 634.29211426    20957.32617188  14659.93847656  
0.42900    384185.46875000 208475.31250000 555860.81250000 629.80230713    20899.25195312  14630.19140625  
0.43000    384742.37500000 208665.00000000 556541.12500000 625.30938721    20836.30273438  14596.44628906  
0.43100    385211.59375000 208797.29687500 557076.43750000 620.80145264    20768.31054688  14558.61425781  
0.43200    385660.46875000 208913.18750000 557576.43750000 616.32238770    20697.74609375  14518.85742188  
0.43300    386022.31250000 208978.21875000 557940.18750000 611.84002686    20622.30468750  14475.18066406  
0.43400    386338.50000000 209009.18750000 558222.56250000 607.35949707    20543.50000000  14428.57714844  
0.43500    386585.81250000 208994.93750000 558398.93750000 602.89105225    20460.69335938  14379.11230469  
0.43600    386811.06250000 208964.28125000 558532.50000000 598.44366455    20375.97851562  14327.82617188  
0.43700    386944.25000000 208875.26562500 558520.06250000 593.98681641    20286.56640625  14272.98437500  
0.43800    387008.09375000 208745.48437500 558405.50000000 589.54302979    20193.89062500  14215.62988281  
0.43900    387045.71875000 208593.12500000 558233.12500000 585.11749268    20098.92773438  14156.28417969  
0.44000    387024.65625000 208406.64062500 557983.56250000 580.70294189    20001.18750000  14094.64550781  
0.44100    386951.53125000 208183.09375000 557639.18750000 576.29724121    19900.62695312  14030.82421875  
0.44200    386834.40625000 207931.81250000 557222.75000000 571.90917969    19797.77929688  13965.05175781  
0.44300    386665.37500000 207648.85937500 556724.56250000 567.53442383    19692.42578125  13897.45898438  
0.44400    386451.40625000 207337.23437500 556154.37500000 563.17376709    19585.14062500  13828.29785156  
0.44500    386152.56250000 206972.54687500 555453.81250000 558.81860352    19474.28906250  13756.30468750  
0.44600    385830.65625000 206588.23437500 554705.81250000 554.48822021    19362.25195312  13683.37792969  
0.44700    385480.78125000 206192.56250000 553923.37500000 550.18365479    19248.83007812  13609.21777344  
0.44800    385062.43750000 205750.73437500 553024.31250000 545.88153076    19132.92968750  13533.29785156  
0.44900    384630.15625000 205300.64062500 552108.68750000 541.61010742    19016.22460938  13456.51953125  
0.45000    384156.21875000 204829.00000000 551132.18750000 537.36700439    18898.23828125  13378.83496094  
0.45100    383606.43750000 204310.17187500 550031.25000000 533.12121582    18777.30078125  13298.91406250  
0.45200    383049.34375000 203784.87500000 548915.06250000 528.91278076    18656.14257812  13218.74902344  
0.45300    382436.12500000 203227.84375000 547715.43750000 524.71826172    18533.38867188  13137.34570312  
0.45400    381799.65625000 202657.73437500 546484.43750000 520.55212402    18409.82421875  13055.23437500  
0.45500    381131.68750000 202071.40625000 545201.62500000 516.40637207    18285.24609375  12972.51074219  
0.45600    380416.81250000 201456.89062500 543847.56250000 512.28106689    18159.21875000  12888.60058594  
0.45700    379684.68750000 200833.81250000 542471.43750000 508.19012451    18033.00781250  12804.52343750  
0.45800    378905.34375000 200183.32812500 541018.06250000 504.11856079    17905.60742188  12719.64453125  
0.45900    378098.81250000 199518.48437500 539529.12500000 500.07229614    17777.21093750  12634.11328125  
0.46000    377292.81250000 198856.25000000 538040.56250000 496.06808472    17649.67968750  12549.14648438  
0.46100    376406.03125000 198153.07812500 536432.12500000 492.07147217    17519.69726562  12462.34667969  
0.46200    375542.46875000 197459.90625000 534858.50000000 488.12115479    17390.62500000  12376.34570312  
0.46300    374629.81250000 196746.25000000 533213.12500000 484.19354248    17260.68164062  12289.55273438  
0.46400    373685.12500000 196013.98437500 531523.31250000 480.29510498    17130.16601562  12202.56933594  
0.46500    372738.40625000 195283.17187500 529833.81250000 476.43847656    16999.76562500  12115.83984375  
0.46600    371751.96875000 194535.01562500 528088.93750000 472.60763550    16868.98046875  12028.64062500  
0.46700    370730.96875000 193770.21875000 526295.31250000 468.80755615    16737.33593750  11941.01074219  
0.46800    369730.15625000 193022.31250000 524545.12500000 465.05169678    16606.85156250  11854.30468750  
0.46900    368668.62500000 192242.95312500 522695.68750000 461.32955933    16475.12500000  11766.74511719  
0.47000    367596.00000000 191462.56250000 520842.40625000 457.64273071    16343.62402344  11679.44531250  
0.47100    366513.37500000 190681.17187500 518978.43750000 453.99655151    16212.50976562  11592.39941406  
0.47200    365413.34375000 189892.89062500 517085.96875000 450.38891602    16081.11621094  11505.57226562  
0.47300    364306.15625000 189108.21875000 515195.37500000 446.82653809    15950.40527344  11419.11914062  
0.47400    363148.37500000 188298.54687500 513232.31250000 443.29312134    15818.47753906  11331.88769531  
0.47500    361995.75000000 187501.14062500 511293.18750000 439.81161499    15687.75976562  11245.68847656  
0.47600    360852.25000000 186712.14062500 509365.90625000 436.37942505    15557.78125000  11160.07421875  
0.47700    359641.15625000 185891.10937500 507341.18750000 432.97689819    15426.07031250  11073.40429688  
0.47800    358443.56250000 185083.20312500 505345.68750000 429.62991333    15295.87597656  10987.98730469  
0.47900    357248.87500000 184285.95312500 503368.68750000 426.32873535    15166.21289062  10903.13183594  
0.48000    356006.53125000 183467.75000000 501324.75000000 423.07269287    15035.94726562  10817.73242188  
0.48100    354801.21875000 182678.34375000 499345.90625000 419.87649536    14907.35253906  10733.88769531  
0.48200    353515.84375000 181847.82812500 497251.68750000 416.70858765    14777.02050781  10648.79589844  
0.48300    352245.15625000 181031.29687500 495185.12500000 413.60009766    14647.82421875  10564.71972656  
0.48400    350971.68750000 180226.96875000 493136.90625000 410.54434204    14519.50781250  10481.35742188  
0.48500    349682.12500000 179415.40625000 491062.43750000 407.54455566    14391.27929688  10398.19042969  
0.48600    348398.21875000 178615.45312500 489005.81250000 404.60061646    14263.91503906  10315.90625000  
0.48700    347089.93750000 177810.59375000 486923.00000000 401.71054077    14136.48828125  10233.71484375  
0.48800    345749.68750000 176994.14062500 484800.96875000 398.86544800    14008.92089844  10151.57812500  
0.48900    344417.68750000 176188.35937500 482703.43750000 396.08401489    13882.42968750  10070.04882812  
0.49000    343081.43750000 175389.82812500 480603.06250000 393.35937500    13756.45019531  9989.43359375   
0.49100    341746.56250000 174602.15625000 478521.09375000 390.69949341    13631.58300781  9909.55859375   
0.49200    340380.25000000 173799.81250000 476396.25000000 388.09002686    13506.20800781  9829.51757812   
0.49300    339014.90625000 173008.79687500 474285.21875000 385.54544067    13381.83496094  9750.41308594   
0.49400    337641.40625000 172219.60937500 472170.37500000 383.05963135    13258.16015625  9671.66992188   
0.49500    336253.21875000 171429.21875000 470041.93750000 380.63375854    13134.87597656  9593.48046875   
0.49600    334877.84375000 170655.82812500 467949.15625000 378.28131104    13012.84667969  9516.35839844   
0.49700    333472.03125000 169870.98437500 465813.28125000 375.97561646    12890.62207031  9439.24609375   
0.49800    332078.15625000 169100.51562500 463703.06250000 373.74557495    12769.81250000  9363.24609375   
0.49900    330658.84375000 168320.85937500 461563.75000000 371.57058716    12649.00195312  9287.27050781   
0.50000    329248.68750000 167556.81250000 459451.78125000 369.47024536    12529.49414062  9212.44238281   
