# SAXS profile: number of points = 501, q_min = 0, q_max = 0.5, delta_q = 0.001
#    q    intensity 
0.00000    162232416.00000000 101201992.00000000 256270992.00000000 108100.39843750 8375718.50000000 6615119.50000000 
0.00100    162197760.00000000 101178584.00000000 256211696.00000000 108066.04687500 8373432.00000000 6613313.00000000 
0.00200    162091664.00000000 101110032.00000000 256035856.00000000 107965.37500000 8366531.50000000 6607911.00000000 
0.00300    161910160.00000000 100995536.00000000 255743968.00000000 107797.35156250 8355070.50000000 6598870.00000000 
0.00400    161648704.00000000 100834464.00000000 255335760.00000000 107563.19531250 8339053.50000000 6586287.50000000 
0.00500    161312320.00000000 100629128.00000000 254810208.00000000 107261.14843750 8318512.00000000 6570157.00000000 
0.00600    160904240.00000000 100376704.00000000 254170176.00000000 106894.30468750 8293436.00000000 6550499.00000000 
0.00700    160420496.00000000 100081264.00000000 253418512.00000000 106462.90625000 8264050.00000000 6527310.50000000 
0.00800    159865520.00000000 99742656.00000000 252552544.00000000 105967.75781250 8230233.50000000 6500749.00000000 
0.00900    159243200.00000000 99359776.00000000 251575584.00000000 105409.46093750 8192127.00000000 6470733.00000000 
0.01000    158552544.00000000 98934856.00000000 250490256.00000000 104790.09375000 8149778.00000000 6437477.50000000 
0.01100    157794704.00000000 98466456.00000000 249296864.00000000 104110.18750000 8103277.50000000 6400909.00000000 
0.01200    156967600.00000000 97956360.00000000 247997040.00000000 103372.08593750 8052710.50000000 6361179.50000000 
0.01300    156071968.00000000 97405632.00000000 246596608.00000000 102577.27343750 7998265.00000000 6318316.50000000 
0.01400    155114016.00000000 96816336.00000000 245093552.00000000 101726.66406250 7939912.00000000 6272420.50000000 
0.01500    154094816.00000000 96188296.00000000 243491440.00000000 100822.99218750 7877868.00000000 6223615.50000000 
0.01600    153014176.00000000 95522568.00000000 241797024.00000000 99867.90625000  7812181.00000000 6171958.50000000 
0.01700    151874560.00000000 94820656.00000000 240006336.00000000 98862.98437500  7742989.50000000 6117582.50000000 
0.01800    150679024.00000000 94082944.00000000 238128512.00000000 97810.51562500  7670427.00000000 6060517.00000000 
0.01900    149424704.00000000 93311928.00000000 236161568.00000000 96713.69531250  7594715.50000000 6000929.00000000 
0.02000    148120048.00000000 92507184.00000000 234111536.00000000 95573.67187500  7515890.00000000 5938943.50000000 
0.02100    146763328.00000000 91671296.00000000 231982304.00000000 94393.03906250  7434131.50000000 5874596.50000000 
0.02200    145358816.00000000 90804984.00000000 229773392.00000000 93174.08593750  7349616.50000000 5808092.50000000 
0.02300    143906464.00000000 89908584.00000000 227492304.00000000 91919.75000000  7262417.00000000 5739511.50000000 
0.02400    142409264.00000000 88985616.00000000 225143312.00000000 90632.00000000  7172816.00000000 5668945.00000000 
0.02500    140871312.00000000 88036512.00000000 222726368.00000000 89313.64843750  7080851.00000000 5596603.00000000 
0.02600    139294288.00000000 87062064.00000000 220246704.00000000 87966.83593750  6986762.00000000 5522572.00000000 
0.02700    137679120.00000000 86064920.00000000 217707408.00000000 86594.38281250  6890672.50000000 5446928.00000000 
0.02800    136027488.00000000 85045920.00000000 215114448.00000000 85198.70312500  6792712.50000000 5369836.00000000 
0.02900    134344240.00000000 84007008.00000000 212470448.00000000 83783.03906250  6693169.00000000 5291434.00000000 
0.03000    132632688.00000000 82948928.00000000 209777216.00000000 82348.93750000  6592075.00000000 5211864.00000000 
0.03100    130893192.00000000 81873672.00000000 207042336.00000000 80899.82812500  6489655.50000000 5131191.00000000 
0.03200    129128272.00000000 80781920.00000000 204266416.00000000 79437.51562500  6386094.00000000 5049642.00000000 
0.03300    127341136.00000000 79676936.00000000 201454960.00000000 77964.78125000  6281459.50000000 4967265.50000000 
0.03400    125534160.00000000 78559488.00000000 198612432.00000000 76484.25000000  6176025.50000000 4884211.50000000 
0.03500    123708736.00000000 77430456.00000000 195742288.00000000 74998.09375000  6069950.50000000 4800611.50000000 
0.03600    121868848.00000000 76292064.00000000 192846096.00000000 73508.90625000  5963267.50000000 4716594.50000000 
0.03700    120015576.00000000 75144960.00000000 189930000.00000000 72018.05468750  5856209.00000000 4632288.50000000 
0.03800    118152032.00000000 73991280.00000000 186995904.00000000 70529.01562500  5748938.50000000 4547725.50000000 
0.03900    116281048.00000000 72831184.00000000 184051088.00000000 69043.08593750  5641580.50000000 4463086.00000000 
0.04000    114404584.00000000 71667064.00000000 181095056.00000000 67562.70312500  5534293.00000000 4378493.50000000 
0.04100    112523072.00000000 70501352.00000000 178132912.00000000 66089.90625000  5427184.00000000 4294087.50000000 
0.04200    110641016.00000000 69334000.00000000 175168752.00000000 64626.16015625  5320407.00000000 4209897.50000000 
0.04300    108759880.00000000 68166912.00000000 172205312.00000000 63173.72656250  5214114.50000000 4126056.50000000 
0.04400    106881808.00000000 67001244.00000000 169245808.00000000 61734.29296875  5108384.00000000 4042664.50000000 
0.04500    105008808.00000000 65837928.00000000 166293248.00000000 60309.69140625  5003372.00000000 3959847.75000000 
0.04600    103141984.00000000 64678740.00000000 163351056.00000000 58900.73046875  4899088.50000000 3877642.50000000 
0.04700    101284544.00000000 63524560.00000000 160421696.00000000 57509.95703125  4795790.00000000 3796146.50000000 
0.04800    99436992.00000000 62375764.00000000 157509184.00000000 56138.25000000  4693545.00000000 3715441.00000000 
0.04900    97602112.00000000 61235264.00000000 154615728.00000000 54786.49609375  4592434.00000000 3635638.00000000 
0.05000    95781104.00000000 60102512.00000000 151743776.00000000 53456.22265625  4492465.00000000 3556767.25000000 
0.05100    93975592.00000000 58978880.00000000 148894416.00000000 52148.22656250  4393882.00000000 3478901.75000000 
0.05200    92186984.00000000 57865568.00000000 146071056.00000000 50863.60156250  4296612.50000000 3402120.00000000 
0.05300    90417496.00000000 56763048.00000000 143277808.00000000 49603.60156250  4200817.00000000 3326491.25000000 
0.05400    88667896.00000000 55672700.00000000 140515952.00000000 48368.48437500  4106513.00000000 3252000.25000000 
0.05500    86938160.00000000 54594888.00000000 137786448.00000000 47158.46484375  4013782.75000000 3178755.25000000 
0.05600    85231712.00000000 53530832.00000000 135090256.00000000 45975.29296875  3922675.25000000 3106794.25000000 
0.05700    83547696.00000000 52480932.00000000 132431872.00000000 44818.36328125  3833274.50000000 3036154.25000000 
0.05800    81889672.00000000 51445624.00000000 129811376.00000000 43688.71875000  3745552.25000000 2966818.25000000 
0.05900    80254856.00000000 50425792.00000000 127228424.00000000 42586.15234375  3659569.75000000 2898863.75000000 
0.06000    78646968.00000000 49421868.00000000 124687408.00000000 41510.77343750  3575391.50000000 2832344.75000000 
0.06100    77065472.00000000 48434044.00000000 122188512.00000000 40462.96875000  3493012.50000000 2767225.25000000 
0.06200    75511736.00000000 47463680.00000000 119732736.00000000 39443.10937500  3412475.50000000 2703539.00000000 
0.06300    73987112.00000000 46509820.00000000 117320296.00000000 38450.62500000  3333744.75000000 2641289.25000000 
0.06400    72489656.00000000 45573980.00000000 114952608.00000000 37485.44531250  3256856.25000000 2580509.75000000 
0.06500    71021856.00000000 44655908.00000000 112631128.00000000 36547.35156250  3181829.50000000 2521137.50000000 
0.06600    69583760.00000000 43755872.00000000 110355448.00000000 35636.44531250  3108630.25000000 2463270.00000000 
0.06700    68174144.00000000 42874140.00000000 108125880.00000000 34751.44531250  3037307.25000000 2406818.50000000 
0.06800    66794576.00000000 42011196.00000000 105943896.00000000 33893.12500000  2967783.00000000 2351834.25000000 
0.06900    65446068.00000000 41166056.00000000 103809000.00000000 33060.36328125  2900085.00000000 2298228.00000000 
0.07000    64126604.00000000 40340048.00000000 101721136.00000000 32252.41601562  2834168.25000000 2246107.25000000 
0.07100    62837460.00000000 39532724.00000000 99680496.00000000 31469.42773438  2770054.25000000 2195359.50000000 
0.07200    61577880.00000000 38744156.00000000 97687520.00000000 30710.41406250  2707667.75000000 2145981.25000000 
0.07300    60349368.00000000 37974040.00000000 95742256.00000000 29975.06640625  2647029.00000000 2097987.50000000 
0.07400    59149832.00000000 37222732.00000000 93843208.00000000 29262.59960938  2588073.75000000 2051336.50000000 
0.07500    57979736.00000000 36489504.00000000 91990760.00000000 28572.08203125  2530783.25000000 2005969.87500000 
0.07600    56838972.00000000 35774540.00000000 90184384.00000000 27903.36914062  2475108.75000000 1961888.50000000 
0.07700    55727216.00000000 35077668.00000000 88423824.00000000 27255.23632812  2421022.50000000 1919078.25000000 
0.07800    54644148.00000000 34399080.00000000 86709088.00000000 26627.25585938  2368479.25000000 1877487.75000000 
0.07900    53588940.00000000 33738004.00000000 85038968.00000000 26018.47265625  2317434.00000000 1837080.62500000 
0.08000    52561476.00000000 33094738.00000000 83411688.00000000 25428.44335938  2267866.00000000 1797840.62500000 
0.08100    51561548.00000000 32468002.00000000 81828912.00000000 24856.21289062  2219726.50000000 1759722.87500000 
0.08200    50588068.00000000 31858272.00000000 80287784.00000000 24301.28515625  2172940.00000000 1722681.50000000 
0.08300    49640792.00000000 31264836.00000000 78788384.00000000 23762.63281250  2127488.00000000 1686703.75000000 
0.08400    48719256.00000000 30687782.00000000 77329480.00000000 23239.80273438  2083324.50000000 1651753.25000000 
0.08500    47822540.00000000 30126792.00000000 75910816.00000000 22731.84570312  2040410.75000000 1617778.25000000 
0.08600    46950236.00000000 29580892.00000000 74530808.00000000 22238.17187500  1998690.00000000 1584743.37500000 
0.08700    46101656.00000000 29050294.00000000 73188664.00000000 21758.24414062  1958098.75000000 1552625.62500000 
0.08800    45276544.00000000 28534190.00000000 71883696.00000000 21291.32812500  1918625.50000000 1521374.87500000 
0.08900    44473652.00000000 28032630.00000000 70614088.00000000 20836.45312500  1880199.87500000 1490971.25000000 
0.09000    43692844.00000000 27544964.00000000 69379608.00000000 20393.64453125  1842803.00000000 1461375.37500000 
0.09100    42933380.00000000 27070582.00000000 68179480.00000000 19961.93945312  1806368.62500000 1432554.25000000 
0.09200    42194204.00000000 26609394.00000000 67011764.00000000 19540.68554688  1770868.75000000 1404462.12500000 
0.09300    41475152.00000000 26160904.00000000 65875516.00000000 19129.36132812  1736253.25000000 1377083.25000000 
0.09400    40775280.00000000 25724808.00000000 64770248.00000000 18727.67968750  1702480.25000000 1350366.87500000 
0.09500    40093604.00000000 25300312.00000000 63694444.00000000 18335.10351562  1669520.25000000 1324296.00000000 
0.09600    39430104.00000000 24887366.00000000 62647916.00000000 17950.86718750  1637331.00000000 1298842.75000000 
0.09700    38783780.00000000 24485396.00000000 61628192.00000000 17574.97265625  1605888.62500000 1273964.75000000 
0.09800    38154572.00000000 24094192.00000000 60634960.00000000 17206.54882812  1575137.37500000 1249647.62500000 
0.09900    37540928.00000000 23713058.00000000 59667476.00000000 16845.75976562  1545047.50000000 1225869.12500000 
0.10000    36942508.00000000 23341758.00000000 58724648.00000000 16491.90625000  1515602.62500000 1202585.87500000 
0.10100    36358476.00000000 22979928.00000000 57805496.00000000 16144.65820312  1486762.50000000 1179787.00000000 
0.10200    35789044.00000000 22627084.00000000 56908980.00000000 15803.93359375  1458488.37500000 1157440.87500000 
0.10300    35233060.00000000 22282958.00000000 56033264.00000000 15469.22167969  1430777.87500000 1135527.75000000 
0.10400    34690368.00000000 21947100.00000000 55179260.00000000 15140.39746094  1403592.87500000 1114032.75000000 
0.10500    34159784.00000000 21619320.00000000 54344460.00000000 14817.33984375  1376909.50000000 1092944.50000000 
0.10600    33641108.00000000 21298894.00000000 53528736.00000000 14499.72070312  1350691.50000000 1072222.62500000 
0.10700    33133654.00000000 20985678.00000000 52731600.00000000 14187.37304688  1324949.25000000 1051857.62500000 
0.10800    32637106.00000000 20679550.00000000 51951284.00000000 13880.22460938  1299627.12500000 1031842.62500000 
0.10900    32150868.00000000 20379840.00000000 51187908.00000000 13578.11914062  1274736.25000000 1012163.25000000 
0.11000    31674520.00000000 20086518.00000000 50439884.00000000 13281.06152344  1250242.75000000 992810.06250000 
0.11100    31207746.00000000 19799232.00000000 49707028.00000000 12988.67773438  1226144.62500000 973752.12500000 
0.11200    30749934.00000000 19517578.00000000 48988640.00000000 12701.06347656  1202428.37500000 954995.31250000 
0.11300    30300628.00000000 19241418.00000000 48283644.00000000 12418.15527344  1179073.37500000 936519.00000000 
0.11400    29859734.00000000 18970352.00000000 47591612.00000000 12139.85058594  1156076.75000000 918322.68750000 
0.11500    29426534.00000000 18704142.00000000 46912652.00000000 11866.13574219  1133414.12500000 900398.37500000 
0.11600    29001060.00000000 18442940.00000000 46245048.00000000 11597.05371094  1111075.75000000 882728.12500000 
0.11700    28582300.00000000 18186024.00000000 45589124.00000000 11332.38769531  1089082.75000000 865319.87500000 
0.11800    28170848.00000000 17933292.00000000 44943548.00000000 11072.32812500  1067402.37500000 848152.18750000 
0.11900    27765750.00000000 17684524.00000000 44308852.00000000 10816.73437500  1046027.75000000 831227.50000000 
0.12000    27366594.00000000 17439790.00000000 43683372.00000000 10565.63378906  1024963.18750000 814554.00000000 
0.12100    26973956.00000000 17198664.00000000 43067444.00000000 10319.08203125  1004208.93750000 798111.00000000 
0.12200    26586620.00000000 16961172.00000000 42460464.00000000 10076.92578125  983746.00000000 781900.50000000 
0.12300    26204932.00000000 16726944.00000000 41861924.00000000 9839.32324219   963582.62500000 765917.06250000 
0.12400    25828530.00000000 16495858.00000000 41271784.00000000 9606.12109375   943711.68750000 750164.31250000 
0.12500    25457128.00000000 16267733.00000000 40689468.00000000 9377.48632812   924126.06250000 734634.25000000 
0.12600    25090748.00000000 16042736.00000000 40114756.00000000 9153.43164062   904834.50000000 719332.68750000 
0.12700    24729096.00000000 15820396.00000000 39547256.00000000 8933.82031250   885832.62500000 704245.62500000 
0.12800    24372088.00000000 15600806.00000000 38986548.00000000 8718.62109375   867107.81250000 689385.68750000 
0.12900    24019298.00000000 15383686.00000000 38433272.00000000 8508.01757812   848676.93750000 674749.81250000 
0.13000    23670836.00000000 15169146.00000000 37885956.00000000 8301.77539062   830520.12500000 660333.06250000 
0.13100    23326454.00000000 14956960.00000000 37344860.00000000 8100.02050781   812646.18750000 646131.50000000 
0.13200    22986074.00000000 14747199.00000000 36810288.00000000 7902.66210938   795060.50000000 632149.43750000 
0.13300    22649754.00000000 14539549.00000000 36281764.00000000 7709.69531250   777743.25000000 618385.62500000 
0.13400    22317048.00000000 14334089.00000000 35758264.00000000 7521.11035156   760718.50000000 604839.00000000 
0.13500    21988290.00000000 14130678.00000000 35241016.00000000 7336.86816406   743963.37500000 591520.12500000 
0.13600    21663010.00000000 13929403.00000000 34728916.00000000 7156.86230469   727492.93750000 578407.31250000 
0.13700    21341352.00000000 13730189.00000000 34222152.00000000 6981.06640625   711301.50000000 565516.12500000 
0.13800    21023040.00000000 13532812.00000000 33720776.00000000 6809.51464844   695380.06250000 552838.62500000 
0.13900    20708284.00000000 13337388.00000000 33224764.00000000 6642.01953125   679736.12500000 540377.81250000 
0.14000    20397090.00000000 13143841.00000000 32733770.00000000 6478.68457031   664366.56250000 528134.00000000 
0.14100    20088910.00000000 12952093.00000000 32247460.00000000 6319.28369141   649275.93750000 516100.43750000 
0.14200    19784338.00000000 12762353.00000000 31766406.00000000 6163.77929688   634448.12500000 504281.12500000 
0.14300    19482608.00000000 12574326.00000000 31289678.00000000 6012.12304688   619889.93750000 492672.21875000 
0.14400    19184416.00000000 12388039.00000000 30818334.00000000 5864.24560547   605597.68750000 481271.56250000 
0.14500    18889356.00000000 12203526.00000000 30351414.00000000 5720.09277344   591576.62500000 470082.43750000 
0.14600    18597484.00000000 12020758.00000000 29889510.00000000 5579.51416016   577811.25000000 459101.65625000 
0.14700    18308812.00000000 11839772.00000000 29432118.00000000 5442.56787109   564321.31250000 448325.12500000 
0.14800    18023122.00000000 11660614.00000000 28979304.00000000 5308.94042969   551072.31250000 437751.87500000 
0.14900    17740486.00000000 11482981.00000000 28531406.00000000 5178.69091797   538081.50000000 427378.90625000 
0.15000    17460988.00000000 11307196.00000000 28088008.00000000 5051.65722656   525348.18750000 417205.62500000 
0.15100    17184682.00000000 11133062.00000000 27648872.00000000 4927.83886719   512860.43750000 407230.43750000 
0.15200    16911316.00000000 10960611.00000000 27214952.00000000 4807.14306641   500619.18750000 397451.43750000 
0.15300    16641201.00000000 10790029.00000000 26785358.00000000 4689.41357422   488623.65625000 387864.62500000 
0.15400    16373956.00000000 10621026.00000000 26360298.00000000 4574.59521484   476860.81250000 378465.18750000 
0.15500    16109736.00000000 10453792.00000000 25939848.00000000 4462.60156250   465336.18750000 369255.28125000 
0.15600    15848525.00000000 10288315.00000000 25523876.00000000 4353.29394531   454041.43750000 360228.75000000 
0.15700    15590407.00000000 10124622.00000000 25112708.00000000 4246.69726562   442978.25000000 351385.59375000 
0.15800    15335202.00000000 9962528.00000000 24705850.00000000 4142.69091797   432135.00000000 342718.81250000 
0.15900    15083045.00000000 9802224.00000000 24303894.00000000 4041.13818359   421514.50000000 334226.03125000 
0.16000    14833844.00000000 9643543.00000000 23906278.00000000 3942.02563477   411111.34375000 325908.68750000 
0.16100    14587743.00000000 9486820.00000000 23513496.00000000 3845.30395508   400922.18750000 317764.37500000 
0.16200    14344606.00000000 9331706.00000000 23125144.00000000 3750.84912109   390935.96875000 309785.28125000 
0.16300    14104499.00000000 9178428.00000000 22741506.00000000 3658.62670898   381162.25000000 301971.25000000 
0.16400    13867398.00000000 9026921.00000000 22362324.00000000 3568.56738281   371592.65625000 294316.81250000 
0.16500    13633230.00000000 8877174.00000000 21987772.00000000 3480.60668945   362213.15625000 286819.56250000 
0.16600    13402056.00000000 8729156.00000000 21617966.00000000 3394.73632812   353030.62500000 279483.15625000 
0.16700    13173762.00000000 8582919.00000000 21252642.00000000 3310.82177734   344038.06250000 272296.25000000 
0.16800    12948493.00000000 8438469.00000000 20891904.00000000 3228.89453125   335230.78125000 265255.43750000 
0.16900    12726286.00000000 8295895.50000000 20536076.00000000 3148.89331055   326609.78125000 258369.70312500 
0.17000    12506974.00000000 8154973.50000000 20184550.00000000 3070.76074219   318171.50000000 251623.51562500 
0.17100    12290631.00000000 8015966.00000000 19837866.00000000 2994.44506836   309908.50000000 245020.67187500 
0.17200    12077254.00000000 7878685.50000000 19495644.00000000 2919.96826172   301817.00000000 238557.00000000 
0.17300    11866754.00000000 7743286.00000000 19157920.00000000 2847.24462891   293895.84375000 232228.01562500 
0.17400    11659351.00000000 7609660.50000000 18825136.00000000 2776.29516602   286147.25000000 226036.20312500 
0.17500    11454749.00000000 7477842.00000000 18496670.00000000 2707.04467773   278558.09375000 219975.81250000 
0.17600    11253038.00000000 7347779.00000000 18172812.00000000 2639.52685547   271130.31250000 214041.35937500 
0.17700    11054270.00000000 7219581.50000000 17853608.00000000 2573.68212891   263862.46875000 208237.78125000 
0.17800    10858396.00000000 7093115.00000000 17539008.00000000 2509.50732422   256749.51562500 202555.76562500 
0.17900    10665440.00000000 6968549.00000000 17228950.00000000 2446.94995117   249791.09375000 196997.29687500 
0.18000    10475260.00000000 6845731.50000000 16923478.00000000 2386.05615234   242981.70312500 191561.31250000 
0.18100    10288093.00000000 6724751.00000000 16622413.00000000 2326.80249023   236324.51562500 186244.12500000 
0.18200    10103678.00000000 6605433.00000000 16325890.00000000 2269.09716797   229809.48437500 181040.53125000 
0.18300    9922085.00000000 6487958.00000000 16033923.00000000 2213.02758789   223437.68750000 175951.82812500 
0.18400    9743257.00000000 6372248.00000000 15746296.00000000 2158.49243164   217205.92187500 170975.23437500 
0.18500    9567309.00000000 6258377.00000000 15463218.00000000 2105.58032227   211114.73437500 166111.56250000 
0.18600    9394094.00000000 6146198.50000000 15184516.00000000 2054.15673828   205158.57812500 161355.29687500 
0.18700    9223587.00000000 6035755.00000000 14910206.00000000 2004.29858398   199338.23437500 156705.53125000 
0.18800    9055915.00000000 5927022.50000000 14640272.00000000 1955.94592285   193648.23437500 152161.53125000 
0.18900    8890851.00000000 5820082.00000000 14374728.00000000 1909.12902832   188090.98437500 147720.60937500 
0.19000    8728484.00000000 5714827.00000000 14113187.00000000 1863.75354004   182657.12500000 143380.12500000 
0.19100    8568765.00000000 5611297.50000000 13856356.00000000 1819.92321777   177353.46875000 139142.92187500 
0.19200    8411740.00000000 5509371.50000000 13603355.00000000 1777.48278809   172170.32812500 135000.06250000 
0.19300    8257274.00000000 5409184.00000000 13354616.00000000 1736.52221680   167112.21875000 130959.74218750 
0.19400    8105355.50000000 5310639.50000000 13110069.00000000 1696.95617676   162170.95312500 127010.20312500 
0.19500    7956064.50000000 5213755.00000000 12869535.00000000 1658.79992676   157348.98437500 123155.21093750 
0.19600    7809253.00000000 5118477.50000000 12633134.00000000 1621.97253418   152641.31250000 119391.41406250 
0.19700    7664979.50000000 5024802.50000000 12400615.00000000 1586.51965332   148045.75000000 115717.85156250 
0.19800    7523162.00000000 4932672.50000000 12172124.00000000 1552.35192871   143563.48437500 112132.91406250 
0.19900    7383762.00000000 4842167.50000000 11947580.00000000 1519.50402832   139191.06250000 108635.60937500 
0.20000    7246753.00000000 4753137.00000000 11726678.00000000 1487.87878418   134923.64062500 105221.89062500 
0.20100    7112152.50000000 4665679.50000000 11509799.00000000 1457.48046875   130763.39062500 101892.56250000 
0.20200    6979805.00000000 4579672.00000000 11296546.00000000 1428.26062012   126705.71093750 98644.35937500  
0.20300    6849832.00000000 4495197.00000000 11086992.00000000 1400.21606445   122750.14062500 95478.40625000  
0.20400    6722064.50000000 4412244.50000000 10881082.00000000 1373.28051758   118891.53125000 92390.05468750  
0.20500    6596550.50000000 4330605.50000000 10678746.00000000 1347.43237305   115130.53125000 89378.98437500  
0.20600    6473217.50000000 4250435.00000000 10479893.00000000 1322.58105469   111463.89062500 86442.10156250  
0.20700    6352040.00000000 4171622.25000000 10284616.00000000 1298.77551270   107889.07812500 83580.00000000  
0.20800    6232927.50000000 4094210.75000000 10092534.00000000 1275.89025879   104404.79687500 80789.53125000  
0.20900    6116051.00000000 4018191.25000000 9904085.00000000 1254.00463867   101013.34375000 78071.71093750  
0.21000    6001095.50000000 3943428.25000000 9718747.00000000 1232.92956543   97702.80468750  75419.89843750  
0.21100    5888209.00000000 3869986.75000000 9536713.00000000 1212.72167969   94478.70312500  72836.04687500  
0.21200    5777237.00000000 3797815.25000000 9357759.00000000 1193.31420898   91335.39843750  70317.90625000  
0.21300    5668195.00000000 3726902.75000000 9181987.00000000 1174.66540527   88271.81250000  67863.53906250  
0.21400    5561091.50000000 3657220.25000000 9009184.00000000 1156.74328613   85287.19531250  65471.43359375  
0.21500    5455882.50000000 3588767.25000000 8839560.00000000 1139.52319336   82380.39843750  63142.53515625  
0.21600    5352447.50000000 3521472.00000000 8672715.00000000 1122.92529297   79545.08593750  60869.51562500  
0.21700    5250861.50000000 3455339.50000000 8508820.00000000 1106.95361328   76782.76562500  58656.94531250  
0.21800    5151011.50000000 3390357.00000000 8347807.50000000 1091.54077148   74090.64062500  56499.35156250  
0.21900    5052901.50000000 3326478.50000000 8189495.50000000 1076.64794922   71464.92187500  54396.33593750  
0.22000    4956407.50000000 3263681.00000000 8033856.50000000 1062.28356934   68907.00000000  52346.89453125  
0.22100    4861677.50000000 3202022.25000000 7881020.50000000 1048.39721680   66415.16406250  50351.38671875  
0.22200    4768565.00000000 3141379.50000000 7730807.00000000 1034.94152832   63985.99609375  48405.93750000  
0.22300    4677037.00000000 3081790.50000000 7583098.00000000 1021.90087891   61617.98046875  46509.48437500  
0.22400    4587073.00000000 3023176.50000000 7437902.50000000 1009.23608398   59307.82421875  44660.91796875  
0.22500    4498668.50000000 2965626.75000000 7295311.50000000 996.97265625    57059.51953125  42862.12890625  
0.22600    4411768.00000000 2908993.00000000 7155046.00000000 985.00366211    54865.66796875  41106.98828125  
0.22700    4326398.50000000 2853383.25000000 7017273.50000000 973.38702393    52730.02343750  39398.69531250  
0.22800    4242438.00000000 2798692.00000000 6881797.00000000 962.05023193    50646.63671875  37733.27343750  
0.22900    4159941.25000000 2744923.75000000 6748626.50000000 951.00012207    48617.02343750  36110.62890625  
0.23000    4078875.50000000 2692059.75000000 6617778.50000000 940.22216797    46639.99609375  34530.79296875  
0.23100    3999215.00000000 2640123.00000000 6489150.00000000 929.71429443    44713.99609375  32992.21093750  
0.23200    3920904.75000000 2589055.25000000 6362637.50000000 919.41815186    42836.99218750  31493.13085938  
0.23300    3843952.50000000 2538838.00000000 6238419.00000000 909.38354492    41009.19140625  30034.29687500  
0.23400    3768354.50000000 2489521.75000000 6116326.00000000 899.58563232    39230.67968750  28614.80859375  
0.23500    3694010.00000000 2440982.25000000 5996220.00000000 889.97015381    37496.44531250  27231.66015625  
0.23600    3621025.75000000 2393336.75000000 5878295.00000000 880.60528564    35812.41406250  25887.92968750  
0.23700    3549258.50000000 2346473.00000000 5762354.50000000 871.44934082    34172.64843750  24580.56250000  
0.23800    3478819.75000000 2300458.25000000 5648511.00000000 862.52087402    32579.08007812  23309.70117188  
0.23900    3409593.50000000 2255197.00000000 5536601.00000000 853.80206299    31028.86523438  22074.33984375  
0.24000    3341572.75000000 2210723.25000000 5426670.00000000 845.30334473    29523.37109375  20874.58203125  
0.24100    3274860.00000000 2167071.50000000 5318747.50000000 837.05065918    28063.88476562  19711.08203125  
0.24200    3209305.25000000 2124160.75000000 5212705.00000000 829.01055908    26646.37304688  18581.89843750  
0.24300    3144961.50000000 2082016.87500000 5108557.00000000 821.21252441    25271.70507812  17486.71679688  
0.24400    3081769.50000000 2040636.87500000 5006305.00000000 813.64093018    23939.65625000  16425.47656250  
0.24500    3019777.25000000 1999973.37500000 4905921.50000000 806.32513428    22649.66406250  15397.38281250  
0.24600    2958918.00000000 1960053.37500000 4807438.50000000 799.26086426    21402.38671875  14403.17480469  
0.24700    2899259.00000000 1920870.75000000 4710717.50000000 792.46276855    20196.93750000  13442.36621094  
0.24800    2840686.75000000 1882410.62500000 4615828.50000000 785.93371582    19033.04687500  12513.99707031  
0.24900    2783272.25000000 1844638.87500000 4522707.00000000 779.67474365    17909.30468750  11617.43554688  
0.25000    2726979.75000000 1807580.87500000 4431316.00000000 773.70770264    16827.40234375  10753.75097656  
0.25100    2671761.25000000 1771208.62500000 4341763.00000000 768.01562500    15784.89355469  9921.27636719   
0.25200    2617726.25000000 1735569.37500000 4254001.50000000 762.64575195    14785.07617188  9122.12207031   
0.25300    2564716.00000000 1700611.00000000 4167924.00000000 757.56762695    13824.12597656  8353.56738281   
0.25400    2512815.50000000 1666323.50000000 4083529.00000000 752.80346680    12903.34082031  7615.74267578   
0.25500    2461963.50000000 1632679.25000000 4000793.00000000 748.34826660    12021.36914062  6908.60742188   
0.25600    2412156.25000000 1599719.87500000 3919808.00000000 744.21557617    11178.80761719  6232.36328125   
0.25700    2363429.00000000 1567404.75000000 3840458.00000000 740.39904785    10374.44433594  5585.80126953   
0.25800    2315717.50000000 1535745.50000000 3762722.50000000 736.92077637    9608.92675781   4969.37158203   
0.25900    2269053.25000000 1504737.87500000 3686627.00000000 733.76483154    8881.29785156   4382.70214844   
0.26000    2223381.75000000 1474347.62500000 3612117.50000000 730.94165039    8191.31103516   3824.78515625   
0.26100    2178714.00000000 1444576.87500000 3539187.75000000 728.43554688    7536.57617188   3294.04443359   
0.26200    2135056.50000000 1415452.62500000 3467831.50000000 726.27941895    6919.97802734   2793.39624023   
0.26300    2092325.00000000 1386896.37500000 3397968.00000000 724.40899658    6337.06835938   2318.30200195   
0.26400    2050581.75000000 1358961.12500000 3329653.25000000 722.88842773    5790.21142578   1871.43469238   
0.26500    2009799.87500000 1331618.00000000 3262860.75000000 721.67285156    5277.28906250   1451.03332520   
0.26600    1969940.12500000 1304865.25000000 3197513.75000000 720.77502441    4798.02197266   1056.34216309   
0.26700    1930988.37500000 1278680.00000000 3133624.00000000 720.18029785    4351.73486328   687.17803955    
0.26800    1892965.87500000 1253053.37500000 3071171.50000000 719.89172363    3937.78955078   343.28317261    
0.26900    1855794.12500000 1227976.12500000 3010063.75000000 719.87542725    3553.99755859   22.56164932     
0.27000    1819500.50000000 1203462.25000000 2950401.00000000 720.13958740    3200.82128906   -274.03222656   
0.27100    1784070.50000000 1179463.50000000 2892004.00000000 720.67956543    2876.58129883   -548.44238281   
0.27200    1749497.50000000 1156021.12500000 2835055.25000000 721.49816895    2582.92578125   -799.28027344   
0.27300    1715695.62500000 1133058.87500000 2779294.25000000 722.54217529    2314.35766602   -1030.18164062  
0.27400    1682650.12500000 1110575.75000000 2724726.75000000 723.79669189    2070.52832031   -1242.25463867  
0.27500    1650457.87500000 1088633.25000000 2671552.00000000 725.31573486    1855.57482910   -1431.53173828  
0.27600    1618938.62500000 1067117.50000000 2619418.25000000 727.02056885    1661.64904785   -1604.11315918  
0.27700    1588240.37500000 1046121.62500000 2568587.25000000 728.92694092    1493.34765625   -1756.90136719  
0.27800    1558210.12500000 1025547.81250000 2518846.00000000 731.01855469    1346.00097656   -1893.09924316  
0.27900    1528883.12500000 1005441.06250000 2470212.75000000 733.27539062    1220.20190430   -2012.10412598  
0.28000    1500241.75000000 985741.25000000 2422646.75000000 735.68701172    1113.92883301   -2115.60034180  
0.28100    1472240.25000000 966479.50000000 2376175.00000000 738.23242188    1026.79858398   -2204.30078125  
0.28200    1444903.50000000 947627.81250000 2330700.75000000 740.92224121    958.06372070    -2278.02441406  
0.28300    1418165.62500000 929185.81250000 2286218.75000000 743.71203613    905.73004150    -2338.22949219  
0.28400    1392007.00000000 911100.87500000 2242667.75000000 746.60083008    868.70532227    -2386.51489258  
0.28500    1366453.00000000 893427.68750000 2200106.75000000 749.59008789    847.25769043    -2421.78100586  
0.28600    1341442.75000000 876091.06250000 2158394.00000000 752.63397217    838.63635254    -2446.80493164  
0.28700    1316956.87500000 859117.93750000 2117563.25000000 755.74652100    842.99041748    -2460.68261719  
0.28800    1292971.25000000 842471.00000000 2077553.00000000 758.91082764    859.17004395    -2465.15112305  
0.28900    1269525.50000000 826189.68750000 2038408.25000000 762.11468506    887.30249023    -2459.67041016  
0.29000    1246531.12500000 810198.75000000 1999989.00000000 765.34008789    924.08264160    -2446.37695312  
0.29100    1224017.50000000 794538.25000000 1962404.25000000 768.59124756    971.07794189    -2424.29980469  
0.29200    1201932.87500000 779169.00000000 1925471.62500000 771.84771729    1026.14074707   -2395.26318359  
0.29300    1180290.12500000 764104.06250000 1889305.87500000 775.11065674    1089.73535156   -2358.96020508  
0.29400    1159007.37500000 749294.56250000 1853767.87500000 778.34429932    1158.24865723   -2317.58325195  
0.29500    1138185.37500000 734779.37500000 1818928.87500000 781.58398438    1234.97241211   -2268.72314453  
0.29600    1117702.87500000 720531.12500000 1784692.00000000 784.79559326    1316.60668945   -2215.72924805  
0.29700    1097579.12500000 706512.18750000 1751063.00000000 787.96008301    1402.95227051   -2157.70605469  
0.29800    1077818.75000000 692764.81250000 1718052.37500000 791.11273193    1494.59240723   -2094.63623047  
0.29900    1058404.62500000 679265.18750000 1685618.37500000 794.22778320    1591.11584473   -2026.72607422  
0.30000    1039298.68750000 665972.00000000 1653704.87500000 797.28521729    1690.25756836   -1956.11437988  
0.30100    1020532.00000000 652936.12500000 1622388.62500000 800.31665039    1793.98388672   -1880.60229492  
0.30200    1002037.68750000 640092.37500000 1591527.37500000 803.28662109    1899.46289062   -1802.48022461  
0.30300    983862.75000000 627481.68750000 1561193.12500000 806.21807861    2008.98205566   -1720.72692871  
0.30400    965980.43750000 615090.12500000 1531393.37500000 809.09234619    2121.56933594   -1635.38574219  
0.30500    948342.00000000 602879.06250000 1502000.50000000 811.91271973    2235.47631836   -1548.06530762  
0.30600    930981.12500000 590876.31250000 1473106.75000000 814.68395996    2351.98217773   -1457.79589844  
0.30700    913918.62500000 579084.37500000 1444706.25000000 817.40203857    2472.03491211   -1363.73803711  
0.30800    897075.18750000 567468.25000000 1416694.25000000 820.07305908    2593.32836914   -1267.79760742  
0.30900    880516.56250000 556060.12500000 1389185.37500000 822.69519043    2717.84863281   -1168.29992676  
0.31000    864195.68750000 544837.18750000 1362098.12500000 825.26013184    2844.18066406   -1066.49743652  
0.31100    848107.50000000 533786.68750000 1335401.62500000 827.77612305    2972.95068359   -962.07299805   
0.31200    832284.62500000 522926.71875000 1309173.87500000 830.25329590    3104.64624023   -854.65747070   
0.31300    816689.06250000 512246.75000000 1283343.37500000 832.68115234    3238.67724609   -744.22424316   
0.31400    801363.50000000 501760.87500000 1257957.62500000 835.05670166    3376.34350586   -630.38732910   
0.31500    786255.25000000 491438.65625000 1232988.00000000 837.38458252    3516.10400391   -514.13067627   
0.31600    771395.00000000 481302.96875000 1208426.00000000 839.68634033    3659.55834961   -394.44467163   
0.31700    756782.75000000 471347.93750000 1184296.37500000 841.94213867    3806.40966797   -271.14254761   
0.31800    742396.31250000 461566.87500000 1160550.25000000 844.14392090    3956.14770508   -145.47824097   
0.31900    728280.12500000 451971.81250000 1137283.37500000 846.32507324    4111.05029297   -14.56492615    
0.32000    714400.06250000 442556.59375000 1114395.12500000 848.45288086    4269.14208984   119.13005829    
0.32100    700758.06250000 433308.25000000 1091924.00000000 850.55029297    4431.44482422   256.47387695    
0.32200    687398.50000000 424259.78125000 1069939.12500000 852.60424805    4598.63281250   398.27224731    
0.32300    674236.18750000 415366.12500000 1048302.68750000 854.62042236    4769.33691406   543.25469971    
0.32400    661363.62500000 406665.65625000 1027118.18750000 856.59484863    4945.33496094   692.55303955    
0.32500    648738.81250000 398144.31250000 1006376.37500000 858.53015137    5125.71435547   845.84741211    
0.32600    636373.25000000 389808.40625000 986071.75000000 860.41607666    5311.39843750   1003.52465820   
0.32700    624282.62500000 381653.93750000 966211.12500000 862.25860596    5502.53173828   1165.71423340   
0.32800    612478.12500000 373698.12500000 946823.00000000 864.07391357    5699.37841797   1332.50183105   
0.32900    600911.43750000 365914.71875000 927844.06250000 865.82250977    5900.42822266   1503.02246094   
0.33000    589646.37500000 358324.43750000 909352.62500000 867.53308105    6107.95996094   1678.43200684   
0.33100    578604.81250000 350903.34375000 891249.62500000 869.17047119    6319.25244141   1857.13305664   
0.33200    567913.18750000 343705.75000000 873692.50000000 870.76739502    6538.28076172   2041.83630371   
0.33300    557469.00000000 336670.90625000 856561.00000000 872.29492188    6761.42968750   2230.00732422   
0.33400    547322.93750000 329838.71875000 839891.87500000 873.76593018    6990.26953125   2422.54296875   
0.33500    537449.75000000 323185.68750000 823678.50000000 875.15759277    7223.94921875   2618.87304688   
0.33600    527863.50000000 316722.68750000 807930.93750000 876.47320557    7462.90966797   2819.24145508   
0.33700    518560.90625000 310443.03125000 792639.62500000 877.71936035    7706.73876953   3023.60058594   
0.33800    509573.00000000 304366.96875000 777846.93750000 878.87963867    7956.20361328   3231.92163086   
0.33900    500839.00000000 298458.81250000 763484.00000000 879.93994141    8208.95214844   3443.32324219   
0.34000    492404.71875000 292751.37500000 749590.18750000 880.92279053    8466.71582031   3657.98022461   
0.34100    484264.50000000 287227.59375000 736160.81250000 881.79522705    8728.59472656   3876.03857422   
0.34200    476445.31250000 281905.65625000 723258.56250000 882.58111572    8995.39355469   4097.72900391   
0.34300    468869.34375000 276743.90625000 710738.93750000 883.24389648    9264.40722656   4321.24218750   
0.34400    461621.59375000 271792.62500000 698738.12500000 883.80810547    9538.17675781   4547.96289062   
0.34500    454630.75000000 267001.40625000 687147.75000000 884.24536133    9813.80957031   4776.22265625   
0.34600    447964.75000000 262418.81250000 676077.00000000 884.58020020    10093.28320312  5007.51171875   
0.34700    441522.81250000 257979.85937500 665359.50000000 884.76477051    10373.60449219  5238.95312500   
0.34800    435387.28125000 253732.15625000 655134.25000000 884.83081055    10656.26953125  5472.31103516   
0.34900    429519.75000000 249657.35937500 645327.87500000 884.75445557    10940.60253906  5707.09130859   
0.35000    423928.53125000 245747.39062500 635951.00000000 884.55303955    11225.68945312  5941.75585938   
0.35100    418626.75000000 242022.73437500 627034.06250000 884.21472168    11512.21484375  6177.93115234   
0.35200    413534.68750000 238433.06250000 618454.68750000 883.71728516    11797.48242188  6412.66015625   
0.35300    408717.43750000 235014.37500000 610304.56250000 883.08215332    12082.85156250  6647.53955078   
0.35400    404160.31250000 231760.34375000 602573.43750000 882.30932617    12368.25000000  6882.14160156   
0.35500    399843.65625000 228654.96875000 595214.62500000 881.36663818    12652.20410156  7115.65527344   
0.35600    395750.31250000 225690.56250000 588208.00000000 880.28771973    12934.18066406  7347.47119141   
0.35700    391890.81250000 222877.50000000 581584.87500000 879.05755615    13214.49804688  7577.89062500   
0.35800    388277.28125000 220211.26562500 575330.50000000 877.67626953    13492.64843750  7806.44042969   
0.35900    384870.84375000 217679.40625000 569412.06250000 876.14648438    13767.86132812  8032.76660156   
0.36000    381691.71875000 215290.28125000 563854.68750000 874.47729492    14040.44335938  8257.08789062   
0.36100    378691.84375000 213012.15625000 558578.00000000 872.63861084    14308.63964844  8477.70605469   
0.36200    375933.00000000 210890.85937500 553690.62500000 870.68359375    14574.45117188  8696.57226562   
0.36300    373314.68750000 208856.34375000 549028.37500000 868.55285645    14834.42187500  8910.70312500   
0.36400    370885.56250000 206939.18750000 544653.37500000 866.28485107    15089.71289062  9121.29687500   
0.36500    368630.68750000 205137.59375000 540560.62500000 863.87622070    15340.05371094  9328.03222656   
0.36600    366567.90625000 203456.40625000 536778.93750000 861.35028076    15586.48632812  9531.68652344   
0.36700    364633.96875000 201854.89062500 533195.56250000 858.66717529    15825.83398438  9729.76269531   
0.36800    362897.43750000 200386.07812500 529936.62500000 855.88647461    16061.32714844  9924.91992188   
0.36900    361287.81250000 198994.00000000 526876.37500000 852.96527100    16290.23046875  10115.07226562  
0.37000    359780.46875000 197672.90625000 523982.12500000 849.91503906    16511.46875000  10299.07617188  
0.37100    358407.46875000 196441.12500000 521312.21875000 846.74786377    16726.96875000  10478.62304688  
0.37200    357192.87500000 195309.87500000 518894.25000000 843.49536133    16936.78710938  10653.91503906  
0.37300    356070.78125000 194239.89062500 516613.03125000 840.11468506    17139.20312500  10823.46777344  
0.37400    355070.56250000 193251.34375000 514546.68750000 836.64984131    17335.48242188  10988.31835938  
0.37500    354163.65625000 192331.00000000 512638.46875000 833.09936523    17524.99609375  11147.97167969  
0.37600    353364.65625000 191479.18750000 510895.56250000 829.45050049    17707.08593750  11301.88574219  
0.37700    352629.75000000 190675.68750000 509270.28125000 825.72174072    17881.74023438  11450.17089844  
0.37800    351992.40625000 189938.60937500 507800.56250000 821.92083740    18050.48046875  11593.37402344  
0.37900    351452.56250000 189268.40625000 506493.50000000 818.04925537    18212.23632812  11731.93457031  
0.38000    350959.28125000 188635.29687500 505266.37500000 814.11730957    18366.26757812  11864.44140625  
0.38100    350519.84375000 188039.53125000 504138.43750000 810.11755371    18513.00000000  11991.07226562  
0.38200    350160.81250000 187505.01562500 503148.12500000 806.07666016    18653.58984375  12113.15820312  
0.38300    349835.40625000 186997.42187500 502219.75000000 801.98089600    18786.49804688  12229.33886719  
0.38400    349592.62500000 186550.31250000 501430.37500000 797.86120605    18913.91015625  12341.21777344  
0.38500    349358.25000000 186117.23437500 500670.31250000 793.68859863    19033.32812500  12447.22460938  
0.38600    349207.46875000 185742.12500000 500040.96875000 789.50323486    19147.63867188  12549.09472656  
0.38700    349053.21875000 185374.54687500 499425.93750000 785.27380371    19254.00390625  12645.07519531  
0.38800    348945.15625000 185042.93750000 498896.46875000 781.03399658    19354.53320312  12736.44335938  
0.38900    348863.50000000 184735.21875000 498412.71875000 776.77502441    19448.77539062  12823.19824219  
0.39000    348838.21875000 184471.89062500 498033.37500000 772.52264404    19537.78320312  12905.97460938  
0.39100    348813.56250000 184218.39062500 497668.75000000 768.25408936    19620.50781250  12983.92089844  
0.39200    348819.59375000 183995.92187500 497357.75000000 763.98455811    19697.79296875  13057.68847656  
0.39300    348831.50000000 183784.31250000 497077.90625000 759.70898438    19769.09375000  13126.84863281  
0.39400    348898.43750000 183614.75000000 496879.31250000 755.45733643    19836.20117188  13192.97753906  
0.39500    348937.62500000 183437.01562500 496670.53125000 751.19848633    19896.79687500  13254.18652344  
0.39600    348999.00000000 183283.95312500 496496.90625000 746.94122314    19952.72851562  13311.85351562  
0.39700    349071.25000000 183142.25000000 496357.12500000 742.71520996    20003.81445312  13365.84765625  
0.39800    349173.78125000 183031.07812500 496267.59375000 738.49621582    20050.61718750  13416.86230469  
0.39900    349268.34375000 182923.18750000 496185.87500000 734.29260254    20092.83984375  13464.03417969  
0.40000    349371.43750000 182830.09375000 496121.87500000 730.10406494    20130.76953125  13508.16894531  
0.40100    349477.90625000 182746.60937500 496076.81250000 725.93664551    20163.83203125  13548.76367188  
0.40200    349606.62500000 182688.68750000 496080.34375000 721.79846191    20193.91210938  13587.18164062  
0.40300    349717.87500000 182623.26562500 496069.81250000 717.67309570    20219.04101562  13621.85351562  
0.40400    349848.93750000 182582.25000000 496097.84375000 713.57196045    20241.54101562  13654.38281250  
0.40500    349978.87500000 182549.57812500 496133.03125000 709.48889160    20259.72656250  13684.02734375  
0.40600    350130.84375000 182537.68750000 496217.50000000 705.44201660    20275.44335938  13711.81445312  
0.40700    350272.50000000 182523.31250000 496291.81250000 701.40643311    20287.06835938  13736.52539062  
0.40800    350410.06250000 182517.78125000 496382.37500000 697.38757324    20295.02148438  13758.85058594  
0.40900    350552.75000000 182524.64062500 496479.25000000 693.39282227    20300.00781250  13778.93652344  
0.41000    350721.34375000 182551.20312500 496627.28125000 689.42816162    20303.10546875  13797.32421875  
0.41100    350873.90625000 182575.45312500 496760.37500000 685.47772217    20301.88281250  13813.11523438  
0.41200    351016.78125000 182604.18750000 496888.65625000 681.53509521    20297.67968750  13826.67187500  
0.41300    351180.40625000 182652.71875000 497065.56250000 677.62322998    20291.68945312  13838.74218750  
0.41400    351334.78125000 182696.81250000 497226.34375000 673.71527100    20281.81445312  13848.43164062  
0.41500    351506.03125000 182766.20312500 497430.46875000 669.83538818    20270.09375000  13856.54589844  
0.41600    351646.15625000 182816.15625000 497589.96875000 665.95404053    20254.45898438  13861.89257812  
0.41700    351819.56250000 182897.10937500 497811.90625000 662.09283447    20237.03320312  13866.40722656  
0.41800    352011.40625000 182993.17187500 498073.31250000 658.24566650    20217.51953125  13869.27148438  
0.41900    352145.62500000 183055.87500000 498238.81250000 654.38787842    20193.10742188  13868.67675781  
0.42000    352314.03125000 183155.32812500 498485.84375000 650.55383301    20167.51367188  13867.25000000  
0.42100    352496.12500000 183261.92187500 498746.62500000 646.72088623    20139.60937500  13864.42773438  
0.42200    352669.18750000 183369.67187500 499010.31250000 642.89526367    20108.67187500  13859.52441406  
0.42300    352822.31250000 183469.82812500 499243.03125000 639.06170654    20074.44921875  13852.14746094  
0.42400    352988.87500000 183580.59375000 499501.53125000 635.23034668    20037.60546875  13843.03417969  
0.42500    353146.71875000 183698.34375000 499760.03125000 631.39880371    19998.27148438  13832.19824219  
0.42600    353289.50000000 183803.54687500 499996.53125000 627.55261230    19955.50390625  13819.00390625  
0.42700    353458.06250000 183932.96875000 500281.06250000 623.72717285    19910.69726562  13804.75781250  
0.42800    353595.59375000 184048.73437500 500525.40625000 619.87500000    19862.47265625  13787.62304688  
0.42900    353758.15625000 184182.32812500 500811.81250000 616.03088379    19812.22265625  13769.44042969  
0.43000    353899.56250000 184306.89062500 501066.59375000 612.16979980    19758.30468750  13748.55664062  
0.43100    354008.56250000 184412.56250000 501271.34375000 608.28521729    19700.46484375  13724.96191406  
0.43200    354140.81250000 184540.75000000 501532.59375000 604.41308594    19641.11132812  13700.21191406  
0.43300    354246.84375000 184652.26562500 501745.68750000 600.51727295    19577.72851562  13672.76269531  
0.43400    354351.00000000 184766.39062500 501962.40625000 596.61132812    19511.43164062  13643.20996094  
0.43500    354431.84375000 184870.53125000 502145.09375000 592.68896484    19441.75781250  13611.33984375  
0.43600    354535.03125000 184990.20312500 502371.68750000 588.76947021    19370.23046875  13577.92871094  
0.43700    354590.62500000 185080.87500000 502522.40625000 584.82128906    19294.10937500  13541.21484375  
0.43800    354624.21875000 185160.32812500 502637.00000000 580.85998535    19214.93554688  13502.43164062  
0.43900    354660.15625000 185246.67187500 502766.65625000 576.89294434    19133.05664062  13461.62304688  
0.44000    354679.25000000 185322.06250000 502867.12500000 572.90502930    19047.72265625  13418.24902344  
0.44100    354676.78125000 185387.81250000 502938.75000000 568.91674805    18958.89257812  13372.34863281  
0.44200    354661.37500000 185441.76562500 502983.56250000 564.90588379    18867.38476562  13324.41406250  
0.44300    354623.56250000 185489.20312500 503010.28125000 560.88653564    18772.52148438  13274.01367188  
0.44400    354568.09375000 185524.51562500 502998.56250000 556.86407471    18674.71875000  13221.34472656  
0.44500    354457.21875000 185523.06250000 502900.68750000 552.81030273    18572.46875000  13165.32226562  
0.44600    354335.59375000 185518.73437500 502796.62500000 548.76031494    18467.67578125  13107.32031250  
0.44700    354210.62500000 185514.56250000 502686.87500000 544.70666504    18360.44531250  13047.41015625  
0.44800    354035.59375000 185476.28125000 502484.68750000 540.63513184    18249.31054688  12984.39648438  
0.44900    353859.25000000 185438.32812500 502292.53125000 536.58099365    18136.05859375  12919.87890625  
0.45000    353661.40625000 185384.68750000 502057.81250000 532.51806641    18020.32812500  12853.46289062  
0.45100    353393.34375000 185292.64062500 501726.37500000 528.44824219    17900.24218750  12783.33300781  
0.45200    353129.00000000 185196.43750000 501389.56250000 524.38641357    17778.56445312  12711.88671875  
0.45300    352815.43750000 185071.21875000 500973.56250000 520.33062744    17653.47851562  12637.89941406  
0.45400    352486.21875000 184934.46875000 500538.62500000 516.28198242    17526.35742188  12562.14746094  
0.45500    352128.18750000 184781.59375000 500050.50000000 512.24365234    17396.86132812  12484.40136719  
0.45600    351726.84375000 184598.17187500 499490.34375000 508.21160889    17264.73242188  12404.21679688  
0.45700    351307.37500000 184403.78125000 498910.09375000 504.20971680    17130.80859375  12322.81152344  
0.45800    350840.93750000 184175.90625000 498243.53125000 500.21832275    16994.56054688  12239.25000000  
0.45900    350343.84375000 183927.70312500 497531.37500000 496.25115967    16856.20117188  12153.61035156  
0.46000    349846.59375000 183677.37500000 496816.06250000 492.31930542    16717.52343750  12067.77832031  
0.46100    349267.96875000 183373.89062500 495965.09375000 488.40310669    16575.18554688  11978.68554688  
0.46200    348700.68750000 183077.23437500 495133.96875000 484.53045654    16432.94921875  11889.52636719  
0.46300    348086.00000000 182745.54687500 494219.09375000 480.69857788    16288.88671875  11798.58203125  
0.46400    347429.09375000 182387.64062500 493235.18750000 476.90048218    16143.57519531  11706.33007812  
0.46500    346761.40625000 182019.67187500 492236.90625000 473.15856934    15997.87011719  11613.58203125  
0.46600    346052.87500000 181622.34375000 491165.43750000 469.45904541    15851.13378906  11519.60058594  
0.46700    345294.84375000 181194.84375000 490017.15625000 465.80657959    15703.33886719  11424.45898438  
0.46800    344555.31250000 180770.95312500 488888.06250000 462.22830200    15556.32714844  11329.69531250  
0.46900    343747.28125000 180302.17187500 487644.15625000 458.69808960    15407.99121094  11233.45996094  
0.47000    342913.75000000 179820.20312500 486365.90625000 455.23483276    15259.92187500  11137.09179688  
0.47100    342069.71875000 179322.90625000 485056.37500000 451.84289551    15112.35156250  11040.87695312  
0.47200    341194.31250000 178804.17187500 483698.93750000 448.52899170    14965.15039062  10944.39257812  
0.47300    340303.53125000 178274.85937500 482313.28125000 445.28717041    14818.91992188  10848.22265625  
0.47400    339358.46875000 177706.40625000 480839.09375000 442.11883545    14672.07031250  10751.43945312  
0.47500    338418.62500000 177135.00000000 479356.62500000 439.04580688    14527.18750000  10655.64648438  
0.47600    337470.87500000 176558.75000000 477864.68750000 436.06588745    14384.09667969  10560.80273438  
0.47700    336452.93750000 175936.54687500 476262.75000000 433.15417480    14240.20898438  10465.14160156  
0.47800    335442.96875000 175315.87500000 474662.21875000 430.34909058    14098.94238281  10371.23046875  
0.47900    334428.50000000 174690.64062500 473059.90625000 427.64669800    13959.87597656  10278.38183594  
0.48000    333366.37500000 174032.29687500 471369.53125000 425.03137207    13821.28906250  10185.74023438  
0.48100    332335.40625000 173390.71875000 469723.90625000 422.53707886    13685.99316406  10095.26660156  
0.48200    331224.75000000 172696.82812500 467956.03125000 420.11584473    13550.69921875  10004.40722656  
0.48300    330124.84375000 172004.79687500 466190.93750000 417.81701660    13418.36718750  9915.49707031   
0.48400    329022.15625000 171311.20312500 464425.90625000 415.62036133    13288.75488281  9828.29394531   
0.48500    327897.93750000 170603.28125000 462625.00000000 413.53170776    13161.06738281  9742.37890625   
0.48600    326782.84375000 169896.09375000 460829.53125000 411.55883789    13036.43457031  9658.49609375   
0.48700    325642.09375000 169173.10937500 458994.31250000 409.69097900    12913.68164062  9576.04882812   
0.48800    324474.03125000 168429.93750000 457112.12500000 407.92089844    12793.08593750  9494.61816406   
0.48900    323316.46875000 167690.53125000 455239.37500000 406.26943970    12675.45507812  9415.41308594   
0.49000    322152.96875000 166949.37500000 453360.06250000 404.72586060    12560.96484375  9338.26953125   
0.49100    320996.96875000 166213.10937500 451491.56250000 403.29620361    12449.49218750  9263.35644531   
0.49200    319809.71875000 165454.40625000 449574.31250000 401.96347046    12340.01464844  9189.63769531   
0.49300    318629.53125000 164699.29687500 447665.37500000 400.73544312    12233.64160156  9118.31738281   
0.49400    317445.50000000 163943.68750000 445749.03125000 399.61813354    12130.15917969  9048.96093750   
0.49500    316250.93750000 163180.90625000 443815.87500000 398.59335327    12029.12792969  8981.43750000   
0.49600    315075.56250000 162428.84375000 441909.37500000 397.67752075    11931.58886719  8916.33398438   
0.49700    313873.71875000 161661.32812500 439967.18750000 396.84161377    11836.06835938  8852.71582031   
0.49800    312687.28125000 160906.54687500 438046.06250000 396.10754395    11743.86816406  8791.61718750   
0.49900    311479.40625000 160138.81250000 436095.68750000 395.45819092    11653.66113281  8731.84960938   
0.50000    310295.09375000 159383.73437500 434175.84375000 394.89355469    11566.62695312  8674.55175781   
