# SAXS profile: number of points = 501, q_min = 0, q_max = 0.5, delta_q = 0.001
#    q    intensity 
0.00000    162229056.00000000 101202576.00000000 256269600.00000000 108970.93750000 8409398.00000000 6641704.00000000 
0.00100    162188720.00000000 101172600.00000000 256195440.00000000 108929.48437500 8406560.00000000 6639481.50000000 
0.00200    162055744.00000000 101085664.00000000 255974672.00000000 108805.24218750 8397989.00000000 6632779.50000000 
0.00300    161826752.00000000 100941280.00000000 255605936.00000000 108598.87500000 8383843.00000000 6621666.00000000 
0.00400    161491824.00000000 100739312.00000000 255091456.00000000 108309.97656250 8364072.50000000 6606115.00000000 
0.00500    161066128.00000000 100477576.00000000 254426000.00000000 107940.89843750 8338690.00000000 6586202.00000000 
0.00600    160548192.00000000 100162800.00000000 253622144.00000000 107491.78906250 8307864.50000000 6562024.50000000 
0.00700    159937392.00000000 99792824.00000000 252674384.00000000 106964.28125000 8271505.50000000 6533547.50000000 
0.00800    159244592.00000000 99367080.00000000 251585744.00000000 106359.01562500 8229988.00000000 6500890.00000000 
0.00900    158464288.00000000 98887560.00000000 250360096.00000000 105678.83593750 8183109.00000000 6464160.00000000 
0.01000    157597840.00000000 98353464.00000000 248997312.00000000 104925.42968750 8131219.50000000 6423426.50000000 
0.01100    156642752.00000000 97768360.00000000 247505824.00000000 104100.95312500 8074349.50000000 6378736.50000000 
0.01200    155607616.00000000 97132144.00000000 245883520.00000000 103207.26562500 8012655.00000000 6330310.00000000 
0.01300    154495072.00000000 96448280.00000000 244136960.00000000 102246.76562500 7946323.00000000 6278257.00000000 
0.01400    153302816.00000000 95716192.00000000 242269536.00000000 101223.00781250 7875429.00000000 6222599.00000000 
0.01500    152035312.00000000 94938864.00000000 240284176.00000000 100138.03125000 7800235.00000000 6163551.00000000 
0.01600    150697648.00000000 94116424.00000000 238186832.00000000 98994.51562500  7720933.00000000 6101284.00000000 
0.01700    149289840.00000000 93251176.00000000 235978224.00000000 97797.37500000  7637695.50000000 6035852.00000000 
0.01800    147815664.00000000 92345728.00000000 233668736.00000000 96546.91406250  7550668.50000000 5967510.00000000 
0.01900    146280560.00000000 91401288.00000000 231258160.00000000 95248.03125000  7460099.50000000 5896392.00000000 
0.02000    144683664.00000000 90419688.00000000 228753248.00000000 93904.98437500  7366204.00000000 5822615.50000000 
0.02100    143031072.00000000 89402040.00000000 226160128.00000000 92520.18750000  7269242.00000000 5746420.00000000 
0.02200    141324304.00000000 88351536.00000000 223483440.00000000 91096.12500000  7169408.50000000 5667915.00000000 
0.02300    139568496.00000000 87270512.00000000 220727376.00000000 89638.25781250  7066856.00000000 5587349.50000000 
0.02400    137765648.00000000 86160088.00000000 217898848.00000000 88149.15625000  6961886.50000000 5504864.50000000 
0.02500    135920848.00000000 85022600.00000000 215000128.00000000 86631.42187500  6854708.50000000 5420535.00000000 
0.02600    134037528.00000000 83861704.00000000 212043504.00000000 85089.93750000  6745538.50000000 5334764.00000000 
0.02700    132118288.00000000 82677728.00000000 209028000.00000000 83527.51562500  6634678.00000000 5247487.00000000 
0.02800    130165608.00000000 81473056.00000000 205960768.00000000 81948.37500000  6522254.50000000 5159104.00000000 
0.02900    128185224.00000000 80251576.00000000 202849968.00000000 80355.03906250  6408561.50000000 5069646.50000000 
0.03000    126179992.00000000 79014352.00000000 199697584.00000000 78751.30468750  6293780.00000000 4979362.50000000 
0.03100    124153224.00000000 77762104.00000000 196511248.00000000 77141.21875000  6178181.00000000 4888393.50000000 
0.03200    122108080.00000000 76498936.00000000 193295808.00000000 75526.15625000  6061941.50000000 4796900.00000000 
0.03300    120048096.00000000 75225080.00000000 190056592.00000000 73911.26562500  5945264.00000000 4705034.00000000 
0.03400    117977384.00000000 73943608.00000000 186799056.00000000 72297.84375000  5828356.50000000 4612982.50000000 
0.03500    115898984.00000000 72656752.00000000 183528016.00000000 70689.07031250  5711454.50000000 4520900.00000000 
0.03600    113814856.00000000 71366448.00000000 180247424.00000000 69088.63281250  5594718.00000000 4428940.50000000 
0.03700    111730192.00000000 70075320.00000000 176966272.00000000 67497.96093750  5478336.00000000 4337213.00000000 
0.03800    109646976.00000000 68784336.00000000 173686032.00000000 65920.63281250  5362453.50000000 4245887.50000000 
0.03900    107569264.00000000 67494896.00000000 170411344.00000000 64357.59765625  5247318.50000000 4155098.00000000 
0.04000    105497312.00000000 66208668.00000000 167146880.00000000 62812.55859375  5133042.00000000 4065014.00000000 
0.04100    103435440.00000000 64928988.00000000 163899664.00000000 61286.71484375  5019757.00000000 3975705.50000000 
0.04200    101386752.00000000 63656372.00000000 160667552.00000000 59782.27343750  4907663.00000000 3887273.00000000 
0.04300    99352464.00000000 62391920.00000000 157461600.00000000 58301.16015625  4796897.00000000 3799858.00000000 
0.04400    97336256.00000000 61138532.00000000 154281872.00000000 56844.19531250  4687531.50000000 3713540.25000000 
0.04500    95340504.00000000 59896728.00000000 151132608.00000000 55413.78515625  4579743.50000000 3628461.50000000 
0.04600    93365712.00000000 58667360.00000000 148017088.00000000 54009.96093750  4473568.00000000 3544615.50000000 
0.04700    91415992.00000000 57452544.00000000 144941184.00000000 52634.94531250  4369097.50000000 3462158.25000000 
0.04800    89491560.00000000 56253608.00000000 141903280.00000000 51289.34765625  4266496.00000000 3381144.00000000 
0.04900    87594408.00000000 55071116.00000000 138907280.00000000 49973.83593750  4165774.00000000 3301554.50000000 
0.05000    85725808.00000000 53906128.00000000 135958048.00000000 48689.01171875  4067062.25000000 3223568.25000000 
0.05100    83889600.00000000 52759476.00000000 133054608.00000000 47435.50390625  3970371.75000000 3147136.25000000 
0.05200    82084008.00000000 51632768.00000000 130201512.00000000 46213.77343750  3875765.50000000 3072369.00000000 
0.05300    80312184.00000000 50525884.00000000 127399520.00000000 45024.05468750  3783307.00000000 2999230.75000000 
0.05400    78573928.00000000 49439608.00000000 124652920.00000000 43866.59765625  3692983.75000000 2927835.50000000 
0.05500    76871136.00000000 48375432.00000000 121959848.00000000 42740.94140625  3604858.75000000 2858103.00000000 
0.05600    75204328.00000000 47332848.00000000 119323704.00000000 41647.57812500  3518943.25000000 2790140.75000000 
0.05700    73574272.00000000 46312984.00000000 116744872.00000000 40585.60937500  3435252.25000000 2723911.50000000 
0.05800    71981552.00000000 45315940.00000000 114224048.00000000 39555.39453125  3353739.25000000 2659428.00000000 
0.05900    70426384.00000000 44342060.00000000 111762528.00000000 38556.63281250  3274481.00000000 2596664.00000000 
0.06000    68908912.00000000 43391452.00000000 109360312.00000000 37587.76562500  3197413.00000000 2535664.25000000 
0.06100    67429488.00000000 42464716.00000000 107019736.00000000 36649.71093750  3122500.25000000 2476382.25000000 
0.06200    65989672.00000000 41562068.00000000 104739320.00000000 35740.89453125  3049799.75000000 2418789.25000000 
0.06300    64587068.00000000 40683268.00000000 102518296.00000000 34860.96484375  2979212.25000000 2362892.00000000 
0.06400    63223064.00000000 39828500.00000000 100358960.00000000 34009.23046875  2910730.25000000 2308629.25000000 
0.06500    61897356.00000000 38997080.00000000 98259848.00000000 33184.58984375  2844293.25000000 2256057.25000000 
0.06600    60609684.00000000 38189480.00000000 96220448.00000000 32386.54101562  2779944.50000000 2205069.25000000 
0.06700    59359268.00000000 37405968.00000000 94239696.00000000 31614.25781250  2717520.75000000 2155627.50000000 
0.06800    58146984.00000000 36645320.00000000 92319648.00000000 30866.80273438  2657071.00000000 2107743.00000000 
0.06900    56971124.00000000 35907492.00000000 90456592.00000000 30143.67968750  2598508.75000000 2061378.12500000 
0.07000    55831548.00000000 35193260.00000000 88652088.00000000 29443.60742188  2541817.00000000 2016425.12500000 
0.07100    54727188.00000000 34500956.00000000 86903104.00000000 28765.69140625  2486881.00000000 1972935.75000000 
0.07200    53658280.00000000 33831000.00000000 85211072.00000000 28109.35546875  2433683.50000000 1930797.62500000 
0.07300    52623556.00000000 33183616.00000000 83573144.00000000 27473.56835938  2382176.00000000 1889996.62500000 
0.07400    51622812.00000000 32556960.00000000 81988728.00000000 26857.38476562  2332301.50000000 1850484.50000000 
0.07500    50655208.00000000 31951194.00000000 80457392.00000000 26259.83203125  2283964.00000000 1812225.87500000 
0.07600    49718988.00000000 31365596.00000000 78977232.00000000 25680.65429688  2237158.25000000 1775143.87500000 
0.07700    48814840.00000000 30799954.00000000 77545752.00000000 25118.65429688  2191790.25000000 1739253.12500000 
0.07800    47940524.00000000 30253726.00000000 76164408.00000000 24572.92578125  2147863.00000000 1704451.62500000 
0.07900    47096572.00000000 29726348.00000000 74829264.00000000 24043.09765625  2105252.75000000 1670736.12500000 
0.08000    46280780.00000000 29217280.00000000 73540240.00000000 23528.36914062  2063946.25000000 1638031.12500000 
0.08100    45493188.00000000 28725662.00000000 72296424.00000000 23027.87695312  2023874.37500000 1606317.00000000 
0.08200    44732264.00000000 28251890.00000000 71094552.00000000 22540.97460938  1984973.87500000 1575538.75000000 
0.08300    43997008.00000000 27794238.00000000 69934680.00000000 22067.08007812  1947217.37500000 1545679.62500000 
0.08400    43287356.00000000 27352910.00000000 68815896.00000000 21605.59570312  1910547.00000000 1516674.62500000 
0.08500    42602348.00000000 26926986.00000000 67734832.00000000 21156.00390625  1874912.75000000 1488492.37500000 
0.08600    41939820.00000000 26516066.00000000 66691288.00000000 20717.86914062  1840264.87500000 1461100.25000000 
0.08700    41299968.00000000 26119258.00000000 65683252.00000000 20290.52539062  1806571.75000000 1434455.50000000 
0.08800    40682208.00000000 25736454.00000000 64709884.00000000 19873.75781250  1773771.87500000 1408523.62500000 
0.08900    40083880.00000000 25366396.00000000 63769396.00000000 19466.92773438  1741822.37500000 1383279.75000000 
0.09000    39505912.00000000 25009402.00000000 62859532.00000000 19069.69140625  1710709.37500000 1358687.12500000 
0.09100    38946436.00000000 24664262.00000000 61980836.00000000 18681.46679688  1680364.62500000 1334721.37500000 
0.09200    38404760.00000000 24330650.00000000 61130060.00000000 18302.20703125  1650781.12500000 1311331.37500000 
0.09300    37880588.00000000 24007840.00000000 60307436.00000000 17931.52734375  1621885.50000000 1288514.12500000 
0.09400    37372268.00000000 23695478.00000000 59510188.00000000 17569.04882812  1593689.50000000 1266221.50000000 
0.09500    36879788.00000000 23392930.00000000 58738032.00000000 17214.53125000  1566139.50000000 1244453.37500000 
0.09600    36401620.00000000 23099714.00000000 57988820.00000000 16867.72851562  1539195.62500000 1223168.75000000 
0.09700    35937736.00000000 22815330.00000000 57261860.00000000 16528.49218750  1512837.75000000 1202357.50000000 
0.09800    35486744.00000000 22539470.00000000 56556228.00000000 16196.18750000  1487055.00000000 1181989.62500000 
0.09900    35048260.00000000 22271078.00000000 55870072.00000000 15871.14355469  1461803.87500000 1162039.37500000 
0.10000    34621628.00000000 22010572.00000000 55202444.00000000 15552.85839844  1437044.75000000 1142488.62500000 
0.10100    34205704.00000000 21756720.00000000 54551860.00000000 15241.01367188  1412799.87500000 1123326.50000000 
0.10200    33800120.00000000 21509372.00000000 53918488.00000000 14935.70019531  1389017.50000000 1104530.62500000 
0.10300    33404278.00000000 21268080.00000000 53299892.00000000 14636.68359375  1365687.00000000 1086076.62500000 
0.10400    33017346.00000000 21032478.00000000 52695520.00000000 14343.66308594  1342775.25000000 1067977.62500000 
0.10500    32639024.00000000 20802228.00000000 52104708.00000000 14056.58593750  1320280.87500000 1050196.37500000 
0.10600    32268628.00000000 20576440.00000000 51525888.00000000 13775.19628906  1298172.25000000 1032701.93750000 
0.10700    31905062.00000000 20355330.00000000 50958596.00000000 13499.44726562  1276455.12500000 1015514.75000000 
0.10800    31548418.00000000 20138280.00000000 50402236.00000000 13229.11914062  1255065.75000000 998599.68750000 
0.10900    31198176.00000000 19925146.00000000 49855112.00000000 12963.96484375  1234044.50000000 981968.81250000 
0.11000    30853472.00000000 19715446.00000000 49316852.00000000 12703.96679688  1213338.62500000 965580.12500000 
0.11100    30514012.00000000 19508702.00000000 48786600.00000000 12448.92968750  1192955.00000000 949446.18750000 
0.11200    30179378.00000000 19304844.00000000 48264256.00000000 12198.68847656  1172868.50000000 933542.93750000 
0.11300    29849152.00000000 19103536.00000000 47747408.00000000 11953.00683594  1153071.50000000 917865.25000000 
0.11400    29522810.00000000 18904404.00000000 47238004.00000000 11711.93164062  1133577.00000000 902409.62500000 
0.11500    29200078.00000000 18707292.00000000 46732896.00000000 11474.97265625  1114315.87500000 887148.81250000 
0.11600    28880348.00000000 18512060.00000000 46233128.00000000 11242.35253906  1095321.50000000 872094.37500000 
0.11700    28563672.00000000 18318430.00000000 45737268.00000000 11013.81347656  1076584.37500000 857235.43750000 
0.11800    28249426.00000000 18125740.00000000 45244908.00000000 10789.04296875  1058065.25000000 842548.37500000 
0.11900    27937258.00000000 17934408.00000000 44756436.00000000 10567.94042969  1039776.75000000 828043.87500000 
0.12000    27627130.00000000 17744114.00000000 44269736.00000000 10350.49023438  1021709.31250000 813707.56250000 
0.12100    27318716.00000000 17554436.00000000 43785832.00000000 10136.48925781  1003849.68750000 799533.56250000 
0.12200    27011570.00000000 17365530.00000000 43303664.00000000 9925.79199219   986188.81250000 785515.62500000 
0.12300    26705706.00000000 17177034.00000000 42823648.00000000 9718.27636719   968724.31250000 771647.93750000 
0.12400    26400838.00000000 16988938.00000000 42344212.00000000 9513.78613281   951436.75000000 757928.62500000 
0.12500    26096830.00000000 16800938.00000000 41866148.00000000 9312.24707031   934331.31250000 744343.06250000 
0.12600    25793506.00000000 16613233.00000000 41388720.00000000 9113.55566406   917413.37500000 730905.31250000 
0.12700    25490434.00000000 16425490.00000000 40911144.00000000 8917.57031250   900649.12500000 717592.18750000 
0.12800    25188114.00000000 16237793.00000000 40434312.00000000 8724.25683594   884052.06250000 704405.37500000 
0.12900    24885814.00000000 16049885.00000000 39957564.00000000 8533.48242188   867621.93750000 691350.68750000 
0.13000    24583766.00000000 15861850.00000000 39481220.00000000 8345.16113281   851343.43750000 678418.37500000 
0.13100    24282068.00000000 15673642.00000000 39004280.00000000 8159.24707031   835230.62500000 665603.87500000 
0.13200    23980128.00000000 15485207.00000000 38527140.00000000 7975.70507812   819248.87500000 652911.50000000 
0.13300    23678490.00000000 15296523.00000000 38050416.00000000 7794.48046875   803433.00000000 640337.93750000 
0.13400    23376908.00000000 15107736.00000000 37572752.00000000 7615.43164062   787753.00000000 627870.93750000 
0.13500    23075066.00000000 14918594.00000000 37094768.00000000 7438.79589844   772225.68750000 615531.62500000 
0.13600    22773608.00000000 14729324.00000000 36617076.00000000 7264.30419922   756842.18750000 603295.18750000 
0.13700    22472092.00000000 14539718.00000000 36139156.00000000 7092.02685547   741602.43750000 591187.00000000 
0.13800    22170726.00000000 14350148.00000000 35660544.00000000 6921.94384766   726513.81250000 579182.56250000 
0.13900    21869458.00000000 14160252.00000000 35182568.00000000 6754.22265625   711580.43750000 567302.87500000 
0.14000    21568406.00000000 13970495.00000000 34704208.00000000 6588.70117188   696780.56250000 555543.06250000 
0.14100    21267710.00000000 13780580.00000000 34226592.00000000 6425.53857422   682148.06250000 543895.31250000 
0.14200    20967634.00000000 13590829.00000000 33749364.00000000 6264.68408203   667660.68750000 532379.18750000 
0.14300    20667846.00000000 13401166.00000000 33272224.00000000 6106.20654297   653339.93750000 520977.06250000 
0.14400    20368802.00000000 13211567.00000000 32796194.00000000 5950.17089844   639167.12500000 509710.81250000 
0.14500    20070210.00000000 13022337.00000000 32321022.00000000 5796.70068359   625165.00000000 498568.62500000 
0.14600    19772636.00000000 12833475.00000000 31847076.00000000 5645.70849609   611335.93750000 487555.62500000 
0.14700    19476126.00000000 12645156.00000000 31374162.00000000 5497.37109375   597671.81250000 476684.06250000 
0.14800    19180774.00000000 12457195.00000000 30903168.00000000 5351.72998047   584176.06250000 465942.53125000 
0.14900    18886506.00000000 12269908.00000000 30433558.00000000 5208.81494141   570868.43750000 455344.28125000 
0.15000    18593868.00000000 12083396.00000000 29966078.00000000 5068.75537109   557738.68750000 444890.84375000 
0.15100    18302466.00000000 11897672.00000000 29501274.00000000 4931.56689453   544801.50000000 434579.59375000 
0.15200    18013206.00000000 11712870.00000000 29038642.00000000 4797.38671875   532059.12500000 424427.09375000 
0.15300    17725364.00000000 11529091.00000000 28578710.00000000 4666.18310547   519507.28125000 414422.40625000 
0.15400    17439538.00000000 11346386.00000000 28121866.00000000 4538.03857422   507156.81250000 404577.37500000 
0.15500    17156074.00000000 11164846.00000000 27668246.00000000 4413.07714844   495007.56250000 394889.31250000 
0.15600    16874408.00000000 10984683.00000000 27217800.00000000 4291.25488281   483063.87500000 385362.31250000 
0.15700    16595501.00000000 10805897.00000000 26771236.00000000 4172.74414062   471334.71875000 376004.18750000 
0.15800    16318932.00000000 10628555.00000000 26328364.00000000 4057.40576172   459817.31250000 366806.53125000 
0.15900    16045135.00000000 10452858.00000000 25889684.00000000 3945.48925781   448517.31250000 357788.21875000 
0.16000    15773914.00000000 10278722.00000000 25454932.00000000 3836.82104492   437432.68750000 348929.75000000 
0.16100    15505715.00000000 10106345.00000000 25025098.00000000 3731.55297852   426573.71875000 340253.00000000 
0.16200    15240467.00000000 9935844.00000000 24600024.00000000 3629.58959961   415932.50000000 331748.40625000 
0.16300    14978322.00000000 9767122.00000000 24179276.00000000 3530.99511719   405518.87500000 323415.21875000 
0.16400    14719412.00000000 9600328.00000000 23763894.00000000 3435.74975586   395325.65625000 315263.37500000 
0.16500    14463734.00000000 9435601.00000000 23353468.00000000 3343.81542969   385362.84375000 307286.75000000 
0.16600    14211427.00000000 9272864.00000000 22948356.00000000 3255.18774414   375622.87500000 299484.71875000 
0.16700    13962523.00000000 9112315.00000000 22548382.00000000 3169.80102539   366101.31250000 291861.06250000 
0.16800    13717170.00000000 8953848.00000000 22154124.00000000 3087.58154297   356811.03125000 284411.28125000 
0.16900    13475296.00000000 8797698.00000000 21765310.00000000 3008.62036133   347743.00000000 277139.12500000 
0.17000    13237031.00000000 8643537.00000000 21382526.00000000 2932.68334961   338891.00000000 270037.12500000 
0.17100    13002466.00000000 8491899.00000000 21005132.00000000 2859.80908203   330262.25000000 263106.90625000 
0.17200    12771475.00000000 8342385.00000000 20633530.00000000 2789.86865234   321842.40625000 256350.29687500 
0.17300    12544271.00000000 8195320.50000000 20267780.00000000 2722.78735352   313640.75000000 249755.04687500 
0.17400    12320657.00000000 8050487.50000000 19907976.00000000 2658.53076172   305646.87500000 243328.90625000 
0.17500    12100884.00000000 7907902.50000000 19554176.00000000 2596.92089844   297853.71875000 237065.85937500 
0.17600    11884692.00000000 7767677.50000000 19205900.00000000 2537.86718750   290261.03125000 230956.60937500 
0.17700    11672270.00000000 7629845.00000000 18863720.00000000 2481.34082031   282872.81250000 225006.67187500 
0.17800    11463452.00000000 7494280.50000000 18527210.00000000 2427.14062500   275668.93750000 219205.73437500 
0.17900    11258335.00000000 7361110.50000000 18196808.00000000 2375.25659180   268655.68750000 213555.45312500 
0.18000    11056914.00000000 7230160.00000000 17871868.00000000 2325.50341797   261821.15625000 208049.23437500 
0.18100    10859035.00000000 7101575.50000000 17552912.00000000 2277.80883789   255168.35937500 202687.87500000 
0.18200    10664609.00000000 6975148.50000000 17239402.00000000 2232.03271484   248682.85937500 197456.95312500 
0.18300    10473822.00000000 6850985.00000000 16931590.00000000 2188.07348633   242363.40625000 192358.73437500 
0.18400    10286415.00000000 6729038.00000000 16629217.00000000 2145.84790039   236203.87500000 187391.45312500 
0.18500    10102460.00000000 6609321.50000000 16332535.00000000 2105.21801758   230199.59375000 182545.21875000 
0.18600    9921741.00000000 6491649.50000000 16040959.00000000 2066.07763672   224344.75000000 177818.98437500 
0.18700    9744292.00000000 6376162.50000000 15754612.00000000 2028.36254883   218631.25000000 173207.42187500 
0.18800    9570164.00000000 6262649.50000000 15473580.00000000 1991.90917969   213056.71875000 168706.98437500 
0.18900    9399300.00000000 6151285.00000000 15197570.00000000 1956.72302246   207616.51562500 164314.71875000 
0.19000    9231348.00000000 6041837.00000000 14926363.00000000 1922.60339355   202301.70312500 160022.64062500 
0.19100    9066477.00000000 5934438.50000000 14660345.00000000 1889.56933594   197114.87500000 155834.40625000 
0.19200    8904580.00000000 5828840.00000000 14398965.00000000 1857.46679688   192040.18750000 151737.32812500 
0.19300    8745604.00000000 5725223.00000000 14142278.00000000 1826.29748535   187082.82812500 147734.60937500 
0.19400    8589427.00000000 5623357.00000000 13889944.00000000 1795.93151855   182234.90625000 143817.45312500 
0.19500    8436036.00000000 5523378.00000000 13642280.00000000 1766.34045410   177490.18750000 139986.54687500 
0.19600    8285345.50000000 5425073.50000000 13398905.00000000 1737.46923828   172846.03125000 136239.37500000 
0.19700    8137373.50000000 5328494.50000000 13159857.00000000 1709.28210449   168302.06250000 132569.03125000 
0.19800    7991938.50000000 5233642.00000000 12924932.00000000 1681.71386719   163851.21875000 128976.21093750 
0.19900    7849090.50000000 5140464.00000000 12694124.00000000 1654.76452637   159493.76562500 125459.20312500 
0.20000    7708619.50000000 5048786.00000000 12467327.00000000 1628.36450195   155223.76562500 122009.25000000 
0.20100    7570625.50000000 4958792.50000000 12244456.00000000 1602.55957031   151040.68750000 118634.86718750 
0.20200    7435027.50000000 4870301.00000000 12025378.00000000 1577.25183105   146942.43750000 115325.70312500 
0.20300    7301779.50000000 4783314.00000000 11809967.00000000 1552.49914551   142925.48437500 112084.35156250 
0.20400    7170745.50000000 4697819.50000000 11598277.00000000 1528.24792480   138992.26562500 108907.33593750 
0.20500    7041991.50000000 4613753.00000000 11390316.00000000 1504.52087402   135136.18750000 105796.01562500 
0.20600    6915488.50000000 4531164.00000000 11185844.00000000 1481.30187988   131358.39062500 102746.55468750 
0.20700    6791040.00000000 4449947.00000000 10984773.00000000 1458.61230469   127659.30468750 99760.17187500  
0.20800    6668741.00000000 4370071.00000000 10787068.00000000 1436.42907715   124036.33593750 96833.96093750  
0.20900    6548714.50000000 4291659.00000000 10593071.00000000 1414.85070801   120494.54687500 93972.57812500  
0.21000    6430584.50000000 4214429.50000000 10402097.00000000 1393.77612305   117023.60156250 91168.29687500  
0.21100    6314596.50000000 4138622.00000000 10214541.00000000 1373.30505371   113630.12500000 88426.28906250  
0.21200    6200609.00000000 4064106.50000000 10030192.00000000 1353.38647461   110310.64843750 85744.12500000  
0.21300    6088588.50000000 3990810.50000000 9849031.00000000 1334.05798340   107068.05468750 83120.75781250  
0.21400    5978584.50000000 3918822.25000000 9671007.00000000 1315.35217285   103901.94531250 80558.58593750  
0.21500    5870588.50000000 3848104.50000000 9496167.00000000 1297.30175781   100812.07031250 78058.11718750  
0.21600    5764409.50000000 3778577.00000000 9324325.00000000 1279.84545898   97796.14062500  75615.56250000  
0.21700    5660218.00000000 3710273.25000000 9155573.00000000 1263.06909180   94858.21093750  73235.25000000  
0.21800    5557962.50000000 3643204.00000000 8989916.00000000 1246.93493652   91995.06250000  70912.75781250  
0.21900    5457508.00000000 3577269.50000000 8827134.00000000 1231.45654297   89206.26562500  68650.55468750  
0.22000    5358959.50000000 3512519.25000000 8667344.00000000 1216.66333008   86496.00781250  66449.03125000  
0.22100    5262262.50000000 3449011.50000000 8510686.00000000 1202.57873535   83861.18750000  64307.78906250  
0.22200    5167394.00000000 3386630.00000000 8356686.50000000 1189.14892578   81303.35156250  62227.04687500  
0.22300    5074352.00000000 3325356.75000000 8205690.00000000 1176.38513184   78819.82812500  60205.36328125  
0.22400    4983063.50000000 3265244.25000000 8057511.50000000 1164.28405762   76411.00781250  58241.32031250  
0.22500    4893683.50000000 3206293.50000000 7912260.00000000 1152.88525391   74079.49218750  56340.06250000  
0.22600    4805910.00000000 3148389.50000000 7769664.00000000 1142.10266113   71818.31250000  54493.83593750  
0.22700    4719924.00000000 3091593.25000000 7629927.00000000 1131.97583008   69632.95312500  52708.40625000  
0.22800    4635745.00000000 3035864.00000000 7492838.00000000 1122.45471191   67519.00781250  50978.39843750  
0.22900    4553155.50000000 2981228.00000000 7358480.00000000 1113.53161621   65475.72265625  49304.64843750  
0.23000    4472237.50000000 2927619.75000000 7226711.50000000 1105.17907715   63503.72265625  47688.08203125  
0.23100    4393050.00000000 2875060.00000000 7097616.50000000 1097.39013672   61600.25390625  46125.61718750  
0.23200    4315421.00000000 2823497.00000000 6970997.00000000 1090.09936523   59762.79687500  44615.84375000  
0.23300    4239341.50000000 2772938.00000000 6846927.50000000 1083.30664062   57990.92968750  43158.72265625  
0.23400    4164874.50000000 2723417.25000000 6725400.50000000 1076.98620605   56283.12890625  41753.31640625  
0.23500    4091840.50000000 2674769.25000000 6606120.50000000 1071.06250000   54634.83593750  40395.25390625  
0.23600    4020369.50000000 2627093.25000000 6489341.50000000 1065.55371094   53048.25390625  39086.58593750  
0.23700    3950296.75000000 2580394.75000000 6374872.00000000 1060.38293457   51518.67578125  37824.45703125  
0.23800    3881660.00000000 2534551.25000000 6262622.50000000 1055.53906250   50044.51953125  36607.10546875  
0.23900    3814374.50000000 2489576.25000000 6152545.00000000 1050.94506836   48622.07031250  35431.58593750  
0.24000    3748451.75000000 2445464.50000000 6044679.50000000 1046.62390137   47251.17578125  34298.10156250  
0.24100    3683831.75000000 2402212.75000000 5938863.50000000 1042.52331543   45929.25000000  33205.09375000  
0.24200    3620489.75000000 2359784.75000000 5835102.00000000 1038.57678223   44652.62109375  32149.46875000  
0.24300    3558320.25000000 2318135.75000000 5733331.00000000 1034.76611328   43418.55859375  31128.86132812  
0.24400    3497362.75000000 2277227.50000000 5633378.00000000 1031.06408691   42225.02343750  30142.22265625  
0.24500    3437511.50000000 2237062.25000000 5535232.50000000 1027.42150879   41070.20703125  29187.78125000  
0.24600    3378759.00000000 2197624.75000000 5438918.00000000 1023.81994629   39951.13281250  28263.93750000  
0.24700    3321054.75000000 2158902.00000000 5344302.00000000 1020.25335693   38866.02734375  27368.26953125  
0.24800    3264373.25000000 2120808.75000000 5251373.50000000 1016.66058350   37811.75390625  26499.84179688  
0.24900    3208606.75000000 2083394.50000000 5159981.00000000 1013.03894043   36786.52734375  25655.71093750  
0.25000    3153814.75000000 2046562.37500000 5070113.50000000 1009.35412598   35788.24609375  24834.81835938  
0.25100    3099869.00000000 2010350.62500000 4981676.00000000 1005.59265137   34813.98046875  24035.27539062  
0.25200    3046816.25000000 1974733.12500000 4894721.00000000 1001.76593018   33864.27734375  23257.60937500  
0.25300    2994586.00000000 1939678.62500000 4809043.00000000 997.81738281    32934.84765625  22497.89257812  
0.25400    2943116.75000000 1905119.75000000 4724688.50000000 993.77294922    32024.75195312  21755.25976562  
0.25500    2892326.50000000 1871086.62500000 4641507.00000000 989.59967041    31132.04687500  21028.75976562  
0.25600    2842322.00000000 1837550.50000000 4559579.00000000 985.31268311    30256.02929688  20317.79687500  
0.25700    2792947.25000000 1804486.87500000 4478739.50000000 980.89855957    29394.45703125  19620.39062500  
0.25800    2744224.75000000 1771874.50000000 4399008.00000000 976.36828613    28547.53320312  18936.28320312  
0.25900    2696117.25000000 1739714.50000000 4320344.50000000 971.72149658    27713.23632812  18264.45117188  
0.26000    2648613.25000000 1707983.75000000 4242682.50000000 966.96990967    26891.25390625  17604.17382812  
0.26100    2601652.50000000 1676621.00000000 4165935.75000000 962.09820557    26079.69726562  16954.04882812  
0.26200    2555255.50000000 1645693.37500000 4090161.75000000 957.16302490    25280.85937500  16315.52636719  
0.26300    2509327.75000000 1615124.12500000 4015183.75000000 952.12841797    24490.27148438  15685.47558594  
0.26400    2463962.50000000 1584928.87500000 3941174.75000000 947.04888916    23710.20117188  15066.33203125  
0.26500    2419095.00000000 1555108.12500000 3868020.50000000 941.90374756    22941.14648438  14456.38671875  
0.26600    2374674.75000000 1525635.12500000 3795646.25000000 936.74322510    22181.72460938  13855.45605469  
0.26700    2330721.25000000 1496501.25000000 3724096.25000000 931.56872559    21432.79882812  13264.63281250  
0.26800    2287235.50000000 1467716.25000000 3653378.50000000 926.40429688    20694.17773438  12683.45117188  
0.26900    2244196.75000000 1439221.37500000 3583316.75000000 921.25830078    19965.24023438  12110.69921875  
0.27000    2201616.75000000 1411110.12500000 3514113.00000000 916.16302490    19248.24414062  11548.76269531  
0.27100    2159408.50000000 1383267.00000000 3445634.50000000 911.13006592    18542.16210938  10996.45410156  
0.27200    2117732.75000000 1355804.37500000 3377959.50000000 906.20306396    17850.11328125  10456.08105469  
0.27300    2076432.12500000 1328631.12500000 3310954.50000000 901.34741211    17169.03906250  9924.84960938   
0.27400    2035542.75000000 1301739.00000000 3244631.00000000 896.61206055    16499.41796875  9403.95410156   
0.27500    1995144.25000000 1275222.12500000 3179205.50000000 892.03796387    15846.72949219  8897.04199219   
0.27600    1955129.75000000 1248967.00000000 3114413.00000000 887.59106445    15206.37792969  8400.07910156   
0.27700    1915621.00000000 1223082.25000000 3050463.50000000 883.34899902    14583.24609375  7917.40625000   
0.27800    1876497.00000000 1197481.12500000 2987216.75000000 879.27502441    13975.49804688  7446.84423828   
0.27900    1837892.12500000 1172227.50000000 2924798.25000000 875.39379883    13384.95117188  6990.57324219   
0.28000    1799716.75000000 1147286.87500000 2863103.25000000 871.72540283    12811.37207031  6547.90185547   
0.28100    1762049.25000000 1122676.62500000 2802215.75000000 868.27789307    12256.31933594  6119.87060547   
0.28200    1724861.75000000 1098420.87500000 2742139.25000000 865.05981445    11720.62109375  5707.00830078   
0.28300    1688157.00000000 1074494.50000000 2682913.50000000 862.08184814    11204.30468750  5309.82812500   
0.28400    1651916.62500000 1050887.50000000 2624446.50000000 859.32916260    10707.12597656  4927.54833984   
0.28500    1616239.75000000 1027660.75000000 2566916.25000000 856.83154297    10232.08007812  4562.45556641   
0.28600    1581066.25000000 1004767.62500000 2510140.50000000 854.56530762    9776.71191406   4212.96826172   
0.28700    1546419.75000000 982235.75000000 2454290.00000000 852.54730225    9343.48730469   3880.53198242   
0.28800    1512292.12500000 960050.75000000 2399264.75000000 850.76977539    8931.49609375   3564.72485352   
0.28900    1478751.87500000 938266.62500000 2345217.25000000 849.25628662    8542.28710938   3266.95556641   
0.29000    1445724.75000000 916814.06250000 2292013.25000000 847.96179199    8174.60986328   2985.43090820   
0.29100    1413308.25000000 895760.25000000 2239777.50000000 846.90655518    7830.00390625   2722.27954102   
0.29200    1381433.62500000 875064.50000000 2188414.75000000 846.06445312    7507.51464844   2475.98535156   
0.29300    1350163.75000000 854766.37500000 2138038.50000000 845.46191406    7207.88476562   2247.58959961   
0.29400    1319435.37500000 834830.81250000 2088540.75000000 845.05053711    6929.12402344   2035.05920410   
0.29500    1289335.75000000 815304.81250000 2040082.75000000 844.86376953    6674.46191406   1841.07263184   
0.29600    1259825.75000000 796146.31250000 1992503.37500000 844.85321045    6440.34033203   1663.36560059   
0.29700    1230896.62500000 777369.37500000 1945916.37500000 845.02911377    6227.63037109   1502.13281250   
0.29800    1202588.50000000 759004.87500000 1900332.37500000 845.38781738    6037.36865234   1357.97277832   
0.29900    1174887.50000000 741027.06250000 1855690.12500000 845.90051270    5867.82470703   1230.03491211   
0.30000    1147768.50000000 723427.43750000 1812007.00000000 846.56713867    5718.18750000   1117.13916016   
0.30100    1121291.37500000 706243.18750000 1769330.00000000 847.38134766    5589.53515625   1020.73907471   
0.30200    1095381.12500000 689419.37500000 1727598.00000000 848.32208252    5479.13378906   938.39440918    
0.30300    1070125.37500000 673009.75000000 1686859.62500000 849.39184570    5388.50048828   871.50341797    
0.30400    1045450.00000000 656986.87500000 1647097.25000000 850.57696533    5316.73925781   818.89038086    
0.30500    1021372.56250000 641344.68750000 1608282.87500000 851.84991455    5261.60742188   779.06738281    
0.30600    997894.43750000 626076.25000000 1570406.00000000 853.21594238    5223.78759766   752.35662842    
0.30700    975039.18750000 611216.37500000 1533530.00000000 854.68695068    5203.21386719   739.67834473    
0.30800    952737.75000000 596712.87500000 1497562.87500000 856.21820068    5197.45166016   738.00793457    
0.30900    931063.50000000 582593.56250000 1462552.62500000 857.83953857    5208.02099609   748.64996338    
0.31000    909954.75000000 568854.18750000 1428498.00000000 859.50439453    5232.59521484   770.27514648    
0.31100    889411.12500000 555464.81250000 1395294.62500000 861.24066162    5270.78320312   802.45300293    
0.31200    869445.50000000 542456.62500000 1363043.37500000 863.02398682    5322.06738281   844.70880127    
0.31300    850043.87500000 529787.12500000 1331691.00000000 864.85034180    5386.14501953   896.69854736    
0.31400    831205.37500000 517502.34375000 1301228.87500000 866.73834229    5462.69775391   958.36999512    
0.31500    812893.87500000 505538.68750000 1271613.37500000 868.64642334    5549.71679688   1027.85290527   
0.31600    795127.62500000 493925.78125000 1242877.00000000 870.59136963    5647.98535156   1106.10766602   
0.31700    777897.25000000 482656.96875000 1214998.87500000 872.58062744    5756.57617188   1192.19421387   
0.31800    761176.87500000 471711.93750000 1187903.75000000 874.58093262    5873.50781250   1284.91259766   
0.31900    744989.50000000 461106.56250000 1161685.75000000 876.62750244    6001.23583984   1385.60498047   
0.32000    729301.06250000 450818.34375000 1136249.37500000 878.69567871    6136.73632812   1492.16943359   
0.32100    714091.18750000 440834.34375000 1111573.62500000 880.77819824    6280.02197266   1604.71154785   
0.32200    699393.87500000 431176.81250000 1087725.12500000 882.89233398    6431.44189453   1723.62463379   
0.32300    685126.31250000 421795.81250000 1064561.87500000 885.00939941    6588.94287109   1847.00805664   
0.32400    671341.00000000 412717.00000000 1042158.50000000 887.14251709    6753.32324219   1975.64721680   
0.32500    658007.56250000 403928.78125000 1020476.93750000 889.29296875    6923.91894531   2109.10522461   
0.32600    645114.62500000 395427.00000000 999514.81250000 891.45446777    7100.58105469   2246.93847656   
0.32700    632666.06250000 387199.78125000 979244.62500000 893.62121582    7282.49511719   2389.06958008   
0.32800    620659.68750000 379254.00000000 959684.00000000 895.79388428    7470.18896484   2535.46386719   
0.32900    609033.06250000 371557.46875000 940736.56250000 897.95977783    7661.77099609   2684.84716797   
0.33000    597839.93750000 364128.81250000 922466.25000000 900.12786865    7858.42480469   2838.14086914   
0.33100    586994.81250000 356921.75000000 904755.81250000 902.26757812    8057.60400391   2993.54467773   
0.33200    576598.75000000 350006.03125000 887750.37500000 904.41534424    8263.00292969   3153.37353516   
0.33300    566541.12500000 343305.18750000 871307.43750000 906.53033447    8470.24023438   3314.96655273   
0.33400    556872.00000000 336845.81250000 855461.18750000 908.62951660    8681.49121094   3479.55517578   
0.33500    547534.56250000 330599.43750000 840149.31250000 910.68035889    8894.74218750   3645.90283203   
0.33600    538551.18750000 324579.59375000 825407.31250000 912.68212891    9110.81054688   3814.44287109   
0.33700    529889.50000000 318768.96875000 811187.12500000 914.64636230    9329.24511719   3984.92895508   
0.33800    521581.84375000 313178.12500000 797524.62500000 916.54913330    9550.11816406   4157.64208984   
0.33900    513567.59375000 307775.06250000 784320.43750000 918.37384033    9772.02441406   4331.15136719   
0.34000    505864.62500000 302571.15625000 771619.50000000 920.12786865    9995.49609375   4506.17822266   
0.34100    498456.68750000 297561.00000000 759422.31250000 921.80084229    10220.20996094  4682.46728516   
0.34200    491376.84375000 292758.37500000 747707.81250000 923.38244629    10446.96777344  4860.57519531   
0.34300    484537.68750000 288106.06250000 736402.62500000 924.84448242    10673.00195312  5038.54248047   
0.34400    478007.21875000 283652.31250000 725583.93750000 926.20849609    10900.82714844  5218.17822266   
0.34500    471720.90625000 279354.09375000 715139.31250000 927.44091797    11127.86816406  5397.58300781   
0.34600    465713.68750000 275237.28125000 705168.00000000 928.54626465    11356.03417969  5578.50976562   
0.34700    459916.59375000 271254.40625000 695523.43750000 929.49395752    11582.40625000  5758.29296875   
0.34800    454375.18750000 267444.43750000 686299.75000000 930.30102539    11808.57031250  5938.65478516   
0.34900    449061.96875000 263775.96875000 677449.87500000 930.94555664    12034.40234375  6119.21289062   
0.35000    443975.90625000 260256.76562500 668938.43750000 931.41931152    12258.63769531  6299.13818359   
0.35100    439122.84375000 256891.81250000 660824.18750000 931.73889160    12482.73828125  6479.72167969   
0.35200    434436.53125000 253627.84375000 652975.12500000 931.84686279    12703.98437500  6658.48925781   
0.35300    429964.18750000 250506.34375000 645466.18750000 931.78601074    12923.68164062  6836.74951172   
0.35400    425695.81250000 247523.71875000 638308.56250000 931.52783203    13142.17773438  7014.80175781   
0.35500    421609.87500000 244656.70312500 631436.06250000 931.07019043    13358.48632812  7191.91845703   
0.35600    417679.40625000 241897.57812500 624821.81250000 930.41735840    13572.26562500  7367.64892578   
0.35700    413936.59375000 239257.78125000 618512.81250000 929.55450439    13783.65722656  7542.56835938   
0.35800    410365.62500000 236735.37500000 612482.50000000 928.49676514    13993.09375000  7716.31982422   
0.35900    406949.21875000 234314.71875000 606708.37500000 927.24041748    14199.70703125  7888.99169922   
0.36000    403701.59375000 232008.48437500 601219.50000000 925.78283691    14404.24511719  8060.88818359   
0.36100    400579.37500000 229782.03125000 595922.06250000 924.11499023    14605.13574219  8230.56250000   
0.36200    397642.00000000 227684.51562500 590942.68750000 922.26898193    14805.18945312  8400.20800781   
0.36300    394797.15625000 225647.26562500 586102.62500000 920.21026611    15000.42480469  8567.04980469   
0.36400    392087.59375000 223704.90625000 581501.31250000 917.96704102    15193.36816406  8732.66601562   
0.36500    389502.65625000 221847.60937500 577104.81250000 915.54754639    15383.41503906  8896.79101562   
0.36600    387072.87500000 220092.62500000 572960.68750000 912.95764160    15571.54980469  9060.56445312   
0.36700    384734.00000000 218401.95312500 568970.25000000 910.18121338    15755.89648438  9221.72167969   
0.36800    382556.78125000 216821.10937500 565251.12500000 907.28411865    15939.73828125  9383.01562500   
0.36900    380479.37500000 215305.75000000 561690.62500000 904.22845459    16120.28320312  9542.68164062   
0.37000    378473.37500000 213844.56250000 558256.31250000 901.01202393    16297.15039062  9699.95019531   
0.37100    376590.53125000 212466.32812500 555028.56250000 897.68011475    16472.16796875  9856.26562500   
0.37200    374843.00000000 211178.98437500 552024.81250000 894.24029541    16646.25976562  10012.59179688  
0.37300    373175.56250000 209943.37500000 549148.50000000 890.68518066    16817.33203125  10166.92285156  
0.37400    371623.53125000 208792.15625000 546472.25000000 887.04730225    16987.51757812  10320.97558594  
0.37500    370172.53125000 207705.68750000 543955.56250000 883.32574463    17155.86523438  10474.21777344  
0.37600    368830.81250000 206693.46875000 541612.50000000 879.54150391    17322.90820312  10626.49609375  
0.37700    367562.15625000 205731.21875000 539408.18750000 875.68029785    17487.88671875  10777.75585938  
0.37800    366403.81250000 204840.07812500 537385.00000000 871.78771973    17652.20507812  10928.66503906  
0.37900    365367.21875000 204031.70312500 535542.43750000 867.86096191    17816.16601562  11079.59863281  
0.38000    364398.90625000 203269.98437500 533824.56250000 863.90441895    17978.66796875  11229.46093750  
0.38100    363512.65625000 202561.71875000 532239.37500000 859.93334961    18140.03320312  11378.46289062  
0.38200    362740.53125000 201930.32812500 530842.31250000 855.95367432    18301.42773438  11528.01367188  
0.38300    362040.34375000 201342.39062500 529563.25000000 851.97930908    18461.68945312  11676.35546875  
0.38400    361464.87500000 200838.43750000 528476.62500000 848.02197266    18622.79492188  11825.09765625  
0.38500    360946.75000000 200371.06250000 527485.68750000 844.06658936    18782.42773438  11973.02636719  
0.38600    360552.62500000 199979.93750000 526696.06250000 840.15704346    18943.19140625  12121.51953125  
0.38700    360219.15625000 199628.42187500 525998.75000000 836.27191162    19102.21093750  12268.58496094  
0.38800    359982.90625000 199336.45312500 525454.00000000 832.41387939    19261.22265625  12415.81933594  
0.38900    359825.93750000 199097.70312500 525039.62500000 828.59356689    19419.94140625  12562.27148438  
0.39000    359782.43750000 198932.56250000 524807.43750000 824.83142090    19579.55078125  12709.24218750  
0.39100    359804.46875000 198804.17187500 524672.87500000 821.09863281    19738.32226562  12855.08691406  
0.39200    359919.28125000 198734.46875000 524689.00000000 817.42272949    19896.38671875  13000.55175781  
0.39300    360104.37500000 198706.23437500 524803.25000000 813.77716064    20053.67187500  13144.85449219  
0.39400    360406.96875000 198747.51562500 525111.12500000 810.17114258    20211.35156250  13289.08398438  
0.39500    360742.12500000 198814.81250000 525471.31250000 806.60833740    20366.59765625  13431.17968750  
0.39600    361164.65625000 198930.65625000 525955.62500000 803.07287598    20521.32421875  13572.32226562  
0.39700    361660.93750000 199090.40625000 526557.87500000 799.57617188    20674.24804688  13711.98046875  
0.39800    362241.37500000 199302.43750000 527289.25000000 796.10662842    20826.13476562  13850.42578125  
0.39900    362873.03125000 199543.07812500 528101.81250000 792.65270996    20975.67382812  13986.47949219  
0.40000    363571.46875000 199824.68750000 529017.93750000 789.20965576    21123.11328125  14120.61328125  
0.40100    364319.18750000 200139.50000000 530011.87500000 785.77526855    21267.42968750  14251.89843750  
0.40200    365150.96875000 200495.28125000 531125.37500000 782.33850098    21409.10156250  14381.18847656  
0.40300    366003.84375000 200874.14062500 532278.12500000 778.89233398    21546.91406250  14506.66601562  
0.40400    366920.68750000 201282.60937500 533530.68750000 775.43322754    21681.86718750  14629.60253906  
0.40500    367884.12500000 201717.17187500 534840.81250000 771.95269775    21811.77734375  14748.62988281  
0.40600    368893.56250000 202185.53125000 536228.50000000 768.44958496    21938.50976562  14864.44335938  
0.40700    369929.93750000 202661.84375000 537648.93750000 764.88854980    22059.25390625  14975.64941406  
0.40800    370991.93750000 203157.56250000 539112.18750000 761.28753662    22174.59179688  15082.45898438  
0.40900    372071.25000000 203663.82812500 540607.50000000 757.63110352    22284.15429688  15184.34765625  
0.41000    373196.40625000 204195.18750000 542161.12500000 753.91809082    22388.69726562  15281.99902344  
0.41100    374316.84375000 204723.46875000 543714.00000000 750.13409424    22485.74023438  15373.78417969  
0.41200    375435.96875000 205249.78125000 545258.56250000 746.25250244    22575.63671875  15459.82324219  
0.41300    376583.56250000 205796.25000000 546846.50000000 742.31439209    22659.19921875  15540.64550781  
0.41400    377708.59375000 206323.65625000 548394.50000000 738.28564453    22734.29101562  15615.07714844  
0.41500    378842.87500000 206864.71875000 549975.18750000 734.16735840    22802.14062500  15683.56835938  
0.41600    379933.87500000 207373.25000000 551469.12500000 729.93347168    22860.80273438  15744.76757812  
0.41700    381035.93750000 207892.10937500 552989.62500000 725.62744141    22911.92187500  15800.50195312  
0.41800    382135.25000000 208411.14062500 554503.62500000 721.21289062    22954.95898438  15849.65820312  
0.41900    383146.53125000 208874.81250000 555877.43750000 716.68817139    22987.01171875  15890.14746094  
0.42000    384164.34375000 209348.15625000 557265.25000000 712.07458496    23011.23828125  15924.63574219  
0.42100    385154.28125000 209799.23437500 558610.87500000 707.36468506    23026.70898438  15952.37695312  
0.42200    386092.25000000 210227.85937500 559876.12500000 702.55773926    23032.40039062  15972.67675781  
0.42300    386968.43750000 210612.43750000 561051.37500000 697.63739014    23028.10937500  15985.17187500  
0.42400    387803.15625000 210980.68750000 562156.75000000 692.63085938    23014.38476562  15990.68164062  
0.42500    388585.59375000 211319.81250000 563194.18750000 687.53558350    22991.46093750  15989.15039062  
0.42600    389292.40625000 211612.70312500 564109.43750000 682.34118652    22958.64062500  15979.52246094  
0.42700    389970.25000000 211892.32812500 564980.50000000 677.09466553    22916.90429688  15963.99316406  
0.42800    390557.09375000 212119.79687500 565720.37500000 671.75988770    22865.22656250  15940.40429688  
0.42900    391111.71875000 212325.71875000 566403.37500000 666.36700439    22805.49804688  15910.61718750  
0.43000    391578.68750000 212485.34375000 566957.31250000 660.90008545    22736.30859375  15873.79101562  
0.43100    391948.28125000 212590.14062500 567364.18750000 655.38372803    22656.83007812  15829.42578125  
0.43200    392280.40625000 212675.06250000 567713.18750000 649.83361816    22570.45898438  15779.83300781  
0.43300    392520.46875000 212704.76562500 567932.56250000 644.23944092    22475.11132812  15723.08984375  
0.43400    392694.15625000 212697.81250000 568039.87500000 638.61956787    22371.83203125  15660.48730469  
0.43500    392778.06250000 212640.56250000 568019.75000000 632.98144531    22260.34960938  15591.86816406  
0.43600    392824.46875000 212563.46875000 567937.31250000 627.35223389    22142.79101562  15518.62500000  
0.43700    392754.40625000 212421.21875000 567687.93750000 621.71173096    22017.24218750  15439.14355469  
0.43800    392603.93750000 212230.15625000 567317.25000000 616.06866455    21884.32031250  15354.49804688  
0.43900    392396.50000000 212011.71875000 566863.50000000 610.45654297    21745.89257812  15265.69824219  
0.44000    392111.87500000 211748.12500000 566285.43750000 604.87066650    21601.45703125  15172.15332031  
0.44100    391756.28125000 211445.35937500 565605.56250000 599.32128906    21451.62695312  15074.58593750  
0.44200    391328.93750000 211099.06250000 564812.50000000 593.81213379    21296.67187500  14973.34863281  
0.44300    390833.78125000 210717.76562500 563915.43750000 588.35711670    21137.14062500  14868.69726562  
0.44400    390267.21875000 210298.60937500 562930.43750000 582.96783447    20973.54882812  14760.91992188  
0.44500    389604.15625000 209817.90625000 561778.18750000 577.62457275    20804.76757812  14649.30761719  
0.44600    388889.43750000 209309.89062500 560565.43750000 572.36486816    20633.25000000  14535.61328125  
0.44700    388134.53125000 208784.09375000 559284.87500000 567.18518066    20459.33398438  14420.09960938  
0.44800    387289.78125000 208203.37500000 557858.06250000 562.07275391    20281.79687500  14301.88183594  
0.44900    386413.81250000 207608.45312500 556407.06250000 557.06707764    20103.12695312  14182.86718750  
0.45000    385480.75000000 206982.98437500 554861.87500000 552.15563965    19922.64843750  14062.51855469  
0.45100    384466.03125000 206308.28125000 553191.43750000 547.31756592    19739.50976562  13939.97070312  
0.45200    383429.56250000 205619.75000000 551485.25000000 542.59167480    19555.86718750  13817.41601562  
0.45300    382325.53125000 204894.57812500 549683.87500000 537.95440674    19371.08007812  13693.78906250  
0.45400    381191.25000000 204154.81250000 547829.75000000 533.42376709    19185.96679688  13570.05566406  
0.45500    380013.00000000 203390.39062500 545923.56250000 528.99456787    19001.29296875  13446.31250000  
0.45600    378785.46875000 202598.62500000 543940.68750000 524.66076660    18815.76953125  13322.20996094  
0.45700    377539.59375000 201796.50000000 541925.87500000 520.43121338    18631.04882812  13198.65039062  
0.45800    376242.84375000 200965.64062500 539835.31250000 516.30200195    18446.59960938  13075.41601562  
0.45900    374918.56250000 200118.17187500 537696.25000000 512.26995850    18262.83203125  12952.41113281  
0.46000    373591.00000000 199272.39062500 535571.56250000 508.34765625    18080.93359375  12831.13964844  
0.46100    372196.78125000 198386.42187500 533331.43750000 504.49890137    17898.76171875  12709.40429688  
0.46200    370819.43750000 197514.79687500 531121.50000000 500.76370239    17719.15234375  12589.83105469  
0.46300    369402.93750000 196618.48437500 528862.25000000 497.10961914    17540.14843750  12470.62890625  
0.46400    367960.59375000 195708.98437500 526555.50000000 493.54144287    17362.61718750  12352.63085938  
0.46500    366527.56250000 194803.59375000 524263.62500000 490.06509399    17187.34765625  12236.11230469  
0.46600    365057.65625000 193883.85937500 521913.96875000 486.66244507    17013.62890625  12120.71875000  
0.46700    363571.21875000 192950.04687500 519548.81250000 483.33569336    16840.91406250  12006.29492188  
0.46800    362112.12500000 192036.96875000 517223.28125000 480.09445190    16671.32031250  11894.17773438  
0.46900    360609.62500000 191097.50000000 514831.18750000 476.91671753    16502.81054688  11782.55371094  
0.47000    359107.50000000 190161.12500000 512442.15625000 473.80636597    16335.89843750  11672.56054688  
0.47100    357610.65625000 189227.45312500 510071.03125000 470.77243042    16171.47656250  11564.41992188  
0.47200    356104.53125000 188290.53125000 507676.50000000 467.79977417    16008.87500000  11457.56640625  
0.47300    354611.78125000 187364.82812500 505312.12500000 464.88043213    15848.48632812  11352.42089844  
0.47400    353088.46875000 186417.53125000 502889.15625000 462.01751709    15688.83789062  11247.80566406  
0.47500    351584.87500000 185490.04687500 500508.03125000 459.22094727    15531.99218750  11145.37792969  
0.47600    350103.62500000 184571.75000000 498160.78125000 456.48168945    15377.70117188  11044.80957031  
0.47700    348577.71875000 183629.18750000 495742.37500000 453.77703857    15223.48730469  10944.29980469  
0.47800    347073.62500000 182704.84375000 493364.81250000 451.13342285    15072.19042969  10845.96484375  
0.47900    345598.71875000 181796.70312500 491029.46875000 448.54663086    14922.85742188  10749.33496094  
0.48000    344087.65625000 180871.73437500 488644.40625000 446.00402832    14774.39550781  10653.18066406  
0.48100    342639.40625000 179979.31250000 486352.93750000 443.52053833    14629.31445312  10559.56445312  
0.48200    341126.43750000 179053.29687500 483967.68750000 441.06164551    14483.56250000  10465.59570312  
0.48300    339639.50000000 178147.20312500 481627.09375000 438.66708374    14340.45996094  10373.53222656  
0.48400    338169.78125000 177252.56250000 479313.93750000 436.32409668    14199.46484375  10283.17382812  
0.48500    336704.65625000 176359.12500000 477001.25000000 434.02825928    14059.61035156  10193.60546875  
0.48600    335254.28125000 175482.95312500 474725.56250000 431.79098511    13921.94433594  10105.75683594  
0.48700    333802.65625000 174600.81250000 472439.43750000 429.60250854    13785.39746094  10018.85449219  
0.48800    332333.75000000 173714.39062500 470135.75000000 427.45776367    13649.82812500  9932.65917969   
0.48900    330887.03125000 172840.57812500 467865.06250000 425.37670898    13516.12988281  9847.75683594   
0.49000    329457.84375000 171978.73437500 465614.09375000 423.35137939    13384.50292969  9764.39062500   
0.49100    328037.93750000 171129.15625000 463398.00000000 421.39212036    13254.66503906  9682.63476562   
0.49200    326600.90625000 170269.53125000 461150.31250000 419.48495483    13125.71093750  9601.29882812   
0.49300    325180.68750000 169420.75000000 458929.46875000 417.64419556    12998.65917969  9521.46582031   
0.49400    323767.96875000 168579.07812500 456722.25000000 415.86499023    12873.23437500  9442.94335938   
0.49500    322354.59375000 167738.17187500 454513.81250000 414.14950562    12749.09960938  9365.31250000   
0.49600    320959.96875000 166913.60937500 452343.25000000 412.51086426    12627.37792969  9289.47558594   
0.49700    319553.81250000 166082.29687500 450155.81250000 410.92965698    12506.56738281  9214.28320312   
0.49800    318168.56250000 165264.81250000 447996.68750000 409.42614746    12388.07421875  9140.88476562   
0.49900    316767.53125000 164441.76562500 445819.12500000 407.98431396    12270.62011719  9067.98339844   
0.50000    315392.81250000 163634.28125000 443682.12500000 406.62408447    12155.34375000  8997.09667969   
