# SAXS profile: number of points = 501, q_min = 0, q_max = 0.5, delta_q = 0.001
#    q    intensity 
0.00000    162234096.00000000 101202680.00000000 256269392.00000000 100010.01562500 8056191.50000000 6362763.50000000 
0.00100    162203104.00000000 101181024.00000000 256217136.00000000 99981.59375000  8054191.50000000 6361157.50000000 
0.00200    162106400.00000000 101119128.00000000 256060752.00000000 99896.85156250  8048209.50000000 6356551.50000000 
0.00300    161942192.00000000 101016392.00000000 255796800.00000000 99755.39062500  8038335.50000000 6348759.50000000 
0.00400    161707136.00000000 100871840.00000000 255429184.00000000 99558.17187500  8024478.00000000 6337846.50000000 
0.00500    161404912.00000000 100686488.00000000 254957216.00000000 99305.17968750  8006713.00000000 6323906.00000000 
0.00600    161035472.00000000 100458488.00000000 254378816.00000000 98997.11718750  7985068.50000000 6306876.00000000 
0.00700    160601824.00000000 100192976.00000000 253702032.00000000 98634.86718750  7959530.50000000 6286869.00000000 
0.00800    160099760.00000000 99886592.00000000 252920592.00000000 98218.28125000  7930294.50000000 6263839.50000000 
0.00900    159537280.00000000 99542000.00000000 252039616.00000000 97749.27343750  7897244.50000000 6237905.00000000 
0.01000    158912880.00000000 99157712.00000000 251058400.00000000 97227.39062500  7860490.50000000 6209029.00000000 
0.01100    158227968.00000000 98734824.00000000 249979248.00000000 96654.65625000  7820107.50000000 6177341.50000000 
0.01200    157479744.00000000 98273856.00000000 248805264.00000000 96031.72656250  7776207.00000000 6142823.50000000 
0.01300    156669216.00000000 97776352.00000000 247536112.00000000 95360.68750000  7728723.00000000 6105574.00000000 
0.01400    155800160.00000000 97241184.00000000 246173728.00000000 94641.82812500  7677929.00000000 6065604.50000000 
0.01500    154874256.00000000 96671424.00000000 244721184.00000000 93877.12500000  7623744.50000000 6023055.50000000 
0.01600    153893120.00000000 96067008.00000000 243178944.00000000 93067.04687500  7566395.00000000 5977983.50000000 
0.01700    152855440.00000000 95429368.00000000 241553744.00000000 92214.29687500  7505918.50000000 5930445.00000000 
0.01800    151765168.00000000 94758608.00000000 239842144.00000000 91320.35937500  7442351.00000000 5880519.50000000 
0.01900    150623344.00000000 94055144.00000000 238047584.00000000 90386.24218750  7375876.50000000 5828270.50000000 
0.02000    149430384.00000000 93320064.00000000 236176992.00000000 89413.89843750  7306622.50000000 5773783.00000000 
0.02100    148189600.00000000 92556320.00000000 234228224.00000000 88405.31250000  7234609.00000000 5717280.00000000 
0.02200    146901120.00000000 91762480.00000000 232206208.00000000 87362.64062500  7160037.50000000 5658582.50000000 
0.02300    145567456.00000000 90941112.00000000 230113632.00000000 86286.71093750  7082987.50000000 5598028.00000000 
0.02400    144189280.00000000 90093072.00000000 227953024.00000000 85179.71093750  7003575.50000000 5535641.00000000 
0.02500    142774256.00000000 89219688.00000000 225725824.00000000 84044.21875000  6921962.00000000 5471414.00000000 
0.02600    141316976.00000000 88321432.00000000 223439088.00000000 82881.84375000  6838205.00000000 5405586.00000000 
0.02700    139822448.00000000 87400104.00000000 221091808.00000000 81695.11718750  6752556.00000000 5338241.50000000 
0.02800    138292176.00000000 86456296.00000000 218689504.00000000 80484.67187500  6665003.50000000 5269356.50000000 
0.02900    136729120.00000000 85492928.00000000 216233824.00000000 79254.14062500  6575794.50000000 5199180.50000000 
0.03000    135135344.00000000 84508720.00000000 213728032.00000000 78004.28125000  6484938.00000000 5127724.50000000 
0.03100    133510384.00000000 83506872.00000000 211177552.00000000 76737.03125000  6392634.00000000 5055112.00000000 
0.03200    131859488.00000000 82487248.00000000 208583072.00000000 75455.73437500  6299071.00000000 4981479.50000000 
0.03300    130183280.00000000 81452584.00000000 205949568.00000000 74161.03125000  6204300.00000000 4906900.00000000 
0.03400    128484168.00000000 80403128.00000000 203277792.00000000 72855.86718750  6108508.00000000 4831486.50000000 
0.03500    126764136.00000000 79340304.00000000 200573824.00000000 71541.32031250  6011740.50000000 4755323.50000000 
0.03600    125024616.00000000 78266016.00000000 197838448.00000000 70220.31250000  5914193.50000000 4678554.00000000 
0.03700    123268336.00000000 77181360.00000000 195078800.00000000 68893.86718750  5815984.50000000 4601255.00000000 
0.03800    121497752.00000000 76087264.00000000 192292928.00000000 67563.67968750  5717280.50000000 4523521.00000000 
0.03900    119713648.00000000 74983384.00000000 189487408.00000000 66232.29687500  5618108.50000000 4445453.00000000 
0.04000    117918208.00000000 73873048.00000000 186663744.00000000 64901.00000000  5518686.00000000 4367122.50000000 
0.04100    116115328.00000000 72757624.00000000 183825536.00000000 63571.24218750  5419080.00000000 4288668.00000000 
0.04200    114305368.00000000 71636256.00000000 180978288.00000000 62245.51562500  5319405.50000000 4210146.00000000 
0.04300    112490456.00000000 70512544.00000000 178121120.00000000 60924.53906250  5219766.50000000 4131650.00000000 
0.04400    110671776.00000000 69386776.00000000 175259104.00000000 59610.63671875  5120299.00000000 4053262.75000000 
0.04500    108851912.00000000 68259968.00000000 172395376.00000000 58304.54296875  5021153.00000000 3975116.25000000 
0.04600    107033144.00000000 67132752.00000000 169531648.00000000 57008.41796875  4922393.50000000 3897238.25000000 
0.04700    105216976.00000000 66006584.00000000 166671232.00000000 55722.69531250  4824068.50000000 3819737.75000000 
0.04800    103404792.00000000 64882676.00000000 163815872.00000000 54449.39453125  4726357.00000000 3742674.00000000 
0.04900    101597600.00000000 63762020.00000000 160969680.00000000 53189.31640625  4629304.50000000 3666156.50000000 
0.05000    99798400.00000000 62645616.00000000 158134224.00000000 51944.11718750  4532978.50000000 3590205.25000000 
0.05100    98007864.00000000 61534100.00000000 155313168.00000000 50714.42187500  4437559.00000000 3514890.50000000 
0.05200    96227288.00000000 60428940.00000000 152506928.00000000 49501.27343750  4343013.50000000 3440322.50000000 
0.05300    94458992.00000000 59330408.00000000 149719120.00000000 48305.51953125  4249468.00000000 3366502.25000000 
0.05400    92704104.00000000 58239980.00000000 146954160.00000000 47128.17968750  4157013.75000000 3293523.50000000 
0.05500    90963200.00000000 57157976.00000000 144208864.00000000 45970.01562500  4065672.25000000 3221432.50000000 
0.05600    89238752.00000000 56085464.00000000 141489072.00000000 44831.21484375  3975538.00000000 3150280.25000000 
0.05700    87530816.00000000 55023612.00000000 138795408.00000000 43713.30078125  3886675.50000000 3080104.00000000 
0.05800    85840456.00000000 53972096.00000000 136128992.00000000 42616.22265625  3799102.00000000 3010944.00000000 
0.05900    84169288.00000000 52931988.00000000 133492616.00000000 41540.36328125  3712879.50000000 2942857.50000000 
0.06000    82518400.00000000 51904764.00000000 130887992.00000000 40486.30468750  3628072.75000000 2875865.50000000 
0.06100    80889856.00000000 50889708.00000000 128316712.00000000 39454.62890625  3544724.25000000 2809996.00000000 
0.06200    79282048.00000000 49888336.00000000 125778240.00000000 38445.26562500  3462804.50000000 2745286.50000000 
0.06300    77697376.00000000 48900976.00000000 123276792.00000000 37458.84765625  3382416.75000000 2681747.50000000 
0.06400    76136416.00000000 47927796.00000000 120811408.00000000 36495.04296875  3303553.75000000 2619416.00000000 
0.06500    74598696.00000000 46969380.00000000 118383168.00000000 35553.88671875  3226230.00000000 2558299.25000000 
0.06600    73086728.00000000 46026088.00000000 115994768.00000000 34635.89453125  3150515.25000000 2498412.50000000 
0.06700    71599728.00000000 45098324.00000000 113645912.00000000 33740.71875000  3076389.50000000 2439812.75000000 
0.06800    70138472.00000000 44186376.00000000 111336992.00000000 32868.90625000  3003828.25000000 2382445.00000000 
0.06900    68703328.00000000 43290564.00000000 109068736.00000000 32019.15625000  2932892.00000000 2326329.25000000 
0.07000    67295008.00000000 42410816.00000000 106842760.00000000 31191.88281250  2863566.00000000 2271480.25000000 
0.07100    65913592.00000000 41548132.00000000 104659512.00000000 30387.36328125  2795836.00000000 2217923.25000000 
0.07200    64559500.00000000 40701728.00000000 102518168.00000000 29604.57617188  2729735.50000000 2165605.75000000 
0.07300    63232328.00000000 39872500.00000000 100419784.00000000 28843.82812500  2665229.50000000 2114540.75000000 
0.07400    61932780.00000000 39059920.00000000 98364976.00000000 28104.45507812  2602309.00000000 2064772.62500000 
0.07500    60660796.00000000 38264560.00000000 96353336.00000000 27386.07617188  2540951.00000000 2016217.00000000 
0.07600    59416180.00000000 37486492.00000000 94385368.00000000 26688.28320312  2481169.25000000 1968902.00000000 
0.07700    58199336.00000000 36725536.00000000 92459960.00000000 26010.89062500  2422941.00000000 1922811.75000000 
0.07800    57010104.00000000 35981652.00000000 90579464.00000000 25353.38085938  2366240.50000000 1877935.62500000 
0.07900    55848388.00000000 35254428.00000000 88741328.00000000 24715.23632812  2311047.25000000 1834229.75000000 
0.08000    54713964.00000000 34544640.00000000 86946264.00000000 24096.01367188  2257339.75000000 1791701.37500000 
0.08100    53606536.00000000 33851300.00000000 85193360.00000000 23495.01953125  2205074.75000000 1750335.87500000 
0.08200    52525808.00000000 33175142.00000000 83483808.00000000 22912.18359375  2154266.00000000 1710098.75000000 
0.08300    51471988.00000000 32515510.00000000 81815768.00000000 22346.64648438  2104847.25000000 1670953.87500000 
0.08400    50444296.00000000 31872226.00000000 80189296.00000000 21798.02734375  2056794.37500000 1632908.00000000 
0.08500    49442752.00000000 31245228.00000000 78604264.00000000 21265.96093750  2010083.75000000 1595924.25000000 
0.08600    48466436.00000000 30633866.00000000 77059496.00000000 20749.60156250  1964702.12500000 1559984.37500000 
0.08700    47515824.00000000 30038630.00000000 75555128.00000000 20248.43359375  1920590.25000000 1525055.50000000 
0.08800    46589572.00000000 29459058.00000000 74089520.00000000 19762.22265625  1877697.62500000 1491101.50000000 
0.08900    45688532.00000000 28894602.00000000 72662992.00000000 19290.27148438  1836046.75000000 1458103.87500000 
0.09000    44810540.00000000 28345218.00000000 71274000.00000000 18832.13085938  1795554.62500000 1426046.25000000 
0.09100    43956596.00000000 27810622.00000000 69922496.00000000 18387.29296875  1756214.62500000 1394883.87500000 
0.09200    43125268.00000000 27290438.00000000 68606968.00000000 17955.25585938  1717978.00000000 1364613.25000000 
0.09300    42316288.00000000 26784334.00000000 67327336.00000000 17535.35156250  1680816.62500000 1335185.25000000 
0.09400    41529608.00000000 26292100.00000000 66082872.00000000 17127.39062500  1644674.87500000 1306580.75000000 
0.09500    40764412.00000000 25813324.00000000 64872020.00000000 16730.81445312  1609557.00000000 1278767.62500000 
0.09600    40019872.00000000 25347692.00000000 63694756.00000000 16345.04785156  1575392.25000000 1251736.62500000 
0.09700    39295484.00000000 24895136.00000000 62549932.00000000 15969.97656250  1542180.37500000 1225430.75000000 
0.09800    38591320.00000000 24454784.00000000 61435876.00000000 15604.91699219  1509860.75000000 1199854.50000000 
0.09900    37906396.00000000 24026814.00000000 60352824.00000000 15249.50878906  1478409.62500000 1174970.50000000 
0.10000    37240100.00000000 23610504.00000000 59299336.00000000 14903.39160156  1447806.25000000 1150739.50000000 
0.10100    36592136.00000000 23205756.00000000 58274748.00000000 14566.32128906  1417995.50000000 1127142.25000000 
0.10200    35961028.00000000 22812062.00000000 57277940.00000000 14237.75292969  1388975.62500000 1104163.00000000 
0.10300    35347396.00000000 22429106.00000000 56308072.00000000 13917.49414062  1360685.75000000 1081792.37500000 
0.10400    34750096.00000000 22056448.00000000 55364528.00000000 13605.05175781  1333126.62500000 1059969.87500000 
0.10500    34169000.00000000 21694048.00000000 54446696.00000000 13300.46093750  1306250.25000000 1038707.50000000 
0.10600    33603056.00000000 21341198.00000000 53552860.00000000 13003.05175781  1280043.37500000 1017960.81250000 
0.10700    33051686.00000000 20997930.00000000 52682712.00000000 12712.79687500  1254457.25000000 997724.31250000 
0.10800    32514974.00000000 20663516.00000000 51835272.00000000 12429.43164062  1229493.50000000 977965.50000000 
0.10900    31991820.00000000 20337854.00000000 51009364.00000000 12152.52539062  1205105.12500000 958663.68750000 
0.11000    31482052.00000000 20020602.00000000 50204992.00000000 11882.14843750  1181288.50000000 939817.18750000 
0.11100    30984786.00000000 19711302.00000000 49420748.00000000 11617.89648438  1158001.37500000 921387.93750000 
0.11200    30500028.00000000 19409826.00000000 48656032.00000000 11359.63964844  1135240.37500000 903373.37500000 
0.11300    30026906.00000000 19115720.00000000 47910264.00000000 11107.14453125  1112985.75000000 885745.31250000 
0.11400    29565158.00000000 18828958.00000000 47181904.00000000 10860.41894531  1091195.00000000 868499.37500000 
0.11500    29114266.00000000 18548806.00000000 46471044.00000000 10619.08593750  1069867.50000000 851615.75000000 
0.11600    28673682.00000000 18275170.00000000 45776884.00000000 10383.08398438  1048988.25000000 835084.43750000 
0.11700    28243172.00000000 18008018.00000000 45098212.00000000 10152.39062500  1028544.62500000 818888.93750000 
0.11800    27822148.00000000 17746822.00000000 44434496.00000000 9926.60742188   1008493.56250000 802997.31250000 
0.11900    27410376.00000000 17491304.00000000 43785704.00000000 9705.93554688   988846.68750000 787436.50000000 
0.12000    27006902.00000000 17241318.00000000 43150672.00000000 9489.99023438   969578.81250000 772170.06250000 
0.12100    26612238.00000000 16996560.00000000 42528836.00000000 9278.92871094   950687.12500000 757188.93750000 
0.12200    26225542.00000000 16756638.00000000 41919340.00000000 9072.43359375   932145.62500000 742490.37500000 
0.12300    25846418.00000000 16521685.00000000 41322352.00000000 8870.51953125   913953.62500000 728060.75000000 
0.12400    25474582.00000000 16291216.00000000 40736540.00000000 8673.08984375   896091.93750000 713889.56250000 
0.12500    25109840.00000000 16065075.00000000 40161656.00000000 8480.01660156   878557.25000000 699966.62500000 
0.12600    24751700.00000000 15843034.00000000 39597724.00000000 8291.28906250   861333.93750000 686296.43750000 
0.12700    24399926.00000000 15625082.00000000 39043780.00000000 8106.82568359   844417.87500000 672860.37500000 
0.12800    24054114.00000000 15410648.00000000 38499252.00000000 7926.50244141   827800.93750000 659654.87500000 
0.12900    23714492.00000000 15200034.00000000 37963620.00000000 7750.25976562   811468.18750000 646678.62500000 
0.13000    23380344.00000000 14992679.00000000 37436856.00000000 7578.11279297   795424.68750000 633919.37500000 
0.13100    23051412.00000000 14788523.00000000 36918548.00000000 7409.83398438   779650.75000000 621369.43750000 
0.13200    22727640.00000000 14587563.00000000 36408240.00000000 7245.45605469   764146.93750000 609029.87500000 
0.13300    22408674.00000000 14389578.00000000 35905368.00000000 7084.97216797   748908.93750000 596895.31250000 
0.13400    22094454.00000000 14194381.00000000 35409908.00000000 6928.11474609   733923.12500000 584958.56250000 
0.13500    21784582.00000000 14001868.00000000 34921212.00000000 6775.02099609   719189.00000000 573216.75000000 
0.13600    21479188.00000000 13811809.00000000 34439404.00000000 6625.47070312   704705.00000000 561665.75000000 
0.13700    21177964.00000000 13624235.00000000 33963396.00000000 6479.47900391   690459.56250000 550299.12500000 
0.13800    20880488.00000000 13439124.00000000 33494218.00000000 6336.86865234   676453.56250000 539119.87500000 
0.13900    20586824.00000000 13256163.00000000 33030188.00000000 6197.76318359   662678.81250000 528117.37500000 
0.14000    20296924.00000000 13075273.00000000 32572220.00000000 6061.91748047   649130.12500000 517299.37500000 
0.14100    20010680.00000000 12896592.00000000 32119478.00000000 5929.31152344   635811.31250000 506650.68750000 
0.14200    19727598.00000000 12719779.00000000 31671988.00000000 5799.83886719   622708.50000000 496173.68750000 
0.14300    19447914.00000000 12544993.00000000 31229608.00000000 5673.41699219   609824.75000000 485865.96875000 
0.14400    19171328.00000000 12371916.00000000 30791830.00000000 5550.01318359   597147.87500000 475721.81250000 
0.14500    18897732.00000000 12200610.00000000 30358774.00000000 5429.54394531   584692.00000000 465743.71875000 
0.14600    18627218.00000000 12031063.00000000 29930374.00000000 5311.87646484   572433.75000000 455930.62500000 
0.14700    18359774.00000000 11863240.00000000 29506208.00000000 5196.99169922   560387.68750000 446272.03125000 
0.14800    18094904.00000000 11696940.00000000 29086400.00000000 5084.77685547   548534.50000000 436772.43750000 
0.14900    17832880.00000000 11532197.00000000 28670636.00000000 4975.05859375   536875.31250000 427420.90625000 
0.15000    17573484.00000000 11368941.00000000 28258900.00000000 4867.89013672   525419.00000000 418225.21875000 
0.15100    17316668.00000000 11207269.00000000 27851172.00000000 4763.15625000   514145.56250000 409179.59375000 
0.15200    17062576.00000000 11046909.00000000 27447498.00000000 4660.72412109   503063.00000000 400282.12500000 
0.15300    16810800.00000000 10888082.00000000 27047418.00000000 4560.56542969   492167.87500000 391530.65625000 
0.15400    16561808.00000000 10730585.00000000 26650946.00000000 4462.54248047   481449.31250000 382919.12500000 
0.15500    16314983.00000000 10574487.00000000 26258244.00000000 4366.63085938   470910.12500000 374453.28125000 
0.15600    16070675.00000000 10419784.00000000 25869204.00000000 4272.73681641   460544.75000000 366120.09375000 
0.15700    15828666.00000000 10266407.00000000 25483896.00000000 4180.79443359   450356.18750000 357932.28125000 
0.15800    15588830.00000000 10114284.00000000 25101774.00000000 4090.66577148   440335.56250000 349871.68750000 
0.15900    15351528.00000000 9963516.00000000 24723270.00000000 4002.36645508   430478.75000000 341948.37500000 
0.16000    15116407.00000000 9813992.00000000 24348070.00000000 3915.76904297   420789.90625000 334155.40625000 
0.16100    14883589.00000000 9665812.00000000 23976520.00000000 3830.87402344   411263.00000000 326492.65625000 
0.16200    14652994.00000000 9518916.00000000 23608300.00000000 3747.56323242   401892.15625000 318953.84375000 
0.16300    14424632.00000000 9373311.00000000 23243608.00000000 3665.77490234   392678.78125000 311542.84375000 
0.16400    14198517.00000000 9229023.00000000 22882316.00000000 3585.45483398   383619.00000000 304254.40625000 
0.16500    13974702.00000000 9085963.00000000 22524212.00000000 3506.56005859   374709.65625000 297087.31250000 
0.16600    13753026.00000000 8944332.00000000 22169724.00000000 3429.06274414   365949.96875000 290042.15625000 
0.16700    13533495.00000000 8803760.00000000 21818390.00000000 3352.83276367   357334.28125000 283111.09375000 
0.16800    13316204.00000000 8664647.00000000 21470660.00000000 3277.90625000   348861.81250000 276299.75000000 
0.16900    13101208.00000000 8526904.00000000 21126232.00000000 3204.24731445   340531.25000000 269602.56250000 
0.17000    12888355.00000000 8390298.00000000 20785260.00000000 3131.74951172   332338.09375000 263015.34375000 
0.17100    12677715.00000000 8255083.00000000 20447654.00000000 3060.44384766   324285.78125000 256540.84375000 
0.17200    12469391.00000000 8121210.50000000 20113488.00000000 2990.28076172   316366.50000000 250174.98437500 
0.17300    12263263.00000000 7988644.00000000 19782884.00000000 2921.21606445   308576.06250000 243920.04687500 
0.17400    12059278.00000000 7857428.50000000 19455756.00000000 2853.26513672   300923.59375000 237769.81250000 
0.17500    11857648.00000000 7727489.00000000 19131932.00000000 2786.37524414   293396.93750000 231726.53125000 
0.17600    11658153.00000000 7599026.00000000 18811852.00000000 2720.51562500   285995.31250000 225785.54687500 
0.17700    11460956.00000000 7471873.50000000 18494984.00000000 2655.74267578   278720.31250000 219947.39062500 
0.17800    11265967.00000000 7346075.50000000 18181678.00000000 2591.97216797   271570.12500000 214209.82812500 
0.17900    11073253.00000000 7221672.00000000 17872066.00000000 2529.23754883   264543.28125000 208572.78125000 
0.18000    10882811.00000000 7098683.50000000 17565918.00000000 2467.51879883   257637.45312500 203036.67187500 
0.18100    10694694.00000000 6977116.50000000 17263514.00000000 2406.84570312   250854.23437500 197597.90625000 
0.18200    10508809.00000000 6856915.00000000 16964664.00000000 2347.14599609   244184.26562500 192252.67187500 
0.18300    10325206.00000000 6738219.50000000 16669355.00000000 2288.50170898   237634.51562500 187006.76562500 
0.18400    10144005.00000000 6620849.00000000 16377584.00000000 2230.86059570   231200.10937500 181854.25000000 
0.18500    9964958.00000000 6504984.50000000 16089593.00000000 2174.26489258   224881.21875000 176796.60937500 
0.18600    9788304.00000000 6390564.50000000 15805241.00000000 2118.68994141   218675.92187500 171831.96875000 
0.18700    9613933.00000000 6277538.00000000 15524544.00000000 2064.17016602   212585.59375000 166959.25000000 
0.18800    9441900.00000000 6166002.00000000 15247484.00000000 2010.69750977   206605.39062500 162178.51562500 
0.18900    9272258.00000000 6055977.00000000 14974277.00000000 1958.31469727   200738.48437500 157490.81250000 
0.19000    9104753.00000000 5947324.50000000 14704484.00000000 1906.95507812   194978.04687500 152887.54687500 
0.19100    8939839.00000000 5840252.00000000 14438746.00000000 1856.75073242   189335.40625000 148378.07812500 
0.19200    8777068.00000000 5734577.50000000 14176425.00000000 1807.55651855   183795.76562500 143954.73437500 
0.19300    8616722.00000000 5630478.00000000 13918023.00000000 1759.55468750   178368.37500000 139623.35937500 
0.19400    8458697.00000000 5527737.50000000 13663334.00000000 1712.61120605   173046.21875000 135376.25000000 
0.19500    8302896.00000000 5426568.50000000 13412338.00000000 1666.82434082   167832.03125000 131217.54687500 
0.19600    8149513.00000000 5326852.50000000 13165025.00000000 1622.16589355   162725.81250000 127143.94531250 
0.19700    7998470.50000000 5228627.00000000 12921417.00000000 1578.65185547   157724.09375000 123154.51562500 
0.19800    7849677.00000000 5131860.00000000 12681595.00000000 1536.25964355   152826.81250000 119251.75000000 
0.19900    7703274.50000000 5036665.00000000 12445540.00000000 1495.08215332   148037.40625000 115433.96875000 
0.20000    7559148.50000000 4942831.50000000 12212949.00000000 1455.03137207   143348.53125000 111698.20312500 
0.20100    7417336.00000000 4850506.50000000 11984254.00000000 1416.15515137   138765.09375000 108046.48437500 
0.20200    7277795.00000000 4759660.00000000 11759056.00000000 1378.43322754   134284.34375000 104475.35937500 
0.20300    7140609.50000000 4670312.50000000 11537629.00000000 1341.90625000   129905.82812500 100987.78906250 
0.20400    7005640.00000000 4582404.00000000 11319891.00000000 1306.53112793   125628.00781250 97580.70312500  
0.20500    6872916.50000000 4495937.00000000 11105636.00000000 1272.33825684   121450.78906250 94253.81250000  
0.20600    6742429.50000000 4410953.00000000 10895069.00000000 1239.29064941   117371.59375000 91005.67187500  
0.20700    6614201.50000000 4327334.50000000 10688066.00000000 1207.40588379   113393.51562500 87838.25781250  
0.20800    6488193.50000000 4245140.50000000 10484607.00000000 1176.65075684   109510.68750000 84747.02343750  
0.20900    6364412.00000000 4164467.25000000 10284797.00000000 1147.08691406   105730.07812500 81735.68750000  
0.21000    6242769.50000000 4085110.50000000 10088279.00000000 1118.59594727   102041.35937500 78797.42968750  
0.21100    6123315.00000000 4007162.50000000 9895394.00000000 1091.24914551   98448.93750000  75936.28906250  
0.21200    6005974.00000000 3930577.75000000 9705901.00000000 1064.98706055   94949.83593750  73149.02343750  
0.21300    5890694.50000000 3855400.75000000 9519758.00000000 1039.80822754   91542.43750000  70435.64843750  
0.21400    5777600.00000000 3781535.50000000 9336978.00000000 1015.70465088   88229.19531250  67795.78906250  
0.21500    5666613.00000000 3709065.50000000 9157639.00000000 992.67431641    85006.65625000  65228.26953125  
0.21600    5557586.50000000 3637846.00000000 8981516.00000000 970.63848877    81870.97656250  62729.08593750  
0.21700    5450658.50000000 3567974.75000000 8808667.00000000 949.63183594    78824.82812500  60300.87500000  
0.21800    5345696.00000000 3499397.50000000 8639018.00000000 929.59912109    75864.58593750  57941.71093750  
0.21900    5242610.50000000 3432087.25000000 8472492.00000000 910.50738525    72988.62500000  55647.53515625  
0.22000    5141537.50000000 3365987.00000000 8309126.00000000 892.36248779    70196.85937500  53421.34375000  
0.22100    5042484.00000000 3301188.00000000 8148887.00000000 875.14782715    67489.14062500  51260.96875000  
0.22200    4945233.50000000 3237616.25000000 7991641.50000000 858.80352783    64861.81250000  49163.64843750  
0.22300    4849813.00000000 3175233.25000000 7837417.50000000 843.31359863    62312.13671875  47128.24609375  
0.22400    4756258.00000000 3113995.25000000 7686050.00000000 828.64819336    59840.71093750  45154.32421875  
0.22500    4664556.50000000 3053998.50000000 7537694.50000000 814.81549072    57447.43750000  43241.94921875  
0.22600    4574522.50000000 2995101.50000000 7392084.50000000 801.71972656    55126.37109375  41386.55468750  
0.22700    4486333.50000000 2937341.50000000 7249416.00000000 789.40795898    52880.38671875  39591.14453125  
0.22800    4399804.00000000 2880705.75000000 7109380.00000000 777.79479980    50703.89453125  37850.16406250  
0.22900    4314952.50000000 2825134.25000000 6972097.50000000 766.86706543    48596.21875000  36164.27734375  
0.23000    4231730.50000000 2770653.00000000 6837475.00000000 756.61523438    46558.06250000  34533.03125000  
0.23100    4150229.25000000 2717209.00000000 6705542.50000000 747.00329590    44586.71484375  32954.46875000  
0.23200    4070222.25000000 2664789.75000000 6576004.50000000 737.98016357    42678.12500000  31425.05273438  
0.23300    3991817.50000000 2613408.25000000 6449077.00000000 729.54992676    40833.07421875  29946.48046875  
0.23400    3914931.50000000 2563011.00000000 6324626.50000000 721.68725586    39049.56640625  28517.19140625  
0.23500    3839477.50000000 2513559.00000000 6202508.50000000 714.33154297    37324.13671875  27132.41796875  
0.23600    3765593.00000000 2465084.50000000 6082771.50000000 707.50231934    35657.74609375  25795.70898438  
0.23700    3693116.50000000 2417562.00000000 5965430.50000000 701.14739990    34047.95703125  24502.91015625  
0.23800    3622026.25000000 2370940.75000000 5850311.00000000 695.25134277    32492.73632812  23253.75976562  
0.23900    3552329.50000000 2325213.50000000 5737399.00000000 689.78881836    30989.00976562  22045.68750000  
0.24000    3483963.25000000 2280363.25000000 5626687.50000000 684.74316406    29537.80468750  20879.00976562  
0.24100    3416990.50000000 2236403.00000000 5518136.00000000 680.11791992    28138.03320312  19753.17578125  
0.24200    3351290.00000000 2193271.25000000 5411679.50000000 675.84924316    26785.44726562  18665.19335938  
0.24300    3286850.25000000 2150980.75000000 5307319.50000000 671.93768311    25479.72265625  17614.28125000  
0.24400    3223652.75000000 2109507.50000000 5204889.00000000 668.36560059    24219.39257812  16599.75585938  
0.24500    3161681.50000000 2068792.25000000 5104457.00000000 665.11309814    23002.75195312  15619.81152344  
0.24600    3100878.50000000 2028876.00000000 5005938.00000000 662.18316650    21829.60156250  14674.54785156  
0.24700    3041303.25000000 1989724.87500000 4909340.00000000 659.54034424    20698.07031250  13762.50585938  
0.24800    2982820.75000000 1951316.00000000 4814604.50000000 657.17449951    19606.57226562  12882.29882812  
0.24900    2925476.50000000 1913660.25000000 4721595.00000000 655.07153320    18552.89257812  12032.49609375  
0.25000    2869251.00000000 1876687.75000000 4630424.50000000 653.22509766    17537.41796875  11213.05078125  
0.25100    2814031.75000000 1840423.50000000 4540989.50000000 651.61663818    16557.92578125  10422.25390625  
0.25200    2759965.50000000 1804892.00000000 4453324.00000000 650.25042725    15615.83789062  9661.67968750   
0.25300    2706901.75000000 1770003.50000000 4367258.50000000 649.10083008    14706.67675781  8927.10449219   
0.25400    2654852.50000000 1735787.37500000 4282841.00000000 648.16717529    13830.54687500  8219.89160156   
0.25500    2603771.00000000 1702204.25000000 4200021.50000000 647.43835449    12986.25390625  7537.81103516   
0.25600    2553680.50000000 1669278.87500000 4118779.00000000 646.90002441    12173.99414062  6881.30273438   
0.25700    2504564.00000000 1636962.00000000 4039071.25000000 646.55029297    11392.07812500  6248.75781250   
0.25800    2456358.75000000 1605262.12500000 3960950.75000000 646.39288330    10639.42578125  5640.11621094   
0.25900    2409083.75000000 1574179.50000000 3884241.75000000 646.39978027    9915.48046875   5055.02783203   
0.26000    2362732.75000000 1543673.75000000 3809063.25000000 646.59112549    9219.85546875   4491.83691406   
0.26100    2317247.00000000 1513738.12500000 3735245.25000000 646.92285156    8549.99902344   3949.63720703   
0.26200    2272644.50000000 1484401.12500000 3662928.75000000 647.43914795    7908.75341797   3430.29418945   
0.26300    2228887.00000000 1455587.87500000 3591894.75000000 648.07177734    7290.61572266   2930.03271484   
0.26400    2185986.25000000 1427343.87500000 3522266.75000000 648.87042236    6698.69140625   2450.59716797   
0.26500    2143902.75000000 1399651.00000000 3453969.25000000 649.80804443    6131.00097656   1990.81591797   
0.26600    2102621.25000000 1372459.62500000 3386999.75000000 650.88250732    5586.77294922   1549.66516113   
0.26700    2062172.00000000 1345807.87500000 3321324.50000000 652.08978271    5066.10986328   1127.77075195   
0.26800    2022490.37500000 1319667.50000000 3256903.00000000 653.42492676    4568.70898438   724.58270264    
0.26900    1983568.25000000 1294019.37500000 3193731.50000000 654.86474609    4091.70874023   338.24578857    
0.27000    1945439.75000000 1268884.25000000 3131802.50000000 656.42468262    3637.61157227   -30.58346558    
0.27100    1908030.50000000 1244216.75000000 3071052.75000000 658.08538818    3203.79760742   -382.36108398   
0.27200    1871406.00000000 1220055.25000000 3011573.50000000 659.87951660    2792.77685547   -716.02008057   
0.27300    1835461.87500000 1196348.62500000 2953179.00000000 661.74450684    2399.60375977   -1035.09167480  
0.27400    1800186.62500000 1173059.12500000 2895854.50000000 663.67773438    2024.53735352   -1339.35388184  
0.27500    1765690.25000000 1150286.25000000 2839806.50000000 665.73333740    1672.11022949   -1625.49841309  
0.27600    1731802.12500000 1127910.37500000 2784740.25000000 667.83386230    1335.62158203   -1899.07556152  
0.27700    1698643.62500000 1106014.50000000 2730844.00000000 670.02227783    1020.00744629   -2155.31787109  
0.27800    1666134.75000000 1084516.75000000 2677980.00000000 672.27569580    720.90649414    -2398.70703125  
0.27900    1634286.25000000 1063456.25000000 2626193.00000000 674.58386230    440.12942505    -2626.65649414  
0.28000    1603059.75000000 1042806.06250000 2575415.75000000 676.93896484    176.28910828    -2841.05859375  
0.28100    1572466.25000000 1022563.12500000 2525641.50000000 679.32928467    -70.41396332    -3042.08935547  
0.28200    1542521.37500000 1002734.87500000 2476877.25000000 681.76513672    -300.33813477   -3228.86083984  
0.28300    1513176.00000000 983289.37500000 2429129.00000000 684.22680664    -514.08331299   -3402.70507812  
0.28400    1484390.25000000 964219.31250000 2382297.75000000 686.70745850    -712.71936035   -3564.33471680  
0.28500    1456239.25000000 945552.68750000 2336425.00000000 689.20764160    -894.39379883   -3712.38867188  
0.28600    1428638.50000000 927232.31250000 2291459.00000000 691.69891357    -1062.54333496  -3848.90014648  
0.28700    1401605.25000000 909299.50000000 2247396.25000000 694.19842529    -1214.91210938  -3973.21533203  
0.28800    1375109.50000000 891701.81250000 2204240.50000000 696.68157959    -1353.46691895  -4085.60180664  
0.28900    1349202.75000000 874479.43750000 2162006.75000000 699.16400146    -1477.06896973  -4185.82861328  
0.29000    1323780.75000000 857577.43750000 2120548.25000000 701.59478760    -1587.48620605  -4275.75683594  
0.29100    1298914.75000000 841030.68750000 2079995.62500000 704.02105713    -1683.69177246  -4353.51855469  
0.29200    1274536.50000000 824804.50000000 2040225.12500000 706.40429688    -1766.89904785  -4421.00390625  
0.29300    1250699.00000000 808915.56250000 2001294.62500000 708.74584961    -1836.56762695  -4477.24560547  
0.29400    1227274.00000000 793314.81250000 1963101.75000000 711.02105713    -1895.37976074  -4524.71826172  
0.29500    1204412.62500000 778058.06250000 1925731.87500000 713.26641846    -1940.44152832  -4560.37500000  
0.29600    1181984.37500000 763086.12500000 1889061.75000000 715.43505859    -1974.20837402  -4587.06005859  
0.29700    1159984.25000000 748402.93750000 1853137.75000000 717.53393555    -1996.75878906  -4604.42773438  
0.29800    1138475.25000000 734021.50000000 1817968.62500000 719.57336426    -2007.01965332  -4611.67041016  
0.29900    1117405.37500000 719928.93750000 1783521.37500000 721.53302002    -2006.24829102  -4609.42724609  
0.30000    1096733.12500000 706102.75000000 1749710.12500000 723.40600586    -1995.58056641  -4599.30126953  
0.30100    1076506.87500000 692566.87500000 1716622.12500000 725.21173096    -1973.25976562  -4579.35644531  
0.30200    1056663.37500000 679260.56250000 1684128.00000000 726.92749023    -1941.35778809  -4551.88232422  
0.30300    1037243.37500000 666245.37500000 1652330.50000000 728.55688477    -1899.14379883  -4515.39404297  
0.30400    1018210.31250000 653484.06250000 1621171.62500000 730.10119629    -1846.98071289  -4470.55712891  
0.30500    999540.62500000 640945.37500000 1590582.25000000 731.54602051    -1786.19165039  -4418.53564453  
0.30600    981234.62500000 628656.50000000 1560589.25000000 732.90502930    -1716.19238281  -4358.79199219  
0.30700    963327.81250000 616621.25000000 1531232.75000000 734.18078613    -1635.88940430  -4290.78125000  
0.30800    945739.81250000 604789.62500000 1502400.37500000 735.35876465    -1548.03662109  -4216.29980469  
0.30900    928530.50000000 593205.12500000 1474165.00000000 736.45977783    -1450.75524902  -4133.69726562  
0.31000    911651.87500000 581842.75000000 1446471.25000000 737.46185303    -1345.58215332  -4044.61621094  
0.31100    895087.81250000 570677.87500000 1419271.87500000 738.37554932    -1232.47692871  -3948.89868164  
0.31200    878856.43750000 559738.18750000 1392626.25000000 739.21295166    -1111.18652344  -3846.25927734  
0.31300    862934.25000000 549000.00000000 1366494.00000000 739.96594238    -982.09613037   -3737.10327148  
0.31400    847346.68750000 538486.87500000 1340878.37500000 740.65026855    -845.03845215   -3621.34472656  
0.31500    832041.62500000 528141.12500000 1315721.37500000 741.25347900    -701.22857666   -3500.11596680  
0.31600    817038.25000000 518005.12500000 1291075.00000000 741.78680420    -549.86132812   -3372.27197266  
0.31700    802335.18750000 508060.43750000 1266886.00000000 742.26696777    -390.95010376   -3238.35131836  
0.31800    787897.81250000 498298.53125000 1243144.87500000 742.67114258    -226.42958069   -3099.81420898  
0.31900    773773.31250000 488728.78125000 1219903.00000000 743.03784180    -53.48480225    -2954.10180664  
0.32000    759905.68750000 479339.28125000 1197089.75000000 743.34619141    125.41278839    -2803.92480469  
0.32100    746305.50000000 470123.50000000 1174691.75000000 743.60540771    310.49310303    -2648.07446289  
0.32200    732996.43750000 461094.25000000 1152787.62500000 743.83477783    502.99441528    -2486.37963867  
0.32300    719910.31250000 452217.40625000 1131219.75000000 744.01953125    700.33544922    -2320.89746094  
0.32400    707107.25000000 443512.75000000 1110118.75000000 744.17614746    904.13793945    -2150.14062500  
0.32500    694549.68750000 434983.25000000 1089402.12500000 744.31457520    1113.70922852   -1974.54211426  
0.32600    682243.12500000 426618.43750000 1069123.75000000 744.43237305    1329.48010254   -1794.04968262  
0.32700    670201.75000000 418413.40625000 1049254.37500000 744.53973389    1550.97985840   -1608.93469238  
0.32800    658421.43750000 410387.90625000 1029791.87500000 744.64599609    1778.65979004   -1418.81335449  
0.32900    646857.68750000 402502.53125000 1010705.06250000 744.74462891    2010.83544922   -1225.32080078  
0.33000    635556.62500000 394788.62500000 992025.50000000 744.85827637    2249.05249023   -1027.05017090  
0.33100    624459.56250000 387203.37500000 973674.00000000 744.95996094    2491.04760742   -825.73394775   
0.33200    613657.31250000 379819.06250000 955803.06250000 745.09625244    2740.34594727   -618.77880859   
0.33300    603062.56250000 372565.09375000 938271.43750000 745.23406982    2993.34277344   -409.29147339   
0.33400    592723.37500000 365470.62500000 921144.00000000 745.39996338    3251.40454102   -195.54248047   
0.33500    582605.31250000 358521.31250000 904359.18750000 745.59057617    3513.80126953   21.23322296     
0.33600    572722.75000000 351726.50000000 887969.50000000 745.80096436    3780.57446289   241.40757751    
0.33700    563072.62500000 345080.09375000 871950.37500000 746.04339600    4051.70507812   464.94848633    
0.33800    553675.12500000 338600.00000000 856325.50000000 746.30865479    4327.27343750   691.61175537    
0.33900    544484.37500000 332245.21875000 841032.37500000 746.60980225    4606.22412109   920.79632568    
0.34000    535534.25000000 326051.81250000 826119.50000000 746.95739746    4889.11376953   1152.90979004   
0.34100    526815.75000000 320003.71875000 811588.50000000 747.32495117    5175.72558594   1387.57238770   
0.34200    518361.46875000 314126.06250000 797479.62500000 747.73999023    5466.80664062   1625.24743652   
0.34300    510097.56250000 308369.15625000 783668.37500000 748.17059326    5759.56201172   1864.35461426   
0.34400    502110.62500000 302782.75000000 770289.75000000 748.64898682    6056.57080078   2106.28051758   
0.34500    494319.78125000 297325.53125000 757235.87500000 749.15979004    6355.67675781   2349.61328125   
0.34600    486800.06250000 292043.81250000 744609.06250000 749.70294189    6658.45996094   2595.49926758   
0.34700    479468.00000000 286870.59375000 732267.00000000 750.25592041    6962.20605469   2841.63964844   
0.34800    472385.18750000 281864.43750000 720341.31250000 750.83245850    7268.29345703   3089.57080078   
0.34900    465539.53125000 277005.06250000 708776.68750000 751.44293213    7576.54882812   3338.82592773   
0.35000    458912.75000000 272284.31250000 697560.18750000 752.06048584    7886.03369141   3588.47558594   
0.35100    452547.46875000 267729.81250000 686763.68750000 752.70422363    8197.99414062   3839.87988281   
0.35200    446361.15625000 263281.93750000 676238.06250000 753.33270264    8509.35644531   4090.40966797   
0.35300    440416.43750000 258991.35937500 666108.93750000 753.97302246    8821.72949219   4341.46142578   
0.35400    434718.75000000 254853.67187500 656358.18750000 754.61346436    9135.57910156   4593.11474609   
0.35500    429236.93750000 250852.06250000 646954.37500000 755.23828125    9448.82031250   4844.27001953   
0.35600    423960.46875000 246979.60937500 637880.50000000 755.84326172    9761.77343750   5094.92285156   
0.35700    418918.96875000 243252.43750000 629166.81250000 756.43170166    10074.69921875  5344.84130859   
0.35800    414106.09375000 239671.48437500 620819.43750000 756.99114990    10386.82031250  5594.15283203   
0.35900    409507.87500000 236223.53125000 612803.81250000 757.51873779    10698.04101562  5842.32080078   
0.36000    405140.90625000 232924.62500000 605161.93750000 758.00616455    11008.27734375  6089.76464844   
0.36100    400960.96875000 229739.93750000 597814.68750000 758.43707275    11316.23242188  6334.83935547   
0.36200    397041.90625000 226720.84375000 590881.50000000 758.82879639    11623.71093750  6579.47070312   
0.36300    393276.18750000 223800.62500000 584192.12500000 759.14447021    11927.34863281  6820.89453125   
0.36400    389725.03125000 221012.93750000 577838.43750000 759.38543701    12228.57324219  7060.04589844   
0.36500    386381.28125000 218351.70312500 571802.68750000 759.56335449    12527.06347656  7297.08056641   
0.36600    383255.03125000 215836.96875000 566133.81250000 759.66809082    12823.40234375  7532.39208984   
0.36700    380297.78125000 213427.07812500 560722.87500000 759.66308594    13115.07031250  7763.72460938   
0.36800    377587.68750000 211170.12500000 555695.25000000 759.58715820    13405.07617188  7993.61425781   
0.36900    375039.59375000 209018.78125000 550947.12500000 759.40686035    13690.47265625  8220.04589844   
0.37000    372640.65625000 206965.98437500 546419.75000000 759.10552979    13970.12597656  8441.83593750   
0.37100    370439.31250000 205035.76562500 542216.18750000 758.69934082    14246.05273438  8660.56250000   
0.37200    368439.93750000 203240.95312500 538338.31250000 758.19543457    14518.32617188  8876.55859375   
0.37300    366589.78125000 201536.81250000 534690.37500000 757.56134033    14784.62011719  9088.11230469   
0.37400    364925.28125000 199955.42187500 531342.87500000 756.81451416    15046.70117188  9296.26074219   
0.37500    363418.21875000 198476.25000000 528254.06250000 755.94000244    15303.47265625  9500.34179688   
0.37600    362083.21875000 197106.87500000 525439.25000000 754.93725586    15554.50000000  9700.17871094   
0.37700    360876.93750000 195826.92187500 522832.71875000 753.79528809    15799.53320312  9895.13476562   
0.37800    359829.34375000 194650.75000000 520491.37500000 752.52868652    16039.30664062  10086.42675781  
0.37900    358949.15625000 193585.60937500 518425.12500000 751.13781738    16273.54394531  10273.61914062  
0.38000    358185.71875000 192598.68750000 516537.21875000 749.60455322    16500.80859375  10455.50585938  
0.38100    357543.43750000 191695.23437500 514851.15625000 747.93688965    16721.81054688  10632.57617188  
0.38200    357049.90625000 190892.65625000 513417.18750000 746.14117432    16937.07226562  10805.69433594  
0.38300    356656.96875000 190159.42187500 512146.12500000 744.20410156    17144.95703125  10973.39843750  
0.38400    356412.03125000 189529.59375000 511127.18750000 742.14947510    17347.54492188  11137.07226562  
0.38500    356250.96875000 188956.48437500 510243.56250000 739.95318604    17542.49804688  11295.24316406  
0.38600    356228.37500000 188481.56250000 509598.00000000 737.64868164    17732.37500000  11449.61523438  
0.38700    356273.12500000 188056.60937500 509062.25000000 735.20092773    17913.91406250  11598.01171875  
0.38800    356426.81250000 187707.07812500 508709.25000000 732.64367676    18089.52734375  11742.08691406  
0.38900    356658.56250000 187420.12500000 508505.25000000 729.96728516    18258.15234375  11881.04003906  
0.39000    357011.46875000 187221.04687500 508503.46875000 727.18927002    18421.25390625  12016.24023438  
0.39100    357417.87500000 187063.03125000 508590.50000000 724.30047607    18577.02734375  12146.04003906  
0.39200    357916.21875000 186970.98437500 508837.71875000 721.31384277    18726.68164062  12271.47167969  
0.39300    358471.62500000 186929.18750000 509196.84375000 718.23370361    18869.31640625  12391.94824219  
0.39400    359125.25000000 186959.00000000 509717.46875000 715.06732178    19006.75781250  12508.77246094  
0.39500    359802.00000000 187014.76562500 510292.78125000 711.81427002    19136.35742188  12619.99023438  
0.39600    360543.00000000 187121.89062500 510989.93750000 708.48645020    19260.27929688  12727.10546875  
0.39700    361331.31250000 187272.98437500 511779.21875000 705.08367920    19377.98828125  12829.94628906  
0.39800    362186.78125000 187476.79687500 512690.81250000 701.62469482    19490.23242188  12928.84667969  
0.39900    363074.00000000 187712.20312500 513658.00000000 698.11798096    19596.22460938  13023.28613281  
0.40000    363993.28125000 187982.32812500 514699.59375000 694.55303955    19696.47070312  13113.80859375  
0.40100    364945.06250000 188283.28125000 515809.62500000 690.94952393    19790.44140625  13200.06542969  
0.40200    365947.90625000 188632.59375000 517015.65625000 687.31414795    19879.91406250  13282.86035156  
0.40300    366948.21875000 188988.31250000 518238.34375000 683.64947510    19963.11914062  13361.32714844  
0.40400    367991.12500000 189385.75000000 519534.62500000 679.96972656    20041.55468750  13436.58398438  
0.40500    369047.28125000 189802.10937500 520879.96875000 676.27246094    20114.93554688  13508.00683594  
0.40600    370130.21875000 190251.09375000 522283.93750000 672.57104492    20183.91601562  13576.71972656  
0.40700    371214.00000000 190712.84375000 523700.18750000 668.87145996    20247.41015625  13641.50683594  
0.40800    372308.59375000 191190.87500000 525146.56250000 665.17443848    20306.38476562  13702.86425781  
0.40900    373400.12500000 191682.60937500 526610.81250000 661.48913574    20360.55664062  13761.03125000  
0.41000    374517.28125000 192202.51562500 528134.56250000 657.83221436    20411.47265625  13816.95703125  
0.41100    375622.37500000 192724.01562500 529643.93750000 654.19256592    20457.14062500  13869.27343750  
0.41200    376706.71875000 193248.46875000 531155.81250000 650.56298828    20498.61328125  13918.24218750  
0.41300    377816.21875000 193793.85937500 532701.06250000 646.98889160    20536.73046875  13965.29882812  
0.41400    378893.75000000 194335.37500000 534220.18750000 643.43194580    20570.63085938  14008.89648438  
0.41500    379985.00000000 194894.62500000 535766.62500000 639.93017578    20601.29296875  14050.37988281  
0.41600    381021.71875000 195433.85937500 537261.25000000 636.45117188    20627.08203125  14088.38183594  
0.41700    382081.84375000 195991.92187500 538785.06250000 633.03344727    20650.52539062  14124.84765625  
0.41800    383141.93750000 196566.03125000 540334.56250000 629.67004395    20671.18359375  14159.05957031  
0.41900    384120.06250000 197096.51562500 541767.31250000 626.32550049    20686.20117188  14189.08496094  
0.42000    385125.37500000 197648.46875000 543241.68750000 623.04302979    20699.49609375  14218.02636719  
0.42100    386110.93750000 198204.42187500 544707.43750000 619.81506348    20709.80468750  14244.69335938  
0.42200    387065.25000000 198748.46875000 546136.31250000 616.63604736    20717.15039062  14268.81152344  
0.42300    387980.90625000 199269.85937500 547502.81250000 613.49993896    20720.33984375  14290.16796875  
0.42400    388871.62500000 199793.70312500 548851.62500000 610.40972900    20720.68750000  14309.34277344  
0.42500    389743.81250000 200306.18750000 550177.56250000 607.36944580    20718.19335938  14326.34277344  
0.42600    390562.37500000 200795.31250000 551434.68750000 604.36480713    20712.27539062  14340.42089844  
0.42700    391383.21875000 201290.73437500 552691.06250000 601.41650391    20704.19921875  14353.15039062  
0.42800    392143.03125000 201757.37500000 553870.62500000 598.49566650    20692.15039062  14362.55664062  
0.42900    392904.21875000 202229.67187500 555051.12500000 595.61779785    20678.12890625  14370.56835938  
0.43000    393613.71875000 202671.81250000 556151.87500000 592.76934814    20660.71093750  14375.63378906  
0.43100    394257.68750000 203080.81250000 557164.87500000 589.93609619    20638.91601562  14377.57714844  
0.43200    394900.40625000 203494.45312500 558181.00000000 587.14349365    20615.71093750  14377.98046875  
0.43300    395487.34375000 203876.87500000 559112.12500000 584.35363770    20588.21875000  14375.22656250  
0.43400    396042.21875000 204242.40625000 559994.93750000 581.58306885    20557.88671875  14369.97949219  
0.43500    396545.46875000 204580.42187500 560797.12500000 578.81872559    20524.08984375  14361.96484375  
0.43600    397041.59375000 204916.76562500 561601.00000000 576.07110596    20488.14843750  14352.14062500  
0.43700    397460.62500000 205208.71875000 562285.81250000 573.31353760    20447.61914062  14338.58691406  
0.43800    397827.75000000 205469.95312500 562884.12500000 570.54193115    20403.11328125  14322.10156250  
0.43900    398174.96875000 205721.01562500 563456.87500000 567.76885986    20356.17578125  14303.26074219  
0.44000    398473.46875000 205944.35937500 563954.37500000 564.97308350    20305.45312500  14281.18261719  
0.44100    398724.34375000 206142.15625000 564379.81250000 562.15515137    20250.97656250  14256.28125000  
0.44200    398933.03125000 206311.81250000 564739.00000000 559.31555176    20192.83593750  14228.52539062  
0.44300    399094.12500000 206455.87500000 565031.43750000 556.43859863    20131.00976562  14197.51855469  
0.44400    399215.68750000 206575.14062500 565250.62500000 553.53399658    20065.45507812  14163.50976562  
0.44500    399245.18750000 206640.96875000 565335.56250000 550.56243896    19994.69335938  14125.34472656  
0.44600    399248.93750000 206685.34375000 565365.37500000 547.56109619    19920.77929688  14084.31152344  
0.44700    399225.81250000 206716.54687500 565359.75000000 544.51513672    19843.16210938  14040.33691406  
0.44800    399118.25000000 206696.34375000 565226.18750000 541.40307617    19760.70117188  13992.62988281  
0.44900    398988.50000000 206665.25000000 565059.12500000 538.24847412    19675.14062500  13942.12695312  
0.45000    398812.06250000 206603.60937500 564813.06250000 535.03820801    19585.50781250  13888.47363281  
0.45100    398546.78125000 206487.15625000 564426.12500000 531.75177002    19490.28906250  13830.25292969  
0.45200    398254.00000000 206356.06250000 563998.43750000 528.40667725    19391.68164062  13769.27148438  
0.45300    397899.15625000 206180.90625000 563466.50000000 524.99914551    19288.69140625  13704.73437500  
0.45400    397499.21875000 205984.29687500 562868.56250000 521.52319336    19181.42773438  13636.89062500  
0.45500    397049.75000000 205756.82812500 562195.12500000 517.98699951    19070.43554688  13565.82226562  
0.45600    396536.31250000 205486.75000000 561412.00000000 514.37744141    18954.30859375  13490.93652344  
0.45700    395983.21875000 205192.28125000 560568.81250000 510.71136475    18835.04687500  13413.15332031  
0.45800    395363.43750000 204855.32812500 559618.31250000 506.97586060    18711.00195312  13331.84082031  
0.45900    394685.68750000 204489.70312500 558585.00000000 503.17474365    18582.63281250  13247.07031250  
0.46000    393991.40625000 204108.35937500 557517.81250000 499.32916260    18451.72851562  13160.15722656  
0.46100    393193.18750000 203664.37500000 556295.31250000 495.40921021    18315.14648438  13068.77148438  
0.46200    392386.62500000 203217.73437500 555056.25000000 491.45117188    18175.76953125  12975.40039062  
0.46300    391507.53125000 202729.62500000 553708.87500000 487.43698120    18032.48437500  12878.75976562  
0.46400    390572.34375000 202202.12500000 552261.75000000 483.37374878    17885.33984375  12779.18066406  
0.46500    389605.34375000 201660.62500000 550775.31250000 479.28097534    17735.22265625  12677.22949219  
0.46600    388573.90625000 201076.31250000 549190.06250000 475.14462280    17581.47265625  12572.51464844  
0.46700    387484.37500000 200460.56250000 547504.56250000 470.97467041    17424.10156250  12465.11816406  
0.46800    386385.15625000 199837.18750000 545813.31250000 466.79544067    17264.70117188  12356.18652344  
0.46900    385199.87500000 199164.82812500 543986.31250000 462.58856201    17101.52539062  12244.24804688  
0.47000    383974.53125000 198471.45312500 542109.93750000 458.37280273    16935.98242188  12130.51074219  
0.47100    382719.40625000 197757.06250000 540167.87500000 454.16168213    16768.30859375  12015.18750000  
0.47200    381415.75000000 197015.59375000 538162.06250000 449.95248413    16598.31250000  11898.09765625  
0.47300    380081.75000000 196259.48437500 536112.06250000 445.75585938    16426.62304688  11779.93457031  
0.47400    378674.50000000 195460.25000000 533955.37500000 441.57232666    16252.01171875  11659.50292969  
0.47500    377249.75000000 194652.98437500 531763.06250000 437.42309570    16076.81933594  11538.72949219  
0.47600    375810.75000000 193837.76562500 529559.93750000 433.31600952    15900.79882812  11417.48242188  
0.47700    374284.03125000 192972.87500000 527221.00000000 429.23492432    15721.92871094  11294.01464844  
0.47800    372751.87500000 192106.06250000 524878.25000000 425.21588135    15543.25097656  11170.95117188  
0.47900    371199.62500000 191231.70312500 522512.18750000 421.26086426    15364.48632812  11047.96484375  
0.48000    369587.03125000 190323.85937500 520047.21875000 417.36428833    15184.37011719  10923.95019531  
0.48100    367997.00000000 189429.87500000 517626.18750000 413.55917358    15005.59375000  10801.16601562  
0.48200    366312.71875000 188482.64062500 515061.87500000 409.81225586    14824.86718750  10676.98632812  
0.48300    364626.06250000 187537.76562500 512495.37500000 406.16452026    14645.37597656  10553.91796875  
0.48400    362933.31250000 186589.81250000 509927.43750000 402.61730957    14466.93945312  10431.89648438  
0.48500    361209.96875000 185628.60937500 507311.53125000 399.16995239    14289.13281250  10310.47558594  
0.48600    359482.87500000 184668.73437500 504697.46875000 395.84011841    14112.96679688  10190.44335938  
0.48700    357728.12500000 183694.68750000 502044.81250000 392.62487793    13937.84570312  10071.31933594  
0.48800    355940.03125000 182700.96875000 499346.15625000 389.51858521    13763.55175781  9953.06054688   
0.48900    354156.43750000 181714.21875000 496651.71875000 386.54513550    13591.40625000  9836.67871094   
0.49000    352364.81250000 180728.62500000 493961.78125000 383.70617676    13421.87011719  9722.26464844   
0.49100    350577.59375000 179749.75000000 491280.90625000 381.00891113    13254.83105469  9610.16406250   
0.49200    348764.37500000 178751.71875000 488558.03125000 378.44107056    13089.41406250  9499.26074219   
0.49300    346952.59375000 177765.35937500 485843.31250000 376.01596069    12927.11425781  9391.00976562   
0.49400    345143.71875000 176779.75000000 483138.62500000 373.74084473    12767.68652344  9284.95019531   
0.49500    343326.90625000 175788.65625000 480425.21875000 371.60784912    12610.87304688  9181.21289062   
0.49600    341532.78125000 174821.18750000 477753.78125000 369.63400269    12458.11816406  9080.65136719   
0.49700    339721.62500000 173841.18750000 475055.18750000 367.80087280    12307.88574219  8982.07617188   
0.49800    337932.12500000 172879.14062500 472401.78125000 366.12380981    12161.63476562  8886.76660156   
0.49900    336131.25000000 171912.12500000 469726.81250000 364.58898926    12018.40820312  8793.71777344   
0.50000    334357.81250000 170963.26562500 467105.68750000 363.21176147    11879.46875000  8704.20898438   
