# SAXS profile: number of points = 501, q_min = 0, q_max = 0.5, delta_q = 0.001
#    q    intensity 
0.00000    162231344.00000000 101202040.00000000 256270560.00000000 108915.81250000 8407223.00000000 6640020.00000000 
0.00100    162196560.00000000 101177488.00000000 256208576.00000000 108881.57031250 8404904.00000000 6638139.00000000 
0.00200    162085328.00000000 101105464.00000000 256027344.00000000 108780.14062500 8397863.00000000 6632695.50000000 
0.00300    161895152.00000000 100986816.00000000 255722544.00000000 108611.18750000 8386187.00000000 6623521.50000000 
0.00400    161621648.00000000 100819984.00000000 255296704.00000000 108375.52343750 8369909.50000000 6610756.00000000 
0.00500    161270960.00000000 100605584.00000000 254749888.00000000 108073.03906250 8349043.00000000 6594322.00000000 
0.00600    160844368.00000000 100343800.00000000 254083648.00000000 107704.50000000 8323578.00000000 6574382.00000000 
0.00700    160339248.00000000 100036280.00000000 253298608.00000000 107271.03906250 8293644.50000000 6550789.50000000 
0.00800    159761376.00000000 99683856.00000000 252397088.00000000 106774.00000000 8259244.50000000 6523852.00000000 
0.00900    159113200.00000000 99286784.00000000 251379424.00000000 106212.96093750 8220428.50000000 6493388.00000000 
0.01000    158392880.00000000 98845088.00000000 250248944.00000000 105591.35156250 8177386.50000000 6459571.50000000 
0.01100    157602752.00000000 98356456.00000000 249005568.00000000 104907.71093750 8130064.00000000 6422433.00000000 
0.01200    156736816.00000000 97827160.00000000 247653600.00000000 104165.41406250 8078616.00000000 6382101.00000000 
0.01300    155805152.00000000 97255312.00000000 246193328.00000000 103366.01562500 8023185.00000000 6338571.50000000 
0.01400    154806096.00000000 96642432.00000000 244630080.00000000 102511.92968750 7963770.00000000 6291954.00000000 
0.01500    153743552.00000000 95989752.00000000 242963264.00000000 101602.86718750 7900623.00000000 6242302.50000000 
0.01600    152616256.00000000 95297784.00000000 241196256.00000000 100641.25781250 7833736.50000000 6189847.00000000 
0.01700    151428496.00000000 94568784.00000000 239334352.00000000 99630.34375000  7763298.00000000 6134547.50000000 
0.01800    150180864.00000000 93801616.00000000 237378480.00000000 98571.02343750  7689512.00000000 6076581.50000000 
0.01900    148874848.00000000 93000728.00000000 235333264.00000000 97465.71875000  7612433.50000000 6016010.50000000 
0.02000    147514976.00000000 92165464.00000000 233200576.00000000 96317.57031250  7532184.50000000 5952985.00000000 
0.02100    146103408.00000000 91296512.00000000 230984864.00000000 95127.81250000  7448912.50000000 5887557.50000000 
0.02200    144638752.00000000 90396200.00000000 228688544.00000000 93898.53125000  7362824.50000000 5819947.50000000 
0.02300    143125280.00000000 89466904.00000000 226317264.00000000 92633.82812500  7274019.00000000 5750213.00000000 
0.02400    141568272.00000000 88507928.00000000 223873216.00000000 91334.12500000  7182710.00000000 5678425.50000000 
0.02500    139966592.00000000 87522800.00000000 221360576.00000000 90003.22656250  7089079.00000000 5604846.50000000 
0.02600    138324176.00000000 86511272.00000000 218783552.00000000 88643.32812500  6993178.00000000 5529456.50000000 
0.02700    136641968.00000000 85476480.00000000 216145312.00000000 87256.76562500  6895259.00000000 5452520.00000000 
0.02800    134926512.00000000 84420072.00000000 213451168.00000000 85845.09375000  6795461.00000000 5374044.00000000 
0.02900    133176696.00000000 83341448.00000000 210703600.00000000 84413.46875000  6693951.00000000 5294244.00000000 
0.03000    131396464.00000000 82243488.00000000 207906832.00000000 82961.92968750  6590871.50000000 5213224.50000000 
0.03100    129587448.00000000 81128528.00000000 205066784.00000000 81493.25000000  6486446.00000000 5131072.00000000 
0.03200    127753056.00000000 79997232.00000000 202184592.00000000 80010.76562500  6380789.00000000 5047977.00000000 
0.03300    125895640.00000000 78851976.00000000 199268832.00000000 78518.09375000  6274063.00000000 4964050.50000000 
0.03400    124018432.00000000 77693752.00000000 196318864.00000000 77014.90625000  6166539.00000000 4879409.00000000 
0.03500    122123072.00000000 76523080.00000000 193338416.00000000 75505.58593750  6058213.50000000 4794194.50000000 
0.03600    120212416.00000000 75343464.00000000 190336224.00000000 73992.19531250  5949346.50000000 4708496.50000000 
0.03700    118288696.00000000 74154392.00000000 187312352.00000000 72475.83593750  5840001.00000000 4622456.00000000 
0.03800    116355632.00000000 72958832.00000000 184270592.00000000 70959.89843750  5730408.50000000 4536195.50000000 
0.03900    114415000.00000000 71758160.00000000 181217408.00000000 69446.16406250  5620772.00000000 4449821.00000000 
0.04000    112467736.00000000 70553656.00000000 178153648.00000000 67936.66406250  5511096.00000000 4363425.00000000 
0.04100    110517488.00000000 69346600.00000000 175087008.00000000 66432.59375000  5401566.00000000 4277179.00000000 
0.04200    108568016.00000000 68138864.00000000 172016016.00000000 64937.98828125  5292386.00000000 4191163.00000000 
0.04300    106618696.00000000 66930496.00000000 168948960.00000000 63452.76562500  5183663.50000000 4105469.50000000 
0.04400    104673216.00000000 65724512.00000000 165884928.00000000 61979.62109375  5075442.50000000 4020186.75000000 
0.04500    102734056.00000000 64521796.00000000 162828144.00000000 60520.23828125  4967929.50000000 3935432.50000000 
0.04600    100802088.00000000 63322752.00000000 159784768.00000000 59075.73828125  4861201.00000000 3851300.50000000 
0.04700    98879864.00000000 62129564.00000000 156756144.00000000 57647.95312500  4755420.00000000 3767852.00000000 
0.04800    96968736.00000000 60943088.00000000 153743968.00000000 56238.34765625  4650589.00000000 3685179.25000000 
0.04900    95071968.00000000 59763892.00000000 150753840.00000000 54847.79296875  4546922.00000000 3603383.25000000 
0.05000    93189992.00000000 58594084.00000000 147786160.00000000 53477.64062500  4444409.50000000 3522502.50000000 
0.05100    91325752.00000000 57434012.00000000 144846016.00000000 52129.47656250  4343233.00000000 3442635.25000000 
0.05200    89478728.00000000 56284612.00000000 141930256.00000000 50803.81640625  4243402.00000000 3363829.50000000 
0.05300    87652416.00000000 55146844.00000000 139048240.00000000 49501.61328125  4144957.75000000 3286144.75000000 
0.05400    85846216.00000000 54022256.00000000 136198080.00000000 48223.98828125  4048098.75000000 3209634.25000000 
0.05500    84063264.00000000 52911168.00000000 133383256.00000000 46971.65625000  3952805.25000000 3134355.00000000 
0.05600    82303240.00000000 51814244.00000000 130604288.00000000 45744.69921875  3859113.25000000 3060364.75000000 
0.05700    80569520.00000000 50732224.00000000 127864600.00000000 44544.53515625  3767148.00000000 2987652.00000000 
0.05800    78861256.00000000 49665788.00000000 125165896.00000000 43370.46875000  3676882.50000000 2916310.75000000 
0.05900    77181112.00000000 48616156.00000000 122508176.00000000 42223.75781250  3588353.50000000 2846337.00000000 
0.06000    75526936.00000000 47583272.00000000 119895016.00000000 41104.42187500  3501647.75000000 2777783.75000000 
0.06100    73901544.00000000 46567640.00000000 117324648.00000000 40012.83203125  3416777.25000000 2710633.00000000 
0.06200    72306784.00000000 45570056.00000000 114801912.00000000 38948.45703125  3333773.50000000 2644952.00000000 
0.06300    70741240.00000000 44590928.00000000 112324664.00000000 37912.17187500  3252618.75000000 2580750.75000000 
0.06400    69205920.00000000 43629692.00000000 109896840.00000000 36903.66015625  3173334.00000000 2517994.50000000 
0.06500    67701944.00000000 42688092.00000000 107516128.00000000 35922.69140625  3095935.75000000 2456725.00000000 
0.06600    66229184.00000000 41765384.00000000 105184744.00000000 34968.88281250  3020398.00000000 2396923.25000000 
0.06700    64788144.00000000 40861852.00000000 102903032.00000000 34042.30859375  2946802.50000000 2338603.50000000 
0.06800    63378992.00000000 39978596.00000000 100671680.00000000 33143.05859375  2875061.50000000 2281803.75000000 
0.06900    62001648.00000000 39115500.00000000 98490816.00000000 32269.58203125  2805206.00000000 2226452.75000000 
0.07000    60656788.00000000 38271760.00000000 96360400.00000000 31422.79687500  2737194.00000000 2172561.50000000 
0.07100    59344244.00000000 37448164.00000000 94280728.00000000 30601.53125000  2671030.00000000 2120106.00000000 
0.07200    58063600.00000000 36644244.00000000 92251680.00000000 29805.79882812  2606680.25000000 2069106.75000000 
0.07300    56815224.00000000 35860628.00000000 90273360.00000000 29034.70117188  2544134.00000000 2019527.00000000 
0.07400    55599032.00000000 35096848.00000000 88346000.00000000 28287.69531250  2483367.00000000 1971331.12500000 
0.07500    54414376.00000000 34352888.00000000 86468416.00000000 27564.39843750  2424350.25000000 1924517.12500000 
0.07600    53261700.00000000 33628736.00000000 84640048.00000000 26864.23828125  2367030.75000000 1879069.12500000 
0.07700    52139768.00000000 32924440.00000000 82862664.00000000 26186.26171875  2311400.75000000 1834918.87500000 
0.07800    51049628.00000000 32239046.00000000 81133032.00000000 25530.36914062  2257386.25000000 1792070.37500000 
0.07900    49989232.00000000 31572898.00000000 79452296.00000000 24895.56835938  2205009.50000000 1750510.37500000 
0.08000    48959008.00000000 30925882.00000000 77818808.00000000 24281.15039062  2154176.75000000 1710184.75000000 
0.08100    47958884.00000000 30297228.00000000 76233576.00000000 23686.60546875  2104922.50000000 1671073.00000000 
0.08200    46987880.00000000 29687060.00000000 74693224.00000000 23111.07226562  2057104.75000000 1633117.75000000 
0.08300    46045188.00000000 29095264.00000000 73199208.00000000 22554.10351562  2010768.25000000 1596339.12500000 
0.08400    45130732.00000000 28521026.00000000 71749720.00000000 22014.88281250  1965820.50000000 1560666.75000000 
0.08500    44244120.00000000 27964014.00000000 70344568.00000000 21492.75781250  1922263.12500000 1526076.87500000 
0.08600    43384984.00000000 27424542.00000000 68982416.00000000 20987.19335938  1879990.37500000 1492532.00000000 
0.08700    42551432.00000000 26901548.00000000 67662000.00000000 20497.48046875  1839040.62500000 1460006.37500000 
0.08800    41743852.00000000 26394894.00000000 66382808.00000000 20022.91406250  1799303.62500000 1428457.75000000 
0.08900    40961460.00000000 25904384.00000000 65143244.00000000 19562.73828125  1760765.25000000 1397881.87500000 
0.09000    40203760.00000000 25429312.00000000 63943660.00000000 19116.76562500  1723380.37500000 1368191.87500000 
0.09100    39469668.00000000 24969362.00000000 62781056.00000000 18683.90820312  1687105.50000000 1339394.62500000 
0.09200    38758880.00000000 24524250.00000000 61656120.00000000 18263.89453125  1651895.75000000 1311455.62500000 
0.09300    38070380.00000000 24093630.00000000 60566676.00000000 17856.19140625  1617723.75000000 1284338.87500000 
0.09400    37403812.00000000 23676820.00000000 59512408.00000000 17459.95898438  1584541.62500000 1257993.25000000 
0.09500    36758556.00000000 23273558.00000000 58491564.00000000 17075.01757812  1552308.87500000 1232430.75000000 
0.09600    36133752.00000000 22883400.00000000 57503980.00000000 16700.61914062  1520990.00000000 1207566.62500000 
0.09700    35528928.00000000 22505698.00000000 56548120.00000000 16336.53027344  1490556.12500000 1183436.62500000 
0.09800    34942848.00000000 22140582.00000000 55623024.00000000 15982.16699219  1460960.00000000 1159959.75000000 
0.09900    34375488.00000000 21787070.00000000 54726816.00000000 15636.93164062  1432191.50000000 1137133.00000000 
0.10000    33826248.00000000 21445230.00000000 53859344.00000000 15300.66308594  1404175.25000000 1114933.12500000 
0.10100    33293740.00000000 21114098.00000000 53019520.00000000 14972.83105469  1376907.62500000 1093296.37500000 
0.10200    32777886.00000000 20793630.00000000 52206288.00000000 14653.05078125  1350348.25000000 1072250.75000000 
0.10300    32277860.00000000 20483392.00000000 51418304.00000000 14341.00683594  1324479.87500000 1051746.87500000 
0.10400    31793054.00000000 20182960.00000000 50654664.00000000 14036.45898438  1299264.62500000 1031768.00000000 
0.10500    31323088.00000000 19892108.00000000 49914352.00000000 13738.95800781  1274677.25000000 1012279.75000000 
0.10600    30866930.00000000 19609622.00000000 49196944.00000000 13448.37207031  1250673.25000000 993270.37500000 
0.10700    30424338.00000000 19336120.00000000 48500848.00000000 13164.21875000  1227258.62500000 974721.93750000 
0.10800    29994592.00000000 19070908.00000000 47824956.00000000 12886.46093750  1204387.87500000 956609.31250000 
0.10900    29577188.00000000 18813346.00000000 47169476.00000000 12614.64355469  1182038.12500000 938916.31250000 
0.11000    29171572.00000000 18563464.00000000 46532208.00000000 12348.64062500  1160205.37500000 921627.43750000 
0.11100    28776908.00000000 18320734.00000000 45913048.00000000 12088.45703125  1138854.37500000 904730.87500000 
0.11200    28393202.00000000 18084626.00000000 45310528.00000000 11833.59765625  1117968.25000000 888203.12500000 
0.11300    28019426.00000000 17855152.00000000 44724848.00000000 11583.85937500  1097526.50000000 872017.12500000 
0.11400    27655592.00000000 17631870.00000000 44153996.00000000 11339.30273438  1077511.37500000 856187.37500000 
0.11500    27300680.00000000 17414096.00000000 43597864.00000000 11099.74218750  1057915.50000000 840679.12500000 
0.11600    26954818.00000000 17201938.00000000 43056072.00000000 10864.86132812  1038720.50000000 825485.87500000 
0.11700    26617042.00000000 16995218.00000000 42527012.00000000 10634.80371094  1019891.87500000 810600.00000000 
0.11800    26287172.00000000 16793236.00000000 42010540.00000000 10409.03906250  1001438.00000000 796001.25000000 
0.11900    25964540.00000000 16595951.00000000 41505504.00000000 10187.75195312  983329.87500000 781679.75000000 
0.12000    25648878.00000000 16402907.00000000 41011804.00000000 9970.77734375   965566.06250000 767630.68750000 
0.12100    25339778.00000000 16214097.00000000 40528412.00000000 9758.01367188   948133.75000000 753845.81250000 
0.12200    25037146.00000000 16029038.00000000 40054536.00000000 9549.35058594   931014.87500000 740302.43750000 
0.12300    24740144.00000000 15847608.00000000 39590000.00000000 9344.64257812   914205.56250000 727005.56250000 
0.12400    24448688.00000000 15669548.00000000 39134684.00000000 9143.84179688   897680.62500000 713937.31250000 
0.12500    24162242.00000000 15494492.00000000 38686412.00000000 8946.86035156   881446.87500000 701099.25000000 
0.12600    23880832.00000000 15322535.00000000 38246296.00000000 8753.68945312   865489.50000000 688471.81250000 
0.12700    23603854.00000000 15153183.00000000 37812732.00000000 8564.10546875   849791.50000000 676063.12500000 
0.12800    23331066.00000000 14986415.00000000 37385876.00000000 8378.03027344   834355.25000000 663842.93750000 
0.12900    23062434.00000000 14821916.00000000 36965012.00000000 8195.65429688   819171.43750000 651833.68750000 
0.13000    22797264.00000000 14659544.00000000 36549996.00000000 8016.54980469   804225.56250000 640011.37500000 
0.13100    22535274.00000000 14499025.00000000 36139908.00000000 7840.93945312   789509.56250000 628359.81250000 
0.13200    22276648.00000000 14340429.00000000 35734240.00000000 7668.54541016   775022.12500000 616895.43750000 
0.13300    22020862.00000000 14183462.00000000 35333536.00000000 7499.44775391   760762.43750000 605596.18750000 
0.13400    21767720.00000000 14027947.00000000 34936768.00000000 7333.49267578   746699.93750000 594473.25000000 
0.13500    21517098.00000000 13873725.00000000 34543412.00000000 7170.68798828   732860.00000000 583506.00000000 
0.13600    21268650.00000000 13720739.00000000 34153292.00000000 7010.88867188   719214.50000000 572697.12500000 
0.13700    21022206.00000000 13568896.00000000 33766472.00000000 6854.07421875   705759.31250000 562039.43750000 
0.13800    20777938.00000000 13417990.00000000 33382132.00000000 6700.17773438   692491.06250000 551526.00000000 
0.13900    20535112.00000000 13267970.00000000 33000406.00000000 6549.14160156   679417.00000000 541160.00000000 
0.14000    20293720.00000000 13118749.00000000 32620730.00000000 6400.95800781   666514.37500000 530934.43750000 
0.14100    20054172.00000000 12970182.00000000 32243186.00000000 6255.52050781   653792.43750000 520839.25000000 
0.14200    19815718.00000000 12822097.00000000 31867334.00000000 6112.74511719   641222.68750000 510876.50000000 
0.14300    19578328.00000000 12674658.00000000 31493182.00000000 5972.64794922   628830.56250000 501042.46875000 
0.14400    19342138.00000000 12527541.00000000 31120246.00000000 5835.08398438   616592.06250000 491328.03125000 
0.14500    19106632.00000000 12380913.00000000 30748736.00000000 5700.09667969   604512.68750000 481741.43750000 
0.14600    18872312.00000000 12234456.00000000 30378302.00000000 5567.61962891   592583.62500000 472270.75000000 
0.14700    18638766.00000000 12088358.00000000 30008810.00000000 5437.56250000   580809.68750000 462914.00000000 
0.14800    18405712.00000000 11942435.00000000 29639782.00000000 5309.92382812   569171.87500000 453670.25000000 
0.14900    18173288.00000000 11796809.00000000 29271996.00000000 5184.58740234   557681.12500000 444534.50000000 
0.15000    17941490.00000000 11651163.00000000 28904720.00000000 5061.65576172   546326.62500000 435506.37500000 
0.15100    17710174.00000000 11505743.00000000 28537836.00000000 4940.94384766   535107.93750000 426586.09375000 
0.15200    17479474.00000000 11360537.00000000 28171674.00000000 4822.52783203   524029.43750000 417770.65625000 
0.15300    17249218.00000000 11215283.00000000 27806092.00000000 4706.27685547   513083.81250000 409055.21875000 
0.15400    17019544.00000000 11070161.00000000 27440904.00000000 4592.28369141   502259.12500000 400442.03125000 
0.15500    16790176.00000000 10925084.00000000 27076266.00000000 4480.40966797   491569.06250000 391926.84375000 
0.15600    16561580.00000000 10780089.00000000 26711698.00000000 4370.65625000   481004.50000000 383508.34375000 
0.15700    16333192.00000000 10635254.00000000 26348210.00000000 4263.03271484   470567.50000000 375191.93750000 
0.15800    16105284.00000000 10490513.00000000 25984924.00000000 4157.46923828   460248.40625000 366964.96875000 
0.15900    15877836.00000000 10345917.00000000 25622272.00000000 4054.03784180   450059.46875000 358837.59375000 
0.16000    15650861.00000000 10201535.00000000 25260104.00000000 3952.61303711   439990.93750000 350804.00000000 
0.16100    15424513.00000000 10057239.00000000 24898886.00000000 3853.28100586   430051.15625000 342868.53125000 
0.16200    15198734.00000000 9913199.00000000 24538162.00000000 3755.96899414   420228.31250000 335025.34375000 
0.16300    14973713.00000000 9769416.00000000 24178444.00000000 3660.66845703   410529.50000000 327275.81250000 
0.16400    14749143.00000000 9625841.00000000 23819596.00000000 3567.43212891   400953.34375000 319626.21875000 
0.16500    14525354.00000000 9482748.00000000 23461600.00000000 3476.17089844   391504.68750000 312070.21875000 
0.16600    14302560.00000000 9339852.00000000 23104786.00000000 3386.92285156   382178.25000000 304608.37500000 
0.16700    14080426.00000000 9197464.00000000 22749084.00000000 3299.69360352   372969.96875000 297244.59375000 
0.16800    13859276.00000000 9055406.00000000 22394804.00000000 3214.42773438   363894.00000000 289977.59375000 
0.16900    13639183.00000000 8914020.00000000 22041934.00000000 3131.21044922   354944.87500000 282811.90625000 
0.17000    13420118.00000000 8773210.00000000 21690724.00000000 3049.94555664   346121.03125000 275744.15625000 
0.17100    13202215.00000000 8632974.00000000 21341110.00000000 2970.70678711   337424.31250000 268774.00000000 
0.17200    12985613.00000000 8493329.00000000 20993288.00000000 2893.45971680   328862.12500000 261903.84375000 
0.17300    12770302.00000000 8354440.50000000 20647596.00000000 2818.19531250   320425.81250000 255140.32812500 
0.17400    12556353.00000000 8216451.00000000 20303896.00000000 2744.93310547   312127.59375000 248479.35937500 
0.17500    12343882.00000000 8079221.50000000 19962428.00000000 2673.67529297   303962.71875000 241920.62500000 
0.17600    12132988.00000000 7942858.50000000 19623342.00000000 2604.35205078   295928.46875000 235467.34375000 
0.17700    11923721.00000000 7807540.00000000 19286914.00000000 2537.03295898   288032.34375000 229124.98437500 
0.17800    11716140.00000000 7673170.50000000 18952744.00000000 2471.67822266   280271.53125000 222883.67187500 
0.17900    11510313.00000000 7539929.50000000 18621738.00000000 2408.29272461   272656.93750000 216757.12500000 
0.18000    11306451.00000000 7407831.00000000 18293500.00000000 2346.86303711   265179.53125000 210740.90625000 
0.18100    11104676.00000000 7276899.50000000 17968310.00000000 2287.38989258   257843.79687500 204835.34375000 
0.18200    10904819.00000000 7147079.00000000 17646484.00000000 2229.80517578   250648.25000000 199038.57812500 
0.18300    10707065.00000000 7018707.00000000 17327772.00000000 2174.13598633   243596.57812500 193359.09375000 
0.18400    10511582.00000000 6891625.50000000 17012532.00000000 2120.34399414   236690.68750000 187790.17187500 
0.18500    10318184.00000000 6765942.00000000 16700817.00000000 2068.44458008   229930.15625000 182336.70312500 
0.18600    10127253.00000000 6641645.50000000 16392724.00000000 2018.38391113   223314.06250000 176997.79687500 
0.18700    9938676.00000000 6518908.50000000 16088495.00000000 1970.16162109   216841.50000000 171776.10937500 
0.18800    9752542.00000000 6397619.00000000 15788003.00000000 1923.69226074   210519.75000000 166668.73437500 
0.18900    9569089.00000000 6277974.00000000 15491605.00000000 1879.03247070   204343.92187500 161678.68750000 
0.19000    9387911.00000000 6159847.00000000 15199158.00000000 1836.05529785   198312.40625000 156803.87500000 
0.19100    9209572.00000000 6043413.50000000 14911009.00000000 1794.83374023   192430.29687500 152048.14062500 
0.19200    9033782.00000000 5928584.00000000 14626794.00000000 1755.19628906   186690.76562500 147405.25000000 
0.19300    8860782.00000000 5815580.00000000 14347132.00000000 1717.23815918   181099.81250000 142881.73437500 
0.19400    8690406.00000000 5704211.50000000 14071674.00000000 1680.82714844   175650.03125000 138470.85937500 
0.19500    8522855.00000000 5594565.50000000 13800648.00000000 1645.96923828   170343.71875000 134176.71875000 
0.19600    8358107.00000000 5486766.00000000 13534030.00000000 1612.57836914   165182.73437500 129995.82812500 
0.19700    8196086.50000000 5380701.50000000 13271922.00000000 1580.62890625   160160.20312500 125928.74218750 
0.19800    8036918.00000000 5276423.00000000 13014412.00000000 1550.07763672   155278.82812500 121972.00781250 
0.19900    7880765.00000000 5174014.00000000 12761336.00000000 1520.89807129   150537.18750000 118129.25781250 
0.20000    7727245.50000000 5073389.00000000 12512925.00000000 1492.96826172   145928.73437500 114393.50000000 
0.20100    7576740.50000000 4974587.50000000 12269012.00000000 1466.31298828   141457.21875000 110767.53906250 
0.20200    7429047.50000000 4877636.00000000 12029665.00000000 1440.83923340   137117.26562500 107249.04687500 
0.20300    7284211.50000000 4782528.50000000 11795025.00000000 1416.51062012   132908.26562500 103835.27343750 
0.20400    7142174.50000000 4689195.50000000 11564821.00000000 1393.26293945   128825.47656250 100525.20312500 
0.20500    7003060.50000000 4597744.00000000 11339138.00000000 1371.05249023   124869.94531250 97316.05468750  
0.20600    6866729.00000000 4508052.00000000 11118075.00000000 1349.81335449   121034.86718750 94205.44531250  
0.20700    6733206.50000000 4420266.00000000 10901489.00000000 1329.52404785   117321.42968750 91193.37500000  
0.20800    6602434.00000000 4334184.50000000 10689281.00000000 1310.09045410   113723.71093750 88276.25000000  
0.20900    6474508.00000000 4249936.50000000 10481626.00000000 1291.52709961   110244.30468750 85455.53125000  
0.21000    6349187.00000000 4167409.25000000 10278309.00000000 1273.69958496   106871.42968750 82720.56250000  
0.21100    6226597.50000000 4086634.25000000 10079337.00000000 1256.62719727   103609.24218750 80076.53125000  
0.21200    6106666.50000000 4007587.25000000 9884590.00000000 1240.22082520   100452.47656250 77518.23437500  
0.21300    5989286.00000000 3930195.00000000 9693957.00000000 1224.45141602   97396.17968750  75042.54687500  
0.21400    5874532.00000000 3854495.00000000 9507578.00000000 1209.28063965   94439.67968750  72648.64843750  
0.21500    5762357.00000000 3780477.25000000 9325382.00000000 1194.68566895   91581.46875000  70335.33593750  
0.21600    5652552.00000000 3708025.50000000 9147093.00000000 1180.59204102   88813.44531250  68094.71875000  
0.21700    5545262.50000000 3637188.25000000 8972646.00000000 1166.97497559   86136.01562500  65929.71875000  
0.21800    5440338.00000000 3567901.00000000 8802192.00000000 1153.78601074   83544.60937500  63835.30468750  
0.21900    5337686.50000000 3500143.75000000 8635392.00000000 1140.99938965   81035.98437500  61807.67578125  
0.22000    5237368.00000000 3433822.00000000 8472369.00000000 1128.58374023   78606.67187500  59846.98828125  
0.22100    5139317.00000000 3369045.00000000 8312885.50000000 1116.53271484   76258.30468750  57951.25781250  
0.22200    5043464.50000000 3305648.00000000 8157046.50000000 1104.79455566   73981.96875000  56116.35546875  
0.22300    4949644.50000000 3243655.75000000 8004545.00000000 1093.35144043   71776.43750000  54339.14062500  
0.22400    4857919.00000000 3183001.75000000 7855418.00000000 1082.16516113   69640.47656250  52617.89062500  
0.22500    4768242.00000000 3123707.25000000 7709587.00000000 1071.25671387   67571.78906250  50953.64062500  
0.22600    4680553.00000000 3065675.25000000 7566839.00000000 1060.56408691   65564.10156250  49338.68359375  
0.22700    4594726.50000000 3008917.25000000 7427360.00000000 1050.10412598   63619.03906250  47775.72265625  
0.22800    4510773.00000000 2953356.50000000 7290746.50000000 1039.84948730   61730.98437500  46259.05078125  
0.22900    4428615.50000000 2899005.75000000 7157078.50000000 1029.77343750   59898.30859375  44787.70703125  
0.23000    4348182.00000000 2845776.75000000 7026212.50000000 1019.90368652   58120.15625000  43361.29687500  
0.23100    4269487.00000000 2793694.00000000 6898214.00000000 1010.20758057   56392.93359375  41976.73437500  
0.23200    4192416.75000000 2742644.75000000 6772744.50000000 1000.67315674   54713.77734375  40631.66796875  
0.23300    4116916.75000000 2692656.75000000 6649982.00000000 991.31127930    53082.41796875  39325.39843750  
0.23400    4043010.25000000 2643725.25000000 6529685.50000000 982.12976074    51496.93750000  38056.87500000  
0.23500    3970500.25000000 2595724.50000000 6411693.00000000 973.08221436    49951.97265625  36820.59765625  
0.23600    3899545.50000000 2548707.75000000 6296161.00000000 964.23156738    48451.42968750  35620.23828125  
0.23700    3829946.00000000 2502578.50000000 6182907.50000000 955.53973389    46989.76953125  34451.51171875  
0.23800    3761714.00000000 2457426.25000000 6071823.50000000 947.01782227    45567.32812500  33314.54296875  
0.23900    3694787.00000000 2413046.00000000 5962874.50000000 938.65966797    44180.30078125  32206.11132812  
0.24000    3629175.25000000 2369533.25000000 5856021.00000000 930.48327637    42829.33593750  31126.59375000  
0.24100    3564771.75000000 2326857.50000000 5751181.50000000 922.50598145    41514.98437500  30076.02343750  
0.24200    3501578.75000000 2284937.75000000 5648250.50000000 914.69537354    40232.34765625  29050.70898438  
0.24300    3439531.25000000 2243783.75000000 5547149.00000000 907.08697510    38981.17578125  28050.89257812  
0.24400    3378590.75000000 2203381.00000000 5447871.50000000 899.66070557    37761.29296875  27075.77734375  
0.24500    3318743.75000000 2163659.75000000 5350353.00000000 892.43933105    36570.66015625  26123.81250000  
0.24600    3259939.50000000 2124640.50000000 5254515.00000000 885.43920898    35410.36328125  25195.33203125  
0.24700    3202178.50000000 2086284.75000000 5160402.00000000 878.63665771    34277.89453125  24288.83007812  
0.24800    3145367.50000000 2048588.75000000 5067819.00000000 872.06365967    33172.82421875  23403.82031250  
0.24900    3089566.00000000 2011500.50000000 4976760.50000000 865.70349121    32093.83789062  22539.32226562  
0.25000    3034670.25000000 1975015.37500000 4887266.50000000 859.56750488    31041.18945312  21695.37500000  
0.25100    2980633.25000000 1939126.25000000 4799174.50000000 853.65179443    30013.14843750  20870.10351562  
0.25200    2927562.75000000 1903836.62500000 4712550.00000000 847.97967529    29011.69140625  20066.11914062  
0.25300    2875327.75000000 1869083.62500000 4627303.00000000 842.54132080    28033.16601562  19279.34765625  
0.25400    2823868.50000000 1834874.25000000 4543400.50000000 837.34027100    27077.77148438  18511.12500000  
0.25500    2773228.00000000 1801179.75000000 4460708.00000000 832.35614014    26145.73632812  17760.52929688  
0.25600    2723397.25000000 1768024.00000000 4379366.00000000 827.62689209    25236.42968750  17027.76171875  
0.25700    2674323.00000000 1735336.50000000 4299293.00000000 823.12017822    24348.40039062  16311.70898438  
0.25800    2625976.75000000 1703148.37500000 4220306.00000000 818.85491943    23482.18164062  15612.11425781  
0.25900    2578393.50000000 1671448.75000000 4142574.75000000 814.82263184    22637.16992188  14929.40234375  
0.26000    2531500.00000000 1640195.87500000 4066006.50000000 811.01727295    21813.33203125  14262.87988281  
0.26100    2485287.50000000 1609391.37500000 3990465.50000000 807.42553711    21007.84570312  13610.94335938  
0.26200    2439780.00000000 1579053.62500000 3916064.25000000 804.08764648    20224.41601562  12976.05761719  
0.26300    2394876.50000000 1549133.87500000 3842763.00000000 800.93029785    19458.17968750  12354.84082031  
0.26400    2350673.00000000 1519629.62500000 3770454.50000000 797.99652100    18712.02734375  11749.39453125  
0.26500    2307077.00000000 1490573.62500000 3699226.75000000 795.26934814    17984.47460938  11158.17578125  
0.26600    2264089.00000000 1461888.37500000 3628930.50000000 792.73767090    17274.55468750  10581.30175781  
0.26700    2221749.00000000 1433623.87500000 3559703.00000000 790.41027832    16583.00195312  10019.56542969  
0.26800    2179998.25000000 1405773.75000000 3491439.50000000 788.26562500    15909.58300781  9471.53710938   
0.26900    2138784.25000000 1378278.25000000 3424075.00000000 786.29461670    15251.83105469  8936.73925781   
0.27000    2098173.75000000 1351190.50000000 3357660.25000000 784.49230957    14612.10449219  8416.06542969   
0.27100    2058131.37500000 1324456.00000000 3292160.00000000 782.84637451    13987.84667969  7908.17431641   
0.27200    2018662.00000000 1298124.75000000 3227639.00000000 781.38153076    13382.15722656  7415.26318359   
0.27300    1979692.12500000 1272131.00000000 3163936.50000000 780.05413818    12790.32031250  6933.46875000   
0.27400    1941213.50000000 1246485.37500000 3101064.00000000 778.83209229    12211.88964844  6463.50048828   
0.27500    1903347.00000000 1221237.37500000 3039159.75000000 777.78961182    11652.59277344  6008.91699219   
0.27600    1865923.12500000 1196299.50000000 2977988.75000000 776.82324219    11105.12988281  5564.34082031   
0.27700    1829064.37500000 1171734.25000000 2917792.75000000 776.00805664    10574.47753906  5133.87548828   
0.27800    1792668.62500000 1147498.00000000 2858331.50000000 775.30139160    10057.64062500  4714.77148438   
0.27900    1756799.25000000 1123613.50000000 2799767.75000000 774.69445801    9555.47363281   4308.32275391   
0.28000    1721392.37500000 1100056.62500000 2741951.25000000 774.18237305    9067.13574219   3913.42163086   
0.28100    1686488.50000000 1076832.12500000 2684973.25000000 773.76422119    8592.78222656   3530.67431641   
0.28200    1652065.75000000 1053958.25000000 2628811.00000000 773.42938232    8132.71777344   3160.18798828   
0.28300    1618127.50000000 1031412.68750000 2573413.75000000 773.18426514    7686.16845703   2801.29248047   
0.28400    1584634.62500000 1009171.50000000 2518820.00000000 773.00402832    7252.87548828   2453.76342773   
0.28500    1551624.87500000 987288.62500000 2465021.50000000 772.90850830    6833.88183594   2118.54028320   
0.28600    1519064.62500000 965699.87500000 2411973.00000000 772.86944580    6427.58398438   1794.29711914   
0.28700    1486986.75000000 944443.37500000 2359735.75000000 772.90881348    6035.11376953   1481.93103027   
0.28800    1455335.00000000 923505.12500000 2308220.50000000 773.00476074    5655.56835938   1180.97570801   
0.28900    1424187.87500000 902910.62500000 2257523.25000000 773.17010498    5290.46728516   892.34655762    
0.29000    1393452.50000000 882596.62500000 2207533.00000000 773.38720703    4937.79248047   614.67224121    
0.29100    1363186.75000000 862635.37500000 2158375.75000000 773.67474365    4599.65820312   349.33953857    
0.29200    1333387.37500000 842974.81250000 2109931.25000000 774.01702881    4274.71044922   95.32870483     
0.29300    1304041.62500000 823644.31250000 2062286.12500000 774.42102051    3964.18896484   -146.20233154   
0.29400    1275114.75000000 804599.18750000 2015339.37500000 774.86535645    3665.67797852   -377.44854736   
0.29500    1246672.37500000 785904.25000000 1969242.25000000 775.39599609    3383.08520508   -595.16387939   
0.29600    1218661.00000000 767505.18750000 1923820.37500000 775.96862793    3113.49096680   -801.75274658   
0.29700    1191100.87500000 749412.00000000 1879148.50000000 776.59814453    2857.64306641   -996.62976074   
0.29800    1164020.12500000 731654.81250000 1835280.87500000 777.29565430    2616.90893555   -1178.63098145  
0.29900    1137395.12500000 714216.75000000 1792192.00000000 778.06152344    2391.16821289   -1348.19384766  
0.30000    1111208.25000000 697073.87500000 1749816.50000000 778.87927246    2178.94995117   -1506.51770020  
0.30100    1085499.25000000 680265.62500000 1708248.75000000 779.76910400    1982.78771973   -1651.46594238  
0.30200    1060218.62500000 663755.75000000 1667388.62500000 780.72564697    1800.16564941   -1784.77636719  
0.30300    1035428.81250000 647575.62500000 1627350.62500000 781.75421143    1634.13464355   -1905.04150391  
0.30400    1011115.25000000 631717.43750000 1588087.12500000 782.85418701    1483.43298340   -2012.35314941  
0.30500    987231.50000000 616156.25000000 1549546.87500000 784.00347900    1346.94970703   -2108.08593750  
0.30600    963820.25000000 600908.50000000 1511757.50000000 785.23840332    1226.37500000   -2190.84179688  
0.30700    940906.25000000 586006.75000000 1474805.37500000 786.54937744    1122.90869141   -2260.20483398  
0.30800    918429.37500000 571398.87500000 1438594.37500000 787.91802979    1033.90710449   -2317.43701172  
0.30900    896464.75000000 557119.31250000 1403179.75000000 789.36828613    961.73315430    -2361.25244141  
0.31000    874963.56250000 543159.31250000 1368550.75000000 790.89184570    905.31237793    -2392.51318359  
0.31100    853911.00000000 529493.62500000 1334648.50000000 792.47137451    864.64831543    -2411.29833984  
0.31200    833369.18750000 516169.28125000 1301561.12500000 794.12969971    840.11657715    -2417.29028320  
0.31300    813293.31250000 503144.53125000 1269255.25000000 795.86132812    832.20568848    -2410.36718750  
0.31400    793728.00000000 490457.31250000 1237737.62500000 797.65692139    840.52166748    -2390.58227539  
0.31500    774610.62500000 478061.62500000 1206984.62500000 799.50604248    864.15081787    -2358.74023438  
0.31600    755992.43750000 465995.59375000 1177014.25000000 801.41894531    904.42761230    -2314.10107422  
0.31700    737852.25000000 454236.53125000 1147827.00000000 803.40020752    960.62500000    -2257.00122070  
0.31800    720191.56250000 442786.56250000 1119393.87500000 805.41497803    1031.32702637   -2188.74462891  
0.31900    703030.93750000 431658.28125000 1091786.75000000 807.49285889    1119.46643066   -2107.14599609  
0.32000    686346.50000000 420838.06250000 1064914.37500000 809.61968994    1221.93383789   -2014.43786621  
0.32100    670129.00000000 410314.53125000 1038805.62500000 811.77423096    1339.64245605   -1910.02416992  
0.32200    654413.43750000 400111.78125000 1013494.87500000 813.97418213    1472.52587891   -1793.97290039  
0.32300    639137.31250000 390193.96875000 988885.68750000 816.18713379    1618.94030762   -1667.80920410  
0.32400    624357.12500000 380579.21875000 965048.87500000 818.43078613    1780.03588867   -1530.62988281  
0.32500    610040.50000000 371260.65625000 941963.93750000 820.68847656    1954.67810059   -1383.07812500  
0.32600    596192.75000000 362242.87500000 919620.06250000 822.95562744    2142.85961914   -1225.32507324  
0.32700    582810.12500000 353515.68750000 898023.68750000 825.22473145    2344.27661133   -1057.53613281  
0.32800    569898.75000000 345091.21875000 877161.50000000 827.49560547    2558.66406250   -880.06420898   
0.32900    557426.25000000 336930.71875000 856998.62500000 829.74658203    2784.10815430   -694.41479492   
0.33000    545415.87500000 329067.53125000 837563.37500000 831.99420166    3021.85009766   -499.45587158   
0.33100    533813.81250000 321452.40625000 818757.37500000 834.19268799    3269.47265625   -297.45663452   
0.33200    522705.53125000 314148.34375000 800742.00000000 836.38311768    3529.46728516   -86.04741669    
0.33300    511987.71875000 307091.25000000 783352.43750000 838.51733398    3798.16528320   131.68331909    
0.33400    501718.03125000 300307.40625000 766664.81250000 840.60687256    4076.59985352   356.67025757    
0.33500    491846.46875000 293775.12500000 750592.43750000 842.64190674    4363.12011719   587.64324951    
0.33600    482384.34375000 287496.18750000 735168.25000000 844.61383057    4657.96093750   824.66290283    
0.33700    473322.25000000 281461.46875000 720373.62500000 846.51226807    4960.20703125   1067.04248047   
0.33800    464666.90625000 275682.62500000 706219.87500000 848.34960938    5269.99804688   1314.86743164   
0.33900    456371.59375000 270125.84375000 692623.81250000 850.09204102    5584.96923828   1566.35754395   
0.34000    448458.18750000 264804.03125000 679641.50000000 851.74761963    5905.87841797   1822.18310547   
0.34100    440912.43750000 259714.07812500 667229.93750000 853.31475830    6231.69775391   2081.52807617   
0.34200    433751.87500000 254859.20312500 655427.25000000 854.79827881    6562.81689453   2344.70288086   
0.34300    426900.15625000 250197.15625000 644101.31250000 856.15887451    6896.62207031   2609.62475586   
0.34400    420425.84375000 245769.84375000 633368.12500000 857.42736816    7234.51513672   2877.42187500   
0.34500    414252.81250000 241526.25000000 623108.93750000 858.57678223    7574.25537109   3146.49267578   
0.34600    408430.75000000 237501.45312500 613416.25000000 859.62640381    7917.12744141   3417.75146484   
0.34700    402867.28125000 233640.54687500 604120.68750000 860.55377197    8259.75781250   3688.51855469   
0.34800    397635.25000000 229981.56250000 595335.31250000 861.35131836    8603.68359375   3960.16894531   
0.34900    392687.40625000 226500.79687500 587011.18750000 862.03143311    8948.30273438   4232.21777344   
0.35000    388012.50000000 223194.68750000 579115.62500000 862.59643555    9291.94921875   4503.40722656   
0.35100    383632.21875000 220067.29687500 571686.00000000 863.03320312    9636.38476562   4774.89648438   
0.35200    379468.00000000 217076.03125000 564596.68750000 863.34014893    9977.74414062   5043.85986328   
0.35300    375567.75000000 214251.28125000 557912.00000000 863.52264404    10317.74804688  5311.73535156   
0.35400    371923.15625000 211585.48437500 551646.50000000 863.59118652    10656.24316406  5578.29199219   
0.35500    368501.65625000 209060.89062500 545732.00000000 863.52856445    10991.80078125  5842.63720703   
0.35600    365283.03125000 206663.75000000 540140.18750000 863.34191895    11324.03515625  6104.26513672   
0.35700    362288.25000000 204406.28125000 534894.25000000 863.03204346    11653.23632812  6363.41992188   
0.35800    359506.93750000 202285.62500000 529986.12500000 862.60351562    11979.00097656  6619.85156250   
0.35900    356907.21875000 200284.32812500 525382.50000000 862.06762695    12300.62207031  6873.18750000   
0.36000    354510.53125000 198408.20312500 521093.31250000 861.40881348    12618.77050781  7123.74902344   
0.36100    352267.25000000 196630.46875000 517060.25000000 860.63806152    12931.22851562  7369.80810547   
0.36200    350238.81250000 194989.70312500 513352.40625000 859.77124023    13240.80078125  7613.85742188   
0.36300    348322.28125000 193422.79687500 509828.25000000 858.78021240    13543.42773438  7852.51660156   
0.36400    346559.87500000 191956.03125000 506564.65625000 857.68548584    13841.11230469  8087.41308594   
0.36500    344949.28125000 190586.51562500 503530.90625000 856.49359131    14133.58984375  8318.15820312   
0.36600    343494.87500000 189320.37500000 500760.62500000 855.21447754    14421.67871094  8545.65332031   
0.36700    342150.28125000 188121.62500000 498155.31250000 853.83209229    14702.53710938  8767.83007812   
0.36800    340976.00000000 187036.09375000 495833.96875000 852.38140869    14979.85156250  8987.09667969   
0.36900    339903.75000000 186015.39062500 493669.00000000 850.83782959    15250.92382812  9201.64941406   
0.37000    338906.03125000 185050.34375000 491637.06250000 849.19842529    15514.54589844  9410.58007812   
0.37100    338031.56250000 184161.71875000 489803.90625000 847.47772217    15772.79980469  9615.27636719   
0.37200    337286.40625000 183361.28125000 488173.59375000 845.70007324    16026.32226562  9816.80566406   
0.37300    336614.96875000 182612.46875000 486667.68750000 843.83746338    16272.90429688  10012.76757812  
0.37400    336050.68750000 181932.15625000 485340.90625000 841.91345215    16514.34179688  10204.96875000  
0.37500    335573.09375000 181308.20312500 484153.46875000 839.93469238    16749.68945312  10392.61621094  
0.37600    335186.84375000 180749.01562500 483120.00000000 837.88415527    16979.13085938  10575.88476562  
0.37700    334857.68750000 180231.51562500 482168.81250000 835.76904297    17202.25195312  10754.26171875  
0.37800    334609.93750000 179769.62500000 481376.15625000 833.60308838    17419.87890625  10928.80664062  
0.37900    334465.28125000 179374.39062500 480734.93750000 831.38513184    17632.46289062  11099.46582031  
0.38000    334359.71875000 179009.62500000 480165.46875000 829.11364746    17838.63671875  11265.29296875  
0.38100    334303.28125000 178676.59375000 479682.28125000 826.78918457    18038.36328125  11426.30664062  
0.38200    334333.65625000 178407.35937500 479337.53125000 824.41455078    18233.56250000  11584.08203125  
0.38300    334397.43750000 178160.26562500 479053.78125000 821.98242188    18421.96679688  11736.93261719  
0.38400    334549.15625000 177973.68750000 478914.53125000 819.51831055    18606.05664062  11886.42382812  
0.38500    334717.93750000 177802.43750000 478806.68750000 816.99682617    18783.69531250  12031.11718750  
0.38600    334973.21875000 177687.96875000 478843.62500000 814.43908691    18957.01367188  12172.87597656  
0.38700    335238.93750000 177585.12500000 478899.96875000 811.82318115    19123.61328125  12309.51855469  
0.38800    335548.90625000 177522.23437500 479042.46875000 809.16772461    19285.19726562  12442.61132812  
0.38900    335903.81250000 177481.51562500 479249.59375000 806.46179199    19441.21093750  12571.81445312  
0.39000    336327.18750000 177492.39062500 479576.65625000 803.72558594    19592.98437500  12697.90625000  
0.39100    336763.78125000 177515.01562500 479917.96875000 800.93237305    19739.01367188  12819.67578125  
0.39200    337240.00000000 177569.70312500 480348.93750000 798.08709717    19879.93750000  12937.91992188  
0.39300    337734.71875000 177640.82812500 480802.43750000 795.19854736    20015.16796875  13052.09765625  
0.39400    338294.87500000 177755.51562500 481371.25000000 792.26605225    20146.48828125  13163.42382812  
0.39500    338842.28125000 177868.31250000 481929.15625000 789.26776123    20271.30664062  13270.05761719  
0.39600    339423.25000000 178007.04687500 482539.21875000 786.23144531    20391.31054688  13373.32519531  
0.39700    340026.03125000 178163.76562500 483195.06250000 783.13006592    20506.02148438  13472.88378906  
0.39800    340668.25000000 178352.81250000 483919.96875000 779.98767090    20616.41992188  13569.59277344  
0.39900    341309.03125000 178546.26562500 484646.93750000 776.78137207    20721.19921875  13662.02929688  
0.40000    341967.18750000 178755.48437500 485415.96875000 773.52117920    20820.93750000  13751.07519531  
0.40100    342639.06250000 178978.70312500 486208.65625000 770.19488525    20915.18164062  13836.17773438  
0.40200    343341.34375000 179224.34375000 487048.00000000 766.81915283    21005.01757812  13918.39746094  
0.40300    344030.78125000 179466.96875000 487883.00000000 763.36993408    21088.80273438  13996.19140625  
0.40400    344741.56250000 179731.92187500 488752.78125000 759.86724854    21168.25976562  14071.22265625  
0.40500    345450.50000000 180004.03125000 489642.75000000 756.29309082    21242.22070312  14142.12695312  
0.40600    346186.09375000 180296.26562500 490567.53125000 752.66644287    21311.83203125  14210.38964844  
0.40700    346906.12500000 180584.31250000 491483.21875000 748.96691895    21375.32226562  14274.33593750  
0.40800    347624.68750000 180878.15625000 492403.75000000 745.19775391    21433.76171875  14334.66406250  
0.40900    348339.00000000 181177.67187500 493325.00000000 741.35424805    21487.06640625  14391.37011719  
0.41000    349068.18750000 181493.43750000 494288.75000000 737.45800781    21535.61718750  14444.95898438  
0.41100    349782.71875000 181805.28125000 495221.31250000 733.48937988    21578.52734375  14494.56738281  
0.41200    350470.87500000 182111.67187500 496136.75000000 729.44018555    21615.74609375  14540.30957031  
0.41300    351183.37500000 182434.17187500 497086.93750000 725.33721924    21648.72851562  14583.10644531  
0.41400    351858.12500000 182746.42187500 497996.65625000 721.15368652    21675.82031250  14621.71093750  
0.41500    352543.46875000 183068.34375000 498932.15625000 716.91442871    21697.97070312  14657.23925781  
0.41600    353182.84375000 183368.32812500 499799.90625000 712.58618164    21714.20312500  14688.21093750  
0.41700    353834.25000000 183688.40625000 500699.00000000 708.20996094    21726.02343750  14716.60449219  
0.41800    354487.81250000 184014.40625000 501607.93750000 703.77337646    21733.47851562  14741.64257812  
0.41900    355064.40625000 184302.10937500 502411.21875000 699.24542236    21733.42578125  14761.32910156  
0.42000    355661.90625000 184608.09375000 503254.81250000 694.66790771    21729.66015625  14778.82519531  
0.42100    356244.96875000 184912.90625000 504086.59375000 690.04229736    21721.26953125  14792.84179688  
0.42200    356800.50000000 185210.04687500 504879.37500000 685.35144043    21707.47070312  14803.24121094  
0.42300    357313.21875000 185489.48437500 505625.31250000 680.58782959    21687.74804688  14809.27441406  
0.42400    357818.15625000 185768.92187500 506360.78125000 675.77252197    21663.33789062  14812.09277344  
0.42500    358298.68750000 186037.64062500 507064.87500000 670.91625977    21634.24414062  14811.57421875  
0.42600    358730.93750000 186289.26562500 507706.06250000 665.98999023    21599.60156250  14807.25878906  
0.42700    359167.50000000 186550.23437500 508370.68750000 661.03491211    21561.17382812  14800.21679688  
0.42800    359556.37500000 186786.95312500 508953.15625000 656.02313232    21517.05859375  14788.90332031  
0.42900    359945.62500000 187032.06250000 509559.12500000 650.98028564    21469.33398438  14775.16796875  
0.43000    360291.09375000 187257.46875000 510104.40625000 645.89514160    21416.46093750  14757.70410156  
0.43100    360580.53125000 187452.35937500 510560.62500000 640.76361084    21358.00976562  14736.15136719  
0.43200    360879.56250000 187662.43750000 511048.87500000 635.61309814    21296.52148438  14712.42968750  
0.43300    361122.00000000 187846.35937500 511463.84375000 630.42877197    21229.84570312  14684.60742188  
0.43400    361354.75000000 188023.64062500 511854.31250000 625.22320557    21159.29492188  14654.22363281  
0.43500    361541.56250000 188181.35937500 512188.28125000 619.99310303    21084.17382812  14620.36621094  
0.43600    361732.21875000 188346.25000000 512536.37500000 614.76013184    21006.17773438  14584.48632812  
0.43700    361859.46875000 188477.71875000 512784.93750000 609.49639893    20923.12304688  14544.60156250  
0.43800    361947.75000000 188591.28125000 512990.43750000 604.23242188    20836.08203125  14501.79199219  
0.43900    362034.50000000 188706.42187500 513190.93750000 598.96520996    20746.07812500  14456.56933594  
0.44000    362085.37500000 188806.35937500 513346.09375000 593.69281006    20652.12304688  14408.37695312  
0.44100    362108.25000000 188889.89062500 513458.50000000 588.42791748    20554.89648438  14357.58398438  
0.44200    362106.90625000 188964.90625000 513535.12500000 583.16723633    20454.49804688  14304.36523438  
0.44300    362079.56250000 189023.79687500 513575.06250000 577.92803955    20350.76953125  14248.44824219  
0.44400    362031.84375000 189073.73437500 513588.43750000 572.70709229    20244.43945312  14190.38085938  
0.44500    361917.71875000 189083.53125000 513500.93750000 567.48339844    20133.77343750  14128.89941406  
0.44600    361798.81250000 189092.23437500 513406.46875000 562.30487061    20020.96875000  14065.48046875  
0.44700    361674.68750000 189101.42187500 513304.84375000 557.16009521    19906.32617188  14000.44140625  
0.44800    361495.75000000 189076.21875000 513114.43750000 552.03436279    19788.13281250  13932.59277344  
0.44900    361320.68750000 189056.04687500 512942.90625000 546.96337891    19668.40625000  13863.33691406  
0.45000    361126.09375000 189021.45312500 512733.21875000 541.93170166    19546.79687500  13792.38183594  
0.45100    360877.25000000 188950.81250000 512431.00000000 536.92456055    19421.72851562  13718.44238281  
0.45200    360627.18750000 188885.23437500 512140.43750000 531.99096680    19295.82617188  13643.38867188  
0.45300    360345.21875000 188791.00000000 511781.96875000 527.09680176    19167.38671875  13566.31933594  
0.45400    360052.96875000 188694.68750000 511414.96875000 522.26226807    19037.88867188  13487.95800781  
0.45500    359742.56250000 188586.21875000 511022.40625000 517.50225830    18906.92578125  13408.20507812  
0.45600    359405.37500000 188452.35937500 510570.84375000 512.78936768    18773.91015625  13326.47753906  
0.45700    359057.59375000 188313.73437500 510113.68750000 508.15481567    18640.41210938  13244.00292969  
0.45800    358680.50000000 188152.17187500 509593.31250000 503.58917236    18505.50976562  13160.06738281  
0.45900    358283.84375000 187977.28125000 509053.68750000 499.10226440    18369.28320312  13074.77539062  
0.46000    357901.59375000 187807.03125000 508517.84375000 494.69619751    18233.60937500  12989.36425781  
0.46100    357456.53125000 187593.20312500 507881.06250000 490.35943604    18095.39453125  12901.63476562  
0.46200    357042.00000000 187391.60937500 507282.87500000 486.11956787    17958.00976562  12814.26367188  
0.46300    356591.21875000 187163.45312500 506625.84375000 481.96255493    17819.88476562  12725.58203125  
0.46400    356117.78125000 186919.37500000 505924.68750000 477.89202881    17681.13671875  12636.22363281  
0.46500    355650.40625000 186671.82812500 505230.90625000 473.91732788    17542.78906250  12546.56445312  
0.46600    355152.03125000 186402.39062500 504488.21875000 470.03652954    17403.91992188  12456.30859375  
0.46700    354636.06250000 186113.18750000 503689.37500000 466.25119019    17264.69921875  12365.28710938  
0.46800    354143.28125000 185835.45312500 502929.84375000 462.56481934    17127.16210938  12274.87988281  
0.46900    353603.59375000 185518.70312500 502088.50000000 458.98141479    16988.63476562  12183.46289062  
0.47000    353057.78125000 185193.76562500 501232.84375000 455.49121094    16850.66015625  12092.00195312  
0.47100    352508.84375000 184863.46875000 500365.21875000 452.12026978    16713.54882812  12001.06835938  
0.47200    351947.09375000 184516.95312500 499464.65625000 448.84411621    16577.22070312  11909.99511719  
0.47300    351382.62500000 184165.29687500 498560.21875000 445.68356323    16441.89648438  11819.33789062  
0.47400    350787.28125000 183781.20312500 497582.53125000 442.61547852    16306.25585938  11728.11035156  
0.47500    350191.56250000 183400.84375000 496613.21875000 439.66772461    16172.50976562  11637.87207031  
0.47600    349608.75000000 183017.68750000 495649.15625000 436.83029175    16040.36132812  11548.67578125  
0.47700    348971.75000000 182593.17187500 494587.25000000 434.08877563    15907.57519531  11458.44238281  
0.47800    348344.00000000 182171.64062500 493544.18750000 431.46304321    15777.24414062  11369.81152344  
0.47900    347723.84375000 181747.50000000 492497.43750000 428.95074463    15648.33398438  11282.11230469  
0.48000    347061.96875000 181294.89062500 491379.25000000 426.54455566    15519.96875000  11194.34375000  
0.48100    346439.53125000 180859.35937500 490318.46875000 424.25860596    15394.29882812  11108.48242188  
0.48200    345742.40625000 180372.68750000 489129.46875000 422.05438232    15268.14746094  11021.79394531  
0.48300    345055.53125000 179888.98437500 487952.53125000 419.97164917    15144.27246094  10936.77832031  
0.48400    344368.87500000 179398.10937500 486775.59375000 417.99493408    15022.57031250  10853.17871094  
0.48500    343670.37500000 178898.15625000 485565.34375000 416.12332153    14901.90625000  10770.08691406  
0.48600    342970.43750000 178392.78125000 484350.71875000 414.36096191    14783.54003906  10688.74609375  
0.48700    342244.87500000 177872.01562500 483098.00000000 412.69540405    14666.34667969  10608.08496094  
0.48800    341494.18750000 177328.62500000 481793.18750000 411.12017822    14550.40429688  10528.10839844  
0.48900    340743.18750000 176782.40625000 480489.56250000 409.65542603    14436.33398438  10449.76757812  
0.49000    339987.84375000 176229.51562500 479170.00000000 408.28118896    14324.47363281  10372.81542969  
0.49100    339229.71875000 175678.87500000 477853.62500000 407.01571655    14214.68457031  10297.45898438  
0.49200    338432.81250000 175101.90625000 476475.03125000 405.82812500    14105.81738281  10222.78515625  
0.49300    337640.71875000 174521.60937500 475090.25000000 404.73190308    13999.09863281  10149.68945312  
0.49400    336830.90625000 173934.12500000 473681.81250000 403.72875977    13894.04003906  10078.00585938  
0.49500    336001.96875000 173333.34375000 472244.00000000 402.80371094    13790.55468750  10007.47363281  
0.49600    335177.25000000 172738.79687500 470820.78125000 401.97021484    13689.63867188  9938.89160156   
0.49700    334315.00000000 172121.59375000 469335.53125000 401.20574951    13589.31542969  9871.08886719   
0.49800    333461.53125000 171506.95312500 467856.25000000 400.52505493    13491.57910156  9805.05664062   
0.49900    332573.59375000 170873.60937500 466330.25000000 399.91046143    13394.51660156  9739.93359375   
0.50000    331685.84375000 170244.79687500 464814.96875000 399.37481689    13299.90039062  9676.83496094   
