# SAXS profile: number of points = 501, q_min = 0, q_max = 0.5, delta_q = 0.001
#    q    intensity 
0.00000    162231760.00000000 101202352.00000000 256270864.00000000 101134.36718750 8101335.50000000 6398395.00000000 
0.00100    162195808.00000000 101177680.00000000 256208784.00000000 101101.26562500 8099070.00000000 6396589.00000000 
0.00200    162086320.00000000 101105608.00000000 256026080.00000000 101004.58593750 8092179.50000000 6391222.00000000 
0.00300    161896944.00000000 100985968.00000000 255719936.00000000 100844.17968750 8080753.50000000 6382288.50000000 
0.00400    161621776.00000000 100818480.00000000 255292064.00000000 100618.87500000 8064816.50000000 6369732.00000000 
0.00500    161267648.00000000 100602336.00000000 254742080.00000000 100330.25781250 8044294.50000000 6353680.50000000 
0.00600    160839808.00000000 100338832.00000000 254073664.00000000 99978.73437500  8019364.00000000 6334100.00000000 
0.00700    160332320.00000000 100030848.00000000 253285840.00000000 99565.72656250  7990061.00000000 6311033.00000000 
0.00800    159752656.00000000 99676872.00000000 252380784.00000000 99091.39843750  7956352.00000000 6284578.00000000 
0.00900    159101504.00000000 99277976.00000000 251360640.00000000 98556.82812500  7918421.00000000 6254823.00000000 
0.01000    158381280.00000000 98833944.00000000 250224960.00000000 97964.67187500  7876266.00000000 6221681.50000000 
0.01100    157587536.00000000 98344272.00000000 248977936.00000000 97315.09375000  7829988.50000000 6185368.00000000 
0.01200    156719856.00000000 97812576.00000000 247623088.00000000 96609.55468750  7779737.00000000 6145893.00000000 
0.01300    155786288.00000000 97238784.00000000 246159328.00000000 95850.07812500  7725586.00000000 6103397.00000000 
0.01400    154786816.00000000 96624048.00000000 244592064.00000000 95038.76562500  7667625.00000000 6057837.00000000 
0.01500    153723584.00000000 95970840.00000000 242922160.00000000 94176.41406250  7605965.50000000 6009439.50000000 
0.01600    152594080.00000000 95277232.00000000 241154864.00000000 93265.76562500  7540777.50000000 5958251.00000000 
0.01700    151406464.00000000 94546144.00000000 239289568.00000000 92308.67187500  7472219.50000000 5904401.50000000 
0.01800    150159376.00000000 93779616.00000000 237333792.00000000 91308.12500000  7400334.50000000 5847908.50000000 
0.01900    148855072.00000000 92977544.00000000 235288464.00000000 90264.26562500  7325393.50000000 5789017.00000000 
0.02000    147496976.00000000 92142216.00000000 233158208.00000000 89181.17968750  7247378.00000000 5727735.00000000 
0.02100    146086768.00000000 91274056.00000000 230944016.00000000 88060.91406250  7166572.50000000 5664195.00000000 
0.02200    144626944.00000000 90375584.00000000 228653312.00000000 86904.91406250  7083057.00000000 5598610.50000000 
0.02300    143119216.00000000 89447096.00000000 226287104.00000000 85716.34375000  6997076.00000000 5530968.50000000 
0.02400    141567360.00000000 88491008.00000000 223850576.00000000 84497.95312500  6908696.50000000 5461490.00000000 
0.02500    139972864.00000000 87508824.00000000 221347936.00000000 83251.03125000  6818113.50000000 5390309.00000000 
0.02600    138337936.00000000 86501128.00000000 218781840.00000000 81979.12500000  6725553.50000000 5317493.00000000 
0.02700    136667648.00000000 85471016.00000000 216157408.00000000 80684.41406250  6631108.50000000 5243232.00000000 
0.02800    134962512.00000000 84420016.00000000 213479728.00000000 79369.14843750  6534923.00000000 5167569.00000000 
0.02900    133225616.00000000 83347544.00000000 210750672.00000000 78037.12500000  6437256.50000000 5090751.50000000 
0.03000    131459480.00000000 82258000.00000000 207975632.00000000 76688.42187500  6338232.00000000 5012799.50000000 
0.03100    129667120.00000000 81150936.00000000 205157936.00000000 75328.20312500  6237957.00000000 4933951.00000000 
0.03200    127850744.00000000 80030240.00000000 202304288.00000000 73956.06250000  6136727.00000000 4854223.00000000 
0.03300    126012808.00000000 78895256.00000000 199415728.00000000 72575.87500000  6034576.50000000 4773844.00000000 
0.03400    124156976.00000000 77748408.00000000 196497760.00000000 71191.26562500  5931767.50000000 4692906.50000000 
0.03500    122285328.00000000 76591440.00000000 193553808.00000000 69802.49218750  5828399.00000000 4611527.50000000 
0.03600    120400736.00000000 75425304.00000000 190588480.00000000 68412.21093750  5724574.00000000 4529764.00000000 
0.03700    118505152.00000000 74251680.00000000 187605488.00000000 67023.03125000  5620603.50000000 4447833.00000000 
0.03800    116600968.00000000 73073232.00000000 184609520.00000000 65636.25781250  5516475.50000000 4365814.50000000 
0.03900    114691272.00000000 71890296.00000000 181603632.00000000 64254.26562500  5412385.00000000 4283822.50000000 
0.04000    112778464.00000000 70704824.00000000 178592256.00000000 62879.29296875  5308503.00000000 4201918.50000000 
0.04100    110864584.00000000 69518800.00000000 175577312.00000000 61512.94140625  5204946.00000000 4120285.75000000 
0.04200    108951952.00000000 68332720.00000000 172565344.00000000 60156.59765625  5101852.50000000 4038995.00000000 
0.04300    107042888.00000000 67148288.00000000 169556880.00000000 58812.51562500  4999283.00000000 3958141.75000000 
0.04400    105139576.00000000 65965852.00000000 166557632.00000000 57482.39453125  4897465.50000000 3877800.25000000 
0.04500    103243696.00000000 64788504.00000000 163569392.00000000 56166.33984375  4796425.00000000 3798087.50000000 
0.04600    101356776.00000000 63616616.00000000 160595776.00000000 54867.39843750  4696269.50000000 3719079.25000000 
0.04700    99483432.00000000 62451740.00000000 157638880.00000000 53585.73046875  4597185.00000000 3640848.00000000 
0.04800    97621936.00000000 61294092.00000000 154703840.00000000 52322.81640625  4499148.50000000 3563456.00000000 
0.04900    95776072.00000000 60145864.00000000 151792288.00000000 51079.75000000  4402306.50000000 3487039.75000000 
0.05000    93947168.00000000 59007332.00000000 148907952.00000000 49857.05078125  4306754.50000000 3411571.00000000 
0.05100    92137200.00000000 57879712.00000000 146049888.00000000 48656.23828125  4212549.00000000 3337155.75000000 
0.05200    90346208.00000000 56764248.00000000 143222480.00000000 47478.13671875  4119792.75000000 3263836.50000000 
0.05300    88576360.00000000 55661612.00000000 140430256.00000000 46322.41796875  4028451.25000000 3191701.50000000 
0.05400    86830248.00000000 54572416.00000000 137670992.00000000 45190.46484375  3938668.25000000 3120742.00000000 
0.05500    85107064.00000000 53497436.00000000 134949568.00000000 44082.62109375  3850496.00000000 3051023.50000000 
0.05600    83409080.00000000 52437928.00000000 132266024.00000000 42999.21093750  3763918.50000000 2982612.00000000 
0.05700    81736936.00000000 51393996.00000000 129624232.00000000 41940.56250000  3679002.00000000 2915476.75000000 
0.05800    80092256.00000000 50366628.00000000 127023656.00000000 40906.41015625  3595815.50000000 2849656.75000000 
0.05900    78474968.00000000 49355892.00000000 124466528.00000000 39897.38671875  3514348.25000000 2785200.00000000 
0.06000    76886768.00000000 48362760.00000000 121954584.00000000 38913.80468750  3434657.75000000 2722144.50000000 
0.06100    75326944.00000000 47386908.00000000 119487448.00000000 37954.72656250  3356665.50000000 2660430.75000000 
0.06200    73797296.00000000 46430124.00000000 117067040.00000000 37021.05859375  3280521.75000000 2600125.00000000 
0.06300    72298072.00000000 45491540.00000000 114695128.00000000 36112.02734375  3206105.50000000 2541250.25000000 
0.06400    70829040.00000000 44571912.00000000 112370168.00000000 35227.39843750  3133451.50000000 2483740.50000000 
0.06500    69391304.00000000 43671168.00000000 110093992.00000000 34366.97656250  3062618.75000000 2427605.75000000 
0.06600    67984896.00000000 42789956.00000000 107867928.00000000 33530.94531250  2993524.25000000 2372924.50000000 
0.06700    66608920.00000000 41928028.00000000 105690448.00000000 32717.77539062  2926194.50000000 2319567.50000000 
0.06800    65265772.00000000 41085896.00000000 103562024.00000000 31928.18359375  2860607.25000000 2267615.00000000 
0.06900    63953520.00000000 40262992.00000000 101484672.00000000 31161.28515625  2796728.75000000 2217011.25000000 
0.07000    62673256.00000000 39460148.00000000 99457024.00000000 30416.72656250  2734559.00000000 2167759.25000000 
0.07100    61424136.00000000 38676424.00000000 97477680.00000000 29693.79882812  2674068.25000000 2119813.25000000 
0.07200    60206212.00000000 37912592.00000000 95548488.00000000 28991.40234375  2615219.00000000 2073170.87500000 
0.07300    59019184.00000000 37167888.00000000 93669160.00000000 28310.18554688  2557984.50000000 2027824.12500000 
0.07400    57863456.00000000 36442672.00000000 91836664.00000000 27648.86718750  2502343.00000000 1983716.37500000 
0.07500    56738336.00000000 35736356.00000000 90054712.00000000 27006.65625000  2448233.25000000 1940840.25000000 
0.07600    55642940.00000000 35049184.00000000 88318784.00000000 26383.12890625  2395667.25000000 1899160.87500000 
0.07700    54577300.00000000 34380540.00000000 86630504.00000000 25778.00976562  2344546.75000000 1858638.62500000 
0.07800    53541036.00000000 33729992.00000000 84988864.00000000 25190.39062500  2294864.50000000 1819253.87500000 
0.07900    52533768.00000000 33098720.00000000 83392704.00000000 24619.66601562  2246574.00000000 1780996.75000000 
0.08000    51554340.00000000 32484280.00000000 81841536.00000000 24065.05078125  2199638.50000000 1743809.12500000 
0.08100    50602280.00000000 31887606.00000000 80334664.00000000 23526.12500000  2154053.75000000 1707663.37500000 
0.08200    49677804.00000000 31308002.00000000 78870200.00000000 23002.18359375  2109709.00000000 1672525.50000000 
0.08300    48780024.00000000 30745224.00000000 77447968.00000000 22492.79882812  2066599.00000000 1638356.12500000 
0.08400    47907752.00000000 30198704.00000000 76067312.00000000 21997.40625000  2024679.62500000 1605130.12500000 
0.08500    47060932.00000000 29668112.00000000 74727008.00000000 21515.23828125  1983903.87500000 1572839.62500000 
0.08600    46238520.00000000 29153444.00000000 73424896.00000000 21045.98828125  1944238.75000000 1541415.50000000 
0.08700    45440044.00000000 28653684.00000000 72161720.00000000 20588.92187500  1905654.37500000 1510837.50000000 
0.08800    44664652.00000000 28168692.00000000 70935472.00000000 20143.72460938  1868076.62500000 1481078.62500000 
0.08900    43911888.00000000 27698136.00000000 69744456.00000000 19709.52929688  1831485.37500000 1452112.00000000 
0.09000    43180868.00000000 27241282.00000000 68588840.00000000 19286.38476562  1795855.00000000 1423897.87500000 
0.09100    42470816.00000000 26797996.00000000 67467024.00000000 18873.48632812  1761122.87500000 1396398.75000000 
0.09200    41780984.00000000 26367674.00000000 66377604.00000000 18470.40429688  1727275.62500000 1369596.12500000 
0.09300    41111220.00000000 25949818.00000000 65318512.00000000 18076.98828125  1694261.62500000 1343482.62500000 
0.09400    40460000.00000000 25544356.00000000 64290972.00000000 17692.76367188  1662044.50000000 1317970.62500000 
0.09500    39827068.00000000 25150208.00000000 63292260.00000000 17317.23437500  1630591.12500000 1293098.62500000 
0.09600    39212060.00000000 24767396.00000000 62321700.00000000 16950.35156250  1599892.12500000 1268805.87500000 
0.09700    38613764.00000000 24395402.00000000 61377652.00000000 16591.24218750  1569904.62500000 1245082.37500000 
0.09800    38031560.00000000 24033776.00000000 60459532.00000000 16240.36328125  1540587.75000000 1221899.75000000 
0.09900    37464876.00000000 23682062.00000000 59566488.00000000 15896.92382812  1511911.87500000 1199223.50000000 
0.10000    36912724.00000000 23339988.00000000 58697324.00000000 15560.74707031  1483875.87500000 1177046.12500000 
0.10100    36375036.00000000 23006632.00000000 57850660.00000000 15231.66601562  1456419.75000000 1155335.00000000 
0.10200    35850588.00000000 22682114.00000000 57025884.00000000 14909.31250000  1429542.00000000 1134092.62500000 
0.10300    35339616.00000000 22365942.00000000 56221212.00000000 14593.70410156  1403231.75000000 1113280.00000000 
0.10400    34840584.00000000 22057506.00000000 55436688.00000000 14284.55468750  1377408.62500000 1092869.87500000 
0.10500    34353888.00000000 21756776.00000000 54671012.00000000 13981.69042969  1352129.12500000 1072884.75000000 
0.10600    33878280.00000000 21462766.00000000 53922876.00000000 13684.76953125  1327314.62500000 1053262.75000000 
0.10700    33412576.00000000 21175962.00000000 53192132.00000000 13393.95117188  1302974.37500000 1034018.18750000 
0.10800    32957570.00000000 20895504.00000000 52477344.00000000 13108.89843750  1279090.75000000 1015126.12500000 
0.10900    32511866.00000000 20621056.00000000 51777492.00000000 12829.47558594  1255615.87500000 996581.87500000 
0.11000    32075552.00000000 20352372.00000000 51092076.00000000 12555.63476562  1232581.50000000 978359.31250000 
0.11100    31647524.00000000 20088834.00000000 50420876.00000000 12287.18164062  1209944.87500000 960459.12500000 
0.11200    31227898.00000000 19830714.00000000 49762244.00000000 12024.04394531  1187692.75000000 942857.75000000 
0.11300    30815848.00000000 19577500.00000000 49115760.00000000 11766.19628906  1165817.75000000 925559.81250000 
0.11400    30411416.00000000 19328652.00000000 48480656.00000000 11513.35058594  1144315.50000000 908551.93750000 
0.11500    30013286.00000000 19084130.00000000 47856784.00000000 11265.56933594  1123163.00000000 891812.43750000 
0.11600    29621666.00000000 18843806.00000000 47242988.00000000 11022.75976562  1102359.50000000 875343.50000000 
0.11700    29236500.00000000 18606902.00000000 46639008.00000000 10784.65917969  1081887.50000000 859136.81250000 
0.11800    28857024.00000000 18373782.00000000 46043456.00000000 10551.35644531  1061728.12500000 843183.50000000 
0.11900    28483054.00000000 18143826.00000000 45456720.00000000 10322.63769531  1041893.18750000 827474.62500000 
0.12000    28113888.00000000 17917126.00000000 44877796.00000000 10098.53320312  1022357.25000000 812001.56250000 
0.12100    27749806.00000000 17693396.00000000 44306956.00000000 9878.87500000   1003128.87500000 796765.62500000 
0.12200    27390134.00000000 17472356.00000000 43742668.00000000 9663.53808594   984184.50000000 781760.31250000 
0.12300    27034816.00000000 17253872.00000000 43185312.00000000 9452.60351562   965531.75000000 766968.06250000 
0.12400    26683556.00000000 17037710.00000000 42633648.00000000 9245.85546875   947155.62500000 752395.68750000 
0.12500    26335972.00000000 16823614.00000000 42087884.00000000 9043.20605469   929050.06250000 738035.00000000 
0.12600    25991918.00000000 16611735.00000000 41547836.00000000 8844.62695312   911208.50000000 723883.50000000 
0.12700    25651476.00000000 16401881.00000000 41012632.00000000 8649.91210938   893632.43750000 709938.25000000 
0.12800    25314170.00000000 16193735.00000000 40482488.00000000 8459.15527344   876312.93750000 696185.81250000 
0.12900    24979658.00000000 15987382.00000000 39957184.00000000 8272.08007812   859236.00000000 682629.93750000 
0.13000    24648112.00000000 15782594.00000000 39435828.00000000 8088.72802734   842413.06250000 669261.25000000 
0.13100    24319426.00000000 15579365.00000000 38918388.00000000 7908.94824219   825822.43750000 656083.62500000 
0.13200    23993194.00000000 15377590.00000000 38405128.00000000 7732.69580078   809470.06250000 643089.37500000 
0.13300    23669388.00000000 15177090.00000000 37895612.00000000 7559.87304688   793352.06250000 630277.12500000 
0.13400    23348034.00000000 14977869.00000000 37388968.00000000 7390.34228516   777465.62500000 617644.81250000 
0.13500    23028936.00000000 14779915.00000000 36886268.00000000 7224.11865234   761794.06250000 605185.56250000 
0.13600    22712008.00000000 14583035.00000000 36386580.00000000 7060.97753906   746352.62500000 592903.81250000 
0.13700    22397224.00000000 14387333.00000000 35889744.00000000 6901.00927734   731118.37500000 580783.06250000 
0.13800    22084542.00000000 14192657.00000000 35396196.00000000 6743.93359375   716101.81250000 568830.50000000 
0.13900    21773596.00000000 13999156.00000000 34905400.00000000 6589.80761719   701298.75000000 557048.50000000 
0.14000    21464818.00000000 13806602.00000000 34417560.00000000 6438.51855469   686698.31250000 545431.37500000 
0.14100    21157766.00000000 13615039.00000000 33932216.00000000 6290.05517578   672300.56250000 533964.62500000 
0.14200    20852924.00000000 13424524.00000000 33450152.00000000 6144.21337891   658108.12500000 522662.65625000 
0.14300    20549788.00000000 13234947.00000000 32970738.00000000 6001.13085938   644119.06250000 511518.53125000 
0.14400    20248720.00000000 13046400.00000000 32493774.00000000 5860.55810547   630315.81250000 500527.93750000 
0.14500    19949312.00000000 12858735.00000000 32019786.00000000 5722.49853516   616714.31250000 489692.59375000 
0.14600    19651762.00000000 12672142.00000000 31548482.00000000 5586.90283203   603304.06250000 479008.43750000 
0.14700    19356470.00000000 12486692.00000000 31079900.00000000 5453.73876953   590079.56250000 468478.34375000 
0.14800    19062644.00000000 12301987.00000000 30614300.00000000 5322.94726562   577048.56250000 458089.68750000 
0.14900    18770922.00000000 12118459.00000000 30151214.00000000 5194.44238281   564207.62500000 447855.62500000 
0.15000    18481152.00000000 11935996.00000000 29691404.00000000 5068.28564453   551539.75000000 437765.50000000 
0.15100    18193550.00000000 11754660.00000000 29234372.00000000 4944.36132812   539061.81250000 427819.93750000 
0.15200    17907998.00000000 11574439.00000000 28780728.00000000 4822.70458984   526768.25000000 418024.46875000 
0.15300    17624414.00000000 11395389.00000000 28329808.00000000 4703.19189453   514656.87500000 408371.50000000 
0.15400    17342714.00000000 11217485.00000000 27882076.00000000 4585.84423828   502720.78125000 398860.06250000 
0.15500    17063406.00000000 11040787.00000000 27437778.00000000 4470.68896484   490967.46875000 389495.31250000 
0.15600    16786364.00000000 10865366.00000000 26996698.00000000 4357.65234375   479390.00000000 380269.40625000 
0.15700    16511783.00000000 10691235.00000000 26559264.00000000 4246.75683594   467996.37500000 371188.78125000 
0.15800    16239250.00000000 10518477.00000000 26125192.00000000 4137.96875000   456772.50000000 362245.68750000 
0.15900    15969207.00000000 10347109.00000000 25695098.00000000 4031.35278320   445732.78125000 353447.78125000 
0.16000    15701511.00000000 10177105.00000000 25268244.00000000 3926.78149414   434862.50000000 344792.68750000 
0.16100    15436417.00000000 10008617.00000000 24845410.00000000 3824.35595703   424176.53125000 336277.00000000 
0.16200    15173675.00000000 9841576.00000000 24426724.00000000 3724.02197266   413661.43750000 327898.71875000 
0.16300    14913733.00000000 9676166.00000000 24011880.00000000 3625.80004883   403324.21875000 319665.21875000 
0.16400    14656535.00000000 9512338.00000000 23601318.00000000 3529.69213867   393166.65625000 311569.84375000 
0.16500    14401891.00000000 9350078.00000000 23194790.00000000 3435.65258789   383175.50000000 303614.56250000 
0.16600    14150094.00000000 9189454.00000000 22792686.00000000 3343.77880859   373367.81250000 295800.15625000 
0.16700    13901046.00000000 9030582.00000000 22394816.00000000 3253.94580078   363730.00000000 288127.40625000 
0.16800    13655016.00000000 8873324.00000000 22001284.00000000 3166.22436523   354267.25000000 280592.09375000 
0.16900    13411817.00000000 8718068.00000000 21612798.00000000 3080.63525391   344985.31250000 273197.81250000 
0.17000    13171657.00000000 8564490.00000000 21228550.00000000 2997.16162109   335871.46875000 265942.18750000 
0.17100    12934389.00000000 8412732.00000000 20849216.00000000 2915.77636719   326934.12500000 258824.17187500 
0.17200    12700226.00000000 8262859.50000000 20474572.00000000 2836.48999023   318171.71875000 251844.81250000 
0.17300    12469120.00000000 8114877.00000000 20104734.00000000 2759.28979492   309579.84375000 245004.03125000 
0.17400    12241283.00000000 7968832.50000000 19739960.00000000 2684.19628906   301161.31250000 238300.03125000 
0.17500    12016561.00000000 7824746.50000000 19380064.00000000 2611.15673828   292915.31250000 231732.92187500 
0.17600    11794809.00000000 7682594.50000000 19025082.00000000 2540.13208008   284838.56250000 225299.43750000 
0.17700    11576436.00000000 7542407.50000000 18675258.00000000 2471.20849609   276932.59375000 219005.00000000 
0.17800    11361223.00000000 7404234.00000000 18330318.00000000 2404.26928711   269191.68750000 212843.37500000 
0.17900    11149267.00000000 7268090.50000000 17990706.00000000 2339.33959961   261622.50000000 206815.43750000 
0.18000    10940599.00000000 7133966.50000000 17656110.00000000 2276.38403320   254219.43750000 200918.45312500 
0.18100    10735282.00000000 7001863.00000000 17326728.00000000 2215.42065430   246983.14062500 195155.28125000 
0.18200    10532957.00000000 6871807.50000000 17002482.00000000 2156.28271484   239904.68750000 189516.92187500 
0.18300    10334098.00000000 6743743.00000000 16683333.00000000 2099.05419922   232989.87500000 184008.96875000 
0.18400    10138449.00000000 6617699.50000000 16369315.00000000 2043.68090820   226233.84375000 178627.06250000 
0.18500    9946049.00000000 6493750.50000000 16060599.00000000 1990.11975098   219635.25000000 173371.40625000 
0.18600    9756846.00000000 6371813.50000000 15756904.00000000 1938.32055664   213192.12500000 168235.20312500 
0.18700    9570784.00000000 6251932.00000000 15458234.00000000 1888.23364258   206902.15625000 163223.51562500 
0.18800    9388024.00000000 6134023.00000000 15164773.00000000 1839.80895996   200759.54687500 158330.81250000 
0.18900    9208524.00000000 6018153.00000000 14876348.00000000 1793.05358887   194771.17187500 153557.18750000 
0.19000    9032024.00000000 5904183.50000000 14592888.00000000 1747.83496094   188920.14062500 148893.14062500 
0.19100    8858788.00000000 5792292.00000000 14314468.00000000 1704.19238281   183218.95312500 144348.48437500 
0.19200    8688516.00000000 5682292.00000000 14040906.00000000 1661.98937988   177654.04687500 139909.98437500 
0.19300    8521466.00000000 5574254.00000000 13772258.00000000 1621.24743652   172226.84375000 135582.96875000 
0.19400    8357234.50000000 5468148.00000000 13508443.00000000 1581.84362793   166931.20312500 131360.23437500 
0.19500    8196148.00000000 5363932.50000000 13249336.00000000 1543.78723145   161768.96875000 127241.54687500 
0.19600    8037960.50000000 5261602.00000000 12994971.00000000 1506.99206543   156733.70312500 123224.65625000 
0.19700    7882647.00000000 5161097.50000000 12745128.00000000 1471.42236328   151823.87500000 119305.82812500 
0.19800    7730274.50000000 5062419.50000000 12500050.00000000 1437.00585938   147033.00000000 115485.03125000 
0.19900    7580727.50000000 4965547.00000000 12259346.00000000 1403.72521973   142364.78125000 111759.81250000 
0.20000    7433842.00000000 4870390.50000000 12023016.00000000 1371.47973633   137810.40625000 108123.13281250 
0.20100    7289782.00000000 4776994.00000000 11791087.00000000 1340.27416992   133368.62500000 104576.39843750 
0.20200    7148313.50000000 4685284.00000000 11563398.00000000 1310.03259277   129034.92968750 101116.71093750 
0.20300    7009501.50000000 4595321.00000000 11339981.00000000 1280.75524902   124810.54687500 97742.69531250  
0.20400    6873293.50000000 4506925.50000000 11120618.00000000 1252.33508301   120687.41406250 94450.01562500  
0.20500    6739645.00000000 4420229.00000000 10905350.00000000 1224.75781250   116666.53125000 91236.13281250  
0.20600    6608312.00000000 4335031.50000000 10694016.00000000 1197.98229980   112741.39062500 88100.79687500  
0.20700    6479578.50000000 4251461.00000000 10486529.00000000 1171.99255371   108912.98437500 85041.51562500  
0.20800    6353079.50000000 4169365.75000000 10282842.00000000 1146.74108887   105176.50000000 82054.16406250  
0.20900    6229119.50000000 4088848.25000000 10083070.00000000 1122.23144531   101532.99218750 79141.95312500  
0.21000    6107253.50000000 4009733.75000000 9886739.00000000 1098.35949707   97975.06250000  76296.33593750  
0.21100    5987701.00000000 3932059.50000000 9694136.00000000 1075.17700195   94502.70312500  73520.36718750  
0.21200    5870305.00000000 3855782.50000000 9504965.00000000 1052.62341309   91112.70312500  70809.46875000  
0.21300    5755085.50000000 3780882.75000000 9319302.00000000 1030.69506836   87803.85156250  68161.78906250  
0.21400    5641924.00000000 3707350.00000000 9136903.00000000 1009.37683105   84575.46875000  65578.92968750  
0.21500    5530927.00000000 3635181.75000000 8957965.00000000 988.66217041    81426.11718750  63058.34765625  
0.21600    5421872.50000000 3564256.50000000 8782101.00000000 968.49835205    78350.18750000  60596.29687500  
0.21700    5314792.50000000 3494647.00000000 8609471.00000000 948.92584229    75349.81250000  58194.00390625  
0.21800    5209713.50000000 3426264.75000000 8440055.00000000 929.91503906    72422.70312500  55849.76171875  
0.21900    5106492.00000000 3359075.50000000 8273536.50000000 911.46307373    69564.46093750  53560.92578125  
0.22000    5005145.50000000 3293103.25000000 8110122.00000000 893.57629395    66777.50000000  51328.00390625  
0.22100    4905699.00000000 3228413.50000000 7949709.00000000 876.26287842    64061.88671875  49151.90625000  
0.22200    4808048.00000000 3164803.50000000 7792140.00000000 859.51458740    61413.17187500  47028.90234375  
0.22300    4712121.00000000 3102325.50000000 7637381.00000000 843.31579590    58831.25000000  44958.61328125  
0.22400    4617917.50000000 3040962.50000000 7485421.00000000 827.67877197    56315.71875000  42940.64843750  
0.22500    4525560.00000000 2980794.25000000 7336340.00000000 812.66387939    53869.05859375  40977.09375000  
0.22600    4434860.00000000 2921652.00000000 7189895.50000000 798.18536377    51484.16406250  39062.85937500  
0.22700    4345837.00000000 2863584.75000000 7046219.00000000 784.32354736    49166.03906250  37201.64062500  
0.22800    4258485.00000000 2806578.50000000 6905071.50000000 771.03875732    46911.09375000  35390.25781250  
0.22900    4172687.75000000 2750601.75000000 6766567.00000000 758.35028076    44719.53125000  33628.93359375  
0.23000    4088581.00000000 2695675.25000000 6630651.50000000 746.27624512    42591.79687500  31918.00000000  
0.23100    4006058.25000000 2641789.75000000 6497292.50000000 734.81683350    40527.60546875  30257.68164062  
0.23200    3925040.25000000 2588861.75000000 6366357.50000000 723.95703125    38524.63281250  28644.70117188  
0.23300    3845653.75000000 2536938.50000000 6238015.00000000 713.72271729    36583.73046875  27081.65039062  
0.23400    3767771.50000000 2486010.00000000 6112095.00000000 704.12591553    34705.85156250  25568.60937500  
0.23500    3691349.50000000 2435976.50000000 5988478.50000000 695.12652588    32887.05078125  24101.55859375  
0.23600    3616505.75000000 2386977.50000000 5867342.50000000 686.76647949    31130.74218750  22684.06250000  
0.23700    3543109.00000000 2338872.75000000 5748590.00000000 679.03399658    29434.54296875  21314.16992188  
0.23800    3471205.00000000 2291726.75000000 5632161.50000000 671.90881348    27799.22265625  19992.60156250  
0.23900    3400742.00000000 2245497.00000000 5518011.00000000 665.40209961    26222.06835938  18716.40625000  
0.24000    3331699.25000000 2200169.00000000 5406192.50000000 659.50598145    24704.51757812  17487.41796875  
0.24100    3264158.25000000 2155773.75000000 5296681.00000000 654.22253418    23246.67382812  16306.19628906  
0.24200    3197967.75000000 2112231.50000000 5189363.50000000 649.53033447    21846.09179688  15169.40722656  
0.24300    3133176.75000000 2069616.00000000 5084259.50000000 645.40893555    20502.65625000  14078.60546875  
0.24400    3069748.75000000 2027832.75000000 4981345.50000000 641.85400391    19214.98046875  13031.68847656  
0.24500    3007692.25000000 1986905.00000000 4880561.50000000 638.84338379    17982.88085938  12028.68945312  
0.24600    2946985.75000000 1946831.75000000 4781923.00000000 636.38189697    16806.30468750  11069.18066406  
0.24700    2887586.50000000 1907602.12500000 4685348.50000000 634.42395020    15683.07324219  10152.70703125  
0.24800    2829489.00000000 1869197.37500000 4590926.00000000 632.96252441    14612.60253906  9277.57812500   
0.24900    2772682.00000000 1831577.75000000 4498466.50000000 631.96667480    13592.81738281  8442.97949219   
0.25000    2717154.25000000 1794791.37500000 4408062.50000000 631.43365479    12624.13769531  7649.06542969   
0.25100    2662810.25000000 1758758.12500000 4319562.50000000 631.29821777    11703.77929688  6893.21679688   
0.25200    2609795.50000000 1723546.87500000 4233162.50000000 631.58947754    10832.83984375  6177.04150391   
0.25300    2557928.25000000 1689076.00000000 4148575.50000000 632.24761963    10007.63281250  5496.90380859   
0.25400    2507236.25000000 1655358.12500000 4065880.75000000 633.24707031    9227.16210938   4852.71728516   
0.25500    2457673.75000000 1622351.37500000 3985010.00000000 634.56243896    8489.85839844   4243.23632812   
0.25600    2409286.25000000 1590080.75000000 3905981.75000000 636.15759277    7794.82714844   3667.49707031   
0.25700    2362012.25000000 1558510.25000000 3828697.50000000 638.02246094    7140.19189453   3123.88183594   
0.25800    2315821.50000000 1527635.00000000 3753137.25000000 640.11431885    6524.57421875   2611.97363281   
0.25900    2270683.50000000 1497437.62500000 3679301.25000000 642.41790771    5946.04687500   2129.91308594   
0.26000    2226607.50000000 1467905.87500000 3607094.50000000 644.90539551    5403.61132812   1676.61779785   
0.26100    2183480.50000000 1438990.00000000 3536470.50000000 647.52270508    4893.61718750   1249.60144043   
0.26200    2141403.75000000 1410745.62500000 3467502.50000000 650.28094482    4417.62353516   850.19781494    
0.26300    2100218.25000000 1383077.00000000 3399978.50000000 653.11938477    3970.21215820   474.33786011    
0.26400    2059984.25000000 1356018.87500000 3333985.50000000 656.04010010    3552.85449219   122.51540375    
0.26500    2020678.75000000 1329547.50000000 3269443.50000000 659.01043701    3162.93798828   -206.66555786   
0.26600    1982208.12500000 1303624.00000000 3206279.75000000 662.00372314    2798.06005859   -515.31311035   
0.26700    1944625.00000000 1278280.12500000 3144483.25000000 665.02008057    2458.03784180   -803.71789551   
0.26800    1907853.25000000 1253458.75000000 3084082.50000000 668.01678467    2140.48437500   -1073.21948242  
0.26900    1871855.25000000 1229132.37500000 3024868.50000000 670.98590088    1843.09448242   -1326.03002930  
0.27000    1836668.00000000 1205342.00000000 2966939.50000000 673.91162109    1566.39514160   -1561.98461914  
0.27100    1802166.25000000 1182014.37500000 2910197.25000000 676.78503418    1307.34765625   -1782.91247559  
0.27200    1768463.37500000 1159192.37500000 2854684.00000000 679.61425781    1067.07263184   -1988.01672363  
0.27300    1735393.62500000 1136790.37500000 2800235.25000000 682.34057617    840.76922607    -2181.55566406  
0.27400    1702955.37500000 1114809.12500000 2746784.50000000 684.96331787    627.24377441    -2363.81396484  
0.27500    1671235.87500000 1093310.00000000 2694552.25000000 687.54492188    430.67489624    -2531.97119141  
0.27600    1640078.00000000 1072160.87500000 2643176.75000000 690.00347900    243.53860474    -2691.71679688  
0.27700    1609544.62500000 1051455.75000000 2592881.00000000 692.39062500    70.16510010     -2839.90405273  
0.27800    1579571.62500000 1031124.93750000 2543471.25000000 694.66857910    -93.80929565    -2979.36132812  
0.27900    1550172.75000000 1011171.93750000 2495007.50000000 696.85827637    -247.14880371   -3109.85131836  
0.28000    1521290.75000000 991575.68750000 2447405.50000000 698.97509766    -391.48199463   -3232.36035156  
0.28100    1492928.62500000 972326.25000000 2400646.25000000 700.99566650    -527.73547363   -3347.29614258  
0.28200    1465080.37500000 953435.18750000 2354726.50000000 702.95361328    -654.45629883   -3454.27026367  
0.28300    1437715.75000000 934852.62500000 2309625.50000000 704.83746338    -773.89373779   -3554.52001953  
0.28400    1410778.00000000 916592.81250000 2265226.25000000 706.66503906    -886.29461670   -3648.73193359  
0.28500    1384343.50000000 898662.37500000 2221641.00000000 708.45196533    -990.39764404   -3735.33276367  
0.28600    1358314.12500000 881013.06250000 2178750.25000000 710.19226074    -1088.80395508  -3816.66943359  
0.28700    1332702.37500000 863652.37500000 2136573.00000000 711.91601562    -1179.03588867  -3891.27294922  
0.28800    1307507.75000000 846579.93750000 2095057.87500000 713.63055420    -1263.43127441  -3959.74902344  
0.28900    1282744.50000000 829818.37500000 2054283.12500000 715.34301758    -1339.57788086  -4021.56738281  
0.29000    1258321.75000000 813295.56250000 2014087.87500000 717.07128906    -1409.61560059  -4077.88305664  
0.29100    1234350.37500000 797065.50000000 1974601.75000000 718.83380127    -1471.17529297  -4127.01123047  
0.29200    1210708.75000000 781082.37500000 1935714.62500000 720.63427734    -1525.74536133  -4169.93017578  
0.29300    1187469.50000000 765376.06250000 1897489.37500000 722.49987793    -1571.56335449  -4205.35156250  
0.29400    1164565.25000000 749893.06250000 1859802.62500000 724.41302490    -1611.27685547  -4235.54589844  
0.29500    1142047.12500000 734697.25000000 1822777.87500000 726.42608643    -1640.70971680  -4257.06884766  
0.29600    1119860.62500000 719727.87500000 1786314.37500000 728.51098633    -1662.11303711  -4271.80078125  
0.29700    1098031.62500000 705008.00000000 1750440.00000000 730.70159912    -1675.09057617  -4279.44189453  
0.29800    1076563.87500000 690546.68750000 1715176.12500000 733.01263428    -1677.45214844  -4278.26953125  
0.29900    1055453.87500000 676326.37500000 1680508.37500000 735.44036865    -1669.78625488  -4268.75195312  
0.30000    1034657.25000000 662331.00000000 1646379.00000000 737.98120117    -1652.68530273  -4251.75195312  
0.30100    1014255.62500000 648596.31250000 1612865.12500000 740.67034912    -1623.68493652  -4225.00048828  
0.30200    994164.37500000 635088.43750000 1579889.00000000 743.48114014    -1585.02587891  -4190.04394531  
0.30300    974442.93750000 621828.31250000 1547542.75000000 746.43890381    -1533.66992188  -4145.35107422  
0.30400    955079.93750000 608806.93750000 1515770.50000000 749.53466797    -1470.70349121  -4090.78393555  
0.30500    936040.87500000 596015.31250000 1484533.62500000 752.77062988    -1396.67724609  -4027.25512695  
0.30600    917347.62500000 583462.50000000 1453887.50000000 756.13812256    -1310.16003418  -3954.03759766  
0.30700    899040.37500000 571168.25000000 1423870.12500000 759.65051270    -1210.09912109  -3869.62719727  
0.30800    881065.25000000 559100.62500000 1394388.75000000 763.30072021    -1098.16455078  -3776.11767578  
0.30900    863468.06250000 547286.00000000 1365536.62500000 767.07238770    -972.54772949   -3671.54565430  
0.31000    846214.87500000 535709.81250000 1337260.00000000 770.95642090    -834.38647461   -3556.91430664  
0.31100    829312.56250000 524372.00000000 1309541.25000000 774.95263672    -683.35711670   -3432.07104492  
0.31200    812786.18750000 513280.00000000 1282446.50000000 779.05285645    -519.00634766   -3296.75830078  
0.31300    796621.62500000 502422.18750000 1255933.12500000 783.23114014    -341.78274536   -3151.31079102  
0.31400    780836.31250000 491835.25000000 1230061.12500000 787.49707031    -151.04258728   -2995.14599609  
0.31500    765397.50000000 481460.12500000 1204733.12500000 791.81347656    51.52973175     -2829.56152344  
0.31600    750332.87500000 471345.62500000 1180027.62500000 796.17956543    267.12658691    -2653.68481445  
0.31700    735641.62500000 461474.06250000 1155919.75000000 800.58917236    495.23989868    -2468.05688477  
0.31800    721310.68750000 451840.03125000 1132410.37500000 804.99511719    734.29449463    -2273.75439453  
0.31900    707363.68750000 442459.12500000 1109512.25000000 809.43029785    986.70465088    -2069.28808594  
0.32000    693777.43750000 433316.34375000 1087200.75000000 813.81988525    1249.01403809   -1856.65856934  
0.32100    680550.25000000 424405.68750000 1065471.12500000 818.19354248    1522.55883789   -1635.61486816  
0.32200    667722.56250000 415756.28125000 1044382.18750000 822.51147461    1806.85302734   -1405.90905762  
0.32300    655212.18750000 407314.71875000 1023804.25000000 826.75097656    2099.49145508   -1169.86743164  
0.32400    643082.06250000 399122.62500000 1003844.75000000 830.90490723    2402.05322266   -926.21435547   
0.32500    631311.00000000 391164.00000000 984472.31250000 834.95300293    2712.32641602   -676.24822998   
0.32600    619906.31250000 383437.15625000 965679.62500000 838.87445068    3031.10668945   -419.84429932   
0.32700    608846.43750000 375940.43750000 947434.68750000 842.67230225    3357.35766602   -158.03546143   
0.32800    598160.00000000 368683.40625000 929793.31250000 846.31146240    3690.33422852   109.23185730    
0.32900    587793.37500000 361635.65625000 912675.50000000 849.78393555    4028.27148438   380.26882935    
0.33000    577789.00000000 354820.03125000 896139.68750000 853.07324219    4372.18505859   655.69543457    
0.33100    568082.93750000 348189.84375000 880056.93750000 856.14599609    4718.98437500   933.27453613    
0.33200    558766.50000000 341821.37500000 864623.18750000 859.03991699    5071.41748047   1215.27709961   
0.33300    549744.25000000 335635.43750000 849658.68750000 861.70477295    5425.71923828   1498.38891602   
0.33400    541053.06250000 329666.68750000 835223.25000000 864.14172363    5782.37890625   1783.27233887   
0.33500    532666.00000000 323887.59375000 821278.56250000 866.33184814    6140.33105469   2068.87841797   
0.33600    524587.75000000 318314.37500000 807823.43750000 868.27917480    6498.93310547   2354.89868164   
0.33700    516797.50000000 312927.78125000 794845.68750000 869.98181152    6857.54541016   2640.61547852   
0.33800    509336.81250000 307739.75000000 782360.37500000 871.42517090    7216.11328125   2926.09008789   
0.33900    502126.96875000 302720.65625000 770290.50000000 872.61364746    7572.45019531   3209.73046875   
0.34000    495207.40625000 297885.93750000 758696.68750000 873.52899170    7927.29345703   3491.61596680   
0.34100    488562.71875000 293229.15625000 747534.25000000 874.19049072    8279.53906250   3771.49145508   
0.34200    482215.84375000 288754.87500000 736838.87500000 874.59655762    8629.66015625   4049.43041992   
0.34300    476080.28125000 284425.96875000 726496.87500000 874.74188232    8974.90820312   4323.31201172   
0.34400    470236.75000000 280281.18750000 716610.06250000 874.63928223    9317.41308594   4594.60693359   
0.34500    464611.21875000 276272.43750000 707068.12500000 874.28393555    9654.38183594   4861.41943359   
0.34600    459253.21875000 272437.53125000 697963.50000000 873.69104004    9987.55078125   5125.00195312   
0.34700    454079.87500000 268712.43750000 689142.12500000 872.84716797    10313.97460938  5382.86132812   
0.34800    449147.18750000 265152.81250000 680722.43750000 871.78710938    10634.87695312  5636.52294922   
0.34900    444431.00000000 261727.15625000 672630.25000000 870.50018311    10950.40234375  5885.34521484   
0.35000    439920.37500000 258428.93750000 664867.37500000 869.01556396    11259.14941406  6128.64941406   
0.35100    435630.62500000 255273.15625000 657460.00000000 867.33532715    11562.25195312  6367.51464844   
0.35200    431486.75000000 252214.37500000 650284.25000000 865.44525146    11857.46582031  6599.54443359   
0.35300    427542.84375000 249278.76562500 643435.87500000 863.38623047    12145.81542969  6826.21875000   
0.35400    423790.87500000 246467.93750000 636894.00000000 861.17504883    12427.59863281  7047.72753906   
0.35500    420205.15625000 243763.68750000 630602.50000000 858.80584717    12702.31640625  7263.13134766   
0.35600    416765.68750000 241151.45312500 624554.18750000 856.29913330    12969.77343750  7472.48925781   
0.35700    413502.68750000 238645.78125000 618778.81250000 853.67236328    13229.79296875  7676.30273438   
0.35800    410389.25000000 236250.09375000 613257.37500000 850.93548584    13483.33203125  7874.51074219   
0.35900    407423.25000000 233939.45312500 607962.25000000 848.10284424    13729.38476562  8066.77587891   
0.36000    404609.59375000 231730.14062500 602905.62500000 845.18719482    13969.12109375  8254.08886719   
0.36100    401906.53125000 229589.68750000 598042.31250000 842.18249512    14200.93750000  8434.79882812   
0.36200    399379.71875000 227562.59375000 593449.56250000 839.13903809    14427.88085938  8611.47363281   
0.36300    396924.81250000 225583.15625000 588983.37500000 836.03308105    14646.19824219  8781.55371094   
0.36400    394596.68750000 223686.81250000 584708.06250000 832.88708496    14858.32031250  8946.34570312   
0.36500    392382.31250000 221859.60937500 580617.56250000 829.71270752    15063.82031250  9106.33300781   
0.36600    390302.59375000 220123.82812500 576746.50000000 826.54827881    15264.33496094  9262.08203125   
0.36700    388299.78125000 218436.68750000 572992.87500000 823.34790039    15457.32226562  9412.20410156   
0.36800    386441.06250000 216844.56250000 569476.37500000 820.16723633    15646.64062500  9559.09765625   
0.36900    384661.75000000 215305.53125000 566102.87500000 816.99353027    15829.74902344  9701.46972656   
0.37000    382940.31250000 213804.17187500 562813.62500000 813.81713867    16005.95312500  9838.29980469   
0.37100    381316.21875000 212367.68750000 559674.62500000 810.67211914    16177.53125000  9971.44824219   
0.37200    379809.68750000 211006.26562500 556730.37500000 807.55529785    16344.99023438  10102.04003906  
0.37300    378357.15625000 209686.96875000 553887.25000000 804.47174072    16507.24023438  10228.00585938  
0.37400    377003.65625000 208429.07812500 551187.93750000 801.43072510    16665.31054688  10351.19433594  
0.37500    375719.78125000 207220.21875000 548613.68750000 798.42187500    16819.19531250  10471.22460938  
0.37600    374516.59375000 206063.89062500 546169.12500000 795.44146729    16968.33203125  10587.87988281  
0.37700    373360.75000000 204941.15625000 543806.12500000 792.50518799    17113.28125000  10701.29882812  
0.37800    372283.09375000 203874.59375000 541570.18750000 789.60107422    17254.69140625  10812.35839844  
0.37900    371291.50000000 202867.23437500 539477.87500000 786.75085449    17393.31640625  10921.22460938  
0.38000    370335.28125000 201883.89062500 537447.56250000 783.91760254    17527.16992188  11026.90722656  
0.38100    369419.84375000 200935.09375000 535498.43750000 781.12341309    17657.33203125  11129.96289062  
0.38200    368593.40625000 200043.39062500 533680.62500000 778.36138916    17784.91015625  11231.53027344  
0.38300    367790.40625000 199173.03125000 531921.37500000 775.61437988    17908.47460938  11329.96875000  
0.38400    367068.00000000 198360.59375000 530285.37500000 772.90222168    18029.66601562  11427.18554688  
0.38500    366359.00000000 197562.57812500 528685.12500000 770.19519043    18146.87304688  11521.54882812  
0.38600    365734.34375000 196820.76562500 527224.37500000 767.50482178    18262.07031250  11614.78515625  
0.38700    365117.00000000 196090.87500000 525780.50000000 764.81414795    18372.88476562  11705.00585938  
0.38800    364544.00000000 195398.53125000 524422.56250000 762.12194824    18481.13867188  11793.69433594  
0.38900    364010.75000000 194733.59375000 523130.37500000 759.42480469    18586.06054688  11880.32617188  
0.39000    363547.68750000 194116.48437500 521951.31250000 756.71746826    18689.14062500  11965.88769531  
0.39100    363086.78125000 193510.37500000 520798.87500000 753.98822021    18788.46093750  12048.96093750  
0.39200    362666.43750000 192943.53125000 519724.62500000 751.23175049    18884.74023438  12130.22363281  
0.39300    362273.09375000 192390.48437500 518680.46875000 748.44012451    18977.30664062  12209.23242188  
0.39400    361937.56250000 191888.53125000 517746.43750000 745.61444092    19068.26171875  12287.13281250  
0.39500    361586.81250000 191383.96875000 516805.75000000 742.72790527    19154.51757812  12361.95800781  
0.39600    361272.37500000 190906.37500000 515929.59375000 739.79937744    19237.67382812  12435.13281250  
0.39700    360975.96875000 190447.68750000 515086.68750000 736.81347656    19317.57226562  12506.01367188  
0.39800    360721.25000000 190024.92187500 514319.00000000 733.76007080    19394.47070312  12575.15039062  
0.39900    360474.71875000 189608.12500000 513571.71875000 730.64068604    19467.34960938  12641.53417969  
0.40000    360236.34375000 189215.29687500 512861.18750000 727.44256592    19536.84375000  12706.09277344  
0.40100    360016.62500000 188834.06250000 512172.00000000 724.16699219    19602.06445312  12767.66699219  
0.40200    359823.75000000 188483.43750000 511555.93750000 720.81304932    19664.46093750  12827.28710938  
0.40300    359616.03125000 188130.37500000 510922.46875000 717.36950684    19721.91015625  12883.91699219  
0.40400    359442.31250000 187805.65625000 510346.37500000 713.83758545    19776.30468750  12938.39550781  
0.40500    359274.28125000 187490.62500000 509784.84375000 710.21765137    19826.07617188  12989.79394531  
0.40600    359127.56250000 187198.85937500 509272.46875000 706.51171875    19872.70898438  13039.12695312  
0.40700    358965.87500000 186910.54687500 508761.46875000 702.69934082    19914.28906250  13085.13964844  
0.40800    358816.00000000 186632.39062500 508265.59375000 698.79479980    19951.82031250  13128.31152344  
0.40900    358665.46875000 186362.37500000 507775.28125000 694.79431152    19984.45703125  13168.23730469  
0.41000    358541.09375000 186116.29687500 507343.56250000 690.71014404    20013.95703125  13205.87792969  
0.41100    358400.53125000 185868.98437500 506888.34375000 686.52038574    20038.00195312  13239.90136719  
0.41200    358249.15625000 185624.37500000 506439.96875000 682.23413086    20056.86328125  13270.48242188  
0.41300    358119.28125000 185400.43750000 506029.06250000 677.85974121    20072.58007812  13298.58398438  
0.41400    357974.00000000 185168.31250000 505595.25000000 673.38757324    20082.69140625  13322.84765625  
0.41500    357839.62500000 184960.59375000 505205.59375000 668.84478760    20088.78710938  13344.26953125  
0.41600    357672.09375000 184734.78125000 504760.43750000 664.19580078    20089.04101562  13361.54980469  
0.41700    357528.59375000 184533.28125000 504370.81250000 659.47473145    20085.75976562  13376.54296875  
0.41800    357400.46875000 184346.06250000 504009.56250000 654.67742920    20078.30468750  13388.30761719  
0.41900    357208.06250000 184125.98437500 503549.31250000 649.79437256    20063.77148438  13395.01953125  
0.42000    357045.37500000 183932.76562500 503167.68750000 644.84655762    20046.16601562  13399.63183594  
0.42100    356885.34375000 183749.64062500 502780.31250000 639.83801270    20023.80078125  13400.90332031  
0.42200    356714.75000000 183562.35937500 502377.18750000 634.76000977    19996.92187500  13398.82519531  
0.42300    356510.15625000 183365.00000000 501946.50000000 629.62292480    19964.46289062  13392.48730469  
0.42400    356311.00000000 183175.46875000 501526.90625000 624.42456055    19927.62695312  13383.05664062  
0.42500    356104.18750000 182989.39062500 501102.31250000 619.17877197    19886.12304688  13370.42285156  
0.42600    355869.06250000 182789.17187500 500639.90625000 613.88128662    19839.95507812  13353.74121094  
0.42700    355653.65625000 182608.75000000 500224.18750000 608.56097412    19789.70312500  13334.73535156  
0.42800    355403.25000000 182413.35937500 499752.25000000 603.19226074    19734.37500000  13311.54394531  
0.42900    355174.75000000 182233.93750000 499319.40625000 597.80236816    19675.34765625  13285.91015625  
0.43000    354914.31250000 182043.39062500 498849.15625000 592.37322998    19611.75781250  13256.62988281  
0.43100    354618.09375000 181831.70312500 498331.46875000 586.91967773    19542.45703125  13223.36035156  
0.43200    354341.18750000 181640.42187500 497847.56250000 581.45672607    19470.63085938  13187.94238281  
0.43300    354034.90625000 181436.39062500 497319.68750000 575.98205566    19393.72851562  13148.64453125  
0.43400    353726.56250000 181233.75000000 496797.37500000 570.49237061    19313.00390625  13106.64746094  
0.43500    353390.96875000 181017.53125000 496238.87500000 564.99798584    19228.05078125  13061.23339844  
0.43600    353077.96875000 180821.48437500 495719.81250000 559.51416016    19140.28906250  13014.10156250  
0.43700    352710.96875000 180600.17187500 495129.34375000 554.01885986    19047.65234375  12963.00488281  
0.43800    352328.90625000 180367.82812500 494505.31250000 548.53424072    18951.25195312  12908.89843750  
0.43900    351953.43750000 180143.65625000 493903.53125000 543.06054688    18851.65625000  12852.58789062  
0.44000    351560.18750000 179914.64062500 493279.18750000 537.60339355    18748.56445312  12793.52050781  
0.44100    351154.37500000 179679.34375000 492642.75000000 532.16815186    18642.28125000  12731.98339844  
0.44200    350735.96875000 179440.14062500 491984.56250000 526.75659180    18532.89843750  12667.96582031  
0.44300    350300.34375000 179195.57812500 491311.46875000 521.36450195    18420.32812500  12601.57519531  
0.44400    349862.81250000 178948.56250000 490624.65625000 516.00811768    18305.23437500  12532.99707031  
0.44500    349369.53125000 178671.18750000 489863.50000000 510.67370605    18185.92968750  12461.33300781  
0.44600    348881.46875000 178398.57812500 489111.81250000 505.37063599    18064.64453125  12388.10546875  
0.44700    348399.25000000 178134.53125000 488381.15625000 500.12194824    17941.38281250  12313.23828125  
0.44800    347879.68750000 177844.79687500 487570.46875000 494.90393066    17815.03320312  12235.99804688  
0.44900    347367.21875000 177565.93750000 486798.25000000 489.74636841    17687.32226562  12157.59960938  
0.45000    346849.37500000 177284.45312500 486006.50000000 484.63085938    17557.85351562  12077.67968750  
0.45100    346284.03125000 176973.62500000 485140.46875000 479.56378174    17425.12890625  11995.14550781  
0.45200    345727.62500000 176671.18750000 484302.62500000 474.55410767    17291.63867188  11912.12207031  
0.45300    345144.81250000 176353.03125000 483414.21875000 469.60574341    17156.11914062  11827.32226562  
0.45400    344564.25000000 176040.68750000 482533.96875000 464.71728516    17019.59570312  11741.70214844  
0.45500    343970.00000000 175717.57812500 481641.53125000 459.90484619    16882.04296875  11655.25976562  
0.45600    343358.50000000 175383.50000000 480704.62500000 455.15237427    16743.00585938  11567.50683594  
0.45700    342743.31250000 175050.93750000 479781.09375000 450.48043823    16603.67578125  11479.32519531  
0.45800    342103.78125000 174704.42187500 478813.68750000 445.88372803    16463.43164062  11390.53417969  
0.45900    341455.25000000 174353.71875000 477834.71875000 441.37341309    16322.35351562  11300.80859375  
0.46000    340828.46875000 174012.78125000 476893.81250000 436.95336914    16182.68554688  11212.11328125  
0.46100    340142.28125000 173641.29687500 475854.96875000 432.60974121    16040.88476562  11121.61816406  
0.46200    339495.65625000 173289.18750000 474878.46875000 428.37106323    15900.78027344  11032.53808594  
0.46300    338818.46875000 172920.71875000 473859.65625000 424.22824097    15760.47363281  10942.83593750  
0.46400    338123.84375000 172543.20312500 472803.25000000 420.18847656    15620.49707031  10853.38867188  
0.46500    337450.50000000 172176.32812500 471787.59375000 416.25939941    15481.75878906  10764.94238281  
0.46600    336750.12500000 171797.18750000 470736.56250000 412.43917847    15343.86132812  10676.91015625  
0.46700    336039.06250000 171406.18750000 469653.81250000 408.72817993    15206.22167969  10589.08886719  
0.46800    335357.96875000 171039.71875000 468636.18750000 405.14874268    15071.31835938  10503.14746094  
0.46900    334640.62500000 170645.04687500 467545.93750000 401.67938232    14936.77441406  10417.42187500  
0.47000    333922.96875000 170256.43750000 466470.37500000 398.34741211    14804.02734375  10332.97070312  
0.47100    333214.65625000 169872.46875000 465401.09375000 395.14904785    14673.55566406  10250.28710938  
0.47200    332502.28125000 169484.53125000 464330.06250000 392.07910156    14545.04882812  10168.92382812  
0.47300    331802.56250000 169103.67187500 463275.25000000 389.15609741    14419.01367188  10089.51660156  
0.47400    331068.37500000 168704.73437500 462172.15625000 386.36126709    14293.97167969  10010.75683594  
0.47500    330359.28125000 168320.43750000 461105.40625000 383.72161865    14172.75878906  9934.71582031   
0.47600    329671.81250000 167949.57812500 460075.18750000 381.23559570    14054.42187500  9861.03906250   
0.47700    328932.71875000 167551.25000000 458965.50000000 378.88641357    13937.09472656  9788.09765625   
0.47800    328226.00000000 167170.92187500 457908.96875000 376.69540405    13823.62011719  9718.11816406   
0.47900    327539.21875000 166801.68750000 456880.43750000 374.66018677    13713.47656250  9650.49218750   
0.48000    326817.34375000 166417.67187500 455805.03125000 372.77676392    13605.41503906  9584.70703125   
0.48100    326153.03125000 166065.57812500 454814.09375000 371.06991577    13501.68847656  9522.19140625   
0.48200    325424.78125000 165675.71875000 453727.15625000 369.48614502    13399.25781250  9460.53417969   
0.48300    324718.28125000 165302.04687500 452686.18750000 368.07623291    13300.66601562  9402.08593750   
0.48400    324035.25000000 164943.51562500 451674.21875000 366.82260132    13205.87988281  9346.38476562   
0.48500    323345.34375000 164584.00000000 450656.93750000 365.72924805    13113.94726562  9293.06542969   
0.48600    322673.96875000 164237.26562500 449667.53125000 364.78909302    13025.62792969  9242.65332031   
0.48700    321991.50000000 163887.64062500 448670.31250000 364.00247192    12940.15625000  9194.36914062   
0.48800    321297.71875000 163528.98437500 447653.37500000 363.35464478    12857.23730469  9148.08496094   
0.48900    320616.78125000 163181.78125000 446663.03125000 362.86511230    12777.82324219  9104.64062500   
0.49000    319947.59375000 162844.64062500 445687.46875000 362.51635742    12701.84863281  9064.00000000   
0.49100    319292.12500000 162519.59375000 444745.34375000 362.31530762    12629.28906250  9026.07324219   
0.49200    318612.12500000 162180.39062500 443767.00000000 362.24414062    12558.74316406  8989.75976562   
0.49300    317941.12500000 161852.60937500 442809.68750000 362.30636597    12491.46386719  8956.13378906   
0.49400    317270.96875000 161527.76562500 441853.59375000 362.49548340    12426.81347656  8924.63964844   
0.49500    316593.12500000 161200.73437500 440893.65625000 362.80187988    12364.60937500  8895.14257812   
0.49600    315934.34375000 160890.07812500 439963.03125000 363.22875977    12305.54101562  8868.15917969   
0.49700    315252.15625000 160566.14062500 438996.50000000 363.75357056    12247.95214844  8842.46777344   
0.49800    314581.84375000 160252.48437500 438061.78125000 364.38848877    12193.12011719  8819.03515625   
0.49900    313888.03125000 159929.17187500 437088.18750000 365.10574341    12139.41503906  8796.70996094   
0.50000    313205.00000000 159617.78125000 436144.18750000 365.91879272    12088.39843750  8776.37500000   
