# SAXS profile: number of points = 501, q_min = 0, q_max = 0.5, delta_q = 0.001
#    q    intensity 
0.00000    162236208.00000000 101202168.00000000 256270384.00000000 92761.84375000  7758762.00000000 6127857.00000000 
0.00100    162211376.00000000 101185840.00000000 256230432.00000000 92742.00000000  7757309.00000000 6126703.50000000 
0.00200    162135792.00000000 101137944.00000000 256108736.00000000 92681.78906250  7752898.50000000 6123260.00000000 
0.00300    162007920.00000000 101058032.00000000 255906224.00000000 92581.78125000  7745589.00000000 6117482.50000000 
0.00400    161829120.00000000 100946440.00000000 255621536.00000000 92442.14062500  7735394.50000000 6109471.50000000 
0.00500    161596928.00000000 100803232.00000000 255257024.00000000 92263.18750000  7722274.50000000 6099144.50000000 
0.00600    161312560.00000000 100628456.00000000 254813984.00000000 92043.92968750  7706277.50000000 6086525.00000000 
0.00700    160979360.00000000 100421216.00000000 254287472.00000000 91786.32812500  7687411.50000000 6071673.00000000 
0.00800    160594752.00000000 100183520.00000000 253683440.00000000 91489.97656250  7665698.50000000 6054574.50000000 
0.00900    160158560.00000000 99915128.00000000 253001088.00000000 91154.94531250  7641188.00000000 6035292.00000000 
0.01000    159672128.00000000 99616528.00000000 252240384.00000000 90782.24218750  7613867.00000000 6013806.50000000 
0.01100    159139712.00000000 99287312.00000000 251400720.00000000 90371.97656250  7583784.00000000 5990120.50000000 
0.01200    158558480.00000000 98928384.00000000 250487680.00000000 89924.91406250  7551020.00000000 5964317.50000000 
0.01300    157929168.00000000 98539520.00000000 249497984.00000000 89441.56250000  7515528.00000000 5936394.50000000 
0.01400    157253472.00000000 98120584.00000000 248433312.00000000 88922.95312500  7477392.00000000 5906401.00000000 
0.01500    156530816.00000000 97673480.00000000 247295200.00000000 88368.85937500  7436713.00000000 5874341.50000000 
0.01600    155760160.00000000 97197552.00000000 246084704.00000000 87780.32812500  7393438.50000000 5840301.50000000 
0.01700    154944640.00000000 96693640.00000000 244803888.00000000 87159.03125000  7347697.50000000 5804284.50000000 
0.01800    154085104.00000000 96162336.00000000 243453008.00000000 86505.16406250  7299477.00000000 5766329.50000000 
0.01900    153183856.00000000 95604704.00000000 242032720.00000000 85818.92187500  7248891.00000000 5726492.00000000 
0.02000    152239264.00000000 95020152.00000000 240546640.00000000 85102.35937500  7195955.00000000 5684847.00000000 
0.02100    151251424.00000000 94410344.00000000 238994624.00000000 84355.18750000  7140765.00000000 5641387.50000000 
0.02200    150224112.00000000 93774688.00000000 237378768.00000000 83578.73437500  7083356.00000000 5596158.00000000 
0.02300    149155728.00000000 93114648.00000000 235698848.00000000 82774.61718750  7023765.00000000 5549274.00000000 
0.02400    148050704.00000000 92430576.00000000 233960336.00000000 81943.57031250  6962132.00000000 5500737.00000000 
0.02500    146906768.00000000 91723528.00000000 232161984.00000000 81085.92187500  6898460.50000000 5450618.00000000 
0.02600    145727344.00000000 90993904.00000000 230305040.00000000 80203.21875000  6832899.50000000 5398956.50000000 
0.02700    144511232.00000000 90241744.00000000 228393552.00000000 79297.18750000  6765400.00000000 5345826.00000000 
0.02800    143262096.00000000 89468856.00000000 226426992.00000000 78367.85156250  6696147.00000000 5291304.00000000 
0.02900    141979184.00000000 88675224.00000000 224408576.00000000 77417.21875000  6625159.50000000 5235400.50000000 
0.03000    140664688.00000000 87861832.00000000 222341616.00000000 76445.84375000  6552505.00000000 5178211.00000000 
0.03100    139319408.00000000 87029144.00000000 220225584.00000000 75454.42187500  6478315.50000000 5119746.50000000 
0.03200    137944800.00000000 86178376.00000000 218062656.00000000 74445.31250000  6402619.50000000 5060122.50000000 
0.03300    136542960.00000000 85310296.00000000 215855200.00000000 73419.61718750  6325516.00000000 4999437.00000000 
0.03400    135113200.00000000 84425696.00000000 213606048.00000000 72377.32031250  6247083.00000000 4937661.50000000 
0.03500    133657944.00000000 83524440.00000000 211316480.00000000 71320.21875000  6167399.00000000 4874879.50000000 
0.03600    132179176.00000000 82608744.00000000 208989360.00000000 70250.61718750  6086551.50000000 4811196.00000000 
0.03700    130676896.00000000 81679336.00000000 206624240.00000000 69167.92968750  6004594.50000000 4746633.50000000 
0.03800    129153024.00000000 80735440.00000000 204226528.00000000 68074.17187500  5921661.50000000 4681310.00000000 
0.03900    127609248.00000000 79779232.00000000 201797184.00000000 66970.44531250  5837741.50000000 4615229.50000000 
0.04000    126046824.00000000 78811440.00000000 199336800.00000000 65857.88281250  5753047.00000000 4548457.50000000 
0.04100    124466248.00000000 77832144.00000000 196849232.00000000 64737.95703125  5667563.50000000 4481128.50000000 
0.04200    122869528.00000000 76842992.00000000 194335696.00000000 63611.70703125  5581400.00000000 4413224.50000000 
0.04300    121258408.00000000 75844584.00000000 191798112.00000000 62480.07031250  5494667.50000000 4344872.50000000 
0.04400    119633752.00000000 74837696.00000000 189240576.00000000 61344.24218750  5407365.50000000 4276105.00000000 
0.04500    117996584.00000000 73823056.00000000 186662544.00000000 60205.33203125  5319642.50000000 4207008.00000000 
0.04600    116348376.00000000 72801840.00000000 184068464.00000000 59064.82421875  5231577.50000000 4137581.75000000 
0.04700    114690824.00000000 71774336.00000000 181456096.00000000 57923.27734375  5143211.50000000 4067944.00000000 
0.04800    113025488.00000000 70741264.00000000 178832640.00000000 56782.03515625  5054645.50000000 3998124.25000000 
0.04900    111352376.00000000 69703568.00000000 176199376.00000000 55642.48437500  4965953.50000000 3928220.25000000 
0.05000    109674064.00000000 68662208.00000000 173555232.00000000 54504.95703125  4877201.00000000 3858253.50000000 
0.05100    107991360.00000000 67618440.00000000 170903328.00000000 53371.04296875  4788438.00000000 3788303.00000000 
0.05200    106305104.00000000 66572200.00000000 168247536.00000000 52240.90625000  4699848.00000000 3718416.25000000 
0.05300    104617560.00000000 65524756.00000000 165588592.00000000 51116.60156250  4611326.00000000 3648645.25000000 
0.05400    102929032.00000000 64476724.00000000 162926752.00000000 49998.48437500  4523088.50000000 3579073.75000000 
0.05500    101241160.00000000 63428764.00000000 160267328.00000000 48887.22656250  4435120.00000000 3509726.50000000 
0.05600    99554424.00000000 62381544.00000000 157609696.00000000 47784.20703125  4347524.50000000 3440624.00000000 
0.05700    97871168.00000000 61336544.00000000 154957648.00000000 46689.98437500  4260341.00000000 3371890.75000000 
0.05800    96191976.00000000 60293076.00000000 152309184.00000000 45605.39843750  4173663.50000000 3303523.50000000 
0.05900    94518000.00000000 59253052.00000000 149670672.00000000 44530.54687500  4087518.75000000 3235555.25000000 
0.06000    92849040.00000000 58216332.00000000 147039536.00000000 43467.37890625  4001991.00000000 3168101.50000000 
0.06100    91188264.00000000 57184192.00000000 144420592.00000000 42415.97265625  3917114.25000000 3101146.25000000 
0.06200    89535424.00000000 56156820.00000000 141814400.00000000 41376.64843750  3832962.50000000 3034747.00000000 
0.06300    87891608.00000000 55135276.00000000 139222592.00000000 40350.85546875  3749554.25000000 2968930.25000000 
0.06400    86258136.00000000 54119692.00000000 136645696.00000000 39338.41406250  3666957.75000000 2903770.75000000 
0.06500    84635632.00000000 53110556.00000000 134086976.00000000 38340.26953125  3585244.50000000 2839267.75000000 
0.06600    83025120.00000000 52109104.00000000 131547936.00000000 37356.93750000  3504416.25000000 2775491.25000000 
0.06700    81428216.00000000 51115180.00000000 129028192.00000000 36388.66406250  3424535.25000000 2712440.75000000 
0.06800    79844112.00000000 50129516.00000000 126528632.00000000 35435.84375000  3345668.50000000 2650182.75000000 
0.06900    78275072.00000000 49152856.00000000 124052488.00000000 34499.29296875  3267788.50000000 2588713.25000000 
0.07000    76720600.00000000 48185468.00000000 121600592.00000000 33579.26171875  3191006.25000000 2528071.00000000 
0.07100    75182432.00000000 47227968.00000000 119173136.00000000 32675.66015625  3115280.75000000 2468293.25000000 
0.07200    73660872.00000000 46280384.00000000 116771888.00000000 31789.47656250  3040689.75000000 2409393.75000000 
0.07300    72156992.00000000 45343800.00000000 114397872.00000000 30920.14257812  2967263.75000000 2351379.50000000 
0.07400    70671144.00000000 44417948.00000000 112052400.00000000 30068.63867188  2895012.25000000 2294336.25000000 
0.07500    69204056.00000000 43503980.00000000 109735312.00000000 29234.73242188  2823921.50000000 2238203.00000000 
0.07600    67754944.00000000 42601124.00000000 107448664.00000000 28418.74414062  2754100.00000000 2183022.75000000 
0.07700    66326532.00000000 41710468.00000000 105192704.00000000 27620.84179688  2685511.00000000 2128844.00000000 
0.07800    64918212.00000000 40832528.00000000 102967992.00000000 26841.04882812  2618171.25000000 2075632.75000000 
0.07900    63529748.00000000 39967228.00000000 100775600.00000000 26079.32421875  2552116.00000000 2023428.62500000 
0.08000    62163116.00000000 39114364.00000000 98617112.00000000 25335.95507812  2487326.00000000 1972227.00000000 
0.08100    60817516.00000000 38274928.00000000 96491936.00000000 24610.70898438  2423844.00000000 1922063.00000000 
0.08200    59493720.00000000 37449180.00000000 94399976.00000000 23903.59570312  2361666.00000000 1872912.50000000 
0.08300    58191788.00000000 36636924.00000000 92343304.00000000 23214.56445312  2300800.50000000 1824790.87500000 
0.08400    56912192.00000000 35838096.00000000 90321192.00000000 22543.68359375  2241235.25000000 1777700.75000000 
0.08500    55655404.00000000 35053248.00000000 88335072.00000000 21890.70507812  2183007.00000000 1731654.87500000 
0.08600    54421368.00000000 34282644.00000000 86384664.00000000 21255.53125000  2126099.75000000 1686646.00000000 
0.08700    53210172.00000000 33526268.00000000 84469984.00000000 20638.12890625  2070483.87500000 1642665.25000000 
0.08800    52022084.00000000 32784188.00000000 82591896.00000000 20037.98242188  2016196.12500000 1599723.87500000 
0.08900    50857416.00000000 32056590.00000000 80750176.00000000 19455.26953125  1963216.00000000 1557803.62500000 
0.09000    49715824.00000000 31343350.00000000 78945616.00000000 18889.54687500  1911521.00000000 1516919.75000000 
0.09100    48597368.00000000 30644472.00000000 77177704.00000000 18340.73828125  1861138.25000000 1477043.75000000 
0.09200    47502796.00000000 29960064.00000000 75446792.00000000 17808.41406250  1812033.00000000 1438180.50000000 
0.09300    46431448.00000000 29290404.00000000 73752864.00000000 17292.45703125  1764202.37500000 1400332.87500000 
0.09400    45383320.00000000 28635046.00000000 72095352.00000000 16792.36523438  1717623.37500000 1363458.75000000 
0.09500    44358496.00000000 27994236.00000000 70474352.00000000 16308.28515625  1672294.25000000 1327567.50000000 
0.09600    43357272.00000000 27367982.00000000 68890272.00000000 15839.33886719  1628203.87500000 1292659.87500000 
0.09700    42379092.00000000 26755972.00000000 67342640.00000000 15385.60351562  1585316.87500000 1258700.50000000 
0.09800    41423720.00000000 26158378.00000000 65831744.00000000 14946.65234375  1543630.37500000 1225684.62500000 
0.09900    40491536.00000000 25574976.00000000 64356436.00000000 14522.12402344  1503139.87500000 1193611.87500000 
0.10000    39581836.00000000 25005732.00000000 62917104.00000000 14111.55468750  1463790.87500000 1162445.75000000 
0.10100    38694324.00000000 24450356.00000000 61512956.00000000 13714.69921875  1425583.75000000 1132170.12500000 
0.10200    37829480.00000000 23909038.00000000 60144256.00000000 13331.24902344  1388499.62500000 1102790.00000000 
0.10300    36986452.00000000 23381430.00000000 58810244.00000000 12960.67285156  1352517.00000000 1074270.00000000 
0.10400    36165616.00000000 22867280.00000000 57510892.00000000 12602.79003906  1317599.87500000 1046600.75000000 
0.10500    35366216.00000000 22366912.00000000 56245472.00000000 12257.18261719  1283740.25000000 1019755.68750000 
0.10600    34587768.00000000 21879422.00000000 55013644.00000000 11923.34082031  1250907.25000000 993728.18750000 
0.10700    33830216.00000000 21405242.00000000 53815120.00000000 11600.95117188  1219077.62500000 968496.93750000 
0.10800    33093336.00000000 20943726.00000000 52648828.00000000 11289.72851562  1188239.25000000 944036.00000000 
0.10900    32376804.00000000 20495094.00000000 51514936.00000000 10989.16210938  1158344.25000000 920332.93750000 
0.11000    31680364.00000000 20059038.00000000 50412464.00000000 10699.01855469  1129386.87500000 897363.43750000 
0.11100    31003534.00000000 19635134.00000000 49340848.00000000 10418.80371094  1101329.75000000 875109.31250000 
0.11200    30345942.00000000 19223310.00000000 48300020.00000000 10148.22363281  1074159.50000000 853546.87500000 
0.11300    29707160.00000000 18823314.00000000 47288876.00000000 9886.85742188   1047836.62500000 832667.12500000 
0.11400    29086910.00000000 18434986.00000000 46306940.00000000 9634.41894531   1022358.25000000 812443.31250000 
0.11500    28484886.00000000 18057856.00000000 45354020.00000000 9390.63183594   997676.25000000 792858.87500000 
0.11600    27900504.00000000 17692112.00000000 44428928.00000000 9154.90722656   973767.00000000 773884.43750000 
0.11700    27333484.00000000 17337012.00000000 43531432.00000000 8927.13867188   950621.43750000 755512.62500000 
0.11800    26783188.00000000 16992498.00000000 42660408.00000000 8706.88769531   928202.18750000 737711.12500000 
0.11900    26249526.00000000 16658372.00000000 41816064.00000000 8493.78515625   906482.56250000 720462.56250000 
0.12000    25731754.00000000 16334415.00000000 40996276.00000000 8287.61328125   885451.43750000 703759.18750000 
0.12100    25229674.00000000 16020282.00000000 40202432.00000000 8088.07958984   865069.18750000 687576.12500000 
0.12200    24743080.00000000 15715766.00000000 39432076.00000000 7894.84228516   845322.62500000 671894.31250000 
0.12300    24271202.00000000 15420594.00000000 38685500.00000000 7707.64892578   826187.68750000 656688.37500000 
0.12400    23813736.00000000 15134422.00000000 37961592.00000000 7526.13281250   807629.87500000 641951.31250000 
0.12500    23370042.00000000 14857029.00000000 37259896.00000000 7350.09228516   789640.87500000 627652.93750000 
0.12600    22940184.00000000 14588328.00000000 36579936.00000000 7179.39013672   772191.50000000 613788.81250000 
0.12700    22523360.00000000 14327753.00000000 35920932.00000000 7013.48632812   755261.93750000 600336.06250000 
0.12800    22119394.00000000 14075391.00000000 35281952.00000000 6852.39160156   738827.18750000 587277.25000000 
0.12900    21727648.00000000 13830696.00000000 34662664.00000000 6695.79443359   722869.00000000 574595.31250000 
0.13000    21347874.00000000 13593493.00000000 34061996.00000000 6543.50292969   707370.75000000 562276.75000000 
0.13100    20979466.00000000 13363583.00000000 33479824.00000000 6395.26562500   692310.00000000 550300.18750000 
0.13200    20622252.00000000 13140673.00000000 32915264.00000000 6250.90039062   677667.62500000 538657.06250000 
0.13300    20275798.00000000 12924455.00000000 32367908.00000000 6110.31250000   663422.87500000 527334.43750000 
0.13400    19939600.00000000 12714872.00000000 31836746.00000000 5973.19140625   649565.06250000 516313.53125000 
0.13500    19613440.00000000 12511590.00000000 31321576.00000000 5839.42578125   636066.50000000 505584.15625000 
0.13600    19296898.00000000 12314252.00000000 30821462.00000000 5708.88916016   622919.68750000 495126.43750000 
0.13700    18989318.00000000 12122751.00000000 30336038.00000000 5581.36328125   610106.81250000 484934.00000000 
0.13800    18690828.00000000 11936746.00000000 29864414.00000000 5456.80419922   597614.37500000 474992.84375000 
0.13900    18400754.00000000 11756199.00000000 29406428.00000000 5335.06445312   585419.18750000 465294.03125000 
0.14000    18118720.00000000 11580740.00000000 28961480.00000000 5215.97363281   573516.37500000 455828.09375000 
0.14100    17844518.00000000 11410266.00000000 28528796.00000000 5099.37158203   561892.12500000 446571.50000000 
0.14200    17577848.00000000 11244372.00000000 28107900.00000000 4985.29443359   550524.06250000 437531.50000000 
0.14300    17318274.00000000 11083100.00000000 27698430.00000000 4873.62158203   539414.68750000 428687.06250000 
0.14400    17065424.00000000 10926015.00000000 27299728.00000000 4764.13574219   528539.18750000 420031.12500000 
0.14500    16819166.00000000 10773062.00000000 26911326.00000000 4656.89062500   517893.75000000 411558.96875000 
0.14600    16579111.00000000 10624031.00000000 26532914.00000000 4551.77246094   507465.25000000 403260.43750000 
0.14700    16345030.00000000 10478724.00000000 26163922.00000000 4448.70751953   497249.40625000 395124.28125000 
0.14800    16116490.00000000 10336956.00000000 25803708.00000000 4347.62255859   487231.18750000 387146.75000000 
0.14900    15893398.00000000 10198492.00000000 25452034.00000000 4248.46972656   477402.00000000 379320.46875000 
0.15000    15675304.00000000 10063314.00000000 25108370.00000000 4151.20703125   467750.31250000 371639.37500000 
0.15100    15462105.00000000 9931155.00000000 24772610.00000000 4055.79052734   458277.40625000 364092.25000000 
0.15200    15253704.00000000 9801900.00000000 24444152.00000000 3962.23388672   448978.75000000 356681.15625000 
0.15300    15049508.00000000 9675371.00000000 24122504.00000000 3870.41137695   439833.31250000 349398.43750000 
0.15400    14849405.00000000 9551350.00000000 23807402.00000000 3780.33032227   430845.65625000 342234.62500000 
0.15500    14653356.00000000 9429869.00000000 23498384.00000000 3691.96069336   422003.06250000 335192.00000000 
0.15600    14460909.00000000 9310645.00000000 23195332.00000000 3605.26489258   413305.81250000 328258.00000000 
0.15700    14272217.00000000 9193615.00000000 22897982.00000000 3520.27172852   404751.81250000 321438.75000000 
0.15800    14086573.00000000 9078594.00000000 22605506.00000000 3436.90161133   396324.56250000 314722.09375000 
0.15900    13904279.00000000 8965574.00000000 22318314.00000000 3355.19360352   388031.84375000 308107.87500000 
0.16000    13724816.00000000 8854387.00000000 22035532.00000000 3275.08520508   379862.93750000 301592.90625000 
0.16100    13548363.00000000 8744843.00000000 21757468.00000000 3196.63330078   371820.78125000 295177.84375000 
0.16200    13374498.00000000 8636996.00000000 21483396.00000000 3119.74340820   363892.71875000 288855.43750000 
0.16300    13203034.00000000 8530664.00000000 21212972.00000000 3044.46557617   356085.93750000 282623.68750000 
0.16400    13034028.00000000 8425703.00000000 20946630.00000000 2970.76806641   348390.87500000 276483.12500000 
0.16500    12867283.00000000 8322100.00000000 20683542.00000000 2898.65283203   340809.50000000 270432.78125000 
0.16600    12702624.00000000 8219771.50000000 20423880.00000000 2828.13330078   333338.03125000 264464.93750000 
0.16700    12539815.00000000 8118612.50000000 20167154.00000000 2759.12377930   325970.53125000 258582.81250000 
0.16800    12378999.00000000 8018527.50000000 19913162.00000000 2691.71728516   318711.87500000 252784.57812500 
0.16900    12219998.00000000 7919575.00000000 19662282.00000000 2625.87084961   311559.65625000 247071.54687500 
0.17000    12062716.00000000 7821542.00000000 19413660.00000000 2561.55395508   304508.12500000 241437.64062500 
0.17100    11906859.00000000 7724466.50000000 19167646.00000000 2498.76684570   297559.03125000 235882.73437500 
0.17200    11752617.00000000 7628148.00000000 18923858.00000000 2437.52124023   290713.68750000 230409.21875000 
0.17300    11599744.00000000 7532722.00000000 18682124.00000000 2377.81518555   283966.56250000 225014.95312500 
0.17400    11448328.00000000 7438089.00000000 18442484.00000000 2319.64257812   277320.81250000 219701.21875000 
0.17500    11298123.00000000 7344125.50000000 18204870.00000000 2262.95581055   270773.09375000 214463.68750000 
0.17600    11149124.00000000 7250839.00000000 17968994.00000000 2207.74682617   264320.93750000 209300.18750000 
0.17700    11001352.00000000 7158184.00000000 17734990.00000000 2154.06738281   257972.07812500 204218.82812500 
0.17800    10854696.00000000 7066144.00000000 17502430.00000000 2101.81127930   251715.70312500 199212.26562500 
0.17900    10709078.00000000 6974722.00000000 17271572.00000000 2051.05078125   245561.12500000 194282.12500000 
0.18000    10564546.00000000 6883804.00000000 17042290.00000000 2001.71447754   239500.65625000 189427.60937500 
0.18100    10421016.00000000 6793482.00000000 16814362.00000000 1953.84619141   233539.14062500 184653.60937500 
0.18200    10278354.00000000 6703587.00000000 16587994.00000000 1907.33166504   227668.03125000 179950.54687500 
0.18300    10136711.00000000 6614225.50000000 16362827.00000000 1862.22375488   221896.70312500 175324.35937500 
0.18400    9995987.00000000 6525318.00000000 16139009.00000000 1818.50720215   216221.39062500 170773.46875000 
0.18500    9856087.00000000 6436890.00000000 15916610.00000000 1776.13525391   210639.92187500 166298.29687500 
0.18600    9717141.00000000 6348901.00000000 15695382.00000000 1735.09387207   205152.40625000 161896.09375000 
0.18700    9578957.00000000 6261320.00000000 15475358.00000000 1695.35522461   199759.82812500 157571.35937500 
0.18800    9441665.00000000 6174196.50000000 15256550.00000000 1656.88220215   194460.53125000 153318.45312500 
0.18900    9305209.00000000 6087526.50000000 15039103.00000000 1619.70373535   189258.31250000 149143.46875000 
0.19000    9169587.00000000 6001179.00000000 14822620.00000000 1583.69885254   184144.17187500 145037.98437500 
0.19100    9034858.00000000 5915357.00000000 14607529.00000000 1548.96875000   179128.81250000 141010.65625000 
0.19200    8900817.00000000 5829903.50000000 14393523.00000000 1515.35083008   174200.35937500 137052.32812500 
0.19300    8767701.00000000 5744908.50000000 14180787.00000000 1482.93249512   169367.73437500 133171.03125000 
0.19400    8635376.00000000 5660339.00000000 13969168.00000000 1451.59362793   164623.95312500 129359.37500000 
0.19500    8503866.00000000 5576192.00000000 13758772.00000000 1421.35083008   159971.51562500 125621.05468750 
0.19600    8373288.50000000 5492418.00000000 13549626.00000000 1392.17285156   155408.78125000 121952.60937500 
0.19700    8243383.00000000 5409174.00000000 13341709.00000000 1364.02648926   150935.35937500 118357.72656250 
0.19800    8114453.00000000 5326344.00000000 13135022.00000000 1336.86987305   146550.85937500 114831.72656250 
0.19900    7986498.50000000 5243986.00000000 12929680.00000000 1310.70520020   142254.34375000 111376.73437500 
0.20000    7859192.50000000 5162052.50000000 12725436.00000000 1285.45410156   138044.93750000 107990.18750000 
0.20100    7732899.50000000 5080654.00000000 12522697.00000000 1261.11267090   133921.45312500 104673.44531250 
0.20200    7607459.00000000 4999716.00000000 12321180.00000000 1237.64404297   129882.69531250 101423.73437500 
0.20300    7482963.00000000 4919287.50000000 12121063.00000000 1215.04040527   125930.89843750 98242.53125000  
0.20400    7359411.50000000 4839334.00000000 11922376.00000000 1193.23461914   122059.46093750 95128.38281250  
0.20500    7236792.50000000 4759944.50000000 11725025.00000000 1172.23229980   118272.02343750 92079.06250000  
0.20600    7115091.00000000 4681058.00000000 11529107.00000000 1151.95312500   114564.30468750 89094.64843750  
0.20700    6994431.50000000 4602768.00000000 11334745.00000000 1132.41955566   110939.09375000 86176.23437500  
0.20800    6874664.50000000 4524970.00000000 11141806.00000000 1113.56970215   107390.63281250 83318.82812500  
0.20900    6756096.50000000 4447828.00000000 10950524.00000000 1095.44189453   103925.13281250 80528.69531250  
0.21000    6638400.50000000 4371219.50000000 10760673.00000000 1077.91381836   100532.95312500 77796.75781250  
0.21100    6521782.50000000 4295209.50000000 10572476.00000000 1061.00622559   97217.64843750  75126.54687500  
0.21200    6406218.50000000 4219817.00000000 10385784.00000000 1044.68798828   93976.56250000  72516.42968750  
0.21300    6291700.50000000 4145061.00000000 10200831.00000000 1028.93371582   90807.96093750  69965.32812500  
0.21400    6178349.50000000 4070959.75000000 10017548.00000000 1013.73809814   87713.79687500  67473.21875000  
0.21500    6066076.00000000 3997525.25000000 9835987.00000000 999.07550049    84691.25781250  65039.58593750  
0.21600    5954895.50000000 3924725.25000000 9656123.00000000 984.88079834    81737.38281250  62660.37109375  
0.21700    5844894.50000000 3852612.50000000 9478031.00000000 971.17590332    78853.06250000  60337.57421875  
0.21800    5736004.50000000 3781185.75000000 9301803.00000000 957.91583252    76037.03906250  58069.87500000  
0.21900    5628264.00000000 3710447.50000000 9127210.00000000 945.09118652    73284.70312500  55854.31250000  
0.22000    5521691.50000000 3640425.50000000 8954535.00000000 932.69146729    70599.63281250  53692.05468750  
0.22100    5416378.00000000 3571179.25000000 8783860.00000000 920.70196533    67980.11718750  51582.61328125  
0.22200    5312318.50000000 3502646.50000000 8614937.00000000 909.08959961    65422.87890625  49524.48828125  
0.22300    5209365.00000000 3434863.25000000 8447939.00000000 897.84558105    62926.51953125  47515.17968750  
0.22400    5107651.00000000 3367807.00000000 8282835.00000000 886.95245361    60489.60546875  45554.46875000  
0.22500    5007252.50000000 3301579.00000000 8119808.50000000 876.43359375    58116.26171875  43644.71484375  
0.22600    4908019.50000000 3236085.75000000 7958664.00000000 866.20812988    55798.23437500  41779.40625000  
0.22700    4810150.50000000 3171432.00000000 7799677.50000000 856.32855225    53540.35937500  39963.07421875  
0.22800    4713479.50000000 3107545.75000000 7642577.00000000 846.74749756    51337.10937500  38190.96484375  
0.22900    4618140.00000000 3044456.75000000 7487488.50000000 837.45397949    49188.91796875  36463.80078125  
0.23000    4524081.50000000 2982200.00000000 7334524.50000000 828.46862793    47096.02343750  34781.24609375  
0.23100    4431287.50000000 2920769.50000000 7183604.00000000 819.76184082    45056.24218750  33142.32812500  
0.23200    4339802.50000000 2860139.25000000 7034715.50000000 811.31481934    43068.20703125  31544.90234375  
0.23300    4249683.00000000 2800372.75000000 6887984.50000000 803.14129639    41132.00000000  29989.51171875  
0.23400    4160808.50000000 2741436.50000000 6743330.50000000 795.24267578    39247.34765625  28475.82421875  
0.23500    4073225.50000000 2683297.00000000 6600697.00000000 787.57617188    37409.23437500  27000.47851562  
0.23600    3987057.25000000 2626067.75000000 6460279.00000000 780.18121338    35622.78906250  25566.21093750  
0.23700    3902130.00000000 2569670.75000000 6321939.00000000 773.02551270    33882.99609375  24170.66992188  
0.23800    3818565.75000000 2514138.50000000 6185771.50000000 766.12249756    32190.55664062  22813.52148438  
0.23900    3736326.00000000 2459438.25000000 6051685.00000000 759.44763184    30543.50585938  21492.48437500  
0.24000    3655418.75000000 2405606.50000000 5919772.00000000 753.01110840    28941.85937500  20208.97460938  
0.24100    3575845.75000000 2352676.00000000 5790035.50000000 746.82678223    27387.30468750  18963.13671875  
0.24200    3497611.25000000 2300594.25000000 5662422.50000000 740.87292480    25874.88671875  17752.22656250  
0.24300    3420693.50000000 2249382.75000000 5536934.00000000 735.13684082    24406.00976562  16576.15625000  
0.24400    3345081.50000000 2199006.00000000 5413600.00000000 729.63684082    22979.30078125  15434.66503906  
0.24500    3270785.75000000 2149491.00000000 5292375.00000000 724.35473633    21594.22656250  14326.77929688  
0.24600    3197842.25000000 2100876.25000000 5173317.00000000 719.30651855    20250.64453125  13252.84277344  
0.24700    3126195.00000000 2053120.37500000 5056375.00000000 714.48693848    18948.19921875  12211.67187500  
0.24800    3055854.25000000 2006206.75000000 4941530.00000000 709.87780762    17685.02343750  11203.12109375  
0.24900    2986812.25000000 1960158.25000000 4828804.00000000 705.48834229    16461.01757812  10225.79687500  
0.25000    2919058.25000000 1914964.37500000 4718214.50000000 701.32586670    15275.38281250  9280.32519531   
0.25100    2852575.75000000 1870612.12500000 4609633.50000000 697.36730957    14127.69824219  8365.11328125   
0.25200    2787442.75000000 1827147.62500000 4503258.50000000 693.64440918    13019.30664062  7481.68359375   
0.25300    2723528.00000000 1784498.62500000 4398933.00000000 690.12249756    11946.51953125  6627.26611328   
0.25400    2660886.25000000 1742699.00000000 4296641.50000000 686.81842041    10910.89843750  5802.84570312   
0.25500    2599492.50000000 1701715.25000000 4196367.00000000 683.71319580    9909.81542969   5007.00146484   
0.25600    2539348.75000000 1661578.00000000 4098126.25000000 680.81726074    8944.70996094   4239.82617188   
0.25700    2480426.50000000 1622252.12500000 4001893.25000000 678.11987305    8014.42480469   3500.73120117   
0.25800    2422758.50000000 1583746.87500000 3907666.75000000 675.62200928    7118.30908203   2789.79174805   
0.25900    2366267.25000000 1546052.75000000 3815433.25000000 673.32861328    6256.00390625   2105.92846680   
0.26000    2310997.00000000 1509148.75000000 3725159.50000000 671.22808838    5427.19238281   1449.24462891   
0.26100    2256872.75000000 1473033.75000000 3636740.00000000 669.29742432    4629.67675781   818.01446533    
0.26200    2203959.75000000 1437738.37500000 3550354.00000000 667.57928467    3866.55346680   214.54801941    
0.26300    2152162.00000000 1403167.62500000 3465753.25000000 666.00909424    3132.10961914   -365.37176514   
0.26400    2101543.00000000 1369383.62500000 3383085.25000000 664.63018799    2430.49951172   -918.94250488   
0.26500    2052052.50000000 1336370.37500000 3302281.00000000 663.42370605    1759.20458984   -1447.95886230  
0.26600    2003651.87500000 1304102.50000000 3223260.00000000 662.36914062    1117.34936523   -1952.89453125  
0.26700    1956368.12500000 1272576.25000000 3146051.50000000 661.48834229    505.93734741    -2433.55029297  
0.26800    1910191.75000000 1241793.12500000 3070662.00000000 660.75671387    -76.29307556    -2890.36767578  
0.26900    1865042.50000000 1211697.00000000 2996961.00000000 660.16284180    -631.38977051   -3325.36694336  
0.27000    1820972.00000000 1182333.25000000 2925033.25000000 659.72528076    -1157.46972656  -3736.82910156  
0.27100    1777919.50000000 1153654.37500000 2854786.25000000 659.40710449    -1657.04443359  -4126.67333984  
0.27200    1735934.62500000 1125694.87500000 2786280.75000000 659.24145508    -2127.70117188  -4493.21289062  
0.27300    1694905.25000000 1098391.87500000 2719350.25000000 659.17803955    -2573.85571289  -4839.98144531  
0.27400    1654830.62500000 1071714.12500000 2653954.00000000 659.20837402    -2996.09326172  -5167.05371094  
0.27500    1615807.12500000 1045756.87500000 2590314.75000000 659.37890625    -3389.88598633  -5471.29589844  
0.27600    1577633.75000000 1020380.50000000 2528084.50000000 659.61755371    -3761.75268555  -5758.12207031  
0.27700    1540469.37500000 995682.50000000 2467486.75000000 659.98327637    -4107.79003906  -6023.41210938  
0.27800    1504190.62500000 971585.06250000 2408350.00000000 660.42169189    -4430.91162109  -6270.93310547  
0.27900    1468827.12500000 948098.75000000 2350729.75000000 660.93444824    -4731.12060547  -6499.06787109  
0.28000    1434329.12500000 925200.00000000 2294526.25000000 661.52416992    -5008.84033203  -6709.67480469  
0.28100    1400696.37500000 902891.25000000 2239729.00000000 662.17724609    -5265.00634766  -6902.40039062  
0.28200    1367928.25000000 881163.75000000 2186368.50000000 662.89727783    -5499.08447266  -7077.65576172  
0.28300    1335987.25000000 859991.87500000 2134354.75000000 663.66082764    -5713.07617188  -7236.16064453  
0.28400    1304823.75000000 839354.25000000 2083640.12500000 664.46752930    -5907.24072266  -7379.07177734  
0.28500    1274493.62500000 819279.68750000 2034276.00000000 665.32012939    -6080.91259766  -7505.18701172  
0.28600    1244902.25000000 799703.06250000 1986150.62500000 666.20098877    -6236.62011719  -7616.74023438  
0.28700    1216099.25000000 780659.18750000 1939281.50000000 667.10968018    -6373.44140625  -7713.13134766  
0.28800    1188007.12500000 762093.81250000 1893610.62500000 668.03729248    -6492.18066406  -7795.08593750  
0.28900    1160676.75000000 744047.12500000 1849180.00000000 668.99328613    -6593.00341797  -7862.69482422  
0.29000    1134014.50000000 726457.43750000 1805858.62500000 669.94525146    -6678.16552734  -7917.23828125  
0.29100    1108086.87500000 709347.31250000 1763722.37500000 670.91400146    -6745.92138672  -7958.25732422  
0.29200    1082809.75000000 692692.62500000 1722663.75000000 671.88043213    -6798.33935547  -7986.50585938  
0.29300    1058207.62500000 676485.25000000 1682718.50000000 672.84893799    -6834.58105469  -8001.96679688  
0.29400    1034213.56250000 660689.18750000 1643767.62500000 673.79919434    -6858.25390625  -8007.20410156  
0.29500    1010890.56250000 645343.18750000 1605914.00000000 674.75195312    -6865.36621094  -7999.03613281  
0.29600    988136.62500000 630387.25000000 1569018.25000000 675.68231201    -6860.17919922  -7981.18066406  
0.29700    965984.37500000 615831.75000000 1533084.75000000 676.59899902    -6841.84326172  -7952.83300781  
0.29800    944433.18750000 601675.50000000 1498136.25000000 677.49780273    -6810.08642578  -7913.76611328  
0.29900    923457.50000000 587912.87500000 1464131.75000000 678.37915039    -6765.59472656  -7864.60693359  
0.30000    903010.18750000 574500.25000000 1430975.75000000 679.23028564    -6710.54248047  -7806.79101562  
0.30100    883114.50000000 561463.25000000 1398748.00000000 680.07244873    -6642.39746094  -7739.16943359  
0.30200    863718.75000000 548750.43750000 1367327.75000000 680.87969971    -6564.69287109  -7663.37988281  
0.30300    844861.31250000 536406.31250000 1336788.12500000 681.66937256    -6475.65380859  -7578.92919922  
0.30400    826510.43750000 524389.87500000 1307072.12500000 682.43408203    -6376.09375000  -7485.96972656  
0.30500    808614.43750000 512679.15625000 1278094.87500000 683.16876221    -6267.94091797  -7386.67871094  
0.30600    791184.68750000 501283.93750000 1249887.75000000 683.87573242    -6150.13623047  -7279.58544922  
0.30700    774253.43750000 490215.43750000 1222491.00000000 684.57366943    -6021.93896484  -7164.57080078  
0.30800    757734.62500000 479420.93750000 1195758.37500000 685.24145508    -5886.57958984  -7043.86865234  
0.30900    741689.06250000 468937.62500000 1169797.12500000 685.89654541    -5741.90380859  -6915.76171875  
0.31000    726062.68750000 458722.65625000 1144500.62500000 686.52368164    -5589.65820312  -6782.30419922  
0.31100    710835.75000000 448772.65625000 1119855.87500000 687.13714600    -5429.55273438  -6642.57568359  
0.31200    696022.25000000 439101.96875000 1095903.12500000 687.73608398    -5262.01904297  -6497.56591797  
0.31300    681605.31250000 429683.65625000 1072572.87500000 688.31951904    -5087.39648438  -6346.81201172  
0.31400    667592.31250000 420533.62500000 1049896.37500000 688.90887451    -4905.35839844  -6190.66210938  
0.31500    653941.87500000 411612.34375000 1027803.87500000 689.47796631    -4717.19726562  -6030.17138672  
0.31600    640661.56250000 402937.96875000 1006317.06250000 690.05291748    -4522.52783203  -5864.35302734  
0.31700    627758.00000000 394494.28125000 985408.50000000 690.62988281    -4321.18261719  -5694.18798828  
0.31800    615185.81250000 386269.12500000 965045.87500000 691.18896484    -4115.12695312  -5520.48193359  
0.31900    602992.25000000 378290.78125000 945292.75000000 691.78399658    -3901.48193359  -5341.34082031  
0.32000    591113.56250000 370510.25000000 926048.06250000 692.36865234    -3683.36279297  -5158.84082031  
0.32100    579562.68750000 362941.00000000 907329.75000000 692.97357178    -3459.64160156  -4972.51074219  
0.32200    568372.25000000 355595.75000000 889162.25000000 693.59808350    -3230.12622070  -4782.14550781  
0.32300    557452.12500000 348421.46875000 871431.93750000 694.23474121    -2996.62963867  -4588.87939453  
0.32400    546856.12500000 341453.81250000 854228.18750000 694.89385986    -2757.99365234  -4392.26757812  
0.32500    536565.12500000 334678.15625000 837503.18750000 695.57806396    -2514.81787109  -4192.51269531  
0.32600    526577.18750000 328091.75000000 821253.68750000 696.28533936    -2266.85034180  -3989.55639648  
0.32700    516888.53125000 321690.84375000 805476.00000000 697.03607178    -2014.06665039  -3783.36572266  
0.32800    507508.37500000 315479.37500000 790183.31250000 697.81872559    -1756.56787109  -3574.02709961  
0.32900    498380.28125000 309427.93750000 775288.06250000 698.63128662    -1495.67883301  -3362.37597656  
0.33000    489554.37500000 303558.71875000 760872.68750000 699.49151611    -1230.04150391  -3147.79443359  
0.33100    480958.93750000 297831.90625000 746809.31250000 700.37377930    -961.66345215   -2931.67724609  
0.33200    472695.59375000 292312.62500000 733289.12500000 701.32012939    -687.47290039   -2711.36743164  
0.33300    464658.34375000 286933.00000000 720112.93750000 702.29016113    -410.82339478   -2489.65405273  
0.33400    456904.40625000 281723.84375000 707369.31250000 703.31988525    -129.65951538   -2265.25439453  
0.33500    449390.71875000 276657.09375000 694999.12500000 704.38952637    154.13424683    -2039.11840820  
0.33600    442135.21875000 271748.00000000 683043.18750000 705.49975586    441.57040405    -1810.81054688  
0.33700    435118.93750000 266987.96875000 671456.18750000 706.65661621    732.31854248    -1580.51000977  
0.33800    428371.75000000 262384.18750000 660279.93750000 707.86431885    1026.83557129   -1347.81091309  
0.33900    421836.90625000 257906.78125000 649435.56250000 709.10198975    1323.58251953   -1114.02258301  
0.34000    415552.81250000 253582.51562500 638976.25000000 710.39105225    1623.56457520   -878.13220215   
0.34100    409496.59375000 249397.48437500 628887.93750000 711.72601318    1926.19030762   -640.78430176   
0.34200    403705.31250000 245373.68750000 619195.87500000 713.10736084    2232.81030273   -400.94082642   
0.34300    398104.75000000 241458.54687500 609796.81250000 714.51367188    2540.80175781   -160.49314880   
0.34400    392762.96875000 237703.57812500 600811.25000000 715.97808838    2852.33520508   82.36012268     
0.34500    387621.75000000 234060.53125000 592122.18750000 717.45874023    3165.37670898   325.73284912    
0.34600    382729.87500000 230573.07812500 583831.18750000 718.98278809    3482.00024414   571.38006592    
0.34700    378009.37500000 227184.34375000 575791.43750000 720.52368164    3799.20068359   817.07403564    
0.34800    373518.21875000 223931.64062500 568115.81250000 722.08721924    4118.46142578   1064.01721191   
0.34900    369243.34375000 220808.64062500 560769.31250000 723.67974854    4440.21533203   1312.50537109   
0.35000    365164.18750000 217803.62500000 553733.68750000 725.28051758    4762.84863281   1561.26818848   
0.35100    361313.12500000 214935.15625000 547052.62500000 726.90075684    5088.25390625   1811.71862793   
0.35200    357613.96875000 212156.26562500 540597.43750000 728.51611328    5413.17333984   2061.51635742   
0.35300    354124.12500000 209503.78125000 534465.56250000 730.12896729    5739.51123047   2312.14355469   
0.35400    350842.34375000 206976.75000000 528659.62500000 731.74615479    6067.35742188   2563.58837891   
0.35500    347738.59375000 204554.70312500 523136.03125000 733.34649658    6395.55322266   2815.00000000   
0.35600    344803.21875000 202234.21875000 517861.78125000 734.92419434    6723.64453125   3066.26782227   
0.35700    342057.34375000 200030.76562500 512894.59375000 736.49047852    7052.66113281   3317.75415039   
0.35800    339492.25000000 197934.70312500 508210.56250000 738.02386475    7381.57470703   3569.37133789   
0.35900    337098.84375000 195943.84375000 503784.31250000 739.51708984    7710.41210938   3820.43994141   
0.36000    334892.81250000 194066.79687500 499654.00000000 740.97821045    8039.28320312   4071.64184570   
0.36100    332815.40625000 192268.64062500 495718.43750000 742.37548828    8366.44140625   4321.24560547   
0.36200    330949.09375000 190601.53125000 492126.25000000 743.73858643    8694.24609375   4571.71826172   
0.36300    329191.21875000 188996.68750000 488695.75000000 745.01702881    9019.30468750   4819.73876953   
0.36400    327587.43750000 187490.57812500 485508.46875000 746.22619629    9343.15332031   5066.95898438   
0.36500    326128.25000000 186076.20312500 482559.31250000 747.36322021    9665.44335938   5312.90673828   
0.36600    324839.43750000 184768.59375000 479875.15625000 748.42877197    9986.73144531   5558.19775391   
0.36700    323652.00000000 183524.64062500 477353.78125000 749.38281250    10304.33593750  5800.84277344   
0.36800    322654.68750000 182398.37500000 475131.56250000 750.26708984    10621.75097656  6043.25927734   
0.36900    321766.65625000 181343.18750000 473091.84375000 751.03704834    10935.61035156  6283.48144531   
0.37000    320967.15625000 180345.09375000 471175.53125000 751.68475342    11244.84277344  6520.16796875   
0.37100    320294.28125000 179427.76562500 469486.50000000 752.22344971    11551.79687500  6755.26513672   
0.37200    319772.59375000 178612.32812500 468033.25000000 752.65667725    11856.18652344  6988.78076172   
0.37300    319331.09375000 177849.26562500 466710.90625000 752.94342041    12155.71679688  7218.89550781   
0.37400    319015.50000000 177172.26562500 465597.00000000 753.10742188    12452.41894531  7446.89892578   
0.37500    318801.34375000 176560.18750000 464642.96875000 753.13873291    12744.79199219  7672.10595703   
0.37600    318688.56250000 176018.45312500 463864.03125000 753.01843262    13032.01171875  7893.93261719   
0.37700    318637.53125000 175523.81250000 463196.62500000 752.74627686    13314.45117188  8112.14746094   
0.37800    318698.00000000 175101.50000000 462703.53125000 752.33355713    13592.25097656  8327.47070312   
0.37900    318861.56250000 174751.01562500 462380.12500000 751.76910400    13865.61132812  8539.83984375   
0.38000    319073.96875000 174441.78125000 462154.56250000 751.03289795    14132.79980469  8747.61230469   
0.38100    319353.62500000 174179.40625000 462041.37500000 750.13348389    14393.79101562  8951.41796875   
0.38200    319713.75000000 173982.25000000 462077.06250000 749.07788086    14649.79296875  9151.82519531   
0.38300    320125.84375000 173818.21875000 462184.43750000 747.84375000    14898.87890625  9347.38281250   
0.38400    320623.25000000 173724.75000000 462460.65625000 746.45062256    15142.74609375  9539.46484375   
0.38500    321141.25000000 173648.43750000 462774.46875000 744.87634277    15379.02539062  9726.40332031   
0.38600    321751.53125000 173641.39062500 463243.15625000 743.14428711    15610.07031250  9909.82031250   
0.38700    322360.46875000 173648.03125000 463733.90625000 741.22180176    15832.85742188  10087.36523438  
0.38800    323027.56250000 173697.73437500 464324.78125000 739.12554932    16049.00781250  10260.56835938  
0.38900    323728.81250000 173779.10937500 464980.43750000 736.86041260    16257.82421875  10428.63769531  
0.39000    324488.25000000 173913.78125000 465751.62500000 734.42645264    16460.50585938  10592.64355469  
0.39100    325252.34375000 174059.17187500 466544.06250000 731.81768799    16655.12304688  10751.11132812  
0.39200    326056.25000000 174242.39062500 467410.93750000 729.03466797    16842.31640625  10904.57617188  
0.39300    326864.03125000 174441.62500000 468303.84375000 726.08251953    17021.74609375  11052.43750000  
0.39400    327726.28125000 174687.76562500 469300.18750000 722.97503662    17194.37304688  11195.96972656  
0.39500    328560.18750000 174927.42187500 470269.18750000 719.68518066    17358.12109375  11333.08593750  
0.39600    329414.28125000 175195.53125000 471282.09375000 716.24298096    17514.26757812  11465.10937500  
0.39700    330275.31250000 175475.54687500 472326.09375000 712.64282227    17662.73828125  11591.64160156  
0.39800    331154.53125000 175785.32812500 473414.09375000 708.89129639    17803.49804688  11713.22167969  
0.39900    332027.06250000 176099.01562500 474502.03125000 704.98602295    17936.23046875  11828.88769531  
0.40000    332889.12500000 176423.18750000 475603.84375000 700.93847656    18061.11914062  11939.26269531  
0.40100    333740.21875000 176754.62500000 476699.25000000 696.74822998    18177.55859375  12043.57128906  
0.40200    334608.00000000 177106.95312500 477838.21875000 692.42401123    18286.72265625  12143.06250000  
0.40300    335437.12500000 177449.50000000 478933.87500000 687.96508789    18387.31640625  12236.50781250  
0.40400    336272.31250000 177807.35937500 480058.12500000 683.39080811    18480.91015625  12325.05175781  
0.40500    337087.93750000 178165.21875000 481161.50000000 678.69842529    18566.22070312  12407.63281250  
0.40600    337905.12500000 178539.37500000 482289.03125000 673.89916992    18644.92968750  12485.66992188  
0.40700    338684.21875000 178900.03125000 483372.21875000 668.99212646    18714.98632812  12557.76953125  
0.40800    339443.53125000 179261.50000000 484439.18750000 663.98565674    18777.57812500  12624.39941406  
0.40900    340174.03125000 179618.31250000 485480.31250000 658.88745117    18832.75000000  12685.75097656  
0.41000    340911.12500000 179988.46875000 486539.25000000 653.71582031    18881.59570312  12742.70019531  
0.41100    341602.78125000 180340.53125000 487545.50000000 648.45996094    18922.52734375  12793.93652344  
0.41200    342259.06250000 180684.50000000 488513.18750000 643.12823486    18955.98046875  12839.76660156  
0.41300    342915.65625000 181038.15625000 489481.37500000 637.74920654    18983.70703125  12881.40820312  
0.41400    343521.43750000 181370.82812500 490395.62500000 632.30804443    19003.83789062  12917.67480469  
0.41500    344123.28125000 181711.98437500 491309.06250000 626.83197021    19017.89257812  12949.80761719  
0.41600    344659.62500000 182020.20312500 492135.15625000 621.30004883    19024.83789062  12976.36914062  
0.41700    345202.81250000 182341.03125000 492979.12500000 615.75201416    19026.53515625  12999.28515625  
0.41800    345732.90625000 182664.34375000 493823.50000000 610.18518066    19022.80468750  13018.25683594  
0.41900    346172.37500000 182939.35937500 494527.12500000 604.58203125    19011.17187500  13031.15136719  
0.42000    346627.81250000 183231.70312500 495267.34375000 598.98455811    18995.39453125  13041.06250000  
0.42100    347063.21875000 183517.95312500 495982.21875000 593.38775635    18974.64843750  13047.24316406  
0.42200    347460.18750000 183789.15625000 496653.87500000 587.80023193    18948.26171875  13049.43359375  
0.42300    347813.12500000 184037.28125000 497257.84375000 582.21417236    18916.37500000  13047.09667969  
0.42400    348147.71875000 184282.60937500 497839.71875000 576.64843750    18880.18554688  13041.53808594  
0.42500    348458.81250000 184516.76562500 498391.90625000 571.12341309    18839.28515625  13032.53417969  
0.42600    348729.87500000 184726.98437500 498878.71875000 565.61145020    18793.63671875  13019.71386719  
0.42700    349000.87500000 184947.67187500 499384.34375000 560.15795898    18744.96875000  13004.55859375  
0.42800    349227.34375000 185140.81250000 499818.37500000 554.73950195    18691.41210938  12985.66308594  
0.42900    349460.15625000 185342.92187500 500260.78125000 549.38507080    18635.19726562  12964.45800781  
0.43000    349651.50000000 185521.09375000 500642.12500000 544.08386230    18575.12304688  12940.09179688  
0.43100    349793.84375000 185669.51562500 500952.43750000 538.83007812    18510.70507812  12912.49609375  
0.43200    349955.53125000 185834.21875000 501292.78125000 533.65905762    18444.88085938  12883.31933594  
0.43300    350071.15625000 185971.71875000 501567.25000000 528.55432129    18375.13476562  12851.01367188  
0.43400    350182.62500000 186104.81250000 501827.93750000 523.52478027    18303.09179688  12816.78417969  
0.43500    350265.37500000 186222.06250000 502040.62500000 518.57568359    18228.26757812  12780.08105469  
0.43600    350364.78125000 186349.42187500 502282.03125000 513.72064209    18152.56640625  12742.34375000  
0.43700    350416.90625000 186444.20312500 502443.71875000 508.94033813    18073.51562500  12701.91503906  
0.43800    350442.18750000 186524.14062500 502564.28125000 504.25320435    17992.58203125  12659.56738281  
0.43900    350480.93750000 186606.84375000 502697.53125000 499.65585327    17910.41601562  12616.01855469  
0.44000    350502.31250000 186680.43750000 502809.15625000 495.16360474    17826.87890625  12571.13476562  
0.44100    350513.78125000 186745.03125000 502890.21875000 490.76300049    17741.83007812  12524.32910156  
0.44200    350521.00000000 186800.54687500 502964.12500000 486.46237183    17655.84179688  12476.70605469  
0.44300    350512.78125000 186849.34375000 503015.34375000 482.26919556    17568.67382812  12427.83593750  
0.44400    350509.12500000 186891.87500000 503061.00000000 478.17687988    17480.96093750  12377.99804688  
0.44500    350455.34375000 186901.10937500 503022.34375000 474.16940308    17390.98828125  12326.15429688  
0.44600    350418.21875000 186915.26562500 503002.31250000 470.27590942    17301.44140625  12273.92089844  
0.44700    350395.71875000 186934.53125000 502996.37500000 466.48632812    17211.53906250  12221.32617188  
0.44800    350341.81250000 186929.12500000 502927.34375000 462.79632568    17120.80664062  12167.37207031  
0.44900    350310.12500000 186934.87500000 502896.87500000 459.21640015    17030.37695312  12113.31640625  
0.45000    350278.71875000 186931.81250000 502854.93750000 455.74011230    16940.16210938  12058.90234375  
0.45100    350207.90625000 186900.78125000 502740.18750000 452.34661865    16848.25781250  12002.83593750  
0.45200    350161.00000000 186880.73437500 502661.71875000 449.06451416    16757.33203125  11947.06152344  
0.45300    350097.90625000 186840.53125000 502538.90625000 445.87771606    16666.04296875  11890.48925781  
0.45400    350043.78125000 186804.64062500 502432.53125000 442.78387451    16574.93164062  11833.54589844  
0.45500    349994.40625000 186760.71875000 502313.31250000 439.79205322    16484.21289062  11776.65527344  
0.45600    349932.03125000 186704.62500000 502162.31250000 436.87850952    16393.10156250  11718.83105469  
0.45700    349875.75000000 186648.46875000 502026.68750000 434.06091309    16302.73535156  11661.22753906  
0.45800    349808.06250000 186576.67187500 501853.75000000 431.33181763    16212.32910156  11603.20800781  
0.45900    349739.87500000 186497.12500000 501667.46875000 428.67904663    16121.75097656  11544.45703125  
0.46000    349703.00000000 186432.98437500 501521.21875000 426.12161255    16032.77539062  11486.81738281  
0.46100    349611.81250000 186325.82812500 501281.93750000 423.62500000    15942.20703125  11427.33789062  
0.46200    349564.21875000 186241.21875000 501104.50000000 421.21240234    15853.31640625  11368.87109375  
0.46300    349491.93750000 186138.15625000 500878.03125000 418.86859131    15764.04394531  11309.66210938  
0.46400    349412.68750000 186021.78125000 500629.03125000 416.59252930    15674.78906250  11250.10937500  
0.46500    349348.43750000 185910.50000000 500404.90625000 414.38708496    15586.44042969  11190.87011719  
0.46600    349266.18750000 185782.42187500 500135.09375000 412.23645020    15497.60058594  11131.19531250  
0.46700    349166.31250000 185634.71875000 499828.65625000 410.13934326    15408.76269531  11070.79394531  
0.46800    349105.50000000 185508.64062500 499574.21875000 408.11148071    15320.89257812  11011.12695312  
0.46900    348992.06250000 185347.45312500 499236.68750000 406.12628174    15232.20214844  10950.43066406  
0.47000    348884.84375000 185182.73437500 498900.87500000 404.18792725    15143.57617188  10889.72070312  
0.47100    348781.50000000 185013.15625000 498551.59375000 402.30154419    15055.46972656  10828.94042969  
0.47200    348664.81250000 184833.03125000 498179.65625000 400.45135498    14966.99218750  10767.80761719  
0.47300    348547.93750000 184650.20312500 497811.40625000 398.64184570    14878.61425781  10706.62890625  
0.47400    348389.84375000 184436.60937500 497363.59375000 396.86355591    14789.26367188  10644.35253906  
0.47500    348239.65625000 184226.60937500 496924.12500000 395.12390137    14700.43457031  10582.41113281  
0.47600    348098.90625000 184019.06250000 496496.59375000 393.41848755    14611.97265625  10520.67187500  
0.47700    347891.31250000 183766.40625000 495957.03125000 391.72589111    14521.22460938  10456.90234375  
0.47800    347701.15625000 183517.67187500 495435.62500000 390.06893921    14431.43457031  10393.80566406  
0.47900    347502.71875000 183269.82812500 494912.96875000 388.43521118    14341.41992188  10330.63476562  
0.48000    347259.93750000 182987.89062500 494306.40625000 386.81427002    14250.00292969  10266.32617188  
0.48100    347045.37500000 182722.84375000 493738.43750000 385.22616577    14159.28710938  10202.33105469  
0.48200    346740.03125000 182402.25000000 493035.37500000 383.63098145    14065.93066406  10136.53906250  
0.48300    346438.93750000 182081.18750000 492333.28125000 382.06173706    13972.98046875  10070.87402344  
0.48400    346131.31250000 181757.85937500 491614.93750000 380.50527954    13879.68261719  10005.08398438  
0.48500    345789.31250000 181412.68750000 490852.21875000 378.95825195    13785.27441406  9938.47949219   
0.48600    345439.28125000 181061.85937500 490064.03125000 377.42782593    13690.61914062  9871.74316406   
0.48700    345048.25000000 180687.65625000 489219.90625000 375.90374756    13594.60839844  9804.17871094   
0.48800    344606.59375000 180284.35937500 488300.09375000 374.37637329    13497.15429688  9735.49511719   
0.48900    344155.90625000 179873.06250000 487359.43750000 372.86492920    13399.29492188  9666.64160156   
0.49000    343677.25000000 179450.79687500 486385.06250000 371.36206055    13300.96484375  9597.56054688   
0.49100    343181.56250000 179018.93750000 485386.28125000 369.87136841    13201.85742188  9528.13183594   
0.49200    342629.71875000 178552.45312500 484297.12500000 368.38037109    13101.06152344  9457.65234375   
0.49300    342051.65625000 178077.39062500 483174.53125000 366.89703369    12999.76953125  9386.89062500   
0.49400    341443.75000000 177581.73437500 482006.00000000 365.41949463    12897.55078125  9315.48925781   
0.49500    340792.50000000 177064.76562500 480770.62500000 363.95117188    12794.19238281  9243.54687500   
0.49600    340125.93750000 176545.01562500 479527.56250000 362.49948120    12690.48339844  9171.70019531   
0.49700    339397.21875000 175990.98437500 478190.18750000 361.04519653    12585.16894531  9098.69921875   
0.49800    338653.31250000 175429.79687500 476822.59375000 359.60910034    12479.70019531  9025.95800781   
0.49900    337848.00000000 174835.25000000 475375.78125000 358.17694092    12372.53027344  8952.01074219   
0.50000    337025.50000000 174235.48437500 473907.59375000 356.76531982    12265.27636719  8878.34960938   
