# SAXS profile: number of points = 501, q_min = 0, q_max = 0.5, delta_q = 0.001
#    q    intensity 
0.00000    162238336.00000000 101202048.00000000 256271952.00000000 103102.35156250 8179781.50000000 6460359.00000000 
0.00100    162209136.00000000 101183344.00000000 256225152.00000000 103080.46875000 8178157.00000000 6459091.50000000 
0.00200    162120496.00000000 101127728.00000000 256084368.00000000 103015.60156250 8173342.50000000 6455297.50000000 
0.00300    161972656.00000000 101035688.00000000 255850608.00000000 102908.58593750 8165333.50000000 6448992.00000000 
0.00400    161764768.00000000 100906008.00000000 255522800.00000000 102758.42187500 8154091.50000000 6440132.00000000 
0.00500    161497920.00000000 100740592.00000000 255101632.00000000 102565.85156250 8139647.00000000 6428788.50000000 
0.00600    161171280.00000000 100538248.00000000 254588208.00000000 102330.32031250 8122057.50000000 6414907.00000000 
0.00700    160785968.00000000 100299728.00000000 253981760.00000000 102052.94531250 8101317.00000000 6398585.50000000 
0.00800    160344384.00000000 100025224.00000000 253284592.00000000 101733.60937500 8077477.50000000 6379778.00000000 
0.00900    159843360.00000000 99714992.00000000 252497904.00000000 101373.68750000 8050539.50000000 6358557.00000000 
0.01000    159285616.00000000 99369960.00000000 251621696.00000000 100972.30468750 8020499.50000000 6334898.50000000 
0.01100    158672384.00000000 98989592.00000000 250655184.00000000 100530.62500000 7987436.50000000 6308859.50000000 
0.01200    158003280.00000000 98575288.00000000 249602544.00000000 100049.16406250 7951393.00000000 6280498.00000000 
0.01300    157281696.00000000 98127048.00000000 248464496.00000000 99528.12500000  7912418.00000000 6249785.00000000 
0.01400    156505680.00000000 97644744.00000000 247239552.00000000 98968.52343750  7870518.50000000 6216783.00000000 
0.01500    155675184.00000000 97129832.00000000 245930704.00000000 98370.94531250  7825781.50000000 6181529.00000000 
0.01600    154791104.00000000 96582496.00000000 244541040.00000000 97736.07031250  7778221.00000000 6144090.00000000 
0.01700    153859344.00000000 96002992.00000000 243070880.00000000 97065.04687500  7727905.00000000 6104450.50000000 
0.01800    152874208.00000000 95392512.00000000 241520960.00000000 96357.89843750  7674925.50000000 6062705.00000000 
0.01900    151840896.00000000 94751680.00000000 239893504.00000000 95616.08593750  7619306.50000000 6018894.00000000 
0.02000    150761168.00000000 94081384.00000000 238191104.00000000 94840.12500000  7561133.50000000 5973059.00000000 
0.02100    149633040.00000000 93382144.00000000 236414800.00000000 94030.56250000  7500433.50000000 5925267.50000000 
0.02200    148459600.00000000 92654064.00000000 234567728.00000000 93189.59375000  7437329.00000000 5875541.00000000 
0.02300    147243248.00000000 91899000.00000000 232649920.00000000 92317.33593750  7371827.50000000 5823944.50000000 
0.02400    145983904.00000000 91117168.00000000 230665344.00000000 91415.09375000  7304086.00000000 5770558.50000000 
0.02500    144681744.00000000 90309832.00000000 228615664.00000000 90483.29687500  7234137.00000000 5715435.00000000 
0.02600    143339936.00000000 89477600.00000000 226501072.00000000 89523.78125000  7161999.50000000 5658650.00000000 
0.02700    141960368.00000000 88621272.00000000 224327504.00000000 88537.08593750  7087841.00000000 5600212.50000000 
0.02800    140542688.00000000 87742056.00000000 222094624.00000000 87524.78125000  7011678.50000000 5540232.50000000 
0.02900    139089184.00000000 86840680.00000000 219805328.00000000 86487.94531250  6933662.00000000 5478758.00000000 
0.03000    137602272.00000000 85917808.00000000 217461600.00000000 85427.33593750  6853844.00000000 5415853.50000000 
0.03100    136082016.00000000 84974632.00000000 215068016.00000000 84343.97656250  6772279.00000000 5351597.00000000 
0.03200    134531712.00000000 84012856.00000000 212625072.00000000 83239.91406250  6689069.50000000 5286074.50000000 
0.03300    132951712.00000000 83032096.00000000 210135456.00000000 82115.71093750  6604355.50000000 5219312.50000000 
0.03400    131343992.00000000 82034392.00000000 207602256.00000000 80973.36718750  6518148.50000000 5151390.50000000 
0.03500    129709488.00000000 81020200.00000000 205026960.00000000 79812.86718750  6430580.50000000 5082407.00000000 
0.03600    128050400.00000000 79991240.00000000 202414528.00000000 78636.50000000  6341750.00000000 5012395.50000000 
0.03700    126368968.00000000 78947328.00000000 199764992.00000000 77444.84375000  6251716.50000000 4941464.50000000 
0.03800    124666368.00000000 77890880.00000000 197081824.00000000 76239.76562500  6160584.50000000 4869667.00000000 
0.03900    122944016.00000000 76821952.00000000 194369040.00000000 75021.54687500  6068469.00000000 4797057.50000000 
0.04000    121203960.00000000 75742336.00000000 191627024.00000000 73792.55468750  5975434.50000000 4723765.50000000 
0.04100    119447880.00000000 74652264.00000000 188860352.00000000 72553.05468750  5881584.00000000 4649773.50000000 
0.04200    117676576.00000000 73552800.00000000 186069936.00000000 71304.96093750  5786963.00000000 4575239.00000000 
0.04300    115893464.00000000 72445656.00000000 183261008.00000000 70048.80468750  5691726.00000000 4500164.00000000 
0.04400    114098800.00000000 71332520.00000000 180431904.00000000 68786.66406250  5595920.50000000 4424686.00000000 
0.04500    112294280.00000000 70212256.00000000 177588944.00000000 67519.71875000  5499681.00000000 4348819.00000000 
0.04600    110482408.00000000 69088088.00000000 174733344.00000000 66247.96875000  5403054.50000000 4272694.50000000 
0.04700    108663648.00000000 67959456.00000000 171868656.00000000 64973.69921875  5306167.50000000 4196313.50000000 
0.04800    106840136.00000000 66827744.00000000 168996128.00000000 63698.09375000  5209069.50000000 4119774.75000000 
0.04900    105014824.00000000 65694292.00000000 166117952.00000000 62421.54687500  5111828.50000000 4043142.00000000 
0.05000    103187184.00000000 64559724.00000000 163238016.00000000 61145.72265625  5014574.50000000 3966493.50000000 
0.05100    101359320.00000000 63425132.00000000 160358128.00000000 59871.55078125  4917388.00000000 3889860.75000000 
0.05200    99533336.00000000 62291752.00000000 157480064.00000000 58600.20703125  4820345.50000000 3813332.25000000 
0.05300    97710456.00000000 61159920.00000000 154608544.00000000 57332.86328125  4723473.00000000 3737003.25000000 
0.05400    95891600.00000000 60031104.00000000 151742816.00000000 56070.25781250  4626898.50000000 3660876.00000000 
0.05500    94079312.00000000 58905748.00000000 148885936.00000000 54813.82421875  4530723.00000000 3585057.00000000 
0.05600    92273952.00000000 57785156.00000000 146041024.00000000 53563.94921875  4434968.00000000 3509560.50000000 
0.05700    90477336.00000000 56669800.00000000 143210304.00000000 52322.14062500  4339712.50000000 3434472.25000000 
0.05800    88691136.00000000 55560720.00000000 140395504.00000000 51088.92187500  4245080.00000000 3359845.25000000 
0.05900    86916176.00000000 54458464.00000000 137597408.00000000 49865.35156250  4151080.25000000 3285737.00000000 
0.06000    85153936.00000000 53364380.00000000 134819264.00000000 48652.28906250  4057802.50000000 3212179.75000000 
0.06100    83404752.00000000 52278604.00000000 132064064.00000000 47450.64453125  3965296.75000000 3139242.50000000 
0.06200    81671184.00000000 51202168.00000000 129331576.00000000 46261.41015625  3873652.50000000 3066965.25000000 
0.06300    79953456.00000000 50135752.00000000 126624592.00000000 45084.89453125  3782909.25000000 2995403.75000000 
0.06400    78253344.00000000 49079808.00000000 123944496.00000000 43921.67968750  3693093.50000000 2924589.25000000 
0.06500    76570824.00000000 48035268.00000000 121293280.00000000 42772.75390625  3604312.75000000 2854556.75000000 
0.06600    74907304.00000000 47002488.00000000 118672120.00000000 41639.29296875  3516593.00000000 2785384.00000000 
0.06700    73264464.00000000 45982396.00000000 116082480.00000000 40521.30078125  3429992.00000000 2717060.75000000 
0.06800    71642256.00000000 44975304.00000000 113526336.00000000 39419.10937500  3344532.50000000 2649655.50000000 
0.06900    70042392.00000000 43981832.00000000 111005096.00000000 38333.77734375  3260283.25000000 2583207.75000000 
0.07000    68465696.00000000 43002352.00000000 108518888.00000000 37265.79687500  3177277.75000000 2517721.75000000 
0.07100    66911484.00000000 42037632.00000000 106069936.00000000 36215.59375000  3095537.75000000 2453252.75000000 
0.07200    65381800.00000000 41087784.00000000 103659640.00000000 35183.07421875  3015122.75000000 2389791.50000000 
0.07300    63877060.00000000 40153244.00000000 101287856.00000000 34169.58593750  2936071.50000000 2327422.75000000 
0.07400    62398240.00000000 39234712.00000000 98956464.00000000 33174.76562500  2858380.75000000 2266134.50000000 
0.07500    60944692.00000000 38332416.00000000 96666160.00000000 32199.29296875  2782115.25000000 2205927.25000000 
0.07600    59518276.00000000 37446588.00000000 94417472.00000000 31242.85742188  2707244.25000000 2146868.50000000 
0.07700    58118584.00000000 36577264.00000000 92211736.00000000 30306.65820312  2633848.00000000 2088943.25000000 
0.07800    56746452.00000000 35725448.00000000 90049200.00000000 29390.31445312  2561940.50000000 2032177.87500000 
0.07900    55401896.00000000 34890424.00000000 87930176.00000000 28494.00000000  2491520.25000000 1976588.62500000 
0.08000    54085800.00000000 34073260.00000000 85855352.00000000 27618.24023438  2422566.25000000 1922175.62500000 
0.08100    52798156.00000000 33273486.00000000 83826120.00000000 26762.89453125  2355162.00000000 1868972.25000000 
0.08200    51538988.00000000 32491514.00000000 81841080.00000000 25927.99609375  2289267.75000000 1816951.62500000 
0.08300    50308532.00000000 31727600.00000000 79901408.00000000 25113.81640625  2224910.50000000 1766136.00000000 
0.08400    49107088.00000000 30981654.00000000 78008008.00000000 24319.98046875  2162096.50000000 1716540.62500000 
0.08500    47934912.00000000 30253732.00000000 76160976.00000000 23546.89257812  2100815.00000000 1668156.12500000 
0.08600    46791700.00000000 29543910.00000000 74359128.00000000 22794.45703125  2041071.87500000 1620978.50000000 
0.08700    45677896.00000000 28852104.00000000 72602944.00000000 22062.52929688  1982881.37500000 1575018.25000000 
0.08800    44592672.00000000 28178448.00000000 70892800.00000000 21350.89843750  1926206.75000000 1530264.12500000 
0.08900    43536504.00000000 27522894.00000000 69228296.00000000 20659.46679688  1871069.75000000 1486711.00000000 
0.09000    42509488.00000000 26885180.00000000 67609928.00000000 19988.49023438  1817453.37500000 1444357.37500000 
0.09100    41511048.00000000 26265392.00000000 66036636.00000000 19337.13476562  1765343.25000000 1403176.25000000 
0.09200    40541268.00000000 25663320.00000000 64507900.00000000 18705.76953125  1714727.75000000 1363190.75000000 
0.09300    39599944.00000000 25078884.00000000 63024476.00000000 18093.94921875  1665596.25000000 1324372.75000000 
0.09400    38686656.00000000 24511922.00000000 61585024.00000000 17501.46875000  1617938.00000000 1286704.25000000 
0.09500    37800872.00000000 23962112.00000000 60189560.00000000 16927.99804688  1571727.25000000 1250186.87500000 
0.09600    36942868.00000000 23429574.00000000 58837380.00000000 16373.33886719  1526950.37500000 1214784.37500000 
0.09700    36112036.00000000 22913980.00000000 57528180.00000000 15837.24511719  1483575.75000000 1180508.37500000 
0.09800    35307812.00000000 22414768.00000000 56260728.00000000 15319.30371094  1441612.87500000 1147323.62500000 
0.09900    34529860.00000000 21931940.00000000 55035324.00000000 14819.24609375  1401010.75000000 1115217.00000000 
0.10000    33778100.00000000 21465524.00000000 53850040.00000000 14336.74609375  1361740.25000000 1084170.75000000 
0.10100    33051486.00000000 21014802.00000000 52705148.00000000 13871.44628906  1323796.50000000 1054150.75000000 
0.10200    32349790.00000000 20579396.00000000 51600072.00000000 13422.91113281  1287146.12500000 1025162.00000000 
0.10300    31672862.00000000 20159336.00000000 50533332.00000000 12990.89843750  1251765.00000000 997161.62500000 
0.10400    31019858.00000000 19754256.00000000 49504140.00000000 12574.87695312  1217616.62500000 970139.56250000 
0.10500    30390418.00000000 19363572.00000000 48512492.00000000 12174.57128906  1184686.62500000 944074.12500000 
0.10600    29783536.00000000 18987246.00000000 47556396.00000000 11789.49609375  1152924.25000000 918933.87500000 
0.10700    29199046.00000000 18624736.00000000 46635620.00000000 11419.32714844  1122309.00000000 894701.18750000 
0.10800    28636164.00000000 18275560.00000000 45749240.00000000 11063.63964844  1092826.62500000 871344.81250000 
0.10900    28094546.00000000 17939720.00000000 44895828.00000000 10721.77539062  1064420.75000000 848845.68750000 
0.11000    27573470.00000000 17616568.00000000 44075000.00000000 10393.74316406  1037071.62500000 827180.93750000 
0.11100    27072278.00000000 17305768.00000000 43285484.00000000 10078.78808594  1010756.06250000 806321.87500000 
0.11200    26590452.00000000 17006890.00000000 42525968.00000000 9776.65527344   985421.12500000 786248.18750000 
0.11300    26126902.00000000 16719698.00000000 41796308.00000000 9486.81347656   961047.75000000 766926.12500000 
0.11400    25681936.00000000 16443590.00000000 41095232.00000000 9208.98828125   937614.81250000 748335.12500000 
0.11500    25254072.00000000 16178442.00000000 40421276.00000000 8942.54785156   915064.00000000 730451.62500000 
0.11600    24842788.00000000 15923544.00000000 39773540.00000000 8687.28027344   893380.75000000 713248.12500000 
0.11700    24448098.00000000 15678746.00000000 39151396.00000000 8442.70117188   872534.37500000 696701.56250000 
0.11800    24068544.00000000 15443287.00000000 38553492.00000000 8208.32519531   852477.68750000 680778.06250000 
0.11900    23703898.00000000 15217276.00000000 37978976.00000000 7983.74414062   833192.43750000 665464.00000000 
0.12000    23353340.00000000 14999967.00000000 37426960.00000000 7768.64648438   814645.12500000 650724.31250000 
0.12100    23016530.00000000 14791040.00000000 36896312.00000000 7562.60205078   796804.18750000 636545.81250000 
0.12200    22692666.00000000 14590205.00000000 36385724.00000000 7365.20947266   779634.25000000 622891.00000000 
0.12300    22381130.00000000 14396972.00000000 35894964.00000000 7176.15039062   763106.25000000 609753.62500000 
0.12400    22081258.00000000 14210948.00000000 35422428.00000000 6994.92187500   747199.18750000 597091.06250000 
0.12500    21792484.00000000 14031827.00000000 34967320.00000000 6821.27490234   731867.87500000 584889.31250000 
0.12600    21514390.00000000 13859255.00000000 34529132.00000000 6654.84228516   717101.68750000 573131.18750000 
0.12700    21246180.00000000 13692741.00000000 34106380.00000000 6495.18261719   702865.37500000 561785.18750000 
0.12800    20987404.00000000 13532037.00000000 33698168.00000000 6342.02197266   689126.62500000 550838.87500000 
0.12900    20737452.00000000 13376814.00000000 33304002.00000000 6195.03173828   675864.50000000 540262.68750000 
0.13000    20495782.00000000 13226638.00000000 32922940.00000000 6053.88232422   663055.43750000 530043.93750000 
0.13100    20261826.00000000 13081153.00000000 32553742.00000000 5918.28320312   650664.12500000 520152.50000000 
0.13200    20035118.00000000 12940211.00000000 32196232.00000000 5787.87158203   638674.68750000 510578.84375000 
0.13300    19815212.00000000 12803431.00000000 31848916.00000000 5662.51269531   627063.25000000 501303.59375000 
0.13400    19601462.00000000 12670287.00000000 31511492.00000000 5541.74169922   615808.37500000 492304.34375000 
0.13500    19393782.00000000 12540762.00000000 31183258.00000000 5425.43261719   604879.43750000 483564.65625000 
0.13600    19191132.00000000 12414429.00000000 30863240.00000000 5313.21582031   594264.00000000 475071.93750000 
0.13700    18993384.00000000 12290995.00000000 30550698.00000000 5204.94677734   583941.81250000 466806.87500000 
0.13800    18800148.00000000 12170336.00000000 30245070.00000000 5100.33691406   573888.00000000 458753.62500000 
0.13900    18610830.00000000 12052111.00000000 29945868.00000000 4999.22705078   564089.93750000 450901.40625000 
0.14000    18425412.00000000 11936043.00000000 29652106.00000000 4901.32470703   554531.00000000 443233.78125000 
0.14100    18243184.00000000 11821891.00000000 29363488.00000000 4806.47167969   545186.68750000 435741.96875000 
0.14200    18063722.00000000 11709531.00000000 29079414.00000000 4714.45800781   536046.75000000 428404.53125000 
0.14300    17887112.00000000 11598713.00000000 28799296.00000000 4625.15234375   527098.93750000 421218.15625000 
0.14400    17712734.00000000 11489031.00000000 28522672.00000000 4538.30224609   518321.84375000 414167.87500000 
0.14500    17540238.00000000 11380586.00000000 28249072.00000000 4453.82421875   509709.93750000 407242.71875000 
0.14600    17369544.00000000 11273115.00000000 27977932.00000000 4371.57763672   501244.34375000 400435.53125000 
0.14700    17200244.00000000 11166419.00000000 27709190.00000000 4291.38134766   492919.34375000 393740.03125000 
0.14800    17032040.00000000 11060340.00000000 27441818.00000000 4213.07421875   484720.84375000 387137.93750000 
0.14900    16864898.00000000 10954686.00000000 27175924.00000000 4136.57617188   476637.71875000 380627.81250000 
0.15000    16698396.00000000 10849405.00000000 26910964.00000000 4061.81884766   468663.40625000 374204.84375000 
0.15100    16532487.00000000 10744391.00000000 26646984.00000000 3988.63867188   460787.46875000 367860.84375000 
0.15200    16366941.00000000 10639446.00000000 26383240.00000000 3917.01416016   453009.53125000 361588.65625000 
0.15300    16201606.00000000 10534541.00000000 26119596.00000000 3846.77465820   445310.81250000 355380.12500000 
0.15400    16036251.00000000 10429495.00000000 25855876.00000000 3777.83471680   437691.46875000 349237.03125000 
0.15500    15870750.00000000 10324274.00000000 25591914.00000000 3710.20019531   430146.43750000 343149.84375000 
0.15600    15705125.00000000 10218795.00000000 25327428.00000000 3643.77490234   422667.28125000 337114.18750000 
0.15700    15539185.00000000 10113037.00000000 25062422.00000000 3578.48242188   415258.12500000 331129.78125000 
0.15800    15372716.00000000 10006850.00000000 24796438.00000000 3514.24755859   407904.87500000 325192.56250000 
0.15900    15205798.00000000 9900333.00000000 24529536.00000000 3451.13305664   400610.84375000 319301.25000000 
0.16000    15038417.00000000 9793215.00000000 24261812.00000000 3388.99511719   393368.18750000 313450.06250000 
0.16100    14870376.00000000 9685725.00000000 23992780.00000000 3327.84912109   386182.43750000 307645.34375000 
0.16200    14701699.00000000 9577694.00000000 23722746.00000000 3267.62817383   379046.71875000 301878.18750000 
0.16300    14532300.00000000 9469144.00000000 23451500.00000000 3208.33032227   371959.06250000 296149.25000000 
0.16400    14362253.00000000 9360043.00000000 23178926.00000000 3149.94531250   364921.37500000 290461.28125000 
0.16500    14191542.00000000 9250430.00000000 22905258.00000000 3092.41943359   357933.06250000 284808.37500000 
0.16600    14020185.00000000 9140288.00000000 22630516.00000000 3035.79614258   350994.06250000 279199.59375000 
0.16700    13848038.00000000 9029541.00000000 22354082.00000000 2979.97119141   344100.25000000 273626.68750000 
0.16800    13675260.00000000 8918331.00000000 22076904.00000000 2925.01513672   337258.06250000 268091.46875000 
0.16900    13501908.00000000 8806663.00000000 21798642.00000000 2870.90917969   330468.87500000 262600.28125000 
0.17000    13328075.00000000 8694549.00000000 21519128.00000000 2817.62231445   323730.59375000 257148.64062500 
0.17100    13153568.00000000 8581941.00000000 21238944.00000000 2765.17333984   317045.09375000 251739.73437500 
0.17200    12978642.00000000 8469015.00000000 20957702.00000000 2713.57080078   310413.65625000 246374.32812500 
0.17300    12803232.00000000 8355714.50000000 20675764.00000000 2662.82104492   303838.40625000 241055.21875000 
0.17400    12627625.00000000 8242158.50000000 20393182.00000000 2612.89599609   297323.59375000 235783.45312500 
0.17500    12451661.00000000 8128288.50000000 20109974.00000000 2563.79125977   290866.81250000 230561.42187500 
0.17600    12275405.00000000 8014244.50000000 19826366.00000000 2515.53491211   284472.50000000 225385.28125000 
0.17700    12099175.00000000 7900029.50000000 19542546.00000000 2468.13720703   278142.59375000 220264.20312500 
0.17800    11922841.00000000 7785713.50000000 19258562.00000000 2421.56567383   271882.00000000 215196.92187500 
0.17900    11746554.00000000 7671387.50000000 18974596.00000000 2375.88476562   265690.37500000 210186.07812500 
0.18000    11570403.00000000 7557065.50000000 18690720.00000000 2331.03442383   259568.37500000 205232.23437500 
0.18100    11394500.00000000 7442877.50000000 18407278.00000000 2287.09790039   253525.87500000 200341.23437500 
0.18200    11218876.00000000 7328729.00000000 18123962.00000000 2243.95727539   247550.64062500 195507.39062500 
0.18300    11043667.00000000 7214844.50000000 17841484.00000000 2201.72314453   241659.09375000 190738.81250000 
0.18400    10868963.00000000 7101180.00000000 17559630.00000000 2160.34008789   235846.71875000 186035.34375000 
0.18500    10694884.00000000 6987911.00000000 17278642.00000000 2119.86254883   230117.62500000 181400.60937500 
0.18600    10521498.00000000 6875017.00000000 16998862.00000000 2080.22241211   224472.51562500 176831.14062500 
0.18700    10348841.00000000 6762531.00000000 16720168.00000000 2041.44946289   218912.95312500 172333.57812500 
0.18800    10177089.00000000 6650579.50000000 16442735.00000000 2003.56909180   213441.28125000 167906.26562500 
0.18900    10006358.00000000 6539252.50000000 16166955.00000000 1966.55664062   208062.42187500 163555.40625000 
0.19000    9836584.00000000 6428489.50000000 15892669.00000000 1930.34069824   202770.26562500 159275.00000000 
0.19100    9668080.00000000 6318510.50000000 15620365.00000000 1895.05505371   197577.09375000 155073.48437500 
0.19200    9500662.00000000 6209162.50000000 15349824.00000000 1860.57202148   192473.01562500 150947.04687500 
0.19300    9334670.00000000 6100738.00000000 15081532.00000000 1826.96679688   187467.92187500 146898.21875000 
0.19400    9170101.00000000 5993140.00000000 14815169.00000000 1794.15307617   182556.26562500 142926.98437500 
0.19500    9006900.00000000 5886466.00000000 14551358.00000000 1762.17321777   177742.00000000 139034.95312500 
0.19600    8845335.00000000 5780712.50000000 14289922.00000000 1731.01184082   173027.10937500 135223.18750000 
0.19700    8685359.00000000 5676025.00000000 14031036.00000000 1700.64331055   168407.76562500 131490.53125000 
0.19800    8527018.00000000 5572380.50000000 13774845.00000000 1671.03149414   163888.25000000 127837.49218750 
0.19900    8370548.00000000 5469878.00000000 13521534.00000000 1642.21960449   159469.51562500 124267.48437500 
0.20000    8215759.00000000 5368464.00000000 13270961.00000000 1614.14733887   155144.42187500 120774.67187500 
0.20100    8062939.50000000 5268280.50000000 13023416.00000000 1586.81945801   150922.53125000 117363.17968750 
0.20200    7911965.00000000 5169269.00000000 12778915.00000000 1560.19055176   146795.43750000 114032.55468750 
0.20300    7763006.50000000 5071582.00000000 12537646.00000000 1534.28381348   142767.81250000 110781.90625000 
0.20400    7616070.00000000 4975141.00000000 12299522.00000000 1509.05627441   138836.57812500 107608.82031250 
0.20500    7471152.00000000 4880056.00000000 12064779.00000000 1484.49304199   135001.42187500 104515.28125000 
0.20600    7328335.00000000 4786268.50000000 11833274.00000000 1460.55798340   131261.46875000 101498.88281250 
0.20700    7187680.50000000 4693875.50000000 11605260.00000000 1437.26074219   127616.08593750 98559.39062500  
0.20800    7049104.00000000 4602852.00000000 11380677.00000000 1414.54577637   124062.46875000 95696.23437500  
0.20900    6912840.50000000 4513301.00000000 11159765.00000000 1392.47583008   120604.92968750 92910.08593750  
0.21000    6778649.50000000 4425141.00000000 10942201.00000000 1370.90148926   117233.08593750 90195.17187500  
0.21100    6646760.00000000 4338377.00000000 10728196.00000000 1349.91174316   113950.93750000 87553.71875000  
0.21200    6517048.00000000 4253083.50000000 10517862.00000000 1329.42358398   110755.26562500 84983.03906250  
0.21300    6389557.00000000 4169225.00000000 10311084.00000000 1309.42407227   107645.18750000 82481.32812500  
0.21400    6264351.00000000 4086836.50000000 10107901.00000000 1289.92395020   104618.72656250 80049.00781250  
0.21500    6141417.00000000 4005946.25000000 9908511.00000000 1270.89587402   101676.17968750 77684.67187500  
0.21600    6020659.50000000 3926490.50000000 9712574.00000000 1252.28588867   98810.18750000  75383.28906250  
0.21700    5902151.50000000 3848502.25000000 9520378.00000000 1234.11022949   96022.58593750  73145.56250000  
0.21800    5785887.50000000 3771983.00000000 9331676.00000000 1216.33508301   93310.46875000  70971.00781250  
0.21900    5671775.50000000 3696872.25000000 9146529.00000000 1198.93603516   90670.53125000  68854.05468750  
0.22000    5559911.50000000 3623205.50000000 8964984.00000000 1181.91882324   88100.69531250  66796.35937500  
0.22100    5450270.50000000 3551027.75000000 8787057.00000000 1165.25415039   85602.46875000  64796.45703125  
0.22200    5342744.00000000 3480240.25000000 8612613.00000000 1148.92431641   83170.25781250  62850.40625000  
0.22300    5237351.00000000 3410848.75000000 8441508.00000000 1132.90881348   80801.29687500  60956.38671875  
0.22400    5134035.00000000 3342845.25000000 8273914.50000000 1117.20288086   78492.78125000  59112.55468750  
0.22500    5032915.50000000 3276242.50000000 8109826.00000000 1101.80749512   76248.10937500  57320.62500000  
0.22600    4933764.00000000 3210987.50000000 7948924.50000000 1086.67529297   74057.69531250  55573.02734375  
0.22700    4836686.50000000 3147084.00000000 7791400.50000000 1071.84265137   71925.40625000  53873.15234375  
0.22800    4741537.00000000 3084481.25000000 7637051.50000000 1057.25866699   69844.90625000  52215.59375000  
0.22900    4648374.50000000 3023162.25000000 7485903.00000000 1042.91040039   67814.47656250  50599.33593750  
0.23000    4557145.00000000 2963136.00000000 7337866.50000000 1028.83325195   65834.82031250  49024.03515625  
0.23100    4467812.00000000 2904347.75000000 7193006.00000000 1014.99475098   63901.98437500  47487.97656250  
0.23200    4380244.00000000 2846770.75000000 7051017.50000000 1001.38525391   62012.19140625  45986.75000000  
0.23300    4294515.50000000 2790408.75000000 6911992.00000000 987.99432373    60166.24218750  44521.61328125  
0.23400    4210555.50000000 2735203.75000000 6775867.50000000 974.85717773    58362.48437500  43090.28515625  
0.23500    4128260.25000000 2681126.75000000 6642433.00000000 961.90722656    56594.83984375  41689.42968750  
0.23600    4047701.75000000 2628202.75000000 6511862.00000000 949.21582031    54866.82812500  40320.69531250  
0.23700    3968753.75000000 2576343.75000000 6383953.50000000 936.73107910    53174.29296875  38980.00781250  
0.23800    3891417.75000000 2525567.75000000 6258630.50000000 924.46856689    51516.34765625  37668.66015625  
0.23900    3815601.25000000 2475804.75000000 6135773.50000000 912.43212891    49889.66796875  36382.14062500  
0.24000    3741279.00000000 2427066.50000000 6015405.00000000 900.62243652    48295.12109375  35121.40234375  
0.24100    3668500.50000000 2379317.25000000 5897507.50000000 889.07342529    46731.59375000  33886.33203125  
0.24200    3597107.50000000 2332520.50000000 5781913.50000000 877.74481201    45195.95703125  32673.67578125  
0.24300    3527095.25000000 2286656.50000000 5668610.50000000 866.64666748    43687.97656250  31482.92578125  
0.24400    3458426.00000000 2241653.50000000 5557423.50000000 855.80145264    42205.75390625  30312.97851562  
0.24500    3391012.50000000 2197532.75000000 5448417.00000000 845.21093750    40748.30078125  29163.87109375  
0.24600    3324941.00000000 2154285.00000000 5341471.50000000 834.88842773    39317.02734375  28034.75781250  
0.24700    3260069.75000000 2111833.50000000 5236561.50000000 824.83959961    37908.67187500  26924.27148438  
0.24800    3196379.75000000 2070197.75000000 5133576.00000000 815.05010986    36523.94921875  25832.31250000  
0.24900    3133820.50000000 2029307.50000000 5032434.00000000 805.55615234    35160.64062500  24757.58203125  
0.25000    3072389.00000000 1989171.50000000 4933145.00000000 796.36181641    33819.62109375  23700.68750000  
0.25100    3012023.75000000 1949749.12500000 4835570.00000000 787.45373535    32499.20898438  22659.84960938  
0.25200    2952771.75000000 1911073.50000000 4739816.00000000 778.88574219    31202.12890625  21637.43359375  
0.25300    2894491.50000000 1873048.62500000 4645747.00000000 770.62396240    29924.50976562  20630.16992188  
0.25400    2837220.00000000 1835665.62500000 4553200.00000000 762.70288086    28667.80468750  19639.26171875  
0.25500    2780863.50000000 1798944.00000000 4462220.00000000 755.11151123    27430.67187500  18663.60742188  
0.25600    2725492.75000000 1762826.12500000 4372798.00000000 747.88116455    26214.64843750  17704.25000000  
0.25700    2670977.50000000 1727313.75000000 4284822.50000000 741.00238037    25018.47265625  16760.63867188  
0.25800    2617361.50000000 1692394.12500000 4198254.00000000 734.49938965    23843.05859375  15832.88867188  
0.25900    2564620.50000000 1658032.75000000 4113125.75000000 728.38592529    22688.40429688  14921.20312500  
0.26000    2512691.00000000 1624244.00000000 4029349.75000000 722.64807129    21554.62695312  14025.91992188  
0.26100    2461543.75000000 1590949.75000000 3946843.25000000 717.29345703    20440.63671875  13145.32519531  
0.26200    2411264.25000000 1558224.37500000 3865699.00000000 712.37609863    19349.70703125  12282.99804688  
0.26300    2361690.75000000 1525955.00000000 3785712.50000000 707.82818604    18278.11328125  11435.67675781  
0.26400    2312880.50000000 1494220.87500000 3707011.75000000 703.71716309    17229.99609375  10605.97460938  
0.26500    2264833.25000000 1462968.37500000 3629526.75000000 700.02355957    16204.18945312  9793.80761719   
0.26600    2217497.00000000 1432174.00000000 3553189.75000000 696.75671387    15200.56738281  8998.77832031   
0.26700    2170894.25000000 1401861.12500000 3478006.50000000 693.92095947    14221.18359375  8221.75390625   
0.26800    2124974.75000000 1372001.50000000 3403964.00000000 691.52392578    13265.33007812  7463.80664062   
0.26900    2079753.75000000 1342587.62500000 3331006.50000000 689.55261230    12332.78906250  6723.48876953   
0.27000    2035216.50000000 1313627.37500000 3259185.75000000 688.02850342    11425.62500000  6002.87548828   
0.27100    1991338.87500000 1285086.25000000 3188439.75000000 686.93548584    10543.45898438  5301.48779297   
0.27200    1948188.12500000 1257000.25000000 3118801.00000000 686.30780029    9688.70117188   4621.27978516   
0.27300    1905643.12500000 1229321.75000000 3050149.25000000 686.09295654    8858.84277344   3960.16235352   
0.27400    1863704.12500000 1202030.25000000 2982519.00000000 686.29626465    8053.69531250   3318.47827148   
0.27500    1822511.75000000 1175201.75000000 2916047.50000000 686.97167969    7278.77685547   2700.57519531   
0.27600    1781868.62500000 1148741.12500000 2850435.50000000 688.04949951    6529.36962891   2101.87402344   
0.27700    1741931.00000000 1122726.12500000 2785979.50000000 689.56994629    5809.94287109   1526.89013672   
0.27800    1702599.50000000 1097102.87500000 2722504.50000000 691.50048828    5117.88134766   973.25616455    
0.27900    1663918.25000000 1071896.87500000 2660053.50000000 693.84777832    4455.71191406   442.43157959    
0.28000    1625863.87500000 1047078.81250000 2598587.75000000 696.59320068    3822.36889648   -65.24112701    
0.28100    1588463.75000000 1022666.43750000 2538167.25000000 699.73797607    3218.96679688   -549.73840332   
0.28200    1551698.00000000 998669.18750000 2478750.75000000 703.27111816    2646.32128906   -1010.10180664  
0.28300    1515558.50000000 975065.93750000 2420342.00000000 707.17938232    2103.34887695   -1446.88134766  
0.28400    1480033.62500000 951857.93750000 2362926.50000000 711.44195557    1590.67333984   -1860.13293457  
0.28500    1445170.25000000 929062.81250000 2306543.00000000 716.06463623    1110.08178711   -2248.04492188  
0.28600    1410928.00000000 906655.43750000 2251147.75000000 721.01495361    659.13592529    -2612.74902344  
0.28700    1377327.62500000 884662.56250000 2196778.50000000 726.29534912    239.64817810    -2952.21459961  
0.28800    1344347.50000000 863057.43750000 2143406.50000000 731.87841797    -148.52867126   -3267.20385742  
0.28900    1312037.37500000 841877.81250000 2091093.87500000 737.76379395    -505.26348877   -3557.25610352  
0.29000    1280347.75000000 821085.06250000 2039748.12500000 743.91809082    -831.56103516   -3823.19970703  
0.29100    1249311.50000000 800718.00000000 1989460.25000000 750.33172607    -1125.84301758  -4063.79199219  
0.29200    1218909.12500000 780735.43750000 1940176.00000000 756.99310303    -1389.63061523  -4280.02929688  
0.29300    1189169.25000000 761179.18750000 1891952.25000000 763.87872314    -1622.21386719  -4471.11181641  
0.29400    1160031.62500000 742012.00000000 1844679.25000000 770.94982910    -1825.71582031  -4639.46337891  
0.29500    1131587.00000000 723269.12500000 1798502.25000000 778.23358154    -1997.17578125  -4781.98583984  
0.29600    1103751.50000000 704920.25000000 1753292.00000000 785.65783691    -2139.78588867  -4901.74853516  
0.29700    1076555.87500000 686974.31250000 1709115.00000000 793.23321533    -2253.55322266  -4997.96240234  
0.29800    1050011.75000000 669446.75000000 1665986.62500000 800.93499756    -2337.21191406  -5070.24951172  
0.29900    1024125.81250000 652340.93750000 1623905.62500000 808.74951172    -2392.03271484  -5119.23632812  
0.30000    998859.18750000 635618.37500000 1582795.50000000 816.62689209    -2419.99072266  -5146.69970703  
0.30100    974251.31250000 619317.56250000 1542741.50000000 824.58758545    -2419.24023438  -5150.82031250  
0.30200    950246.00000000 603399.43750000 1503641.87500000 832.57464600    -2392.83715820  -5134.57324219  
0.30300    926897.93750000 587911.62500000 1465624.37500000 840.59277344    -2339.36206055  -5095.98437500  
0.30400    904190.81250000 572828.00000000 1428607.00000000 848.60760498    -2260.22412109  -5036.76806641  
0.30500    882069.37500000 558123.06250000 1392548.00000000 856.59082031    -2157.76953125  -4958.43066406  
0.30600    860581.68750000 543820.75000000 1357487.62500000 864.53564453    -2030.98400879  -4860.68603516  
0.30700    839732.31250000 529932.93750000 1323455.75000000 872.42565918    -1879.89843750  -4742.93701172  
0.30800    819470.87500000 516420.46875000 1290366.00000000 880.22003174    -1707.90380859  -4607.89355469  
0.30900    799838.37500000 503308.25000000 1258284.75000000 887.92388916    -1513.58178711  -4454.78027344  
0.31000    780802.06250000 490589.31250000 1227167.37500000 895.49645996    -1299.45312500  -4285.21972656  
0.31100    762329.31250000 478237.25000000 1196953.12500000 902.93316650    -1065.79675293  -4099.67675781  
0.31200    744467.81250000 466270.46875000 1167712.50000000 910.20605469    -813.54437256   -3898.78735352  
0.31300    727167.25000000 454678.00000000 1139412.12500000 917.30053711    -543.73803711   -3683.19555664  
0.31400    710467.43750000 443469.34375000 1112046.75000000 924.20623779    -256.77545166   -3453.47216797  
0.31500    694299.75000000 432606.90625000 1085546.50000000 930.89105225    44.92147446     -3211.59521484  
0.31600    678690.43750000 422118.09375000 1059958.62500000 937.34918213    361.68734741    -2956.89428711  
0.31700    663622.81250000 411980.40625000 1035254.31250000 943.56854248    692.14904785    -2690.75903320  
0.31800    649083.37500000 402183.31250000 1011388.56250000 949.51324463    1033.83312988   -2414.88867188  
0.31900    635083.50000000 392744.34375000 988398.62500000 955.20983887    1388.69702148   -2128.21630859  
0.32000    621591.06250000 383631.28125000 966223.25000000 960.60198975    1753.21667480   -1833.19201660  
0.32100    608580.43750000 374848.84375000 944850.87500000 965.69830322    2127.05102539   -1530.05212402  
0.32200    596091.56250000 366403.15625000 924311.81250000 970.49468994    2509.65600586   -1219.31115723  
0.32300    584033.68750000 358244.43750000 904480.56250000 974.95678711    2898.77880859   -902.95428467   
0.32400    572455.18750000 350406.09375000 885420.93750000 979.08984375    3294.36474609   -580.87927246   
0.32500    561332.00000000 342865.84375000 867120.68750000 982.88073730    3694.71582031   -254.11819458   
0.32600    550646.56250000 335620.71875000 849525.56250000 986.32391357    4099.79150391   76.83811951     
0.32700    540397.06250000 328655.12500000 832639.62500000 989.42120361    4508.48388672   411.18600464    
0.32800    530568.93750000 321990.09375000 816448.93750000 992.15203857    4919.60400391   748.39831543    
0.32900    521125.40625000 315572.81250000 800879.93750000 994.51568604    5331.68652344   1086.47607422   
0.33000    512092.93750000 309423.09375000 785977.18750000 996.51037598    5744.88574219   1426.03747559   
0.33100    503382.09375000 303501.96875000 771621.50000000 998.12274170    6156.29980469   1764.71545410   
0.33200    495103.65625000 297863.65625000 757958.37500000 999.38024902    6568.31005859   2104.59838867   
0.33300    487136.25000000 292441.62500000 744819.75000000 1000.23278809   6977.24853516   2442.45019531   
0.33400    479521.31250000 287251.81250000 732255.56250000 1000.71923828   7384.05419922   2778.80322266   
0.33500    472212.59375000 282278.93750000 720192.43750000 1000.82696533   7786.35986328   3112.21435547   
0.33600    465217.59375000 277512.06250000 708652.25000000 1000.55273438   8184.38134766   3442.68994141   
0.33700    458516.96875000 272948.43750000 697594.50000000 999.89794922    8577.73144531   3769.61157227   
0.33800    452113.12500000 268586.78125000 687028.12500000 998.88244629    8965.55468750   4092.65429688   
0.33900    445957.34375000 264392.93750000 676867.62500000 997.48181152    9346.36914062   4410.43212891   
0.34000    440073.71875000 260386.79687500 667158.56250000 995.72180176    9720.16308594   4723.20019531   
0.34100    434428.53125000 256546.31250000 657852.62500000 993.60418701    10086.91308594  5030.33642578   
0.34200    429052.81250000 252891.20312500 648981.50000000 991.14428711    10446.64941406  5332.04101562   
0.34300    423863.78125000 249359.26562500 640427.50000000 988.31781006    10796.56054688  5626.42382812   
0.34400    418922.25000000 246000.59375000 632271.81250000 985.16198730    11138.73632812  5914.87646484   
0.34500    414157.96875000 242763.39062500 624421.62500000 981.67102051    11471.19531250  6195.54345703   
0.34600    409618.43750000 239679.81250000 616937.43750000 977.86962891    11794.80664062  6469.85449219   
0.34700    405214.06250000 236691.25000000 609673.18750000 973.72869873    12107.33007812  6734.87353516   
0.34800    400996.18750000 233838.09375000 602739.93750000 969.29107666    12409.97949219  6992.49804688   
0.34900    396951.09375000 231095.12500000 596073.62500000 964.56237793    12702.58007812  7242.28710938   
0.35000    393046.37500000 228452.96875000 589651.87500000 959.54632568    12984.06738281  7483.04492188   
0.35100    389314.81250000 225923.40625000 583501.00000000 954.26177979    13256.14257812  7716.43554688   
0.35200    385663.75000000 223461.01562500 577510.62500000 948.70800781    13515.57812500  7939.93115234   
0.35300    382159.87500000 221093.37500000 571739.31250000 942.89910889    13764.37988281  8154.79345703   
0.35400    378788.28125000 218822.37500000 566199.62500000 936.85821533    14002.81152344  8361.35156250   
0.35500    375520.56250000 216617.26562500 560824.81250000 930.59332275    14230.12207031  8559.00976562   
0.35600    372344.53125000 214476.53125000 555605.62500000 924.10827637    14445.65917969  8747.29882812   
0.35700    369273.53125000 212404.62500000 550553.75000000 917.42144775    14650.52441406  8927.04394531   
0.35800    366303.59375000 210402.60937500 545665.81250000 910.54962158    14844.95507812  9098.08886719   
0.35900    363417.03125000 208455.64062500 540917.62500000 903.50341797    15028.39941406  9260.47070312   
0.36000    360624.03125000 206575.64062500 536323.12500000 896.29779053    15201.79394531  9414.69433594   
0.36100    357878.81250000 204724.28125000 531809.37500000 888.92736816    15363.36425781  9559.38476562   
0.36200    355259.09375000 202954.81250000 527492.81250000 881.44586182    15516.78808594  9697.22167969   
0.36300    352653.75000000 201197.64062500 523191.90625000 873.81451416    15657.91601562  9825.30859375   
0.36400    350117.18750000 199480.64062500 519012.53125000 866.07684326    15789.50976562  9945.32910156   
0.36500    347642.34375000 197803.96875000 514929.96875000 858.24273682    15911.64648438  10057.61523438  
0.36600    345253.21875000 196184.26562500 510978.40625000 850.33880615    16025.62597656  10163.10156250  
0.36700    342892.09375000 194573.18750000 507065.68750000 842.32989502    16128.66015625  10259.85546875  
0.36800    340631.37500000 193029.09375000 503313.71875000 834.29772949    16225.01953125  10350.87500000  
0.36900    338407.40625000 191504.89062500 499610.84375000 826.20263672    16312.75781250  10434.69335938  
0.37000    336196.25000000 189985.17187500 495929.31250000 818.04907227    16390.33984375  10510.35644531  
0.37100    334047.78125000 188503.51562500 492345.25000000 809.89086914    16461.07812500  10580.08984375  
0.37200    331979.28125000 187070.21875000 488882.96875000 801.72106934    16525.43164062  10644.28417969  
0.37300    329941.18750000 185647.93750000 485454.00000000 793.53363037    16581.58593750  10701.99218750  
0.37400    327963.03125000 184259.40625000 482119.18750000 785.36474609    16632.11328125  10754.68652344  
0.37500    326034.15625000 182898.34375000 478862.46875000 777.21868896    16676.31640625  10802.08593750  
0.37600    324160.00000000 181569.53125000 475684.00000000 769.08532715    16714.08593750  10844.05175781  
0.37700    322323.09375000 180250.57812500 472543.68750000 760.99011230    16746.02148438  10881.07910156  
0.37800    320549.50000000 178970.51562500 469507.62500000 752.94830322    16773.40429688  10914.13671875  
0.37900    318845.62500000 177728.96875000 466571.65625000 744.96374512    16796.66601562  10943.56835938  
0.38000    317176.09375000 176504.35937500 463682.96875000 737.03472900    16814.47460938  10968.45605469  
0.38100    315554.87500000 175295.70312500 460857.78125000 729.16979980    16828.00976562  10989.29199219  
0.38200    314005.90625000 174134.84375000 458145.96875000 721.39215088    16838.64648438  11007.92675781  
0.38300    312500.06250000 172987.17187500 455486.12500000 713.69299316    16845.11132812  11022.69238281  
0.38400    311081.53125000 171893.23437500 452956.40625000 706.08483887    16849.41601562  11035.62402344  
0.38500    309694.46875000 170806.93750000 450471.68750000 698.56713867    16850.24804688  11045.35937500  
0.38600    308409.56250000 169778.46875000 448133.18750000 691.16851807    16849.97851562  11053.94726562  
0.38700    307151.28125000 168762.01562500 445836.12500000 683.85900879    16846.09375000  11059.44335938  
0.38800    305971.28125000 167785.85937500 443647.81250000 676.66223145    16841.19531250  11063.76171875  
0.38900    304857.34375000 166842.09375000 441552.56250000 669.58673096    16834.39257812  11066.36718750  
0.39000    303845.71875000 165957.17187500 439614.87500000 662.63452148    16827.45703125  11068.84472656  
0.39100    302880.50000000 165095.31250000 437742.43750000 655.80059814    16819.42968750  11069.77832031  
0.39200    302010.00000000 164282.00000000 435996.90625000 649.08996582    16810.47070312  11070.04492188  
0.39300    301194.78125000 163501.20312500 434345.53125000 642.50463867    16800.94726562  11069.72753906  
0.39400    300497.18750000 162783.45312500 432872.00000000 636.06079102    16792.27734375  11069.77929688  
0.39500    299838.90625000 162086.62500000 431444.65625000 629.73077393    16782.28125000  11068.35937500  
0.39600    299273.15625000 161440.26562500 430161.56250000 623.53790283    16772.75976562  11067.52050781  
0.39700    298788.50000000 160836.28125000 428991.25000000 617.47894287    16763.79687500  11066.75976562  
0.39800    298406.37500000 160291.79687500 427978.09375000 611.55902100    16755.85937500  11066.78320312  
0.39900    298095.59375000 159785.40625000 427069.46875000 605.76110840    16748.15625000  11066.88085938  
0.40000    297869.90625000 159329.56250000 426287.21875000 600.09918213    16741.16796875  11067.45507812  
0.40100    297727.78125000 158919.32812500 425631.56250000 594.56665039    16734.93554688  11068.27246094  
0.40200    297690.21875000 158569.09375000 425144.12500000 589.17211914    16730.19531250  11070.26367188  
0.40300    297713.31250000 158256.60937500 424750.31250000 583.90240479    16725.53710938  11072.53808594  
0.40400    297849.06250000 158004.56250000 424509.25000000 578.76190186    16722.89257812  11076.19042969  
0.40500    298061.71875000 157800.98437500 424399.31250000 573.75189209    16721.05078125  11080.32128906  
0.40600    298380.78125000 157660.75000000 424450.87500000 568.86920166    16721.24218750  11086.09277344  
0.40700    298777.31250000 157560.57812500 424611.75000000 564.10168457    16721.73437500  11092.39160156  
0.40800    299253.03125000 157514.46875000 424903.81250000 559.45532227    16723.21679688  11099.11718750  
0.40900    299810.96875000 157514.65625000 425330.28125000 554.92205811    16725.86132812  11107.10351562  
0.41000    300482.12500000 157582.35937500 425919.09375000 550.51800537    16730.70117188  11116.65136719  
0.41100    301217.34375000 157691.09375000 426614.50000000 546.21679688    16735.67187500  11126.42187500  
0.41200    302027.71875000 157844.26562500 427424.09375000 542.02178955    16741.24804688  11136.80859375  
0.41300    302938.12500000 158063.23437500 428398.53125000 537.93725586    16748.72460938  11148.57617188  
0.41400    303911.00000000 158316.54687500 429469.03125000 533.95483398    16756.36132812  11160.78027344  
0.41500    304981.84375000 158634.21875000 430690.12500000 530.07183838    16765.30664062  11174.25000000  
0.41600    306091.62500000 158974.64062500 431976.15625000 526.27551270    16773.82421875  11187.16503906  
0.41700    307306.96875000 159383.84375000 433427.46875000 522.58654785    16784.06054688  11201.69433594  
0.41800    308604.25000000 159850.17187500 435022.90625000 518.99139404    16795.11718750  11217.01660156  
0.41900    309915.59375000 160321.39062500 436629.46875000 515.45739746    16804.25585938  11231.04785156  
0.42000    311329.62500000 160860.76562500 438408.75000000 512.02539062    16815.19531250  11246.54785156  
0.42100    312811.90625000 161448.04687500 440293.31250000 508.67248535    16826.11132812  11262.43164062  
0.42200    314343.71875000 162068.37500000 442269.46875000 505.39175415    16837.10742188  11278.23925781  
0.42300    315913.50000000 162716.67187500 444300.53125000 502.17877197    16846.63476562  11293.47265625  
0.42400    317541.21875000 163402.95312500 446434.84375000 499.03369141    16856.26757812  11308.72851562  
0.42500    319220.96875000 164128.93750000 448655.21875000 495.96166992    16865.33398438  11323.79003906  
0.42600    320921.31250000 164873.31250000 450917.93750000 492.94445801    16873.15625000  11338.06250000  
0.42700    322692.93750000 165665.68750000 453295.43750000 490.00155640    16880.87695312  11352.46093750  
0.42800    324474.46875000 166472.82812500 455695.25000000 487.10012817    16886.58203125  11365.65039062  
0.42900    326316.65625000 167321.46875000 458203.43750000 484.27047729    16892.14453125  11378.94140625  
0.43000    328167.93750000 168181.98437500 460724.78125000 481.48049927    16895.74414062  11390.93164062  
0.43100    330013.53125000 169046.34375000 463252.31250000 478.73303223    16896.62109375  11400.96777344  
0.43200    331910.65625000 169950.73437500 465875.06250000 476.04299927    16897.38476562  11411.00585938  
0.43300    333800.25000000 170857.23437500 468484.75000000 473.39041138    16894.99023438  11419.16210938  
0.43400    335708.46875000 171780.84375000 471137.03125000 470.77963257    16890.86718750  11426.00683594  
0.43500    337604.81250000 172708.17187500 473779.81250000 468.20602417    16884.40039062  11431.31445312  
0.43600    339535.21875000 173663.57812500 476487.03125000 465.68432617    16876.65234375  11435.80957031  
0.43700    341423.71875000 174602.54687500 479141.00000000 463.18652344    16865.25585938  11437.71093750  
0.43800    343292.34375000 175536.39062500 481774.71875000 460.72409058    16850.95312500  11437.74902344  
0.43900    345166.65625000 176483.00000000 484424.87500000 458.29696655    16834.52929688  11436.23828125  
0.44000    347018.12500000 177425.06250000 487049.65625000 455.90225220    16815.16992188  11432.80273438  
0.44100    348842.40625000 178357.18750000 489646.59375000 453.54162598    16792.73828125  11427.03125000  
0.44200    350639.71875000 179283.98437500 492210.28125000 451.20043945    16767.45117188  11419.36621094  
0.44300    352403.53125000 180199.87500000 494733.31250000 448.90087891    16738.86914062  11409.52343750  
0.44400    354131.68750000 181104.15625000 497218.31250000 446.62310791    16707.26171875  11397.49707031  
0.44500    355783.18750000 181965.87500000 499580.43750000 444.36700439    16671.01953125  11382.05957031  
0.44600    357403.40625000 182818.87500000 501909.25000000 442.13800049    16631.90429688  11364.56445312  
0.44700    358990.40625000 183664.04687500 504208.68750000 439.94552612    16589.85937500  11345.28027344  
0.44800    360494.46875000 184464.50000000 506381.09375000 437.76876831    16543.88085938  11322.83691406  
0.44900    361967.28125000 185257.90625000 508518.43750000 435.62902832    16494.81640625  11298.41308594  
0.45000    363378.28125000 186020.46875000 510567.93750000 433.52206421    16442.51757812  11271.76757812  
0.45100    364685.81250000 186729.04687500 512470.93750000 431.42272949    16385.19531250  11241.34375000  
0.45200    365949.87500000 187422.48437500 514314.53125000 429.36206055    16325.20312500  11209.00878906  
0.45300    367120.12500000 188066.04687500 516026.50000000 427.32736206    16261.23339844  11173.89941406  
0.45400    368231.65625000 188681.92187500 517649.46875000 425.31655884    16193.77441406  11136.31250000  
0.45500    369261.03125000 189259.28125000 519164.53125000 423.34759521    16123.05761719  11096.37109375  
0.45600    370194.00000000 189784.79687500 520538.31250000 421.39300537    16048.22265625  11053.26464844  
0.45700    371058.34375000 190276.25000000 521809.28125000 419.47787476    15970.37500000  11008.29101562  
0.45800    371814.31250000 190710.71875000 522928.62500000 417.58871460    15888.94042969  10960.60644531  
0.45900    372482.40625000 191100.42187500 523923.00000000 415.73596191    15803.66894531  10910.12792969  
0.46000    373087.56250000 191458.21875000 524821.43750000 413.92483521    15716.55761719  10858.32324219  
0.46100    373549.75000000 191738.42187500 525513.25000000 412.12744141    15624.30957031  10802.80175781  
0.46200    373957.68750000 191992.45312500 526125.75000000 410.38226318    15530.34375000  10746.16894531  
0.46300    374250.03125000 192184.25000000 526572.43750000 408.66586304    15432.78320312  10686.89257812  
0.46400    374436.59375000 192318.15625000 526859.00000000 406.98794556    15332.33886719  10625.32226562  
0.46500    374540.65625000 192412.37500000 527030.50000000 405.35427856    15229.30761719  10562.22265625  
0.46600    374530.90625000 192440.62500000 527030.87500000 403.75677490    15123.36425781  10496.91796875  
0.46700    374408.56250000 192408.53125000 526867.62500000 402.19348145    15014.24218750  10429.40917969  
0.46800    374221.68750000 192345.10937500 526607.18750000 400.68414307    14904.11816406  10361.04980469  
0.46900    373896.93750000 192202.54687500 526143.06250000 399.20941162    14790.46777344  10290.15234375  
0.47000    373478.09375000 192010.92187500 525539.37500000 397.77993774    14674.97753906  10217.91992188  
0.47100    372969.03125000 191767.46875000 524797.37500000 396.39990234    14557.99902344  10144.72753906  
0.47200    372354.28125000 191467.45312500 523906.56250000 395.06689453    14438.88281250  10070.01953125  
0.47300    371655.34375000 191121.53125000 522890.87500000 393.78152466    14318.59472656  9994.60937500   
0.47400    370822.37500000 190699.54687500 521671.50000000 392.53665161    14195.73925781  9917.14550781   
0.47500    369913.59375000 190236.76562500 520338.87500000 391.34936523    14072.32617188  9839.50488281   
0.47600    368929.06250000 189733.12500000 518898.71875000 390.21398926    13948.52832031  9761.62695312   
0.47700    367800.50000000 189147.64062500 517241.53125000 389.11605835    13821.98730469  9681.48437500   
0.47800    366608.75000000 188523.46875000 515479.46875000 388.08029175    13695.77246094  9602.00195312   
0.47900    365337.68750000 187860.93750000 513615.90625000 387.10452271    13569.32910156  9522.36230469   
0.48000    363949.78125000 187128.70312500 511564.71875000 386.16683960    13441.49218750  9441.53613281   
0.48100    362519.46875000 186375.73437500 509462.18750000 385.29946899    13314.85546875  9361.85058594   
0.48200    360943.87500000 185536.50000000 507127.87500000 384.46160889    13186.10156250  9280.56445312   
0.48300    359305.90625000 184665.23437500 504706.65625000 383.68658447    13058.31347656  9200.06542969   
0.48400    357605.65625000 183756.37500000 502190.06250000 382.96969604    12931.17675781  9120.27734375   
0.48500    355821.03125000 182799.95312500 499548.59375000 382.30545044    12804.27050781  9040.50195312   
0.48600    353975.09375000 181811.76562500 496818.25000000 381.69784546    12678.49707031  8961.68554688   
0.48700    352049.93750000 180776.65625000 493960.75000000 381.14044189    12553.14648438  8883.19921875   
0.48800    350040.25000000 179690.78125000 490976.81250000 380.63101196    12428.00683594  8804.95312500   
0.48900    347981.87500000 178578.20312500 487925.68750000 380.17538452    12304.50585938  8728.06152344   
0.49000    345863.31250000 177434.53125000 484781.71875000 379.77780151    12182.61621094  8652.36035156   
0.49100    343708.75000000 176267.43750000 481584.62500000 379.43865967    12062.54296875  8578.16015625   
0.49200    341472.18750000 175052.73437500 478258.37500000 379.13708496    11943.22753906  8504.38476562   
0.49300    339199.71875000 173815.92187500 474879.62500000 378.88925171    11825.95410156  8432.41406250   
0.49400    336881.53125000 172555.34375000 471431.81250000 378.69430542    11710.61914062  8361.72167969   
0.49500    334513.03125000 171264.42187500 467912.56250000 378.54364014    11597.12304688  8292.47460938   
0.49600    332129.46875000 169966.59375000 464367.00000000 378.44998169    11486.37207031  8225.46289062   
0.49700    329689.75000000 168632.29687500 460729.28125000 378.38922119    11377.08789062  8159.41748047   
0.49800    327234.37500000 167293.51562500 457076.50000000 378.38110352    11270.91210938  8095.60644531   
0.49900    324735.75000000 165924.34375000 453354.62500000 378.40686035    11166.22949219  8033.22509766   
0.50000    322233.78125000 164556.06250000 449632.15625000 378.48727417    11064.97558594  7973.28710938   
