# SAXS profile: number of points = 501, q_min = 0, q_max = 0.5, delta_q = 0.001
#    q    intensity 
0.00000    162234656.00000000 101202328.00000000 256270688.00000000 105372.27343750 8269350.50000000 6531102.50000000 
0.00100    162202688.00000000 101180720.00000000 256217216.00000000 105344.03125000 8267412.00000000 6529552.00000000 
0.00200    162105808.00000000 101118952.00000000 256059632.00000000 105260.07031250 8261459.50000000 6524923.00000000 
0.00300    161940608.00000000 101014960.00000000 255794208.00000000 105120.18750000 8251646.50000000 6517195.00000000 
0.00400    161706032.00000000 100870208.00000000 255426016.00000000 104925.36718750 8237914.00000000 6506407.50000000 
0.00500    161403632.00000000 100683512.00000000 254953088.00000000 104675.76562500 8220326.00000000 6492539.50000000 
0.00600    161033744.00000000 100454720.00000000 254372464.00000000 104370.71875000 8198842.00000000 6475662.50000000 
0.00700    160601504.00000000 100187664.00000000 253691296.00000000 104011.26562500 8173590.00000000 6455764.00000000 
0.00800    160096992.00000000 99879696.00000000 252909520.00000000 103598.75781250 8144543.50000000 6432884.00000000 
0.00900    159532608.00000000 99532320.00000000 252024288.00000000 103133.48437500 8111709.50000000 6407055.00000000 
0.01000    158906672.00000000 99146648.00000000 251039152.00000000 102615.50781250 8075274.00000000 6378368.50000000 
0.01100    158217856.00000000 98721240.00000000 249955344.00000000 102047.26562500 8035130.50000000 6346822.50000000 
0.01200    157469168.00000000 98256688.00000000 248774512.00000000 101428.72656250 7991490.00000000 6312433.00000000 
0.01300    156657984.00000000 97755352.00000000 247499072.00000000 100760.79687500 7944293.50000000 6275370.00000000 
0.01400    155784800.00000000 97216912.00000000 246129792.00000000 100044.76562500 7893730.00000000 6235542.50000000 
0.01500    154854848.00000000 96642472.00000000 244668224.00000000 99282.08593750  7839829.50000000 6193115.50000000 
0.01600    153868384.00000000 96032808.00000000 243116880.00000000 98474.26562500  7782625.00000000 6148116.50000000 
0.01700    152827136.00000000 95388960.00000000 241478064.00000000 97622.32031250  7722276.00000000 6100623.50000000 
0.01800    151729760.00000000 94711840.00000000 239754336.00000000 96727.35937500  7658861.00000000 6050689.50000000 
0.01900    150579600.00000000 94001536.00000000 237947808.00000000 95791.37500000  7592424.50000000 5998439.00000000 
0.02000    149380608.00000000 93259488.00000000 236059424.00000000 94815.89843750  7523131.50000000 5943887.50000000 
0.02100    148130448.00000000 92487248.00000000 234094240.00000000 93802.42187500  7451059.50000000 5887172.00000000 
0.02200    146830928.00000000 91684288.00000000 232052480.00000000 92752.04687500  7376345.50000000 5828309.00000000 
0.02300    145486960.00000000 90853624.00000000 229938512.00000000 91667.83593750  7299024.50000000 5767482.50000000 
0.02400    144098112.00000000 89994840.00000000 227754064.00000000 90549.70312500  7219283.50000000 5704687.50000000 
0.02500    142666832.00000000 89109760.00000000 225501792.00000000 89400.99218750  7137208.00000000 5640098.00000000 
0.02600    141194128.00000000 88199560.00000000 223187040.00000000 88222.30468750  7052903.50000000 5573716.50000000 
0.02700    139681456.00000000 87264368.00000000 220809872.00000000 87016.49218750  6966504.00000000 5505705.00000000 
0.02800    138134672.00000000 86306896.00000000 218373840.00000000 85784.31250000  6878141.50000000 5436131.00000000 
0.02900    136551248.00000000 85326728.00000000 215884288.00000000 84529.00781250  6787951.00000000 5365094.50000000 
0.03000    134934320.00000000 84326912.00000000 213340928.00000000 83251.49218750  6696033.00000000 5292677.50000000 
0.03100    133287512.00000000 83307664.00000000 210749088.00000000 81953.47656250  6602475.50000000 5219020.50000000 
0.03200    131611240.00000000 82269616.00000000 208109984.00000000 80637.28125000  6507454.50000000 5144204.50000000 
0.03300    129907872.00000000 81215528.00000000 205430560.00000000 79304.67968750  6411166.00000000 5068326.00000000 
0.03400    128179080.00000000 80145328.00000000 202709888.00000000 77957.71875000  6313597.50000000 4991485.50000000 
0.03500    126428400.00000000 79060632.00000000 199953264.00000000 76598.04687500  6214928.00000000 4913774.50000000 
0.03600    124656352.00000000 77963328.00000000 197165088.00000000 75227.60156250  6115288.50000000 4835297.00000000 
0.03700    122866080.00000000 76853864.00000000 194345072.00000000 73848.25000000  6014874.00000000 4756129.00000000 
0.03800    121058128.00000000 75734504.00000000 191501264.00000000 72462.03125000  5913659.50000000 4676471.50000000 
0.03900    119236240.00000000 74605272.00000000 188632128.00000000 71069.82031250  5811884.50000000 4596233.00000000 
0.04000    117401480.00000000 73468720.00000000 185742624.00000000 69675.03906250  5709643.00000000 4515675.00000000 
0.04100    115556064.00000000 72324200.00000000 182835088.00000000 68277.51562500  5607010.50000000 4434812.50000000 
0.04200    113701240.00000000 71174296.00000000 179914240.00000000 66880.03906250  5504157.50000000 4353758.50000000 
0.04300    111840144.00000000 70019424.00000000 176983008.00000000 65484.55468750  5401196.50000000 4272572.50000000 
0.04400    109974104.00000000 68861520.00000000 174043792.00000000 64091.25781250  5298232.50000000 4191424.25000000 
0.04500    108105704.00000000 67701944.00000000 171098864.00000000 62703.07812500  5195350.50000000 4110304.00000000 
0.04600    106235720.00000000 66541140.00000000 168152656.00000000 61320.67968750  5092660.00000000 4029350.00000000 
0.04700    104366352.00000000 65380664.00000000 165206528.00000000 59946.40625000  4990303.50000000 3948648.25000000 
0.04800    102499496.00000000 64221556.00000000 162264752.00000000 58580.66406250  4888372.50000000 3868269.00000000 
0.04900    100637232.00000000 63064524.00000000 159329056.00000000 57225.61328125  4786940.50000000 3788268.00000000 
0.05000    98780760.00000000 61911488.00000000 156400800.00000000 55881.78125000  4686118.00000000 3708748.25000000 
0.05100    96931880.00000000 60762316.00000000 153486992.00000000 54551.44531250  4585997.00000000 3629767.00000000 
0.05200    95091672.00000000 59618740.00000000 150585904.00000000 53234.27343750  4486626.00000000 3551397.75000000 
0.05300    93262616.00000000 58481764.00000000 147701872.00000000 51932.97656250  4388160.50000000 3473723.25000000 
0.05400    91445632.00000000 57351896.00000000 144835168.00000000 50647.65625000  4290640.50000000 3396774.25000000 
0.05500    89642360.00000000 56230252.00000000 141991472.00000000 49379.33203125  4194133.00000000 3320631.25000000 
0.05600    87854936.00000000 55117860.00000000 139169152.00000000 48129.01171875  4098707.75000000 3245332.75000000 
0.05700    86082200.00000000 54015276.00000000 136374528.00000000 46898.05078125  4004472.25000000 3170949.25000000 
0.05800    84328104.00000000 52922924.00000000 133607848.00000000 45686.39062500  3911452.50000000 3097531.00000000 
0.05900    82592760.00000000 51842460.00000000 130868512.00000000 44494.96875000  3819715.00000000 3025120.25000000 
0.06000    80877008.00000000 50774152.00000000 128161136.00000000 43325.07421875  3729325.75000000 2953756.25000000 
0.06100    79182576.00000000 49718296.00000000 125485616.00000000 42176.26562500  3640325.00000000 2883477.00000000 
0.06200    77510400.00000000 48676504.00000000 122845184.00000000 41050.15234375  3552797.00000000 2814343.75000000 
0.06300    75860920.00000000 47648948.00000000 120241040.00000000 39946.51171875  3466714.50000000 2746354.75000000 
0.06400    74235432.00000000 46635312.00000000 117673760.00000000 38865.69921875  3382142.75000000 2679581.75000000 
0.06500    72633680.00000000 45637348.00000000 115145880.00000000 37808.26171875  3299161.75000000 2614007.50000000 
0.06600    71058664.00000000 44654800.00000000 112657256.00000000 36774.49218750  3217750.25000000 2549681.50000000 
0.06700    69509632.00000000 43688492.00000000 110209904.00000000 35764.73046875  3137958.00000000 2486643.00000000 
0.06800    67986760.00000000 42738716.00000000 107804944.00000000 34779.03906250  3059786.50000000 2424866.00000000 
0.06900    66491332.00000000 41805404.00000000 105442888.00000000 33817.24218750  2983273.25000000 2364412.75000000 
0.07000    65024288.00000000 40889304.00000000 103123856.00000000 32879.78515625  2908427.50000000 2305248.00000000 
0.07100    63585456.00000000 39991052.00000000 100850048.00000000 31966.42773438  2835282.50000000 2247407.00000000 
0.07200    62174820.00000000 39110320.00000000 98620832.00000000 31076.95703125  2763794.50000000 2190884.25000000 
0.07300    60793776.00000000 38247748.00000000 96437800.00000000 30211.72656250  2694009.75000000 2135709.25000000 
0.07400    59441792.00000000 37403128.00000000 94300376.00000000 29370.51171875  2625910.50000000 2081878.25000000 
0.07500    58119604.00000000 36576900.00000000 92209744.00000000 28552.87109375  2559518.25000000 2029357.12500000 
0.07600    56826692.00000000 35769040.00000000 90165784.00000000 27758.68359375  2494811.75000000 1978177.25000000 
0.07700    55563700.00000000 34979768.00000000 88169000.00000000 26987.77148438  2431790.50000000 1928306.62500000 
0.07800    54330364.00000000 34208732.00000000 86219032.00000000 26239.60937500  2370410.75000000 1879751.25000000 
0.07900    53127388.00000000 33457142.00000000 84316504.00000000 25514.26562500  2310688.50000000 1832504.00000000 
0.08000    51953944.00000000 32723282.00000000 82460856.00000000 24810.97265625  2252625.50000000 1786539.12500000 
0.08100    50810140.00000000 32008436.00000000 80652144.00000000 24129.57421875  2196156.75000000 1741864.12500000 
0.08200    49695672.00000000 31311672.00000000 78889464.00000000 23469.69140625  2141309.00000000 1698432.62500000 
0.08300    48611044.00000000 30633114.00000000 77174040.00000000 22830.72070312  2088036.75000000 1656252.62500000 
0.08400    47555028.00000000 29972936.00000000 75504144.00000000 22212.19531250  2036281.25000000 1615292.62500000 
0.08500    46528672.00000000 29331110.00000000 73880112.00000000 21613.78515625  1986089.37500000 1575537.25000000 
0.08600    45530560.00000000 28706810.00000000 72301328.00000000 21034.98437500  1937363.00000000 1536962.87500000 
0.08700    44560736.00000000 28100516.00000000 70767832.00000000 20475.24218750  1890112.00000000 1499545.62500000 
0.08800    43618444.00000000 27511462.00000000 69277536.00000000 19933.66992188  1844304.75000000 1463258.37500000 
0.08900    42704464.00000000 26939656.00000000 67831768.00000000 19410.37304688  1799893.00000000 1428077.75000000 
0.09000    41817184.00000000 26385036.00000000 66428216.00000000 18904.41796875  1756856.25000000 1393980.87500000 
0.09100    40956428.00000000 25846808.00000000 65067080.00000000 18415.43945312  1715152.25000000 1360929.87500000 
0.09200    40122104.00000000 25325060.00000000 63747408.00000000 17942.64453125  1674736.62500000 1328918.12500000 
0.09300    39313160.00000000 24819740.00000000 62468116.00000000 17485.86132812  1635596.25000000 1297907.25000000 
0.09400    38529008.00000000 24329904.00000000 61228768.00000000 17044.25390625  1597682.62500000 1267861.25000000 
0.09500    37769552.00000000 23855668.00000000 60028100.00000000 16617.34570312  1560965.87500000 1238756.00000000 
0.09600    37033988.00000000 23396418.00000000 58866088.00000000 16204.45996094  1525394.37500000 1210575.00000000 
0.09700    36322260.00000000 22952008.00000000 57740824.00000000 15805.37988281  1490945.25000000 1183259.75000000 
0.09800    35633400.00000000 22522078.00000000 56652148.00000000 15419.39160156  1457584.00000000 1156820.00000000 
0.09900    34966644.00000000 22106252.00000000 55598868.00000000 15046.06738281  1425260.87500000 1131188.75000000 
0.10000    34321572.00000000 21703854.00000000 54579320.00000000 14684.64257812  1393944.00000000 1106363.62500000 
0.10100    33697100.00000000 21314734.00000000 53593616.00000000 14334.87402344  1363600.12500000 1082307.87500000 
0.10200    33093224.00000000 20938658.00000000 52640112.00000000 13996.06054688  1334178.75000000 1059000.12500000 
0.10300    32509472.00000000 20574810.00000000 51718216.00000000 13667.95410156  1305669.37500000 1036385.00000000 
0.10400    31944192.00000000 20223192.00000000 50826652.00000000 13349.89648438  1278030.87500000 1014470.12500000 
0.10500    31397810.00000000 19883384.00000000 49964184.00000000 13041.57910156  1251217.75000000 993211.87500000 
0.10600    30869110.00000000 19554694.00000000 49130396.00000000 12742.46777344  1225186.87500000 972572.31250000 
0.10700    30357582.00000000 19237008.00000000 48324116.00000000 12452.18945312  1199930.00000000 952549.56250000 
0.10800    29862506.00000000 18929930.00000000 47543860.00000000 12170.36132812  1175397.87500000 933095.50000000 
0.10900    29383642.00000000 18632756.00000000 46789168.00000000 11896.52343750  1151576.00000000 914201.93750000 
0.11000    28920010.00000000 18345368.00000000 46059024.00000000 11630.37011719  1128414.00000000 895832.93750000 
0.11100    28471078.00000000 18067292.00000000 45352016.00000000 11371.50585938  1105889.12500000 877978.00000000 
0.11200    28036172.00000000 17798308.00000000 44667928.00000000 11119.53417969  1083970.87500000 860593.06250000 
0.11300    27614762.00000000 17537698.00000000 44004580.00000000 10874.24316406  1062640.62500000 843674.75000000 
0.11400    27206478.00000000 17285332.00000000 43362360.00000000 10635.36718750  1041860.25000000 827195.43750000 
0.11500    26810428.00000000 17040882.00000000 42739820.00000000 10402.36718750  1021608.87500000 811138.18750000 
0.11600    26426158.00000000 16803794.00000000 42136200.00000000 10175.20117188  1001861.25000000 795480.87500000 
0.11700    26052984.00000000 16573966.00000000 41550052.00000000 9953.60156250   982598.43750000 780211.00000000 
0.11800    25690668.00000000 16350857.00000000 40980860.00000000 9737.17285156   963783.81250000 765288.18750000 
0.11900    25338470.00000000 16133959.00000000 40428144.00000000 9525.76464844   945406.87500000 750716.75000000 
0.12000    24995734.00000000 15923302.00000000 39890276.00000000 9319.17382812   927442.37500000 736472.62500000 
0.12100    24662502.00000000 15718516.00000000 39367540.00000000 9117.27441406   909885.12500000 722550.75000000 
0.12200    24337746.00000000 15519263.00000000 38858308.00000000 8919.68945312   892698.06250000 708918.62500000 
0.12300    24021232.00000000 15325112.00000000 38362348.00000000 8726.38671875   875869.06250000 695575.12500000 
0.12400    23712242.00000000 15135771.00000000 37878208.00000000 8537.19238281   859381.62500000 682496.93750000 
0.12500    23410858.00000000 14951009.00000000 37406160.00000000 8351.92285156   843222.12500000 669688.56250000 
0.12600    23116150.00000000 14770677.00000000 36944956.00000000 8170.56884766   827380.75000000 657120.68750000 
0.12700    22828166.00000000 14594358.00000000 36493792.00000000 7992.76074219   811839.18750000 644788.37500000 
0.12800    22546030.00000000 14421780.00000000 36052188.00000000 7818.58056641   796573.31250000 632690.00000000 
0.12900    22269686.00000000 14252833.00000000 35619484.00000000 7647.86230469   781590.06250000 620803.75000000 
0.13000    21998876.00000000 14087302.00000000 35195908.00000000 7480.50732422   766870.68750000 609126.06250000 
0.13100    21732792.00000000 13924771.00000000 34779680.00000000 7316.41943359   752395.43750000 597646.00000000 
0.13200    21471758.00000000 13765075.00000000 34371132.00000000 7155.48974609   738166.62500000 586362.93750000 
0.13300    21215030.00000000 13608254.00000000 33969400.00000000 6997.75634766   724179.18750000 575259.25000000 
0.13400    20962216.00000000 13453797.00000000 33574120.00000000 6843.03320312   710412.81250000 564338.75000000 
0.13500    20713194.00000000 13301664.00000000 33184628.00000000 6691.31494141   696866.43750000 553585.18750000 
0.13600    20467938.00000000 13151696.00000000 32800776.00000000 6542.49609375   683532.43750000 543003.68750000 
0.13700    20226042.00000000 13003692.00000000 32422104.00000000 6396.59912109   670400.56250000 532583.25000000 
0.13800    19987092.00000000 12857548.00000000 32047976.00000000 6253.51855469   657474.62500000 522320.46875000 
0.13900    19751002.00000000 12713075.00000000 31678534.00000000 6113.23925781   644738.68750000 512210.12500000 
0.14000    19517700.00000000 12570167.00000000 31313162.00000000 5975.70361328   632196.50000000 502250.18750000 
0.14100    19286866.00000000 12428633.00000000 30951254.00000000 5840.95898438   619837.62500000 492439.18750000 
0.14200    19058092.00000000 12288481.00000000 30592990.00000000 5708.79248047   607660.43750000 482766.68750000 
0.14300    18831658.00000000 12149476.00000000 30237930.00000000 5579.31103516   595660.31250000 473238.62500000 
0.14400    18607178.00000000 12011494.00000000 29885702.00000000 5452.39648438   583841.12500000 463845.28125000 
0.14500    18384600.00000000 11874524.00000000 29536450.00000000 5328.12548828   572192.68750000 454586.53125000 
0.14600    18163606.00000000 11738534.00000000 29189544.00000000 5206.41210938   560711.56250000 445465.18750000 
0.14700    17944506.00000000 11603339.00000000 28845182.00000000 5087.20263672   549398.37500000 436476.62500000 
0.14800    17726572.00000000 11468922.00000000 28502776.00000000 4970.49267578   538250.87500000 427617.43750000 
0.14900    17510058.00000000 11335210.00000000 28162282.00000000 4856.22119141   527264.06250000 418883.84375000 
0.15000    17294964.00000000 11202072.00000000 27823712.00000000 4744.39355469   516442.53125000 410278.46875000 
0.15100    17081122.00000000 11069589.00000000 27486968.00000000 4634.95849609   505781.28125000 401796.87500000 
0.15200    16868388.00000000 10937698.00000000 27151614.00000000 4527.95458984   495280.65625000 393443.87500000 
0.15300    16656902.00000000 10806179.00000000 26818176.00000000 4423.26806641   484937.03125000 385217.21875000 
0.15400    16446255.00000000 10675183.00000000 26485792.00000000 4320.84228516   474746.18750000 377106.34375000 
0.15500    16236684.00000000 10544616.00000000 26155040.00000000 4220.75683594   464708.90625000 369118.65625000 
0.15600    16028086.00000000 10414472.00000000 25825444.00000000 4122.84228516   454824.21875000 361255.78125000 
0.15700    15820557.00000000 10284737.00000000 25497196.00000000 4027.19335938   445100.62500000 353513.71875000 
0.15800    15613798.00000000 10155357.00000000 25169932.00000000 3933.62573242   435520.90625000 345884.43750000 
0.15900    15408014.00000000 10026410.00000000 24844062.00000000 3842.28198242   426095.81250000 338379.68750000 
0.16000    15203118.00000000 9897760.00000000 24519342.00000000 3753.00317383   416812.87500000 330987.53125000 
0.16100    14999094.00000000 9769500.00000000 24195838.00000000 3665.80859375   407686.18750000 323715.46875000 
0.16200    14796016.00000000 9641575.00000000 23873326.00000000 3580.62524414   398700.81250000 316559.15625000 
0.16300    14593733.00000000 9514053.00000000 23552098.00000000 3497.38232422   389860.68750000 309517.96875000 
0.16400    14392487.00000000 9386906.00000000 23232256.00000000 3416.11645508   381169.96875000 302589.78125000 
0.16500    14192078.00000000 9260132.00000000 22913372.00000000 3336.75195312   372619.34375000 295774.68750000 
0.16600    13992631.00000000 9133756.00000000 22595882.00000000 3259.25122070   364211.15625000 289072.00000000 
0.16700    13794057.00000000 9007750.00000000 22279606.00000000 3183.53710938   355941.09375000 282478.78125000 
0.16800    13596374.00000000 8882186.00000000 21964406.00000000 3109.60009766   347808.56250000 275996.37500000 
0.16900    13399893.00000000 8757067.00000000 21650860.00000000 3037.42382812   339820.37500000 269624.37500000 
0.17000    13204305.00000000 8632443.00000000 21338626.00000000 2966.90722656   331963.84375000 263357.50000000 
0.17100    13009687.00000000 8508261.00000000 21027820.00000000 2898.06127930   324243.21875000 257201.45312500 
0.17200    12816192.00000000 8384604.00000000 20718534.00000000 2830.81372070   316655.68750000 251146.73437500 
0.17300    12623854.00000000 8261522.00000000 20410800.00000000 2765.12792969   309198.25000000 245198.43750000 
0.17400    12432631.00000000 8138987.00000000 20104642.00000000 2700.99414062   301874.15625000 239354.96875000 
0.17500    12242572.00000000 8017027.00000000 19800308.00000000 2638.34985352   294676.62500000 233610.87500000 
0.17600    12053631.00000000 7895650.50000000 19497468.00000000 2577.12500000   287602.28125000 227967.51562500 
0.17700    11865983.00000000 7774953.00000000 19196630.00000000 2517.33789062   280658.21875000 222424.03125000 
0.17800    11679634.00000000 7654885.00000000 18897520.00000000 2458.89746094   273834.71875000 216975.78125000 
0.17900    11494633.00000000 7535578.50000000 18600350.00000000 2401.82812500   267132.03125000 211627.54687500 
0.18000    11310840.00000000 7417009.00000000 18305192.00000000 2346.05444336   260551.31250000 206374.25000000 
0.18100    11128544.00000000 7299117.50000000 18012284.00000000 2291.54272461   254090.21875000 201215.54687500 
0.18200    10947567.00000000 7182053.50000000 17721288.00000000 2238.27758789   247742.57812500 196146.50000000 
0.18300    10768144.00000000 7065814.00000000 17432410.00000000 2186.21972656   241509.59375000 191168.25000000 
0.18400    10590159.00000000 6950431.50000000 17145782.00000000 2135.32397461   235390.09375000 186282.23437500 
0.18500    10413780.00000000 6835947.00000000 16861722.00000000 2085.58837891   229381.89062500 181484.87500000 
0.18600    10238958.00000000 6722251.00000000 16579846.00000000 2036.97424316   223483.78125000 176772.53125000 
0.18700    10065611.00000000 6609557.00000000 16300327.00000000 1989.45751953   217691.90625000 172146.28125000 
0.18800    9893941.00000000 6497775.50000000 16023359.00000000 1943.00134277   212004.92187500 167604.85937500 
0.18900    9723922.00000000 6387050.50000000 15749164.00000000 1897.63378906   206426.57812500 163148.29687500 
0.19000    9555633.00000000 6277173.50000000 15477279.00000000 1853.23144531   200945.23437500 158767.07812500 
0.19100    9389048.00000000 6168509.50000000 15208330.00000000 1809.91577148   195571.82812500 154473.95312500 
0.19200    9224163.00000000 6060792.00000000 14941832.00000000 1767.51208496   190293.10937500 150256.18750000 
0.19300    9061172.00000000 5954230.00000000 14678259.00000000 1726.13354492   185116.95312500 146118.62500000 
0.19400    8899865.00000000 5848694.50000000 14417456.00000000 1685.67871094   180033.85937500 142056.95312500 
0.19500    8740504.00000000 5744293.00000000 14159598.00000000 1646.19006348   175047.43750000 138072.20312500 
0.19600    8582915.00000000 5641086.00000000 13904546.00000000 1607.59326172   170155.67187500 134160.23437500 
0.19700    8427255.00000000 5538975.50000000 13652506.00000000 1569.94238281   165355.45312500 130323.31250000 
0.19800    8273396.00000000 5438044.00000000 13403397.00000000 1533.15039062   160645.93750000 126557.50781250 
0.19900    8121568.50000000 5338362.00000000 13157424.00000000 1497.29809570   156029.85937500 122866.42187500 
0.20000    7971615.50000000 5239851.00000000 12914429.00000000 1462.30517578   151498.78125000 119242.42187500 
0.20100    7823652.50000000 5142618.00000000 12674679.00000000 1428.17480469   147057.75000000 115688.64062500 
0.20200    7677644.00000000 5046574.00000000 12437884.00000000 1394.91613770   142702.67187500 112205.92968750 
0.20300    7533657.00000000 4951817.50000000 12204376.00000000 1362.50878906   138433.00000000 108790.70312500 
0.20400    7391625.00000000 4858298.00000000 11974031.00000000 1330.96020508   134248.09375000 105441.46875000 
0.20500    7251641.00000000 4766086.50000000 11746730.00000000 1300.24902344   130147.25781250 102159.35156250 
0.20600    7113655.00000000 4675163.00000000 11522780.00000000 1270.34948730   126126.39062500 98940.62500000  
0.20700    6977665.00000000 4585520.00000000 11302056.00000000 1241.30871582   122189.32812500 95788.38281250  
0.20800    6843719.50000000 4497141.00000000 11084601.00000000 1213.06384277   118330.97656250 92699.18750000  
0.20900    6711919.50000000 4410172.50000000 10870479.00000000 1185.68701172   114558.19531250 89676.85156250  
0.21000    6582028.00000000 4324420.50000000 10659446.00000000 1159.07458496   110858.34375000 86713.34375000  
0.21100    6454214.50000000 4240079.50000000 10451820.00000000 1133.27502441   107238.94531250 83813.57812500  
0.21200    6328468.50000000 4156979.00000000 10247442.00000000 1108.27807617   103696.03906250 80974.16406250  
0.21300    6204712.50000000 4075206.00000000 10046391.00000000 1084.07299805   100229.19531250 78196.10937500  
0.21400    6083072.50000000 3994749.00000000 9848587.00000000 1060.65954590   96840.26562500  75477.85937500  
0.21500    5963466.00000000 3915698.50000000 9654056.00000000 1038.04821777   93527.36718750  72821.51562500  
0.21600    5845843.00000000 3837870.75000000 9462796.00000000 1016.18139648   90285.75000000  70221.33593750  
0.21700    5730277.50000000 3761397.75000000 9274916.00000000 995.11035156    87120.60156250  67680.91406250  
0.21800    5616696.00000000 3686255.75000000 9090091.00000000 974.79559326    84026.85937500  65198.74609375  
0.21900    5505129.00000000 3612407.25000000 8908544.00000000 955.21295166    81004.78906250  62772.47656250  
0.22000    5395488.00000000 3539834.50000000 8730256.00000000 936.39337158    78054.61718750  60403.60937500  
0.22100    5287948.50000000 3468594.50000000 8555192.00000000 918.31799316    75177.50000000  58092.87109375  
0.22200    5182328.50000000 3398660.50000000 8383442.50000000 900.97882080    72369.32031250  55837.14453125  
0.22300    5078622.50000000 3329972.50000000 8214661.00000000 884.34051514    69630.41406250  53635.96093750  
0.22400    4976886.50000000 3262540.00000000 8048991.00000000 868.41754150    66959.50000000  51488.83984375  
0.22500    4877134.00000000 3196420.25000000 7886596.50000000 853.22711182    64360.56640625  49399.03515625  
0.22600    4779143.50000000 3131526.00000000 7727154.00000000 838.69006348    61826.05468750  47360.36718750  
0.22700    4683145.50000000 3067869.25000000 7570858.50000000 824.85211182    59360.69921875  45376.65625000  
0.22800    4588981.50000000 3005438.75000000 7417538.50000000 811.68005371    56959.98828125  43444.70703125  
0.22900    4496675.50000000 2944200.50000000 7267175.00000000 799.16113281    54623.80078125  41564.69531250  
0.23000    4406199.00000000 2884193.50000000 7119860.50000000 787.29876709    52354.20312500  39736.42968750  
0.23100    4317509.00000000 2825391.00000000 6975428.00000000 776.05932617    50148.42578125  37959.87500000  
0.23200    4230569.00000000 2767716.25000000 6833787.50000000 765.43200684    48004.80468750  36232.48828125  
0.23300    4145393.25000000 2711206.00000000 6695106.50000000 755.40960693    45924.53125000  34555.71875000  
0.23400    4061942.75000000 2655875.25000000 6559173.50000000 745.99719238    43906.25781250  32928.70312500  
0.23500    3980156.50000000 2601617.75000000 6425936.50000000 737.12750244    41946.34765625  31347.89257812  
0.23600    3900085.50000000 2548473.25000000 6295498.50000000 728.83807373    40049.07031250  29817.40429688  
0.23700    3821683.00000000 2496439.00000000 6167775.50000000 721.09503174    38209.96875000  28333.48828125  
0.23800    3744871.50000000 2445478.75000000 6042682.00000000 713.87652588    36430.07421875  26896.63085938  
0.23900    3669631.75000000 2395551.75000000 5920072.50000000 707.17480469    34705.99609375  25504.78320312  
0.24000    3595986.00000000 2346669.00000000 5800142.50000000 700.97924805    33039.25390625  24158.67187500  
0.24100    3523913.00000000 2298818.50000000 5682712.00000000 695.28314209    31430.07226562  22859.08007812  
0.24200    3453328.75000000 2251988.00000000 5567671.00000000 690.04968262    29874.63671875  21602.11718750  
0.24300    3384220.50000000 2206125.25000000 5455069.00000000 685.25982666    28373.22656250  20388.19335938  
0.24400    3316555.75000000 2161214.75000000 5344829.00000000 680.91333008    26924.36523438  19217.07617188  
0.24500    3250316.00000000 2117249.75000000 5236897.00000000 676.99011230    25527.60351562  18087.41601562  
0.24600    3185509.50000000 2074213.12500000 5131304.00000000 673.47613525    24182.14062500  16999.35742188  
0.24700    3122038.25000000 2032104.12500000 5027903.00000000 670.35803223    22887.15820312  15951.59960938  
0.24800    3059939.25000000 1990865.37500000 4926700.50000000 667.62084961    21641.99218750  14943.70410156  
0.24900    2999107.75000000 1950488.00000000 4827573.00000000 665.22973633    20443.51367188  13973.84960938  
0.25000    2939591.00000000 1910983.25000000 4730594.00000000 663.20422363    19293.43554688  13042.59277344  
0.25100    2881308.25000000 1872284.75000000 4635649.50000000 661.49755859    18188.70898438  12148.09375000  
0.25200    2824302.50000000 1834445.50000000 4542715.00000000 660.13403320    17131.29296875  11291.18359375  
0.25300    2768483.50000000 1797390.87500000 4451729.00000000 659.06427002    16116.88281250  10469.87597656  
0.25400    2713822.00000000 1761111.62500000 4362692.00000000 658.28186035    15146.73437500  9683.47070312   
0.25500    2660307.75000000 1725572.87500000 4275467.00000000 657.78112793    14217.55957031  8930.88281250   
0.25600    2607939.00000000 1690802.00000000 4190090.75000000 657.54425049    13331.12402344  8211.57617188   
0.25700    2556617.25000000 1656759.75000000 4106552.25000000 657.56018066    12484.43164062  7525.02001953   
0.25800    2506395.25000000 1623410.62500000 4024670.75000000 657.81372070    11677.44921875  6870.40039062   
0.25900    2457249.50000000 1590772.37500000 3944541.50000000 658.30310059    10909.17285156  6246.83154297   
0.26000    2409084.00000000 1558803.00000000 3866079.50000000 659.01049805    10178.52734375  5653.93212891   
0.26100    2361901.75000000 1527478.00000000 3789169.25000000 659.91455078    9483.26367188   5089.58593750   
0.26200    2315735.00000000 1496825.50000000 3713937.25000000 661.03051758    8825.43457031   4554.89013672   
0.26300    2270459.75000000 1466767.87500000 3640158.75000000 662.30816650    8200.10058594   4047.19165039   
0.26400    2226129.75000000 1437359.25000000 3567912.75000000 663.76843262    7609.84521484   3567.01049805   
0.26500    2182720.00000000 1408529.87500000 3497174.25000000 665.40002441    7052.05517578   3113.47045898   
0.26600    2140176.25000000 1380278.00000000 3427847.75000000 667.17700195    6525.77343750   2685.04321289   
0.26700    2098520.50000000 1352620.75000000 3359942.75000000 669.11840820    6031.11572266   2282.33300781   
0.26800    2057695.25000000 1325517.62500000 3293385.00000000 671.19531250    5566.88623047   1903.52124023   
0.26900    2017657.50000000 1298932.12500000 3228111.25000000 673.37683105    5130.24072266   1547.58081055   
0.27000    1978440.75000000 1272898.00000000 3164235.75000000 675.70422363    4722.96923828   1214.96997070   
0.27100    1940008.62500000 1247367.62500000 3101577.25000000 678.13952637    4342.32421875   903.53961182    
0.27200    1902370.87500000 1222377.75000000 3040210.00000000 680.70159912    3990.26708984   615.36627197    
0.27300    1865432.50000000 1197849.25000000 2980001.00000000 683.34692383    3661.81396484   346.00384521    
0.27400    1829189.12500000 1173769.50000000 2920902.00000000 686.06225586    3356.65209961   95.26332855     
0.27500    1793725.12500000 1150229.62500000 2863117.00000000 688.90325928    3078.66284180   -133.62988281   
0.27600    1758900.87500000 1127081.87500000 2806303.75000000 691.79913330    2821.20141602   -346.46417236   
0.27700    1724801.00000000 1104436.62500000 2750724.50000000 694.79217529    2588.30273438   -539.35253906   
0.27800    1691338.50000000 1082207.62500000 2696151.25000000 697.84533691    2375.62500000   -716.26971436   
0.27900    1658547.62500000 1060409.87500000 2642665.50000000 700.96441650    2184.30859375   -876.00952148   
0.28000    1626364.37500000 1039037.50000000 2590175.00000000 704.15148926    2013.08276367   -1019.91247559  
0.28100    1594814.50000000 1018063.06250000 2538735.25000000 707.37805176    1860.68017578   -1148.98266602  
0.28200    1563879.37500000 997503.00000000 2488273.00000000 710.67535400    1728.21777344   -1262.31323242  
0.28300    1533548.87500000 977341.75000000 2438784.50000000 714.00512695    1612.85864258   -1361.64294434  
0.28400    1503784.25000000 957545.81250000 2390214.00000000 717.37579346    1514.40515137   -1447.98779297  
0.28500    1474614.87500000 938155.43750000 2342623.50000000 720.79718018    1433.45178223   -1520.19018555  
0.28600    1445984.75000000 919116.62500000 2295894.75000000 724.24310303    1367.42761230   -1581.13598633  
0.28700    1417911.62500000 900445.68750000 2250078.75000000 727.71380615    1316.91345215   -1629.39404297  
0.28800    1390371.12500000 882116.31250000 2205111.00000000 731.21514893    1281.33129883   -1666.52746582  
0.28900    1363385.25000000 864169.56250000 2161071.75000000 734.73815918    1260.24035645   -1691.87927246  
0.29000    1336899.75000000 846540.00000000 2117828.00000000 738.27557373    1251.81689453   -1707.65270996  
0.29100    1310948.00000000 829275.81250000 2075442.37500000 741.84289551    1256.88574219   -1712.59912109  
0.29200    1285479.62500000 812318.43750000 2033864.50000000 745.41137695    1273.97155762   -1708.10095215  
0.29300    1260528.25000000 795708.37500000 1993099.50000000 748.99621582    1303.49682617   -1694.07275391  
0.29400    1236019.12500000 779394.50000000 1953074.50000000 752.56884766    1342.48400879   -1672.69714355  
0.29500    1212037.00000000 763425.87500000 1913903.25000000 756.16741943    1394.12194824   -1641.23657227  
0.29600    1188495.75000000 747746.37500000 1875446.00000000 759.74896240    1454.87048340   -1603.06408691  
0.29700    1165407.62500000 732368.43750000 1837711.62500000 763.32379150    1524.94177246   -1557.86608887  
0.29800    1142804.00000000 717303.56250000 1800757.12500000 766.89953613    1605.21740723   -1504.71984863  
0.29900    1120642.87500000 702541.81250000 1764546.50000000 770.47125244    1694.61059570   -1444.39367676  
0.30000    1098911.50000000 688056.56250000 1729013.12500000 774.01574707    1790.91088867   -1378.56884766  
0.30100    1077640.12500000 673870.81250000 1694231.25000000 777.56011963    1896.53881836   -1305.83789062  
0.30200    1056762.00000000 659954.93750000 1660088.37500000 781.07452393    2008.48999023   -1228.33984375  
0.30300    1036342.43750000 646342.31250000 1626682.37500000 784.57385254    2128.20703125   -1144.51770020  
0.30400    1016343.37500000 633001.68750000 1593963.50000000 788.05285645    2254.98779297   -1055.41284180  
0.30500    996720.25000000 619913.75000000 1561867.87500000 791.49560547    2387.11474609   -962.43505859   
0.30600    977494.56250000 607100.25000000 1530434.12500000 794.91302490    2525.34692383   -864.60644531   
0.30700    958715.81250000 594573.25000000 1499692.87500000 798.30718994    2670.05371094   -761.41625977   
0.30800    940305.62500000 582287.56250000 1469559.00000000 801.66094971    2819.45434570   -655.27215576   
0.30900    922301.12500000 570275.81250000 1440086.25000000 804.99121094    2974.51367188   -544.52923584   
0.31000    904677.18750000 558522.62500000 1411246.00000000 808.26922607    3133.97583008   -430.40957642   
0.31100    887413.81250000 547002.06250000 1382991.75000000 811.51318359    3297.56958008   -312.89508057   
0.31200    870544.18750000 535747.50000000 1355379.25000000 814.71386719    3465.84130859   -191.97454834   
0.31300    854045.87500000 524733.75000000 1328353.37500000 817.86187744    3637.58496094   -68.16699219    
0.31400    837923.93750000 513982.09375000 1301965.12500000 820.98223877    3813.92700195   59.07573318     
0.31500    822144.12500000 503454.71875000 1276120.12500000 824.03540039    3992.69824219   188.40304565    
0.31600    806728.18750000 493171.71875000 1250885.62500000 827.04791260    4175.58398438   320.99765015    
0.31700    791677.50000000 483123.62500000 1226232.12500000 830.01055908    4361.56542969   455.85247803    
0.31800    776954.31250000 473306.40625000 1202124.62500000 832.90356445    4549.14550781   592.26885986    
0.31900    762606.18750000 463732.09375000 1178614.00000000 835.76300049    4741.22802734   732.25817871    
0.32000    748583.31250000 454382.00000000 1155644.75000000 838.54412842    4935.06542969   873.57128906    
0.32100    734886.75000000 445248.59375000 1133218.25000000 841.27795410    5131.27490234   1016.94079590   
0.32200    721554.87500000 436358.65625000 1111377.37500000 843.94787598    5330.16943359   1162.76916504   
0.32300    708509.62500000 427661.12500000 1090017.12500000 846.54559326    5530.27294922   1309.41210938   
0.32400    695800.12500000 419189.93750000 1069208.75000000 849.08892822    5732.75732422   1458.06970215   
0.32500    683415.81250000 410934.56250000 1048920.50000000 851.55023193    5936.50292969   1608.24914551   
0.32600    671346.12500000 402895.84375000 1029156.25000000 853.95013428    6142.49804688   1760.30273438   
0.32700    659591.06250000 395064.37500000 1009904.81250000 856.28332520    6350.26269531   1913.67504883   
0.32800    648161.56250000 387457.46875000 991190.68750000 858.54895020    6559.96484375   2069.24462891   
0.32900    637011.12500000 380032.25000000 972941.81250000 860.72552490    6770.34814453   2225.35839844   
0.33000    626181.56250000 372828.78125000 955215.31250000 862.83660889    6982.68261719   2383.19555664   
0.33100    615607.81250000 365791.46875000 937899.50000000 864.86236572    7194.79931641   2541.43627930   
0.33200    605388.81250000 358994.87500000 921175.43750000 866.82836914    7410.20458984   2702.51391602   
0.33300    595424.68750000 352368.40625000 904871.00000000 868.69641113    7625.75976562   2863.80224609   
0.33400    585759.81250000 345944.40625000 889058.87500000 870.48608398    7842.75488281   3026.81225586   
0.33500    576366.43750000 339703.78125000 873678.43750000 872.19549561    8059.86035156   3190.30053711   
0.33600    567249.18750000 333645.03125000 858768.12500000 873.80682373    8278.15917969   3354.75976562   
0.33700    558399.81250000 327772.62500000 844298.37500000 875.34381104    8497.16796875   3520.55590820   
0.33800    549841.43750000 322091.18750000 830303.06250000 876.79156494    8717.52148438   3687.72412109   
0.33900    541521.18750000 316570.62500000 816697.25000000 878.14105225    8937.90234375   3854.93237305   
0.34000    533473.81250000 311232.43750000 803538.93750000 879.40130615    9158.84375000   4023.44287109   
0.34100    525681.37500000 306064.78125000 790800.93750000 880.56250000    9380.43457031   4192.63574219   
0.34200    518171.71875000 301092.59375000 778526.75000000 881.65008545    9603.56250000   4363.71630859   
0.34300    510875.34375000 296255.78125000 766603.68750000 882.61407471    9825.69140625   4534.32226562   
0.34400    503862.78125000 291609.75000000 755143.93750000 883.49835205    10049.63378906  4706.52001953   
0.34500    497066.56250000 287108.84375000 744040.25000000 884.27911377    10272.80957031  4879.08544922   
0.34600    490544.75000000 282787.53125000 733382.93750000 884.95953369    10497.69726562  5053.02734375   
0.34700    484207.96875000 278593.87500000 723035.50000000 885.53216553    10720.73925781  5226.32080078   
0.34800    478127.18750000 274564.25000000 713107.62500000 885.99377441    10944.62988281  5400.60205078   
0.34900    472272.87500000 270690.43750000 703542.31250000 886.35632324    11168.97070312  5575.61132812   
0.35000    466636.96875000 266959.46875000 694328.37500000 886.60943604    11392.44335938  5750.57031250   
0.35100    461244.84375000 263388.53125000 685533.25000000 886.75616455    11616.96972656  5926.76757812   
0.35200    456019.21875000 259927.79687500 676990.56250000 886.78070068    11839.60156250  6102.03076172   
0.35300    451018.25000000 256614.53125000 668820.06250000 886.69934082    12062.14941406  6277.71679688   
0.35400    446237.90625000 253446.54687500 661014.12500000 886.50976562    12284.62500000  6453.79541016   
0.35500    441653.21875000 250406.75000000 653517.06250000 886.19580078    12506.47363281  6629.87695312   
0.35600    437248.65625000 247484.84375000 646319.87500000 885.76391602    12727.02929688  6805.41015625   
0.35700    433042.96875000 244692.57812500 639448.06250000 885.21313477    12946.92773438  6981.04394531   
0.35800    429035.28125000 242028.68750000 632885.93750000 884.55352783    13166.20703125  7156.45019531   
0.35900    425201.37500000 239479.53125000 626616.93750000 883.76641846    13384.10058594  7331.54101562   
0.36000    421568.75000000 237057.07812500 620671.06250000 882.87322998    13601.62109375  7506.76025391   
0.36100    418077.65625000 234727.28125000 614952.93750000 881.84106445    13816.39550781  7680.25488281   
0.36200    414808.90625000 232541.15625000 609583.25000000 880.70153809    14031.91992188  7854.78759766   
0.36300    411652.56250000 230421.75000000 604407.25000000 879.42767334    14243.65625000  8026.78369141   
0.36400    408656.84375000 228413.04687500 599488.00000000 878.03125000    14453.96093750  8198.18066406   
0.36500    405823.75000000 226503.78125000 594816.68750000 876.51092529    14662.24218750  8368.52539062   
0.36600    403161.21875000 224705.62500000 590442.37500000 874.88055420    14869.62890625  8538.74316406   
0.36700    400619.12500000 222983.01562500 586243.00000000 873.11059570    15073.32812500  8706.41601562   
0.36800    398265.37500000 221377.03125000 582351.31250000 871.23815918    15276.72949219  8874.23046875   
0.36900    396031.81250000 219848.37500000 578642.75000000 869.23461914    15477.12207031  9040.41601562   
0.37000    393889.93750000 218374.95312500 575096.18750000 867.09161377    15673.28613281  9203.54492188   
0.37100    391891.59375000 216992.59375000 571766.00000000 864.84161377    15867.14941406  9365.47949219   
0.37200    390043.43750000 215706.18750000 568682.75000000 862.47314453    16059.44042969  9526.41601562   
0.37300    388291.00000000 214477.32812500 565748.37500000 859.97924805    16247.39160156  9684.72167969   
0.37400    386670.34375000 213328.37500000 563020.25000000 857.37945557    16433.37304688  9841.78027344   
0.37500    385158.90625000 212247.65625000 560454.56250000 854.65954590    16616.12695312  9996.50097656   
0.37600    383755.21875000 211235.81250000 558074.06250000 851.82330322    16795.06445312  10148.84570312  
0.37700    382431.50000000 210269.29687500 555816.56250000 848.86352539    16969.95898438  10298.46289062  
0.37800    381218.68750000 209373.20312500 553733.93750000 845.80334473    17141.76757812  10446.06640625  
0.37900    380121.43750000 208544.64062500 551824.31250000 842.64123535    17310.58984375  10591.77832031  
0.38000    379087.09375000 207756.46875000 550025.56250000 839.35144043    17474.69140625  10734.25195312  
0.38100    378123.84375000 207010.07812500 548327.56250000 835.96691895    17634.36132812  10873.52929688  
0.38200    377266.56250000 206326.54687500 546795.68750000 832.49230957    17790.82421875  11010.80761719  
0.38300    376462.40625000 205672.04687500 545340.50000000 828.90502930    17942.35351562  11144.45703125  
0.38400    375757.37500000 205082.29687500 544051.68750000 825.22094727    18090.61132812  11275.88964844  
0.38500    375080.75000000 204507.20312500 542804.81250000 821.45007324    18233.24023438  11403.62402344  
0.38600    374509.53125000 203995.17187500 541722.50000000 817.59625244    18373.04101562  11529.22753906  
0.38700    373968.87500000 203493.48437500 540671.00000000 813.63934326    18506.87109375  11650.48144531  
0.38800    373483.31250000 203033.28125000 539725.12500000 809.60748291    18636.82031250  11768.99121094  
0.38900    373051.56250000 202597.87500000 538844.25000000 805.49102783    18761.56835938  11883.99804688  
0.39000    372693.59375000 202212.42187500 538089.37500000 801.31488037    18882.89257812  11996.42187500  
0.39100    372358.90625000 201834.76562500 537363.12500000 797.05566406    18998.82421875  12105.07910156  
0.39200    372076.28125000 201487.45312500 536714.62500000 792.73529053    19110.14257812  12210.37207031  
0.39300    371822.18750000 201157.98437500 536116.06250000 788.34222412    19216.41992188  12312.01464844  
0.39400    371631.46875000 200868.70312500 535617.25000000 783.90130615    19318.90039062  12411.04296875  
0.39500    371439.78125000 200571.71875000 535101.56250000 779.39324951    19415.46289062  12505.47265625  
0.39600    371283.59375000 200297.10937500 534648.75000000 774.83837891    19507.39062500  12596.82031250  
0.39700    371152.81250000 200034.76562500 534228.18750000 770.23114014    19594.52734375  12684.54687500  
0.39800    371062.50000000 199798.06250000 533869.50000000 765.58941650    19677.48437500  12769.09472656  
0.39900    370977.71875000 199563.56250000 533527.62500000 760.89556885    19755.14648438  12849.96777344  
0.40000    370912.18750000 199340.92187500 533208.56250000 756.17437744    19828.27539062  12927.38867188  
0.40100    370859.31250000 199122.28125000 532908.81250000 751.41809082    19896.10351562  13000.93164062  
0.40200    370837.28125000 198925.15625000 532657.31250000 746.64385986    19960.07226562  13071.48730469  
0.40300    370802.21875000 198719.21875000 532380.00000000 741.83880615    20018.36132812  13137.82910156  
0.40400    370793.00000000 198524.73437500 532142.12500000 737.01025391    20072.97851562  13201.46386719  
0.40500    370787.65625000 198334.46875000 531915.56250000 732.17572021    20122.50390625  13261.24023438  
0.40600    370805.06250000 198156.98437500 531713.31250000 727.33508301    20168.34765625  13318.42871094  
0.40700    370805.50000000 197973.81250000 531506.37500000 722.47290039    20209.04687500  13371.50976562  
0.40800    370811.90625000 197788.76562500 531285.50000000 717.60974121    20245.06250000  13421.31542969  
0.40900    370813.25000000 197604.48437500 531066.43750000 712.74353027    20276.94140625  13467.87304688  
0.41000    370838.18750000 197432.90625000 530881.06250000 707.89489746    20305.26367188  13511.56250000  
0.41100    370841.50000000 197250.50000000 530668.93750000 703.04302979    20328.70507812  13551.71484375  
0.41200    370835.65625000 197060.60937500 530429.75000000 698.18927002    20347.60546875  13588.33496094  
0.41300    370844.59375000 196884.34375000 530229.06250000 693.36456299    20363.25781250  13622.46875000  
0.41400    370827.65625000 196688.67187500 529976.37500000 688.54321289    20374.46875000  13653.05957031  
0.41500    370825.68750000 196505.70312500 529758.37500000 683.75311279    20382.11718750  13681.11035156  
0.41600    370779.68750000 196296.46875000 529473.06250000 678.96618652    20385.03906250  13705.25683594  
0.41700    370757.21875000 196104.04687500 529220.62500000 674.21490479    20385.28515625  13727.51757812  
0.41800    370748.28125000 195922.75000000 528987.43750000 669.49926758    20382.50781250  13747.25976562  
0.41900    370664.43750000 195693.95312500 528637.62500000 664.78204346    20373.72265625  13762.56738281  
0.42000    370610.87500000 195489.31250000 528345.81250000 660.11206055    20363.11718750  13776.09960938  
0.42100    370551.78125000 195284.60937500 528055.00000000 655.48004150    20349.38867188  13787.20410156  
0.42200    370476.93750000 195071.81250000 527731.68750000 650.87933350    20332.13476562  13795.61621094  
0.42300    370375.00000000 194838.06250000 527361.75000000 646.30255127    20310.61132812  13800.78515625  
0.42400    370265.78125000 194609.98437500 526993.87500000 641.76666260    20286.48242188  13803.70312500  
0.42500    370145.00000000 194376.07812500 526614.25000000 637.26678467    20259.23437500  13804.14843750  
0.42600    369996.93750000 194125.18750000 526178.75000000 632.80285645    20228.51953125  13801.74414062  
0.42700    369866.46875000 193891.06250000 525784.37500000 628.38848877    20195.74023438  13797.84472656  
0.42800    369694.28125000 193632.90625000 525325.37500000 624.00732422    20159.06250000  13790.91503906  
0.42900    369543.71875000 193392.29687500 524901.62500000 619.68005371    20120.75390625  13782.38867188  
0.43000    369356.28125000 193132.20312500 524430.93750000 615.38592529    20079.03320312  13771.17968750  
0.43100    369127.62500000 192848.84375000 523894.00000000 611.12512207    20033.47265625  13757.16894531  
0.43200    368922.96875000 192585.42187500 523396.46875000 606.92651367    19986.91992188  13741.97851562  
0.43300    368681.50000000 192305.09375000 522855.34375000 602.75537109    19936.57226562  13723.89843750  
0.43400    368436.06250000 192023.40625000 522303.53125000 598.63110352    19884.13281250  13704.09765625  
0.43500    368160.59375000 191729.17187500 521717.53125000 594.55072021    19828.78125000  13682.08691406  
0.43600    367908.00000000 191448.71875000 521163.78125000 590.52221680    19772.41210938  13658.90625000  
0.43700    367603.21875000 191144.32812500 520534.03125000 586.52661133    19712.18945312  13632.84667969  
0.43800    367274.31250000 190830.54687500 519872.90625000 582.57135010    19649.55273438  13604.85546875  
0.43900    366952.31250000 190523.03125000 519228.43750000 578.67169189    19585.32812500  13575.27734375  
0.44000    366611.06250000 190209.14062500 518556.65625000 574.80871582    19518.36914062  13543.97460938  
0.44100    366253.34375000 189887.54687500 517866.59375000 570.98925781    19449.41210938  13510.71093750  
0.44200    365881.71875000 189564.53125000 517160.56250000 567.20947266    19378.36132812  13475.88183594  
0.44300    365491.46875000 189236.85937500 516431.06250000 563.48205566    19305.02734375  13439.27929688  
0.44400    365092.53125000 188906.54687500 515695.37500000 559.78192139    19229.69726562  13401.20019531  
0.44500    364638.12500000 188545.15625000 514868.21875000 556.12145996    19151.16992188  13360.47949219  
0.44600    364185.46875000 188191.92187500 514060.40625000 552.50335693    19071.11718750  13318.47460938  
0.44700    363736.84375000 187847.93750000 513264.06250000 548.93511963    18989.53320312  13275.38671875  
0.44800    363241.40625000 187476.46875000 512399.75000000 545.38665771    18905.15820312  13230.20996094  
0.44900    362757.56250000 187119.20312500 511551.78125000 541.89562988    18819.78320312  13183.95996094  
0.45000    362256.06250000 186758.79687500 510694.37500000 538.44409180    18732.65429688  13136.46191406  
0.45100    361701.15625000 186370.21875000 509753.34375000 535.01074219    18641.93750000  13086.38769531  
0.45200    361151.81250000 185992.90625000 508830.84375000 531.62365723    18550.47070312  13035.58496094  
0.45300    360572.78125000 185596.35937500 507863.40625000 528.27105713    18456.74609375  12983.10937500  
0.45400    359984.50000000 185206.23437500 506896.15625000 524.95220947    18361.25781250  12929.32128906  
0.45500    359379.50000000 184810.37500000 505902.84375000 521.67565918    18264.27539062  12874.37304688  
0.45600    358741.00000000 184397.62500000 504869.59375000 518.42608643    18164.81445312  12817.68359375  
0.45700    358098.00000000 183990.18750000 503835.18750000 515.21679688    18063.87890625  12760.07324219  
0.45800    357419.62500000 183565.60937500 502745.96875000 512.03637695    17961.39257812  12701.04882812  
0.45900    356721.93750000 183136.45312500 501636.34375000 508.88644409    17856.56250000  12640.45605469  
0.46000    356030.53125000 182716.43750000 500551.43750000 505.78344727    17751.54101562  12579.76464844  
0.46100    355271.87500000 182265.04687500 499358.43750000 502.69186401    17642.84179688  12516.47265625  
0.46200    354532.96875000 181828.25000000 498214.59375000 499.64456177    17534.17968750  12453.11132812  
0.46300    353758.06250000 181376.00000000 497011.87500000 496.62774658    17423.12890625  12388.19042969  
0.46400    352947.25000000 180910.09375000 495769.18750000 493.63742065    17310.50390625  12322.07812500  
0.46500    352138.50000000 180452.87500000 494536.78125000 490.68685913    17196.99218750  12255.44628906  
0.46600    351293.43750000 179977.64062500 493251.34375000 487.75930786    17081.48242188  12187.42871094  
0.46700    350414.84375000 179488.85937500 491922.93750000 484.85897827    16964.13281250  12118.18945312  
0.46800    349551.12500000 179016.09375000 490625.06250000 481.99499512    16846.70898438  12048.97753906  
0.46900    348629.59375000 178514.23437500 489248.37500000 479.15997314    16726.83007812  11978.10351562  
0.47000    347691.62500000 178010.50000000 487852.84375000 476.35034180    16605.73632812  11906.33398438  
0.47100    346740.15625000 177505.65625000 486445.75000000 473.57946777    16484.14648438  11834.35156250  
0.47200    345766.28125000 176990.37500000 485006.53125000 470.83456421    16360.98339844  11761.33593750  
0.47300    344779.28125000 176477.06250000 483557.84375000 468.12240601    16237.02734375  11688.06054688  
0.47400    343741.81250000 175936.43750000 482035.90625000 465.42990112    16111.30761719  11613.16308594  
0.47500    342699.40625000 175403.64062500 480521.12500000 462.77618408    15985.21875000  11538.41113281  
0.47600    341657.59375000 174877.12500000 479013.90625000 460.15890503    15858.83691406  11463.56445312  
0.47700    340544.93750000 174311.23437500 477404.62500000 457.55209351    15729.74804688  11386.86035156  
0.47800    339440.93750000 173754.50000000 475805.21875000 454.98693848    15601.10351562  11310.45214844  
0.47900    338326.71875000 173202.50000000 474210.46875000 452.45648193    15472.31152344  11234.01953125  
0.48000    337161.25000000 172624.18750000 472534.81250000 449.94796753    15341.71875000  11156.39746094  
0.48100    336021.96875000 172071.12500000 470916.84375000 447.48837280    15211.92187500  11079.52246094  
0.48200    334802.40625000 171470.03125000 469176.34375000 445.03128052    15079.63867188  11000.84570312  
0.48300    333579.25000000 170875.18750000 467440.21875000 442.61993408    14947.84667969  10922.67871094  
0.48400    332354.21875000 170284.42187500 465705.46875000 440.24069214    14816.02246094  10844.45019531  
0.48500    331104.21875000 169684.01562500 463938.62500000 437.89028931    14683.69921875  10766.00292969  
0.48600    329842.81250000 169085.51562500 462171.37500000 435.57546997    14551.76171875  10687.66894531  
0.48700    328560.25000000 168474.32812500 460360.78125000 433.29611206    14419.00488281  10609.21289062  
0.48800    327235.06250000 167845.62500000 458500.40625000 431.03656006    14285.63867188  10530.04492188  
0.48900    325911.50000000 167220.17187500 456649.40625000 428.81527710    14152.71972656  10451.17382812  
0.49000    324575.37500000 166594.95312500 454782.93750000 426.62750244    14020.31640625  10372.79492188  
0.49100    323239.84375000 165972.90625000 452923.06250000 424.48489380    13888.49804688  10294.91113281  
0.49200    321863.00000000 165329.71875000 451002.28125000 422.36129761    13756.00976562  10216.37695312  
0.49300    320483.65625000 164688.82812500 449085.78125000 420.27618408    13624.35449219  10138.40722656  
0.49400    319087.43750000 164043.39062500 447151.31250000 418.23031616    13493.11132812  10060.68066406  
0.49500    317676.75000000 163391.56250000 445193.71875000 416.21261597    13362.00292969  9983.03808594   
0.49600    316276.78125000 162747.26562500 443255.65625000 414.23901367    13232.18457031  9906.34667969   
0.49700    314839.40625000 162086.42187500 441267.12500000 412.29354858    13102.22460938  9829.32519531   
0.49800    313412.40625000 161433.51562500 439298.03125000 410.39447021    12973.74023438  9753.33398438   
0.49900    311954.40625000 160764.29687500 437288.43750000 408.51968384    12845.22265625  9677.05371094   
0.50000    310512.06250000 160105.04687500 435296.75000000 406.69439697    12718.28125000  9601.93359375   
