# SAXS profile: number of points = 501, q_min = 0, q_max = 0.5, delta_q = 0.001
#    q    intensity 
0.00000    162238608.00000000 101202080.00000000 256271888.00000000 108782.35156250 8402099.00000000 6635917.00000000 
0.00100    162203824.00000000 101180472.00000000 256216848.00000000 108753.66406250 8400095.00000000 6634350.00000000 
0.00200    162102400.00000000 101116544.00000000 256054896.00000000 108668.39843750 8394094.00000000 6629645.00000000 
0.00300    161931152.00000000 101009600.00000000 255784368.00000000 108526.03125000 8384058.00000000 6621769.00000000 
0.00400    161689872.00000000 100861008.00000000 255405328.00000000 108326.57812500 8370044.50000000 6610765.00000000 
0.00500    161379120.00000000 100670328.00000000 254919712.00000000 108071.71093750 8352077.50000000 6596664.50000000 
0.00600    161002384.00000000 100437400.00000000 254326080.00000000 107759.73437500 8330208.00000000 6579464.00000000 
0.00700    160556128.00000000 100162816.00000000 253626688.00000000 107393.38281250 8304412.00000000 6559129.00000000 
0.00800    160045296.00000000 99847280.00000000 252824304.00000000 106971.98437500 8274752.00000000 6535828.00000000 
0.00900    159465424.00000000 99490624.00000000 251916928.00000000 106496.01562500 8241293.50000000 6509480.00000000 
0.01000    158822352.00000000 99094056.00000000 250906080.00000000 105966.57031250 8204006.50000000 6480171.50000000 
0.01100    158114672.00000000 98658040.00000000 249794752.00000000 105385.33593750 8163019.00000000 6447967.50000000 
0.01200    157345088.00000000 98182376.00000000 248583152.00000000 104751.44531250 8118372.50000000 6412849.50000000 
0.01300    156513312.00000000 97667720.00000000 247274560.00000000 104067.17968750 8070153.50000000 6374930.50000000 
0.01400    155618320.00000000 97115736.00000000 245867488.00000000 103333.14062500 8018389.50000000 6334234.50000000 
0.01500    154662096.00000000 96526704.00000000 244368656.00000000 102550.82031250 7963162.00000000 6290803.00000000 
0.01600    153648432.00000000 95900736.00000000 242774736.00000000 101721.40625000 7904586.00000000 6244713.50000000 
0.01700    152577648.00000000 95239072.00000000 241092368.00000000 100845.07812500 7842707.50000000 6196073.00000000 
0.01800    151450528.00000000 94544224.00000000 239321200.00000000 99924.52343750  7777636.50000000 6144886.00000000 
0.01900    150267968.00000000 93814016.00000000 237465264.00000000 98960.78906250  7709448.00000000 6091258.50000000 
0.02000    149033520.00000000 93051824.00000000 235522128.00000000 97954.95312500  7638226.00000000 6035264.00000000 
0.02100    147747296.00000000 92257928.00000000 233501664.00000000 96908.85937500  7564126.00000000 5976957.50000000 
0.02200    146411584.00000000 91432600.00000000 231402592.00000000 95823.75000000  7487190.00000000 5916468.00000000 
0.02300    145026832.00000000 90578152.00000000 229226976.00000000 94701.35937500  7407595.00000000 5853838.00000000 
0.02400    143596640.00000000 89694304.00000000 226977728.00000000 93543.82031250  7325358.00000000 5789147.00000000 
0.02500    142121344.00000000 88783536.00000000 224660560.00000000 92352.17968750  7240654.00000000 5722522.00000000 
0.02600    140604544.00000000 87846920.00000000 222275888.00000000 91128.71093750  7153589.00000000 5654034.50000000 
0.02700    139047168.00000000 86884456.00000000 219826672.00000000 89875.03125000  7064290.50000000 5583770.50000000 
0.02800    137449072.00000000 85898280.00000000 217316448.00000000 88591.82031250  6972829.50000000 5511814.50000000 
0.02900    135816400.00000000 84888752.00000000 214749696.00000000 87282.88281250  6879408.00000000 5438319.00000000 
0.03000    134148352.00000000 83858672.00000000 212127120.00000000 85948.64843750  6784099.00000000 5363274.50000000 
0.03100    132447912.00000000 82807384.00000000 209453104.00000000 84591.24218750  6687007.00000000 5286864.50000000 
0.03200    130717320.00000000 81738008.00000000 206730656.00000000 83212.89062500  6588301.50000000 5209191.00000000 
0.03300    128957264.00000000 80650112.00000000 203963712.00000000 81815.13281250  6488074.00000000 5130318.00000000 
0.03400    127171160.00000000 79546080.00000000 201155760.00000000 80399.64062500  6386487.00000000 5050335.00000000 
0.03500    125361080.00000000 78427064.00000000 198309392.00000000 78969.07812500  6283616.50000000 4969376.50000000 
0.03600    123528744.00000000 77293824.00000000 195426832.00000000 77525.03125000  6179620.00000000 4887547.00000000 
0.03700    121676472.00000000 76148192.00000000 192513920.00000000 76068.75781250  6074671.50000000 4804881.50000000 
0.03800    119805880.00000000 74991608.00000000 189571616.00000000 74602.71875000  5968787.50000000 4721568.50000000 
0.03900    117919936.00000000 73824568.00000000 186605104.00000000 73128.89843750  5862233.50000000 4637624.50000000 
0.04000    116020600.00000000 72648904.00000000 183616560.00000000 71648.05468750  5755028.00000000 4553248.50000000 
0.04100    114108544.00000000 71467160.00000000 180609520.00000000 70163.60937500  5647350.50000000 4468420.50000000 
0.04200    112188288.00000000 70278312.00000000 177588160.00000000 68676.14062500  5539278.00000000 4383321.50000000 
0.04300    110260136.00000000 69085600.00000000 174555600.00000000 67187.57031250  5430985.00000000 4298037.00000000 
0.04400    108326952.00000000 67889256.00000000 171510992.00000000 65700.21875000  5322541.50000000 4212629.50000000 
0.04500    106390080.00000000 66689288.00000000 168462560.00000000 64215.57421875  5214121.50000000 4127200.25000000 
0.04600    104452128.00000000 65489076.00000000 165412416.00000000 62734.71484375  5105761.50000000 4041839.25000000 
0.04700    102514720.00000000 64288960.00000000 162361936.00000000 61259.97656250  4997663.00000000 3956669.25000000 
0.04800    100578704.00000000 63090280.00000000 159317360.00000000 59792.10156250  4889895.00000000 3871736.75000000 
0.04900    98648152.00000000 61894356.00000000 156277008.00000000 58333.97656250  4782522.50000000 3787168.25000000 
0.05000    96723544.00000000 60701852.00000000 153247184.00000000 56885.60937500  4675727.00000000 3702981.00000000 
0.05100    94807136.00000000 59513916.00000000 150230000.00000000 55448.97656250  4569587.50000000 3619321.75000000 
0.05200    92900968.00000000 58332112.00000000 147227600.00000000 54026.18359375  4464172.50000000 3536246.75000000 
0.05300    91005768.00000000 57156960.00000000 144243248.00000000 52617.36328125  4359653.50000000 3453818.25000000 
0.05400    89123296.00000000 55989604.00000000 141278432.00000000 51224.50000000  4256042.00000000 3372140.00000000 
0.05500    87255928.00000000 54831728.00000000 138336736.00000000 49848.53125000  4153429.00000000 3291235.75000000 
0.05600    85405128.00000000 53683368.00000000 135420448.00000000 48490.83984375  4051959.50000000 3211223.75000000 
0.05700    83571488.00000000 52545600.00000000 132532456.00000000 47152.26171875  3951673.75000000 3132123.50000000 
0.05800    81757048.00000000 51419684.00000000 129674272.00000000 45833.92578125  3852653.25000000 3054018.00000000 
0.05900    79963776.00000000 50306316.00000000 126847248.00000000 44536.69140625  3754966.75000000 2976950.00000000 
0.06000    78191976.00000000 49205984.00000000 124054984.00000000 43261.43750000  3658712.25000000 2901003.75000000 
0.06100    76442840.00000000 48119728.00000000 121298176.00000000 42009.47265625  3563930.50000000 2826218.25000000 
0.06200    74717976.00000000 47048436.00000000 118579536.00000000 40781.15625000  3470703.25000000 2752634.75000000 
0.06300    73019008.00000000 45992844.00000000 115900952.00000000 39577.10546875  3379055.25000000 2680316.25000000 
0.06400    71346120.00000000 44953148.00000000 113262288.00000000 38398.29296875  3289045.75000000 2609258.75000000 
0.06500    69700352.00000000 43930380.00000000 110667912.00000000 37245.05078125  3200764.25000000 2539547.75000000 
0.06600    68083032.00000000 42924536.00000000 108116776.00000000 36117.86718750  3114209.50000000 2471205.75000000 
0.06700    66494604.00000000 41936984.00000000 105611328.00000000 35017.14062500  3029430.50000000 2404265.25000000 
0.06800    64936308.00000000 40967552.00000000 103153360.00000000 33943.61328125  2946475.25000000 2338743.50000000 
0.06900    63408292.00000000 40016856.00000000 100743304.00000000 32897.35937500  2865376.75000000 2274672.25000000 
0.07000    61911992.00000000 39085496.00000000 98381320.00000000 31878.50585938  2786151.50000000 2212083.75000000 
0.07100    60446976.00000000 38173580.00000000 96069680.00000000 30887.56835938  2708827.00000000 2150976.00000000 
0.07200    59014300.00000000 37281400.00000000 93808800.00000000 29924.43359375  2633424.00000000 2091368.37500000 
0.07300    57614392.00000000 36409492.00000000 91599128.00000000 28989.33203125  2559959.75000000 2033308.50000000 
0.07400    56247704.00000000 35557960.00000000 89441472.00000000 28082.40820312  2488434.50000000 1976759.12500000 
0.07500    54914344.00000000 34726872.00000000 87335816.00000000 27203.15234375  2418859.25000000 1921749.87500000 
0.07600    53614236.00000000 33916664.00000000 85282552.00000000 26351.97460938  2351268.25000000 1868285.75000000 
0.07700    52348144.00000000 33127128.00000000 83283160.00000000 25528.36132812  2285611.00000000 1816351.25000000 
0.07800    51116020.00000000 32358680.00000000 81336392.00000000 24732.56445312  2221920.50000000 1765967.12500000 
0.07900    49917732.00000000 31610878.00000000 79443240.00000000 23963.95898438  2160184.75000000 1717101.50000000 
0.08000    48753152.00000000 30884280.00000000 77603688.00000000 23222.49609375  2100379.50000000 1669765.75000000 
0.08100    47622656.00000000 30178764.00000000 75816736.00000000 22507.84960938  2042498.87500000 1623949.37500000 
0.08200    46525928.00000000 29493748.00000000 74083128.00000000 21819.40820312  1986526.25000000 1579630.50000000 
0.08300    45462392.00000000 28829684.00000000 72402872.00000000 21157.08203125  1932438.00000000 1536794.75000000 
0.08400    44432384.00000000 28186056.00000000 70774280.00000000 20519.99414062  1880216.87500000 1495422.87500000 
0.08500    43435400.00000000 27563148.00000000 69197256.00000000 19908.37304688  1829822.12500000 1455513.50000000 
0.08600    42471128.00000000 26960260.00000000 67673216.00000000 19320.98632812  1781248.37500000 1417020.75000000 
0.08700    41539176.00000000 26377704.00000000 66198800.00000000 18757.82421875  1734464.50000000 1379933.25000000 
0.08800    40639228.00000000 25814542.00000000 64775248.00000000 18217.96875000  1689421.00000000 1344219.25000000 
0.08900    39770696.00000000 25271282.00000000 63400452.00000000 17700.89062500  1646094.50000000 1309859.12500000 
0.09000    38932924.00000000 24747044.00000000 62075204.00000000 17206.20898438  1604441.00000000 1276825.37500000 
0.09100    38125728.00000000 24241736.00000000 60797632.00000000 16733.05664062  1564427.62500000 1245080.37500000 
0.09200    37348016.00000000 23755184.00000000 59567196.00000000 16280.84179688  1526011.75000000 1214598.75000000 
0.09300    36600148.00000000 23286452.00000000 58382936.00000000 15848.85058594  1489141.87500000 1185344.37500000 
0.09400    35880264.00000000 22835446.00000000 57243244.00000000 15436.49804688  1453802.25000000 1157275.25000000 
0.09500    35188188.00000000 22401950.00000000 56148096.00000000 15043.06054688  1419915.50000000 1130369.00000000 
0.09600    34523756.00000000 21985606.00000000 55095328.00000000 14667.75585938  1387447.87500000 1104586.87500000 
0.09700    33885724.00000000 21585438.00000000 54084556.00000000 14309.85156250  1356365.75000000 1079891.62500000 
0.09800    33273138.00000000 21201452.00000000 53114724.00000000 13968.86718750  1326606.12500000 1056239.25000000 
0.09900    32685668.00000000 20832954.00000000 52184260.00000000 13643.90234375  1298133.87500000 1033608.93750000 
0.10000    32122452.00000000 20479682.00000000 51291548.00000000 13334.15039062  1270885.87500000 1011947.68750000 
0.10100    31582286.00000000 20140882.00000000 50436176.00000000 13039.09375000  1244819.25000000 991216.06250000 
0.10200    31064992.00000000 19816304.00000000 49616328.00000000 12757.92089844  1219884.50000000 971380.50000000 
0.10300    30569458.00000000 19505316.00000000 48831076.00000000 12489.76464844  1196033.12500000 952409.43750000 
0.10400    30094894.00000000 19207300.00000000 48078688.00000000 12234.25585938  1173218.00000000 934253.68750000 
0.10500    29640294.00000000 18922014.00000000 47358412.00000000 11990.54980469  1151387.75000000 916875.25000000 
0.10600    29204940.00000000 18648790.00000000 46668320.00000000 11757.91894531  1130499.25000000 900240.93750000 
0.10700    28788194.00000000 18387154.00000000 46007712.00000000 11535.71191406  1110494.75000000 884308.62500000 
0.10800    28388728.00000000 18136542.00000000 45374888.00000000 11323.30468750  1091319.62500000 869042.56250000 
0.10900    28006302.00000000 17896338.00000000 44768364.00000000 11119.87207031  1072949.87500000 854401.93750000 
0.11000    27639652.00000000 17666242.00000000 44187240.00000000 10925.13769531  1055316.50000000 840358.62500000 
0.11100    27287964.00000000 17445618.00000000 43630028.00000000 10738.30175781  1038389.68750000 826868.56250000 
0.11200    26950612.00000000 17233804.00000000 43095312.00000000 10558.71582031  1022120.25000000 813894.93750000 
0.11300    26626688.00000000 17030688.00000000 42582016.00000000 10385.91699219  1006455.87500000 801410.31250000 
0.11400    26315496.00000000 16835474.00000000 42088828.00000000 10219.33398438  991367.87500000 789380.81250000 
0.11500    26016150.00000000 16647792.00000000 41614672.00000000 10058.31250000  976804.81250000 777766.50000000 
0.11600    25728034.00000000 16467076.00000000 41158140.00000000 9902.61523438   962724.50000000 766541.43750000 
0.11700    25450144.00000000 16292912.00000000 40717916.00000000 9751.51855469   949096.81250000 755673.37500000 
0.11800    25181904.00000000 16124863.00000000 40293068.00000000 9604.57226562   935873.62500000 745127.62500000 
0.11900    24922276.00000000 15962419.00000000 39882428.00000000 9461.44433594   923029.68750000 734878.00000000 
0.12000    24671006.00000000 15805094.00000000 39484548.00000000 9321.59667969   910513.31250000 724900.25000000 
0.12100    24427350.00000000 15652567.00000000 39098488.00000000 9184.84667969   898311.31250000 715167.18750000 
0.12200    24190442.00000000 15504347.00000000 38723880.00000000 9050.64257812   886379.81250000 705651.93750000 
0.12300    23959772.00000000 15360170.00000000 38358828.00000000 8918.71582031   874691.75000000 696335.00000000 
0.12400    23734592.00000000 15219461.00000000 38002700.00000000 8788.66113281   863215.68750000 687185.06250000 
0.12500    23514392.00000000 15081919.00000000 37654412.00000000 8660.21875000   851929.37500000 678177.31250000 
0.12600    23298696.00000000 14947327.00000000 37313592.00000000 8533.15332031   840803.06250000 669306.12500000 
0.12700    23086880.00000000 14815129.00000000 36978644.00000000 8407.25292969   829813.87500000 660546.12500000 
0.12800    22878298.00000000 14685014.00000000 36648860.00000000 8282.11718750   818936.56250000 651870.87500000 
0.12900    22672636.00000000 14556835.00000000 36324224.00000000 8157.69775391   808152.50000000 643281.18750000 
0.13000    22469442.00000000 14430144.00000000 36002932.00000000 8033.80712891   797438.00000000 634739.25000000 
0.13100    22268052.00000000 14304756.00000000 35684880.00000000 7910.17138672   786787.43750000 626253.25000000 
0.13200    22068156.00000000 14180271.00000000 35369596.00000000 7786.71630859   776164.00000000 617792.00000000 
0.13300    21869620.00000000 14056579.00000000 35055556.00000000 7663.33447266   765576.31250000 609358.81250000 
0.13400    21671584.00000000 13933318.00000000 34743232.00000000 7539.96435547   755000.37500000 600923.87500000 
0.13500    21474074.00000000 13810483.00000000 34431504.00000000 7416.32617188   744418.68750000 592498.50000000 
0.13600    21276776.00000000 13687614.00000000 34119884.00000000 7292.55273438   733828.50000000 584058.18750000 
0.13700    21079218.00000000 13564637.00000000 33808208.00000000 7168.56005859   723219.87500000 575607.25000000 
0.13800    20881132.00000000 13441466.00000000 33495468.00000000 7044.25146484   712580.25000000 567139.62500000 
0.13900    20682528.00000000 13317832.00000000 33181942.00000000 6919.69482422   701909.06250000 558641.87500000 
0.14000    20483034.00000000 13193618.00000000 32867032.00000000 6794.76757812   691197.12500000 550106.43750000 
0.14100    20282282.00000000 13068681.00000000 32550366.00000000 6669.58251953   680448.18750000 541547.56250000 
0.14200    20080332.00000000 12942955.00000000 32231340.00000000 6544.13525391   669653.00000000 532944.81250000 
0.14300    19877166.00000000 12816376.00000000 31910394.00000000 6418.42724609   658807.50000000 524314.06250000 
0.14400    19672296.00000000 12688725.00000000 31586966.00000000 6292.57568359   647915.93750000 515634.21875000 
0.14500    19465876.00000000 12560036.00000000 31260866.00000000 6166.57031250   636980.75000000 506923.03125000 
0.14600    19257750.00000000 12430260.00000000 30932040.00000000 6040.53759766   625994.75000000 498178.21875000 
0.14700    19047924.00000000 12299377.00000000 30600502.00000000 5914.49951172   614968.62500000 489393.43750000 
0.14800    18836290.00000000 12167236.00000000 30265830.00000000 5788.58154297   603899.12500000 480577.50000000 
0.14900    18622686.00000000 12033953.00000000 29928122.00000000 5662.79052734   592798.62500000 471731.59375000 
0.15000    18407458.00000000 11899360.00000000 29587624.00000000 5537.32958984   581665.31250000 462861.15625000 
0.15100    18190314.00000000 11763633.00000000 29244202.00000000 5412.22949219   570502.56250000 453969.46875000 
0.15200    17971382.00000000 11626656.00000000 28897810.00000000 5287.68212891   559331.56250000 445062.00000000 
0.15300    17750664.00000000 11488557.00000000 28548602.00000000 5163.60888672   548135.06250000 436140.25000000 
0.15400    17528272.00000000 11349221.00000000 28196382.00000000 5040.28955078   536933.12500000 427211.87500000 
0.15500    17304350.00000000 11208876.00000000 27841650.00000000 4917.77246094   525734.43750000 418284.68750000 
0.15600    17078670.00000000 11067429.00000000 27484356.00000000 4796.12890625   514539.37500000 409359.00000000 
0.15700    16851900.00000000 10924944.00000000 27124766.00000000 4675.55566406   503369.18750000 400448.68750000 
0.15800    16623471.00000000 10781606.00000000 26762756.00000000 4556.11767578   492212.59375000 391554.25000000 
0.15900    16394011.00000000 10637301.00000000 26398738.00000000 4437.93359375   481094.90625000 382685.71875000 
0.16000    16163313.00000000 10492227.00000000 26032812.00000000 4321.07421875   470017.31250000 373846.00000000 
0.16100    15931800.00000000 10346455.00000000 25665190.00000000 4205.68017578   458992.62500000 365049.09375000 
0.16200    15699396.00000000 10200006.00000000 25296282.00000000 4091.84887695   448022.68750000 356292.71875000 
0.16300    15466227.00000000 10053089.00000000 24926028.00000000 3979.65649414   437123.43750000 347591.81250000 
0.16400    15232683.00000000 9905643.00000000 24554802.00000000 3869.25683594   426300.03125000 338949.18750000 
0.16500    14998630.00000000 9757872.00000000 24182774.00000000 3760.68188477   415558.93750000 330373.28125000 
0.16600    14764378.00000000 9609804.00000000 23810348.00000000 3654.03784180   404914.18750000 321871.40625000 
0.16700    14530032.00000000 9461598.00000000 23437456.00000000 3549.37841797   394365.56250000 313446.87500000 
0.16800    14295775.00000000 9313216.00000000 23064724.00000000 3446.79907227   383931.37500000 305106.46875000 
0.16900    14061909.00000000 9165017.00000000 22692266.00000000 3346.43310547   373617.40625000 296860.84375000 
0.17000    13828408.00000000 9016955.00000000 22320312.00000000 3248.26928711   363425.15625000 288713.81250000 
0.17100    13595500.00000000 8869093.00000000 21949134.00000000 3152.35815430   353365.09375000 280670.06250000 
0.17200    13363289.00000000 8721565.00000000 21578896.00000000 3058.80615234   343447.15625000 272737.62500000 
0.17300    13132030.00000000 8574566.00000000 21210208.00000000 2967.60522461   333672.25000000 264918.15625000 
0.17400    12901900.00000000 8428062.00000000 20842962.00000000 2878.86816406   324056.03125000 257222.92187500 
0.17500    12672932.00000000 8282282.50000000 20477404.00000000 2792.57495117   314594.53125000 249651.54687500 
0.17600    12445352.00000000 8137084.50000000 20114042.00000000 2708.72387695   305299.03125000 242208.00000000 
0.17700    12219416.00000000 7992955.50000000 19752876.00000000 2627.44238281   296174.43750000 234901.96875000 
0.17800    11994997.00000000 7849625.00000000 19394292.00000000 2548.63012695   287221.90625000 227732.53125000 
0.17900    11772677.00000000 7707378.00000000 19038604.00000000 2472.38134766   278447.71875000 220703.81250000 
0.18000    11552072.00000000 7566259.50000000 18685756.00000000 2398.66625977   269861.00000000 213821.12500000 
0.18100    11333695.00000000 7426390.50000000 18336210.00000000 2327.52026367   261459.04687500 207090.14062500 
0.18200    11117512.00000000 7287748.00000000 17989896.00000000 2258.84790039   253245.96875000 200503.90625000 
0.18300    10903658.00000000 7150508.00000000 17647350.00000000 2192.72387695   245225.28125000 194070.56250000 
0.18400    10692277.00000000 7014720.50000000 17308520.00000000 2129.07885742   237398.57812500 187793.17187500 
0.18500    10483507.00000000 6880499.50000000 16973770.00000000 2067.92724609   229770.00000000 181672.68750000 
0.18600    10277424.00000000 6747838.50000000 16643101.00000000 2009.19311523   222336.14062500 175707.25000000 
0.18700    10074144.00000000 6616829.50000000 16316719.00000000 1952.90930176   215103.14062500 169900.62500000 
0.18800    9873570.00000000 6487474.50000000 15994713.00000000 1898.96313477   208066.35937500 164250.51562500 
0.18900    9676084.00000000 6360036.50000000 15677284.00000000 1847.40808105   201230.92187500 158762.40625000 
0.19000    9481452.00000000 6234288.00000000 15364569.00000000 1798.10046387   194591.53125000 153427.82812500 
0.19100    9290146.00000000 6110454.00000000 15056836.00000000 1751.08593750   188154.87500000 148256.37500000 
0.19200    9101825.00000000 5988574.50000000 14753789.00000000 1706.21337891   181910.42187500 143235.64062500 
0.19300    8916845.00000000 5868626.50000000 14455885.00000000 1663.51989746   175866.32812500 138376.73437500 
0.19400    8735022.00000000 5750629.00000000 14162950.00000000 1622.89904785   170011.17187500 133668.12500000 
0.19500    8556481.00000000 5634678.00000000 13875257.00000000 1584.30969238   164350.81250000 129114.07031250 
0.19600    8381255.00000000 5520729.50000000 13592797.00000000 1547.67065430   158876.07812500 124711.09375000 
0.19700    8209427.50000000 5408893.50000000 13315569.00000000 1512.94702148   153590.17187500 120457.38281250 
0.19800    8040920.50000000 5299115.50000000 13043596.00000000 1480.04980469   148486.50000000 116349.10156250 
0.19900    7875918.00000000 5191460.50000000 12777076.00000000 1448.95690918   143565.07812500 112387.13281250 
0.20000    7714181.50000000 5085856.50000000 12515694.00000000 1419.53845215   138817.25000000 108563.67187500 
0.20100    7555894.00000000 4982371.00000000 12259864.00000000 1391.75549316   134243.85937500 104880.19531250 
0.20200    7400969.00000000 4880976.50000000 12009203.00000000 1365.54931641   129839.57031250 101331.98437500 
0.20300    7249434.50000000 4781746.50000000 11764085.00000000 1340.85656738   125600.92968750 97916.15625000  
0.20400    7101260.50000000 4684576.50000000 11524077.00000000 1317.60290527   121521.74218750 94628.14062500  
0.20500    6956420.00000000 4589467.50000000 11289427.00000000 1295.71398926   117599.09375000 91466.19531250  
0.20600    6814870.50000000 4496494.00000000 11059995.00000000 1275.11999512   113827.14843750 88424.79687500  
0.20700    6676631.00000000 4405522.00000000 10835793.00000000 1255.77270508   110203.32031250 85502.88281250  
0.20800    6541621.50000000 4316636.50000000 10616741.00000000 1237.59692383   106720.22656250 82694.40625000  
0.20900    6409867.00000000 4229767.00000000 10402873.00000000 1220.55773926   103379.09375000 79998.17968750  
0.21000    6281213.50000000 4144874.50000000 10193862.00000000 1204.52966309   100167.93750000 77406.22656250  
0.21100    6155694.00000000 4061962.50000000 9989900.00000000 1189.51525879   97083.90625000  74917.96093750  
0.21200    6033232.00000000 3980994.75000000 9790803.00000000 1175.40979004   94123.11718750  72528.75000000  
0.21300    5913752.50000000 3901910.50000000 9596388.00000000 1162.16821289   91279.71875000  70233.89843750  
0.21400    5797254.00000000 3824723.00000000 9406839.00000000 1149.76782227   88550.07812500  68031.02343750  
0.21500    5683665.00000000 3749391.50000000 9221879.00000000 1138.13684082   85930.45312500  65916.68750000  
0.21600    5572851.50000000 3675852.25000000 9041391.00000000 1127.18395996   83412.60156250  63883.92187500  
0.21700    5464811.50000000 3604044.75000000 8865322.00000000 1116.91442871   80993.49218750  61930.74218750  
0.21800    5359476.50000000 3533998.50000000 8693575.00000000 1107.25012207   78668.57812500  60053.79296875  
0.21900    5256733.00000000 3465623.00000000 8525925.00000000 1098.13513184   76432.03125000  58248.16406250  
0.22000    5156551.00000000 3398896.00000000 8362494.50000000 1089.57104492   74280.70312500  56510.98437500  
0.22100    5058906.50000000 3333783.75000000 8203100.50000000 1081.48999023   72212.35156250  54840.39843750  
0.22200    4963654.00000000 3270244.00000000 8047508.50000000 1073.85290527   70218.61718750  53231.13281250  
0.22300    4870722.00000000 3208181.25000000 7895683.50000000 1066.62268066   68296.50000000  51679.61328125  
0.22400    4780033.00000000 3147572.50000000 7747497.00000000 1059.75048828   66441.96093750  50182.19921875  
0.22500    4691613.00000000 3088473.50000000 7602981.50000000 1053.26940918   64653.89453125  48739.09765625  
0.22600    4605315.00000000 3030688.75000000 7461753.00000000 1047.06896973   62924.12109375  47342.79296875  
0.22700    4521053.00000000 2974293.25000000 7323950.50000000 1041.17492676   61253.10546875  45993.53515625  
0.22800    4438763.50000000 2919197.00000000 7189274.50000000 1035.53344727   59633.98828125  44687.10156250  
0.22900    4358367.00000000 2865314.00000000 7057733.00000000 1030.11877441   58064.11718750  43420.52343750  
0.23000    4279838.50000000 2812661.75000000 6929177.50000000 1024.94018555   56542.70312500  42192.50781250  
0.23100    4203124.50000000 2761206.25000000 6803514.00000000 1019.96112061   55065.04296875  41000.76171875  
0.23200    4128058.50000000 2710828.50000000 6680573.00000000 1015.15203857   53627.04687500  39840.89062500  
0.23300    4054679.50000000 2661548.75000000 6560353.50000000 1010.51281738   52227.95312500  38712.54296875  
0.23400    3982844.75000000 2613340.25000000 6442667.00000000 1006.03436279   50865.77343750  37613.78125000  
0.23500    3912505.25000000 2566102.75000000 6327434.00000000 1001.66510010   49533.82421875  36539.98437500  
0.23600    3843640.00000000 2519840.00000000 6214642.00000000 997.44390869    48235.53906250  35493.67187500  
0.23700    3776194.00000000 2474512.00000000 6104022.50000000 993.34124756    46965.87109375  34470.19140625  
0.23800    3710044.00000000 2430111.00000000 5995690.00000000 989.34191895    45724.14453125  33469.42187500  
0.23900    3645158.25000000 2386523.00000000 5889363.00000000 985.44537354    44506.10937500  32488.32617188  
0.24000    3581517.25000000 2343771.75000000 5785042.00000000 981.64270020    43313.12890625  31527.34375000  
0.24100    3519090.00000000 2301821.25000000 5682738.00000000 977.94732666    42144.14453125  30585.56445312  
0.24200    3457745.50000000 2260647.00000000 5582250.00000000 974.32757568    40995.59375000  29660.39648438  
0.24300    3397499.25000000 2220184.50000000 5483541.00000000 970.78906250    39866.40234375  28751.12500000  
0.24400    3338260.75000000 2180410.00000000 5386477.50000000 967.32971191    38756.06640625  27857.69531250  
0.24500    3280024.00000000 2141330.25000000 5291095.00000000 963.95220947    37663.98437500  26978.36523438  
0.24600    3222719.25000000 2102876.25000000 5197264.50000000 960.65734863    36589.80468750  26113.54882812  
0.24700    3166345.75000000 2065072.87500000 5104964.50000000 957.43981934    35532.20312500  25262.52734375  
0.24800    3110843.00000000 2027851.25000000 5014058.50000000 954.29785156    34490.75781250  24424.18359375  
0.24900    3056130.25000000 1991210.12500000 4924539.00000000 951.22399902    33463.88281250  23597.99023438  
0.25000    3002271.25000000 1955121.12500000 4836359.50000000 948.24206543    32453.32421875  22785.01367188  
0.25100    2949149.50000000 1919561.12500000 4749481.00000000 945.31890869    31456.11328125  21982.74609375  
0.25200    2896855.50000000 1884558.75000000 4663925.00000000 942.49560547    30475.66015625  21194.76367188  
0.25300    2845209.50000000 1850035.00000000 4579496.00000000 939.73895264    29509.07226562  20417.17578125  
0.25400    2794293.00000000 1815983.62500000 4496243.00000000 937.06640625    28557.20703125  19651.95312500  
0.25500    2744023.50000000 1782406.75000000 4414095.50000000 934.47436523    27619.19335938  18897.94335938  
0.25600    2694436.00000000 1749296.37500000 4333059.00000000 931.95672607    26696.66796875  18156.34179688  
0.25700    2645489.75000000 1716635.12500000 4253081.00000000 929.52197266    25788.37109375  17426.44140625  
0.25800    2597151.00000000 1684401.62500000 4174166.50000000 927.17932129    24895.36523438  16708.58984375  
0.25900    2549424.25000000 1652593.00000000 4096246.75000000 924.92388916    24017.43359375  16003.48242188  
0.26000    2502324.00000000 1621201.62500000 4019332.00000000 922.73950195    23155.82421875  15310.83203125  
0.26100    2455722.50000000 1590200.62500000 3943345.75000000 920.64245605    22307.69726562  14630.10156250  
0.26200    2409779.50000000 1559632.50000000 3868401.50000000 918.63586426    21478.34375000  13963.68066406  
0.26300    2364339.75000000 1529415.50000000 3794299.50000000 916.69927979    20662.67968750  13309.16992188  
0.26400    2319477.75000000 1499607.37500000 3721162.50000000 914.84912109    19865.10546875  12668.92773438  
0.26500    2275176.50000000 1470193.62500000 3648982.25000000 913.08953857    19084.59765625  12042.59179688  
0.26600    2231412.75000000 1441149.37500000 3577671.25000000 911.39855957    18320.87500000  11429.99609375  
0.26700    2188200.75000000 1412493.37500000 3507300.00000000 909.80529785    17575.59570312  10832.31738281  
0.26800    2145533.50000000 1384207.62500000 3437804.00000000 908.28155518    16848.54882812  10249.50390625  
0.26900    2103373.00000000 1356280.25000000 3369181.25000000 906.83062744    16138.94238281  9680.91308594   
0.27000    2061767.25000000 1328740.25000000 3301504.50000000 905.46936035    15449.03222656  9128.28808594   
0.27100    2020697.75000000 1301555.50000000 3234668.00000000 904.16790771    14778.03222656  8590.60742188   
0.27200    1980185.75000000 1274774.50000000 3168785.25000000 902.96008301    14127.79687500  8070.50146484   
0.27300    1940188.12500000 1248339.50000000 3103743.75000000 901.81201172    13495.81640625  7564.69873047   
0.27400    1900696.12500000 1222234.50000000 3039544.25000000 900.70428467    12881.80566406  7074.26367188   
0.27500    1861815.37500000 1196574.00000000 2976348.25000000 899.69360352    12291.69824219  6602.73388672   
0.27600    1823396.37500000 1171225.00000000 2913924.50000000 898.72540283    11719.35351562  6145.64990234   
0.27700    1785593.12500000 1146277.87500000 2852487.00000000 897.84484863    11169.86914062  5706.97900391   
0.27800    1748296.62500000 1121695.62500000 2791911.75000000 897.00494385    10639.92675781  5284.46826172   
0.27900    1711569.50000000 1097481.87500000 2732289.25000000 896.22497559    10131.38867188  4879.63281250   
0.28000    1675400.87500000 1073655.37500000 2673561.00000000 895.49676514    9644.24902344   4491.74951172   
0.28100    1639781.62500000 1050204.12500000 2615741.25000000 894.82336426    9177.97460938   4120.91699219   
0.28200    1604738.25000000 1027138.31250000 2558874.75000000 894.21020508    8733.91406250   3768.39624023   
0.28300    1570263.12500000 1004457.62500000 2502921.00000000 893.63446045    8311.10839844   3432.94677734   
0.28400    1536328.50000000 982140.43750000 2447869.50000000 893.09912109    7908.70019531   3114.30273438   
0.28500    1503006.12500000 960222.56250000 2393833.75000000 892.61614990    7529.45898438   2814.04882812   
0.28600    1470234.87500000 938681.75000000 2340667.25000000 892.16833496    7170.10888672   2529.99536133   
0.28700    1438043.50000000 917528.81250000 2288447.50000000 891.76348877    6832.31152344   2263.98657227   
0.28800    1406432.12500000 896759.18750000 2237193.50000000 891.39123535    6515.54492188   2015.03662109   
0.28900    1375433.37500000 876394.31250000 2186935.25000000 891.07409668    6220.66308594   1783.42492676   
0.29000    1344966.37500000 856401.43750000 2137568.50000000 890.77465820    5946.05517578   1568.26574707   
0.29100    1315149.00000000 836823.56250000 2089230.00000000 890.52484131    5692.94824219   1370.59338379   
0.29200    1285869.50000000 817614.12500000 2041780.62500000 890.29486084    5459.99707031   1189.04443359   
0.29300    1257227.00000000 798816.75000000 1995357.87500000 890.11767578    5247.83251953   1024.66748047   
0.29400    1229132.37500000 780379.00000000 1949809.75000000 889.95196533    5054.35009766   875.07849121    
0.29500    1201664.37500000 762364.37500000 1905307.75000000 889.84320068    4882.26416016   743.13262939    
0.29600    1174762.37500000 744723.12500000 1861722.62500000 889.74920654    4728.73242188   625.81689453    
0.29700    1148452.75000000 727462.81250000 1819063.37500000 889.69110107    4594.03515625   523.92736816    
0.29800    1122749.62500000 710608.18750000 1777413.87500000 889.67041016    4478.79248047   437.66720581    
0.29900    1097634.00000000 694138.06250000 1736724.50000000 889.69097900    4382.43212891   366.54876709    
0.30000    1073082.37500000 678039.37500000 1696949.25000000 889.72338867    4303.17529297   309.29037476    
0.30100    1049140.87500000 662343.50000000 1658146.50000000 889.81445312    4242.94726562   266.96347046    
0.30200    1025752.56250000 647002.50000000 1620245.50000000 889.92504883    4198.85839844   237.87237549    
0.30300    1002959.50000000 632060.56250000 1583310.12500000 890.07745361    4172.52197266   222.99694824    
0.30400    980764.06250000 617491.43750000 1547338.25000000 890.27526855    4163.08251953   221.50051880    
0.30500    959095.75000000 603281.75000000 1512216.75000000 890.49755859    4168.47558594   231.97445679    
0.30600    938001.31250000 589437.68750000 1478026.50000000 890.75885010    4189.75292969   255.07597351    
0.30700    917492.00000000 575979.87500000 1444762.50000000 891.07836914    4227.60058594   291.12411499    
0.30800    897508.31250000 562860.00000000 1412362.00000000 891.41894531    4279.07421875   338.08489990    
0.30900    878099.50000000 550114.25000000 1380889.25000000 891.81628418    4345.65380859   397.03863525    
0.31000    859235.75000000 537722.06250000 1350290.75000000 892.25555420    4425.66259766   466.68499756    
0.31100    840883.81250000 525662.68750000 1320513.37500000 892.72503662    4518.86865234   546.87139893    
0.31200    823080.81250000 513961.62500000 1291632.12500000 893.24884033    4625.42138672   637.07141113    
0.31300    805789.50000000 502594.53125000 1263555.37500000 893.81091309    4744.23876953   737.24780273    
0.31400    789045.75000000 491575.56250000 1236364.25000000 894.42810059    4875.99560547   847.30206299    
0.31500    772769.43750000 480858.21875000 1209944.25000000 895.08319092    5018.10156250   965.64410400    
0.31600    757018.81250000 470483.34375000 1184343.87500000 895.78784180    5171.95263672   1093.07788086   
0.31700    741757.81250000 460417.03125000 1159537.37500000 896.54400635    5336.69970703   1229.02355957   
0.31800    726969.12500000 450662.68750000 1135483.50000000 897.31976318    5510.45117188   1371.87573242   
0.31900    712676.93750000 441229.68750000 1112230.87500000 898.17028809    5695.57177734   1523.51232910   
0.32000    698843.37500000 432082.87500000 1089717.25000000 899.04583740    5889.08349609   1681.53747559   
0.32100    685458.68750000 423227.46875000 1067919.25000000 899.96923828    6091.38671875   1846.37487793   
0.32200    672540.37500000 414676.31250000 1046874.06250000 900.93750000    6302.69042969   2018.20800781   
0.32300    660027.56250000 406379.68750000 1026470.87500000 901.93432617    6520.79687500   2194.78002930   
0.32400    647956.43750000 398364.43750000 1006775.50000000 902.97198486    6746.70312500   2377.37231445   
0.32500    636301.50000000 390621.46875000 987752.00000000 904.03491211    6979.31494141   2565.23876953   
0.32600    625057.87500000 383136.37500000 969382.62500000 905.14270020    7218.63671875   2757.93823242   
0.32700    614216.56250000 375916.71875000 951658.43750000 906.27056885    7464.26611328   2955.42553711   
0.32800    603787.00000000 368946.96875000 934574.31250000 907.42761230    7715.89892578   3157.38037109   
0.32900    593701.06250000 362207.59375000 918063.68750000 908.60485840    7972.10986328   3362.54931641   
0.33000    584009.06250000 355713.84375000 902170.50000000 909.79711914    8233.80371094   3571.84912109   
0.33100    574635.00000000 349421.75000000 886794.06250000 910.98968506    8498.29101562   3782.88769531   
0.33200    565673.37500000 343391.81250000 872050.62500000 912.20904541    8768.96386719   3998.85766602   
0.33300    557014.12500000 337560.53125000 857811.00000000 913.42126465    9041.72753906   4216.16650391   
0.33400    548697.06250000 331941.53125000 844117.43750000 914.63714600    9318.47460938   4436.05566406   
0.33500    540689.93750000 326517.96875000 830904.43750000 915.83972168    9597.29296875   4657.53173828   
0.33600    532989.00000000 321295.40625000 818193.81250000 917.02307129    9878.40820312   4880.36035156   
0.33700    525581.43750000 316256.25000000 805944.43750000 918.19433594    10161.76855469  5104.80419922   
0.33800    518482.34375000 311414.09375000 794200.93750000 919.33593750    10446.83300781  5330.37402344   
0.33900    511641.50000000 306728.65625000 782839.93750000 920.43847656    10732.40527344  5555.90917969   
0.34000    505082.21875000 302227.18750000 771940.56250000 921.49822998    11018.79199219  5782.22998047   
0.34100    498782.31250000 297888.34375000 761449.31250000 922.52453613    11305.77734375  6008.46484375   
0.34200    492760.21875000 293727.21875000 751409.68750000 923.50433350    11593.74023438  6235.46142578   
0.34300    486939.96875000 289698.75000000 741690.68750000 924.39849854    11880.19042969  6460.97656250   
0.34400    481397.53125000 285836.40625000 732410.87500000 925.23907471    12167.36230469  6686.73339844   
0.34500    476047.96875000 282107.43750000 723443.75000000 926.00598145    12452.59277344  6911.09619141   
0.34600    470955.96875000 278533.40625000 714877.68750000 926.70172119    12737.60742188  7135.08007812   
0.34700    466025.40625000 275065.81250000 706575.37500000 927.28521729    13019.59667969  7356.50195312   
0.34800    461320.25000000 271739.28125000 698627.00000000 927.78326416    13300.15722656  7576.60498047   
0.34900    456803.78125000 268533.46875000 690982.56250000 928.17968750    13578.81250000  7795.26708984   
0.35000    452472.84375000 265445.03125000 683625.56250000 928.46301270    13854.52050781  8011.37695312   
0.35100    448342.00000000 262486.40625000 676599.87500000 928.64263916    14128.19628906  8226.19628906   
0.35200    444337.34375000 259606.75000000 669763.50000000 928.67749023    14397.51953125  8437.21777344   
0.35300    440508.78125000 256838.79687500 663217.00000000 928.58752441    14663.28027344  8645.65332031   
0.35400    436851.59375000 254182.09375000 656944.68750000 928.36926270    14926.19042969  8851.83593750   
0.35500    433339.03125000 251615.75000000 650896.50000000 927.99804688    15184.83789062  9054.71777344   
0.35600    429945.93750000 249130.57812500 645054.00000000 927.48779297    15439.11914062  9253.93066406   
0.35700    426704.43750000 246737.62500000 639431.37500000 926.82226562    15689.12109375  9450.07031250   
0.35800    423601.40625000 244438.03125000 634049.37500000 925.99121094    15934.39843750  9642.65039062   
0.35900    420616.06250000 242212.50000000 628851.50000000 925.00762939    16174.91992188  9831.45703125   
0.36000    417766.37500000 240078.23437500 623877.68750000 923.86444092    16410.72656250  10016.96875000  
0.36100    414996.90625000 237993.64062500 619031.43750000 922.53448486    16640.31250000  10197.65234375  
0.36200    412387.56250000 236014.50000000 614442.43750000 921.05230713    16866.17187500  10375.65136719  
0.36300    409830.50000000 234069.92187500 609929.93750000 919.36468506    17084.57421875  10547.85253906  
0.36400    407376.31250000 232195.79687500 605594.12500000 917.50415039    17297.29882812  10716.10546875  
0.36500    405014.71875000 230377.98437500 601406.18750000 915.46380615    17504.18750000  10879.67285156  
0.36600    402769.81250000 228639.90625000 597406.18750000 913.25146484    17705.93945312  11039.81933594  
0.36700    400573.25000000 226938.84375000 593487.68750000 910.83996582    17900.23046875  11194.02929688  
0.36800    398512.68750000 225324.46875000 589792.62500000 908.25866699    18090.05859375  11345.19824219  
0.36900    396505.93750000 223748.73437500 586185.18750000 905.48822021    18272.88281250  11491.24804688  
0.37000    394541.56250000 222203.46875000 582651.06250000 902.51379395    18447.70312500  11631.26367188  
0.37100    392657.81250000 220710.96875000 579249.25000000 899.36981201    18616.40820312  11767.11718750  
0.37200    390868.68750000 219289.98437500 576007.43750000 896.05358887    18779.79492188  11898.91503906  
0.37300    389120.53125000 217895.31250000 572834.31250000 892.53997803    18935.24414062  12024.89648438  
0.37400    387451.15625000 216552.78125000 569797.43750000 888.85955811    19085.15039062  12147.05566406  
0.37500    385839.31250000 215254.76562500 566843.68750000 885.00323486    19228.34960938  12264.25488281  
0.37600    384292.87500000 214001.34375000 564015.31250000 880.97552490    19364.73437500  12376.41699219  
0.37700    382777.06250000 212775.31250000 561232.75000000 876.77062988    19493.78125000  12483.73535156  
0.37800    381334.84375000 211593.70312500 558572.56250000 872.41070557    19616.87890625  12586.45019531  
0.37900    379962.62500000 210467.15625000 556035.93750000 867.90368652    19733.94335938  12685.09375000  
0.38000    378616.28125000 209362.15625000 553547.93750000 863.22692871    19843.75000000  12778.36816406  
0.38100    377304.93750000 208284.82812500 551123.31250000 858.40161133    19946.48632812  12866.79003906  
0.38200    376062.06250000 207258.82812500 548818.93750000 853.44183350    20044.04296875  12951.34863281  
0.38300    374846.71875000 206252.89062500 546557.18750000 848.34106445    20134.23046875  13030.91406250  
0.38400    373708.09375000 205301.73437500 544425.68750000 843.11993408    20219.40820312  13106.82812500  
0.38500    372578.93750000 204362.76562500 542314.31250000 837.76458740    20297.46484375  13177.73144531  
0.38600    371526.93750000 203477.87500000 540342.12500000 832.31158447    20370.68945312  13245.49218750  
0.38700    370486.00000000 202606.50000000 538386.62500000 826.73571777    20436.57812500  13308.03222656  
0.38800    369494.37500000 201771.82812500 536522.12500000 821.06341553    20497.55078125  13367.08789062  
0.38900    368535.75000000 200966.64062500 534715.31250000 815.30181885    20552.62109375  13422.07031250  
0.39000    367653.53125000 200213.20312500 533042.18750000 809.45721436    20603.20117188  13474.14843750  
0.39100    366779.31250000 199474.57812500 531394.62500000 803.53637695    20648.13671875  13522.16503906  
0.39200    365961.78125000 198774.53125000 529837.00000000 797.54974365    20688.04882812  13566.78710938  
0.39300    365173.03125000 198096.53125000 528332.93750000 791.50726318    20722.70117188  13607.77929688  
0.39400    364452.31250000 197472.70312500 526952.75000000 785.41589355    20753.64257812  13646.51464844  
0.39500    363736.50000000 196856.65625000 525576.50000000 779.27410889    20778.86718750  13681.17382812  
0.39600    363065.09375000 196276.03125000 524288.50000000 773.10235596    20800.02148438  13713.23144531  
0.39700    362435.53125000 195722.35937500 523064.56250000 766.90740967    20817.21484375  13742.35449219  
0.39800    361858.31250000 195212.35937500 521948.25000000 760.69744873    20830.88085938  13769.43457031  
0.39900    361303.65625000 194723.20312500 520866.37500000 754.47186279    20840.27734375  13793.58593750  
0.40000    360794.43750000 194263.57812500 519860.09375000 748.24993896    20846.23828125  13815.48730469  
0.40100    360311.03125000 193831.78125000 518914.12500000 742.03637695    20848.34960938  13834.84179688  
0.40200    359889.96875000 193442.62500000 518066.87500000 735.83856201    20848.10937500  13852.83886719  
0.40300    359483.53125000 193068.18750000 517254.06250000 729.65161133    20843.84179688  13868.09179688  
0.40400    359129.31250000 192732.03125000 516525.62500000 723.50805664    20837.74023438  13882.19140625  
0.40500    358810.50000000 192423.62500000 515868.03125000 717.39263916    20828.48242188  13894.12402344  
0.40600    358546.00000000 192151.57812500 515297.59375000 711.33398438    20817.62890625  13905.44238281  
0.40700    358303.90625000 191901.12500000 514777.03125000 705.31427002    20803.74218750  13914.70800781  
0.40800    358099.93750000 191679.60937500 514317.03125000 699.35601807    20787.81445312  13922.57714844  
0.40900    357926.12500000 191481.40625000 513918.56250000 693.44934082    20769.63476562  13929.21484375  
0.41000    357816.06250000 191327.15625000 513621.09375000 687.62609863    20750.84375000  13935.48437500  
0.41100    357725.84375000 191190.26562500 513363.84375000 681.86303711    20729.64062500  13940.17871094  
0.41200    357659.31250000 191071.96875000 513146.78125000 676.17230225    20706.41796875  13943.73828125  
0.41300    357650.87500000 190996.70312500 513038.25000000 670.56964111    20683.11132812  13947.20605469  
0.41400    357665.81250000 190932.90625000 512952.90625000 665.05505371    20657.70507812  13949.44238281  
0.41500    357726.31250000 190912.26562500 512964.09375000 659.62512207    20632.04492188  13951.43750000  
0.41600    357794.81250000 190890.71875000 512984.18750000 654.27545166    20603.96289062  13952.21679688  
0.41700    357921.43750000 190912.95312500 513108.90625000 649.03613281    20576.44921875  13953.34082031  
0.41800    358103.31250000 190973.15625000 513318.78125000 643.90179443    20548.74804688  13954.41699219  
0.41900    358255.18750000 191017.15625000 513486.84375000 638.83538818    20517.94335938  13953.16992188  
0.42000    358480.09375000 191108.17187500 513775.87500000 633.88635254    20488.38867188  13953.04003906  
0.42100    358737.09375000 191225.18750000 514121.96875000 629.03997803    20458.17187500  13952.70996094  
0.42200    359024.00000000 191357.53125000 514508.96875000 624.30078125    20427.72851562  13952.06835938  
0.42300    359312.90625000 191498.46875000 514914.78125000 619.65093994    20395.93164062  13950.42089844  
0.42400    359642.40625000 191664.73437500 515385.25000000 615.10760498    20364.16015625  13948.65917969  
0.42500    360002.25000000 191849.81250000 515899.71875000 610.66589355    20332.25195312  13947.05957031  
0.42600    360364.53125000 192039.56250000 516424.00000000 606.31945801    20299.25390625  13944.68652344  
0.42700    360775.90625000 192264.09375000 517031.62500000 602.08605957    20266.95312500  13942.60156250  
0.42800    361190.34375000 192486.26562500 517639.31250000 597.93994141    20233.64648438  13939.58984375  
0.42900    361651.46875000 192741.37500000 518321.34375000 593.90637207    20200.84960938  13937.07910156  
0.43000    362110.09375000 192996.37500000 519015.93750000 589.96331787    20167.22070312  13933.72363281  
0.43100    362559.15625000 193244.07812500 519686.12500000 586.09667969    20132.15625000  13929.27441406  
0.43200    363060.50000000 193525.89062500 520441.62500000 582.33874512    20098.28710938  13925.35742188  
0.43300    363547.68750000 193803.67187500 521179.56250000 578.66198730    20062.87695312  13920.27148438  
0.43400    364061.78125000 194089.46875000 521950.90625000 575.06396484    20027.43554688  13914.85937500  
0.43500    364567.71875000 194375.73437500 522720.78125000 571.55407715    19990.80468750  13908.61816406  
0.43600    365119.06250000 194686.21875000 523546.06250000 568.13079834    19955.05664062  13902.46679688  
0.43700    365632.81250000 194976.39062500 524325.31250000 564.77612305    19917.16601562  13894.78417969  
0.43800    366143.53125000 195263.21875000 525099.68750000 561.48645020    19878.56054688  13885.99316406  
0.43900    366677.31250000 195563.15625000 525903.31250000 558.27648926    19839.54882812  13876.71484375  
0.44000    367206.56250000 195857.89062500 526698.18750000 555.12811279    19799.56445312  13866.42968750  
0.44100    367730.34375000 196150.03125000 527488.50000000 552.04217529    19758.50195312  13854.92480469  
0.44200    368249.43750000 196437.10937500 528270.12500000 549.01226807    19716.37500000  13842.40527344  
0.44300    368762.34375000 196720.48437500 529037.93750000 546.03710938    19673.08789062  13828.69824219  
0.44400    369271.25000000 196999.54687500 529794.25000000 543.11676025    19628.69140625  13813.72558594  
0.44500    369725.43750000 197244.34375000 530469.18750000 540.22869873    19581.48828125  13796.33007812  
0.44600    370183.34375000 197487.71875000 531154.93750000 537.38885498    19533.49414062  13777.93945312  
0.44700    370648.31250000 197736.46875000 531838.81250000 534.59490967    19484.45312500  13758.25488281  
0.44800    371065.25000000 197948.87500000 532442.06250000 531.82141113    19432.83593750  13736.36035156  
0.44900    371489.40625000 198166.34375000 533057.56250000 529.09704590    19380.36914062  13713.40039062  
0.45000    371890.37500000 198371.39062500 533639.62500000 526.40618896    19326.35546875  13688.63476562  
0.45100    372231.28125000 198535.53125000 534120.62500000 523.72161865    19268.46679688  13660.87304688  
0.45200    372573.34375000 198697.67187500 534598.12500000 521.06878662    19209.80468750  13631.91992188  
0.45300    372867.28125000 198827.85937500 535002.75000000 518.43078613    19148.58007812  13600.39746094  
0.45400    373146.84375000 198946.75000000 535376.37500000 515.81170654    19085.06054688  13567.07812500  
0.45500    373394.31250000 199044.73437500 535700.25000000 513.21142578    19019.49218750  13531.62988281  
0.45600    373596.62500000 199112.46875000 535948.81250000 510.61410522    18950.98828125  13493.43359375  
0.45700    373774.93750000 199163.73437500 536158.00000000 508.03176880    18880.55664062  13453.40332031  
0.45800    373899.00000000 199180.34375000 536279.18750000 505.45849609    18807.16015625  13410.77441406  
0.45900    373985.90625000 199171.32812500 536341.81250000 502.88046265    18730.95703125  13365.41699219  
0.46000    374061.53125000 199154.21875000 536379.00000000 500.32235718    18653.26757812  13318.76464844  
0.46100    374047.96875000 199080.28125000 536278.75000000 497.74948120    18571.14257812  13268.07714844  
0.46200    374034.78125000 199003.67187500 536170.31250000 495.18862915    18487.62890625  13215.97167969  
0.46300    373957.03125000 198887.45312500 535962.43750000 492.62277222    18400.84570312  13161.03613281  
0.46400    373827.93750000 198736.46875000 535663.18750000 490.05435181    18310.99023438  13103.40527344  
0.46500    373671.40625000 198569.62500000 535329.68750000 487.49288940    18218.85742188  13043.63085938  
0.46600    373452.62500000 198359.90625000 534889.56250000 484.92092896    18123.37500000  12981.02734375  
0.46700    373175.31250000 198114.92187500 534358.31250000 482.34652710    18024.90429688  12915.66406250  
0.46800    372887.68750000 197863.10937500 533809.56250000 479.77362061    17924.52148438  12848.61328125  
0.46900    372513.37500000 197556.12500000 533120.18750000 477.19799805    17820.26953125  12778.30957031  
0.47000    372096.18750000 197221.32812500 532369.06250000 474.61672974    17713.62304688  12705.68261719  
0.47100    371640.71875000 196863.17187500 531546.18750000 472.04421997    17604.38281250  12630.89746094  
0.47200    371131.87500000 196470.45312500 530637.62500000 469.46716309    17492.48046875  12553.78808594  
0.47300    370582.65625000 196055.17187500 529671.50000000 466.89218140    17378.12695312  12474.55761719  
0.47400    369951.25000000 195587.53125000 528577.50000000 464.31100464    17260.00195312  12392.23632812  
0.47500    369291.62500000 195104.31250000 527439.37500000 461.73895264    17140.39843750  12308.40039062  
0.47600    368603.90625000 194600.51562500 526250.12500000 459.17779541    17018.82031250  12223.11914062  
0.47700    367815.21875000 194038.18750000 524905.75000000 456.60516357    16893.03710938  12134.24609375  
0.47800    367002.78125000 193460.65625000 523526.34375000 454.05099487    16766.20898438  12044.40234375  
0.47900    366159.46875000 192865.29687500 522096.53125000 451.51031494    16637.41796875  11953.04687500  
0.48000    365233.84375000 192221.21875000 520541.43750000 448.97116089    16505.47851562  11858.99414062  
0.48100    364308.53125000 191577.71875000 518984.93750000 446.46392822    16372.94824219  11764.62402344  
0.48200    363274.12500000 190868.42187500 517259.46875000 443.93994141    16236.64648438  11666.84765625  
0.48300    362211.53125000 190142.40625000 515489.46875000 441.44918823    16099.05566406  11568.42480469  
0.48400    361119.53125000 189400.17187500 513674.56250000 438.97857666    15960.33691406  11468.94238281  
0.48500    359973.21875000 188629.00000000 511781.40625000 436.52575684    15819.77539062  11367.91406250  
0.48600    358797.96875000 187840.50000000 509841.90625000 434.10247803    15678.26562500  11266.24902344  
0.48700    357569.84375000 187022.67187500 507823.65625000 431.69909668    15534.87695312  11163.28515625  
0.48800    356278.90625000 186167.46875000 505704.78125000 429.31594849    15389.90722656  11058.80371094  
0.48900    354962.00000000 185300.23437500 503556.81250000 426.96838379    15244.05468750  10953.94726562  
0.49000    353614.31250000 184414.28125000 501355.00000000 424.65347290    15097.74902344  10848.72363281  
0.49100    352235.90625000 183519.01562500 499118.28125000 422.37646484    14951.08398438  10743.28320312  
0.49200    350799.62500000 182586.23437500 496792.40625000 420.12823486    14802.78125000  10636.74707031  
0.49300    349338.12500000 181642.40625000 494431.87500000 417.91784668    14654.40429688  10530.25390625  
0.49400    347843.43750000 180681.31250000 492015.56250000 415.75170898    14505.66210938  10423.62500000  
0.49500    346309.62500000 179701.37500000 489545.62500000 413.61947632    14356.66894531  10316.81542969  
0.49600    344763.00000000 178718.12500000 487069.18750000 411.54269409    14208.09472656  10210.61230469  
0.49700    343164.43750000 177708.48437500 484510.68750000 409.49749756    14058.73437500  10104.03125000  
0.49800    341560.25000000 176693.71875000 481944.81250000 407.51055908    13910.47167969  9998.27343750   
0.49900    339904.68750000 175656.48437500 479310.12500000 405.55831909    13761.68261719  9892.50683594   
0.50000    338245.75000000 174619.37500000 476672.90625000 403.66635132    13613.87011719  9787.61132812   
