# SAXS profile: number of points = 501, q_min = 0, q_max = 0.5, delta_q = 0.001
#    q    intensity 
0.00000    162232656.00000000 101202352.00000000 256271104.00000000 99776.26562500  8046786.50000000 6355322.00000000 
0.00100    162200976.00000000 101179936.00000000 256215200.00000000 99745.77343750  8044651.00000000 6353706.50000000 
0.00200    162099296.00000000 101114088.00000000 256048320.00000000 99656.08593750  8038348.00000000 6348715.50000000 
0.00300    161924800.00000000 101004328.00000000 255768608.00000000 99505.32031250  8027862.50000000 6340449.50000000 
0.00400    161675168.00000000 100851792.00000000 255378240.00000000 99295.67968750  8013161.50000000 6328926.50000000 
0.00500    161353936.00000000 100654760.00000000 254876992.00000000 99026.82031250  7994289.00000000 6314107.50000000 
0.00600    160965008.00000000 100414184.00000000 254266864.00000000 98699.02343750  7971354.00000000 6296034.50000000 
0.00700    160504192.00000000 100132536.00000000 253548448.00000000 98313.68750000  7944365.50000000 6274837.50000000 
0.00800    159972656.00000000 99808696.00000000 252722176.00000000 97870.94531250  7913297.00000000 6250442.50000000 
0.00900    159379888.00000000 99443568.00000000 251789376.00000000 97372.85156250  7878283.00000000 6222941.00000000 
0.01000    158721616.00000000 99037896.00000000 250753776.00000000 96819.75781250  7839419.50000000 6192420.00000000 
0.01100    157996432.00000000 98590536.00000000 249613744.00000000 96212.58593750  7796735.50000000 6158808.00000000 
0.01200    157205552.00000000 98103560.00000000 248372432.00000000 95552.88281250  7750347.50000000 6122373.00000000 
0.01300    156350128.00000000 97577152.00000000 247034736.00000000 94842.30468750  7700296.50000000 6083046.00000000 
0.01400    155436096.00000000 97013848.00000000 245596496.00000000 94082.50781250  7646646.00000000 6040943.50000000 
0.01500    154460992.00000000 96413048.00000000 244066016.00000000 93275.25000000  7589584.00000000 5996062.50000000 
0.01600    153427696.00000000 95777504.00000000 242444560.00000000 92421.26562500  7529214.00000000 5948548.50000000 
0.01700    152336432.00000000 95105168.00000000 240733440.00000000 91523.32031250  7465555.50000000 5898553.50000000 
0.01800    151191584.00000000 94399752.00000000 238934768.00000000 90582.84375000  7398800.00000000 5846070.50000000 
0.01900    149992528.00000000 93660848.00000000 237052560.00000000 89601.85937500  7329113.50000000 5791293.50000000 
0.02000    148741760.00000000 92890344.00000000 235088224.00000000 88581.91406250  7256487.00000000 5734198.00000000 
0.02100    147442992.00000000 92089560.00000000 233048624.00000000 87526.60937500  7181170.00000000 5674947.50000000 
0.02200    146095392.00000000 91259032.00000000 230932384.00000000 86436.02343750  7103234.00000000 5613709.50000000 
0.02300    144703904.00000000 90400336.00000000 228744976.00000000 85313.64062500  7022844.00000000 5550456.50000000 
0.02400    143267568.00000000 89514656.00000000 226489744.00000000 84161.53125000  6940121.50000000 5485407.50000000 
0.02500    141790976.00000000 88603368.00000000 224171456.00000000 82981.13281250  6855267.00000000 5418628.50000000 
0.02600    140275824.00000000 87668592.00000000 221789120.00000000 81775.27343750  6768331.50000000 5350244.50000000 
0.02700    138723392.00000000 86709824.00000000 219350544.00000000 80546.41406250  6679475.00000000 5280339.50000000 
0.02800    137135424.00000000 85730576.00000000 216856384.00000000 79296.26562500  6588906.50000000 5209081.50000000 
0.02900    135517408.00000000 84730224.00000000 214311840.00000000 78028.03125000  6496786.50000000 5136514.50000000 
0.03000    133868896.00000000 83712568.00000000 211721600.00000000 76742.98437500  6403092.50000000 5062858.50000000 
0.03100    132193088.00000000 82676112.00000000 209087152.00000000 75442.73437500  6308139.00000000 4988101.50000000 
0.03200    130492312.00000000 81624664.00000000 206409664.00000000 74130.71875000  6212098.50000000 4912475.50000000 
0.03300    128767368.00000000 80558712.00000000 203698944.00000000 72809.25000000  6114990.00000000 4836027.00000000 
0.03400    127023200.00000000 79480440.00000000 200955296.00000000 71479.32031250  6017028.00000000 4758836.50000000 
0.03500    125259768.00000000 78389664.00000000 198181536.00000000 70144.79687500  5918346.00000000 4681126.00000000 
0.03600    123480104.00000000 77289040.00000000 195381136.00000000 68806.57812500  5819063.00000000 4602980.00000000 
0.03700    121686488.00000000 76179088.00000000 192559360.00000000 67465.84375000  5719339.50000000 4524375.50000000 
0.03800    119881744.00000000 75062000.00000000 189718800.00000000 66126.08593750  5619311.00000000 4445581.50000000 
0.03900    118068600.00000000 73937904.00000000 186864112.00000000 64788.26562500  5519107.00000000 4366575.00000000 
0.04000    116246608.00000000 72808776.00000000 183996464.00000000 63454.41015625  5418770.00000000 4287579.00000000 
0.04100    114420112.00000000 71677288.00000000 181120496.00000000 62126.43359375  5318573.00000000 4208579.00000000 
0.04200    112590720.00000000 70542600.00000000 178239136.00000000 60806.16796875  5218550.50000000 4129725.00000000 
0.04300    110759264.00000000 69408016.00000000 175356208.00000000 59494.97656250  5118852.00000000 4051113.50000000 
0.04400    108929536.00000000 68272392.00000000 172473376.00000000 58194.53906250  5019594.50000000 3972819.50000000 
0.04500    107102848.00000000 67139048.00000000 169593664.00000000 56906.04687500  4920862.50000000 3894953.50000000 
0.04600    105280584.00000000 66007176.00000000 166723152.00000000 55630.58593750  4822761.00000000 3817570.25000000 
0.04700    103464096.00000000 64879488.00000000 163859168.00000000 54370.34375000  4725365.50000000 3740766.25000000 
0.04800    101656904.00000000 63756232.00000000 161009344.00000000 53125.62109375  4628840.50000000 3664595.75000000 
0.04900    99857880.00000000 62639276.00000000 158174048.00000000 51897.98828125  4533247.50000000 3589144.75000000 
0.05000    98071344.00000000 61528752.00000000 155356624.00000000 50688.35546875  4438652.00000000 3514483.75000000 
0.05100    96297272.00000000 60426036.00000000 152559600.00000000 49497.94531250  4345133.50000000 3440671.00000000 
0.05200    94538000.00000000 59330988.00000000 149784656.00000000 48326.91015625  4252720.00000000 3367734.00000000 
0.05300    92795000.00000000 58246008.00000000 147034400.00000000 47176.58203125  4161614.00000000 3295774.50000000 
0.05400    91068272.00000000 57171340.00000000 144309280.00000000 46047.13671875  4071759.50000000 3224809.25000000 
0.05500    89360296.00000000 56107716.00000000 141614608.00000000 44940.14453125  3983251.00000000 3154905.50000000 
0.05600    87671328.00000000 55056132.00000000 138948656.00000000 43854.80078125  3896128.25000000 3086096.75000000 
0.05700    86002200.00000000 54016708.00000000 136314784.00000000 42792.47656250  3810453.75000000 3018416.50000000 
0.05800    84355296.00000000 52990460.00000000 133714432.00000000 41752.93359375  3726267.75000000 2951914.75000000 
0.05900    82731424.00000000 51977416.00000000 131149312.00000000 40736.58984375  3643606.75000000 2886574.00000000 
0.06000    81129472.00000000 50979464.00000000 128620280.00000000 39743.54687500  3562504.75000000 2822484.25000000 
0.06100    79552424.00000000 49995448.00000000 126128520.00000000 38773.95312500  3482970.75000000 2759635.25000000 
0.06200    78000104.00000000 49026708.00000000 123676232.00000000 37828.01562500  3405043.50000000 2698039.75000000 
0.06300    76472936.00000000 48073848.00000000 121263936.00000000 36905.72265625  3328739.75000000 2637705.50000000 
0.06400    74971448.00000000 47136732.00000000 118891280.00000000 36006.78906250  3254040.75000000 2578657.75000000 
0.06500    73496360.00000000 46215788.00000000 116560648.00000000 35131.19140625  3181009.50000000 2520897.75000000 
0.06600    72049024.00000000 45311476.00000000 114271592.00000000 34278.60156250  3109599.75000000 2464434.25000000 
0.06700    70627680.00000000 44423808.00000000 112025760.00000000 33448.51953125  3039831.25000000 2409274.75000000 
0.06800    69234016.00000000 43553036.00000000 109821560.00000000 32641.00000000  2971715.75000000 2355385.75000000 
0.06900    67867880.00000000 42699500.00000000 107662960.00000000 31855.97070312  2905209.50000000 2302819.00000000 
0.07000    66529452.00000000 41862900.00000000 105546272.00000000 31092.36328125  2840333.75000000 2251498.25000000 
0.07100    65219368.00000000 41043868.00000000 103474712.00000000 30350.09570312  2777048.00000000 2201447.75000000 
0.07200    63936408.00000000 40242140.00000000 101446120.00000000 29628.96679688  2715357.75000000 2152666.00000000 
0.07300    62681608.00000000 39457628.00000000 99461872.00000000 28928.20507812  2655257.75000000 2105123.25000000 
0.07400    61454568.00000000 38690456.00000000 97521616.00000000 28247.04101562  2596692.00000000 2058797.62500000 
0.07500    60255096.00000000 37940400.00000000 95623952.00000000 27585.49023438  2539631.50000000 2013673.25000000 
0.07600    59083048.00000000 37207724.00000000 93771272.00000000 26942.61718750  2484064.75000000 1969738.00000000 
0.07700    57938032.00000000 36492048.00000000 91960632.00000000 26317.98828125  2429994.50000000 1926958.87500000 
0.07800    56820504.00000000 35793148.00000000 90192608.00000000 25711.16210938  2377305.50000000 1885309.37500000 
0.07900    55729208.00000000 35111080.00000000 88467344.00000000 25121.12109375  2326071.25000000 1844790.37500000 
0.08000    54664628.00000000 34445220.00000000 86783848.00000000 24547.79101562  2276176.50000000 1805338.87500000 
0.08100    53625664.00000000 33796092.00000000 85141392.00000000 23990.42578125  2227626.00000000 1766954.75000000 
0.08200    52612992.00000000 33163486.00000000 83539272.00000000 23448.15820312  2180364.25000000 1729584.37500000 
0.08300    51624528.00000000 32545834.00000000 81977112.00000000 22920.81054688  2134361.25000000 1693224.00000000 
0.08400    50661108.00000000 31944158.00000000 80454160.00000000 22407.55664062  2089588.87500000 1657840.87500000 
0.08500    49721832.00000000 31357718.00000000 78969656.00000000 21908.09375000  2045995.00000000 1623391.62500000 
0.08600    48806404.00000000 30786090.00000000 77522368.00000000 21421.62500000  2003573.87500000 1589858.50000000 
0.08700    47913880.00000000 30228988.00000000 76113360.00000000 20947.84179688  1962249.87500000 1557220.25000000 
0.08800    47044204.00000000 29686466.00000000 74738248.00000000 20485.90429688  1921990.87500000 1525416.25000000 
0.08900    46196812.00000000 29157816.00000000 73399784.00000000 20035.46484375  1882804.12500000 1494446.75000000 
0.09000    45370640.00000000 28642716.00000000 72095328.00000000 19596.20117188  1844576.50000000 1464268.25000000 
0.09100    44565776.00000000 28141282.00000000 70824880.00000000 19167.50781250  1807330.00000000 1434846.37500000 
0.09200    43780968.00000000 27652246.00000000 69585592.00000000 18748.74023438  1771012.62500000 1406174.37500000 
0.09300    43016176.00000000 27176066.00000000 68378832.00000000 18339.75390625  1735593.62500000 1378208.50000000 
0.09400    42270932.00000000 26712080.00000000 67202200.00000000 17940.15429688  1701029.25000000 1350924.12500000 
0.09500    41544244.00000000 26259960.00000000 66055484.00000000 17549.31054688  1667286.37500000 1324286.87500000 
0.09600    40835664.00000000 25819314.00000000 64938504.00000000 17166.90234375  1634334.62500000 1298275.00000000 
0.09700    40144608.00000000 25389974.00000000 63848176.00000000 16792.88867188  1602151.37500000 1272878.12500000 
0.09800    39470516.00000000 24971166.00000000 62786024.00000000 16426.67382812  1570699.50000000 1248060.37500000 
0.09900    38812904.00000000 24563048.00000000 61749492.00000000 16067.99609375  1539951.12500000 1223789.37500000 
0.10000    38170904.00000000 24164924.00000000 60738088.00000000 15716.60937500  1509878.25000000 1200061.12500000 
0.10100    37544672.00000000 23776252.00000000 59751272.00000000 15372.29394531  1480445.62500000 1176838.50000000 
0.10200    36932852.00000000 23397156.00000000 58788164.00000000 15034.73925781  1451629.12500000 1154103.75000000 
0.10300    36335224.00000000 23026936.00000000 57847184.00000000 14703.83691406  1423414.62500000 1131843.25000000 
0.10400    35751596.00000000 22665536.00000000 56928268.00000000 14379.15136719  1395755.87500000 1110031.37500000 
0.10500    35181148.00000000 22312612.00000000 56030376.00000000 14060.84082031  1368672.62500000 1088663.62500000 
0.10600    34623608.00000000 21967402.00000000 55152932.00000000 13748.54296875  1342100.75000000 1067675.75000000 
0.10700    34077688.00000000 21630208.00000000 54294444.00000000 13442.02539062  1316052.75000000 1047120.75000000 
0.10800    33544030.00000000 21300268.00000000 53454868.00000000 13141.29199219  1290488.12500000 1026937.25000000 
0.10900    33021416.00000000 20977364.00000000 52633000.00000000 12846.29492188  1265391.62500000 1007123.31250000 
0.11000    32509888.00000000 20661418.00000000 51828752.00000000 12556.65039062  1240746.50000000 987671.06250000 
0.11100    32008370.00000000 20352084.00000000 51041328.00000000 12272.59179688  1216543.62500000 968555.87500000 
0.11200    31517328.00000000 20048990.00000000 50269244.00000000 11993.75195312  1192785.00000000 949777.93750000 
0.11300    31035898.00000000 19751842.00000000 49512560.00000000 11720.22558594  1169424.75000000 931315.06250000 
0.11400    30563706.00000000 19460474.00000000 48770604.00000000 11451.92773438  1146468.00000000 913173.43750000 
0.11500    30100436.00000000 19174792.00000000 48042592.00000000 11188.82910156  1123895.62500000 895326.62500000 
0.11600    29645636.00000000 18894446.00000000 47328156.00000000 10930.59570312  1101702.50000000 877768.50000000 
0.11700    29199242.00000000 18618948.00000000 46626808.00000000 10677.62304688  1079886.12500000 860512.87500000 
0.11800    28760596.00000000 18348372.00000000 45937196.00000000 10429.57226562  1058421.87500000 843516.75000000 
0.11900    28329558.00000000 18082556.00000000 45260148.00000000 10186.42578125  1037306.00000000 826796.25000000 
0.12000    27905894.00000000 17821278.00000000 44594320.00000000 9948.13085938   1016529.68750000 810341.81250000 
0.12100    27489364.00000000 17564310.00000000 43939676.00000000 9714.78515625   996095.06250000 794155.62500000 
0.12200    27079424.00000000 17311618.00000000 43295644.00000000 9486.24023438   975998.12500000 778208.37500000 
0.12300    26676154.00000000 17062728.00000000 42661336.00000000 9262.47558594   956211.62500000 762519.68750000 
0.12400    26279238.00000000 16817526.00000000 42037304.00000000 9043.46875000   936753.31250000 747074.75000000 
0.12500    25888064.00000000 16576039.00000000 41422612.00000000 8829.14257812   917597.56250000 731871.25000000 
0.12600    25503014.00000000 16338143.00000000 40816852.00000000 8619.53027344   898756.93750000 716909.31250000 
0.12700    25123834.00000000 16103523.00000000 40220232.00000000 8414.48242188   880222.87500000 702173.43750000 
0.12800    24749762.00000000 15872333.00000000 39631556.00000000 8214.00878906   861981.31250000 687671.00000000 
0.12900    24381154.00000000 15644184.00000000 39051256.00000000 8018.06982422   844038.50000000 673396.37500000 
0.13000    24017724.00000000 15419197.00000000 38479072.00000000 7826.62060547   826395.06250000 659349.18750000 
0.13100    23659360.00000000 15196983.00000000 37914344.00000000 7639.54052734   809028.50000000 645522.25000000 
0.13200    23305926.00000000 14977603.00000000 37356900.00000000 7456.83789062   791954.18750000 631925.87500000 
0.13300    22956934.00000000 14761150.00000000 36807340.00000000 7278.46679688   775164.87500000 618534.43750000 
0.13400    22612794.00000000 14547218.00000000 36264300.00000000 7104.24804688   758653.06250000 605365.56250000 
0.13500    22272864.00000000 14335995.00000000 35728204.00000000 6934.22509766   742417.25000000 592410.75000000 
0.13600    21937426.00000000 14127138.00000000 35198348.00000000 6768.30078125   726450.75000000 579664.18750000 
0.13700    21606130.00000000 13920858.00000000 34675632.00000000 6606.35742188   710759.06250000 567135.68750000 
0.13800    21279118.00000000 13716981.00000000 34158848.00000000 6448.36181641   695333.56250000 554809.25000000 
0.13900    20956164.00000000 13515343.00000000 33648360.00000000 6294.15039062   680172.25000000 542688.50000000 
0.14000    20637330.00000000 13316137.00000000 33143808.00000000 6143.75097656   665279.68750000 530776.37500000 
0.14100    20322286.00000000 13119103.00000000 32645350.00000000 5997.08300781   650642.93750000 519060.96875000 
0.14200    20010966.00000000 12924251.00000000 32152556.00000000 5853.96142578   636264.25000000 507550.50000000 
0.14300    19703528.00000000 12731596.00000000 31665748.00000000 5714.34179688   622137.75000000 496239.31250000 
0.14400    19399748.00000000 12541063.00000000 31184114.00000000 5578.08837891   608259.37500000 485118.75000000 
0.14500    19099554.00000000 12352540.00000000 30708548.00000000 5445.26025391   594629.50000000 474196.12500000 
0.14600    18802964.00000000 12166129.00000000 30237946.00000000 5315.59277344   581237.43750000 463466.81250000 
0.14700    18510050.00000000 11981875.00000000 29773042.00000000 5189.17236328   568099.12500000 452927.03125000 
0.14800    18220752.00000000 11799459.00000000 29313364.00000000 5065.67285156   555191.56250000 442575.03125000 
0.14900    17934756.00000000 11619067.00000000 28858990.00000000 4945.18359375   542521.25000000 432408.84375000 
0.15000    17652078.00000000 11440668.00000000 28409664.00000000 4827.56982422   530081.75000000 422425.93750000 
0.15100    17372854.00000000 11264159.00000000 27965604.00000000 4712.70751953   517875.62500000 412622.25000000 
0.15200    17096964.00000000 11089695.00000000 27526740.00000000 4600.65966797   505888.25000000 403002.53125000 
0.15300    16824468.00000000 10917087.00000000 27092848.00000000 4491.13525391   494123.50000000 393556.31250000 
0.15400    16555170.00000000 10746344.00000000 26663744.00000000 4384.16406250   482577.78125000 384281.18750000 
0.15500    16289291.00000000 10577502.00000000 26239998.00000000 4279.68798828   471248.84375000 375182.65625000 
0.15600    16026385.00000000 10410613.00000000 25820994.00000000 4177.51074219   460132.50000000 366248.59375000 
0.15700    15766914.00000000 10245587.00000000 25406956.00000000 4077.74658203   449222.71875000 357487.31250000 
0.15800    15510475.00000000 10082493.00000000 24997620.00000000 3980.21191406   438518.34375000 348882.93750000 
0.15900    15257279.00000000 9921118.00000000 24593444.00000000 3884.79833984   428018.53125000 340449.75000000 
0.16000    15007063.00000000 9761663.00000000 24193874.00000000 3791.50903320   417714.12500000 332167.53125000 
0.16100    14760119.00000000 9604088.00000000 23799244.00000000 3700.30664062   407608.40625000 324048.46875000 
0.16200    14516211.00000000 9448319.00000000 23409518.00000000 3611.11401367   397695.71875000 316082.71875000 
0.16300    14275417.00000000 9294410.00000000 23024244.00000000 3523.83374023   387973.28125000 308269.28125000 
0.16400    14037650.00000000 9142241.00000000 22644052.00000000 3438.45312500   378436.21875000 300608.62500000 
0.16500    13802990.00000000 8992103.00000000 22268562.00000000 3354.93969727   369084.46875000 293094.46875000 
0.16600    13571286.00000000 8843702.00000000 21897716.00000000 3273.20532227   359911.18750000 285726.15625000 
0.16700    13342732.00000000 8697099.00000000 21531618.00000000 3193.25683594   350916.09375000 278499.28125000 
0.16800    13117043.00000000 8552337.00000000 21170038.00000000 3115.01904297   342096.68750000 271414.15625000 
0.16900    12894517.00000000 8409454.00000000 20813402.00000000 3038.52050781   333450.96875000 264471.31250000 
0.17000    12674867.00000000 8268275.00000000 20461364.00000000 2963.69165039   324974.96875000 257665.81250000 
0.17100    12458273.00000000 8128990.00000000 20113806.00000000 2890.46533203   316665.90625000 250992.60937500 
0.17200    12244523.00000000 7991486.50000000 19770928.00000000 2818.88110352   308521.12500000 244452.85937500 
0.17300    12033730.00000000 7855857.50000000 19432804.00000000 2748.86230469   300542.81250000 238046.25000000 
0.17400    11825915.00000000 7721943.50000000 19099206.00000000 2680.46118164   292723.09375000 231767.96875000 
0.17500    11621053.00000000 7589865.00000000 18770296.00000000 2613.59252930   285060.40625000 225615.79687500 
0.17600    11419049.00000000 7459589.00000000 18445670.00000000 2548.24731445   277548.18750000 219588.14062500 
0.17700    11219931.00000000 7331080.00000000 18125754.00000000 2484.43798828   270192.40625000 213686.35937500 
0.17800    11023548.00000000 7204344.50000000 17810436.00000000 2422.12426758   262990.34375000 207903.64062500 
0.17900    10830275.00000000 7079406.00000000 17499582.00000000 2361.31127930   255933.98437500 202244.73437500 
0.18000    10639737.00000000 6956259.00000000 17193280.00000000 2301.98510742   249026.67187500 196701.54687500 
0.18100    10452020.00000000 6834887.50000000 16891464.00000000 2244.17407227   242269.10937500 191278.23437500 
0.18200    10267101.00000000 6715190.50000000 16593945.00000000 2187.76147461   235644.96875000 185963.81250000 
0.18300    10084908.00000000 6597278.00000000 16300810.00000000 2132.77783203   229167.26562500 180767.12500000 
0.18400    9905547.00000000 6481144.50000000 16012208.00000000 2079.26660156   222825.42187500 175681.06250000 
0.18500    9729030.00000000 6366690.00000000 15727956.00000000 2027.18017578   216623.93750000 170705.28125000 
0.18600    9555114.00000000 6253963.00000000 15447971.00000000 1976.50415039   210555.21875000 165836.21875000 
0.18700    9383869.00000000 6142942.50000000 15172251.00000000 1927.20166016   204620.51562500 161076.10937500 
0.18800    9215266.00000000 6033567.00000000 14900814.00000000 1879.29577637   198816.03125000 156419.07812500 
0.18900    9049567.00000000 5925940.50000000 14633666.00000000 1832.77941895   193143.71875000 151869.21875000 
0.19000    8886194.00000000 5819902.00000000 14370632.00000000 1787.57543945   187593.82812500 147416.43750000 
0.19100    8725683.00000000 5715607.50000000 14111923.00000000 1743.75073242   182173.71875000 143068.34375000 
0.19200    8567714.00000000 5612886.50000000 13857082.00000000 1701.22631836   176875.76562500 138816.56250000 
0.19300    8412370.00000000 5511852.00000000 13606566.00000000 1660.03674316   171701.46875000 134665.18750000 
0.19400    8259382.00000000 5412383.00000000 13359947.00000000 1620.09814453   166644.79687500 130607.65625000 
0.19500    8109048.00000000 5314498.50000000 13117377.00000000 1581.44567871   161706.26562500 126644.75000000 
0.19600    7961141.50000000 5218204.00000000 12878726.00000000 1544.02062988   156883.03125000 122773.32812500 
0.19700    7815643.50000000 5123454.00000000 12643949.00000000 1507.82482910   152175.12500000 118994.32031250 
0.19800    7672635.00000000 5030236.50000000 12413078.00000000 1472.81628418   147578.35937500 115303.81250000 
0.19900    7532039.50000000 4938583.50000000 12186055.00000000 1438.99816895   143093.51562500 111702.19531250 
0.20000    7393687.50000000 4848377.00000000 11962725.00000000 1406.30456543   138713.29687500 108185.53125000 
0.20100    7257764.00000000 4759683.50000000 11743217.00000000 1374.74792480   134440.93750000 104753.85937500 
0.20200    7124078.00000000 4672462.50000000 11527182.00000000 1344.27343750   130271.60937500 101405.39062500 
0.20300    6992752.00000000 4586628.00000000 11314927.00000000 1314.86987305   126204.96093750 98139.05468750  
0.20400    6863576.50000000 4502311.50000000 11106195.00000000 1286.51110840   122237.14843750 94951.21875000  
0.20500    6736578.50000000 4419361.00000000 10900978.00000000 1259.15063477   118367.50000000 91842.53906250  
0.20600    6611786.00000000 4337707.50000000 10699178.00000000 1232.75390625   114592.99218750 88808.39843750  
0.20700    6489055.50000000 4257534.00000000 10500816.00000000 1207.32397461   110911.92187500 85850.52343750  
0.20800    6368423.00000000 4178632.00000000 10305722.00000000 1182.78637695   107321.92968750 82965.00781250  
0.20900    6249944.50000000 4101090.00000000 10114109.00000000 1159.19763184   103825.25781250 80154.69531250  
0.21000    6133400.00000000 4024788.00000000 9925540.00000000 1136.41003418   100411.35937500 77410.93750000  
0.21100    6018849.50000000 3949812.75000000 9740222.00000000 1114.48217773   97085.73437500  74736.23437500  
0.21200    5906275.00000000 3876079.75000000 9558035.00000000 1093.34020996   93841.53906250  72128.57031250  
0.21300    5795571.00000000 3803569.75000000 9378857.00000000 1072.96923828   90677.14062500  69586.01562500  
0.21400    5686786.00000000 3732284.25000000 9202774.00000000 1053.33544922   87594.87500000  67108.28906250  
0.21500    5579904.50000000 3662201.50000000 9029781.00000000 1034.45776367   84590.88281250  64693.68359375  
0.21600    5474755.00000000 3593283.25000000 8859488.00000000 1016.22790527   81660.00000000  62337.23046875  
0.21700    5371392.50000000 3525521.25000000 8692172.00000000 998.69152832    78804.28125000  60042.03906250  
0.21800    5269798.50000000 3458890.75000000 8527635.00000000 981.77337646    76021.03906250  57804.62109375  
0.21900    5169890.00000000 3393345.50000000 8365853.00000000 965.46514893    73304.57031250  55622.36718750  
0.22000    5071655.00000000 3328884.25000000 8206770.50000000 949.75781250    70658.25000000  53496.25390625  
0.22100    4975153.50000000 3265563.25000000 8050456.00000000 934.63580322    68080.64843750  51425.32031250  
0.22200    4880296.50000000 3203279.25000000 7896744.00000000 920.06457520    65566.53906250  49406.35156250  
0.22300    4786966.50000000 3142015.00000000 7745446.50000000 906.01434326    63115.76562500  47438.21484375  
0.22400    4695121.00000000 3081750.00000000 7596789.50000000 892.46545410    60726.21093750  45520.15234375  
0.22500    4605004.00000000 3022553.75000000 7450662.00000000 879.45849609    58400.59765625  43653.23046875  
0.22600    4516196.00000000 2964305.75000000 7306983.00000000 866.89770508    56131.42187500  41831.97656250  
0.22700    4429084.00000000 2907063.75000000 7165722.00000000 854.83398438    53921.78515625  40059.63671875  
0.22800    4343325.50000000 2850758.25000000 7026777.50000000 843.21551514    51767.28906250  38332.18359375  
0.22900    4258999.00000000 2795374.75000000 6890127.50000000 832.02319336    49669.17578125  36649.32812500  
0.23000    4176128.25000000 2740958.50000000 6755828.00000000 821.29931641    47625.77734375  35011.12500000  
0.23100    4094673.25000000 2687431.50000000 6623802.00000000 810.98767090    45635.17578125  33416.70312500  
0.23200    4014534.50000000 2634797.25000000 6493997.50000000 801.07104492    43696.60937500  31863.38476562  
0.23300    3935785.00000000 2583064.75000000 6366359.50000000 791.57611084    41809.23828125  30352.10937500  
0.23400    3858353.75000000 2532242.25000000 6240902.00000000 782.49572754    39972.88671875  28882.27734375  
0.23500    3782239.25000000 2482211.25000000 6117529.50000000 773.79028320    38183.84765625  27450.60546875  
0.23600    3707417.25000000 2433073.00000000 5996304.50000000 765.49237061    36445.89062500  26059.67578125  
0.23700    3633882.00000000 2384782.00000000 5877118.00000000 757.57580566    34755.17968750  24707.21093750  
0.23800    3561663.75000000 2337326.50000000 5760103.50000000 750.04040527    33111.68750000  23393.44726562  
0.23900    3490627.00000000 2290688.75000000 5645026.00000000 742.87567139    31514.03125000  22116.19921875  
0.24000    3420837.75000000 2244850.75000000 5531927.00000000 736.09655762    29962.19726562  20875.90625000  
0.24100    3352358.25000000 2199834.50000000 5420930.50000000 729.69909668    28457.08789062  19673.57226562  
0.24200    3285013.75000000 2155623.50000000 5311838.00000000 723.67266846    26996.46875000  18506.56250000  
0.24300    3218918.00000000 2112203.25000000 5204709.00000000 718.00213623    25579.28320312  17374.80664062  
0.24400    3153955.00000000 2069552.87500000 5099456.50000000 712.69415283    24205.80859375  16277.93164062  
0.24500    3090216.50000000 2027662.50000000 4996154.50000000 707.75073242    22875.33398438  15215.51269531  
0.24600    3027619.50000000 1986554.62500000 4894734.50000000 703.16394043    21588.16601562  14187.57519531  
0.24700    2966195.50000000 1946214.00000000 4795178.00000000 698.94091797    20342.88671875  13193.44921875  
0.24800    2905897.00000000 1906593.37500000 4697470.00000000 695.06060791    19139.39843750  12232.72070312  
0.24900    2846735.75000000 1867717.50000000 4601553.00000000 691.53173828    17976.42187500  11304.19628906  
0.25000    2788701.00000000 1829602.50000000 4507547.50000000 688.34924316    16854.54882812  10408.50390625  
0.25100    2731784.25000000 1792184.50000000 4415273.00000000 685.48229980    15772.39453125  9544.40722656   
0.25200    2676003.50000000 1755537.50000000 4324825.00000000 682.98071289    14732.16308594  8713.17675781   
0.25300    2621293.50000000 1719579.87500000 4236187.00000000 680.79730225    13729.94238281  7912.43017578   
0.25400    2567693.00000000 1684320.37500000 4149248.00000000 678.93005371    12766.79296875  7142.82714844   
0.25500    2515143.75000000 1649767.50000000 4064027.25000000 677.36199951    11841.40820312  6403.41455078   
0.25600    2463658.75000000 1615902.25000000 3980575.50000000 676.12103271    10954.52441406  5693.79150391   
0.25700    2413249.25000000 1582738.25000000 3898777.25000000 675.16320801    10104.47851562  5014.05322266   
0.25800    2363886.25000000 1550243.00000000 3818672.25000000 674.48468018    9291.39648438   4362.87255859   
0.25900    2315533.25000000 1518430.12500000 3740279.00000000 674.08850098    8514.57812500   3740.78710938   
0.26000    2268244.75000000 1487268.25000000 3663486.75000000 673.96844482    7773.58007812   3146.66967773   
0.26100    2221919.25000000 1456772.00000000 3588333.75000000 674.08856201    7066.17480469   2579.26855469   
0.26200    2176654.75000000 1426919.75000000 3514832.50000000 674.47595215    6395.01953125   2040.33520508   
0.26300    2132305.25000000 1397685.50000000 3442834.75000000 675.06097412    5755.05419922   1526.30493164   
0.26400    2088969.12500000 1369096.00000000 3372462.00000000 675.88793945    5149.02783203   1038.78381348   
0.26500    2046609.00000000 1341145.62500000 3303639.00000000 676.91357422    4575.51220703   577.14172363    
0.26600    2005178.25000000 1313789.75000000 3236300.00000000 678.13415527    4032.80688477   139.40089417    
0.26700    1964694.12500000 1287039.50000000 3170500.75000000 679.53851318    3521.15063477   -273.54678345   
0.26800    1925154.12500000 1260901.25000000 3106188.25000000 681.11163330    3039.50659180   -662.54840088   
0.26900    1886477.87500000 1235317.12500000 3043269.00000000 682.82855225    2585.90332031   -1029.47595215  
0.27000    1848725.50000000 1210321.00000000 2981854.25000000 684.68444824    2161.51342773   -1373.36853027  
0.27100    1811821.25000000 1185894.12500000 2921781.50000000 686.67443848    1763.66149902   -1696.36254883  
0.27200    1775845.37500000 1162028.00000000 2863208.00000000 688.78753662    1394.47351074   -1996.41735840  
0.27300    1740646.00000000 1138686.00000000 2805855.75000000 690.98651123    1048.77404785   -2278.03222656  
0.27400    1706238.25000000 1115850.62500000 2749799.75000000 693.24816895    726.30181885    -2540.90698242  
0.27500    1672725.12500000 1093594.00000000 2695163.00000000 695.61102295    431.01431274    -2782.41992188  
0.27600    1639922.62500000 1071773.25000000 2641663.25000000 698.00494385    156.02459717    -3007.94335938  
0.27700    1607951.00000000 1050502.50000000 2589485.75000000 700.47204590    -94.98050690    -3213.85766602  
0.27800    1576701.37500000 1029700.43750000 2538487.25000000 702.96905518    -325.55053711   -3403.80371094  
0.27900    1546203.50000000 1009376.00000000 2488700.75000000 705.47827148    -535.50805664   -3577.11621094  
0.28000    1516423.50000000 989501.25000000 2440012.50000000 708.00494385    -726.30474854   -3734.72924805  
0.28100    1487335.25000000 970091.43750000 2392476.75000000 710.53228760    -898.39739990   -3877.54589844  
0.28200    1458945.50000000 951116.68750000 2346064.00000000 713.06414795    -1051.96130371  -4005.49462891  
0.28300    1431216.12500000 932565.68750000 2300681.50000000 715.56567383    -1188.86889648  -4119.89550781  
0.28400    1404099.00000000 914417.93750000 2256324.75000000 718.04986572    -1310.14953613  -4221.71826172  
0.28500    1377653.12500000 896691.00000000 2212991.75000000 720.51550293    -1414.76782227  -4309.86523438  
0.28600    1351780.62500000 879344.12500000 2170607.25000000 722.92108154    -1505.97338867  -4387.09570312  
0.28700    1326505.87500000 862379.75000000 2129174.25000000 725.30261230    -1582.73205566  -4452.40771484  
0.28800    1301796.87500000 845765.37500000 2088668.50000000 727.62670898    -1646.60461426  -4507.24755859  
0.28900    1277661.12500000 829541.93750000 2049060.00000000 729.90533447    -1697.01977539  -4550.97412109  
0.29000    1254028.12500000 813633.87500000 2010255.62500000 732.12121582    -1736.44470215  -4585.85253906  
0.29100    1230956.25000000 798079.37500000 1972373.25000000 734.29315186    -1763.56652832  -4610.64355469  
0.29200    1208354.37500000 782832.81250000 1935220.50000000 736.39318848    -1780.57861328  -4626.40771484  
0.29300    1186253.12500000 767923.31250000 1898911.75000000 738.44708252    -1786.42810059  -4633.33154297  
0.29400    1164598.00000000 753292.37500000 1863288.25000000 740.42486572    -1784.34472656  -4633.76757812  
0.29500    1143424.37500000 738974.93750000 1828460.62500000 742.34881592    -1771.14196777  -4624.64062500  
0.29600    1122668.12500000 724927.06250000 1794280.37500000 744.21667480    -1750.39880371  -4609.07324219  
0.29700    1102314.75000000 711149.50000000 1760777.62500000 746.01031494    -1721.28466797  -4587.01220703  
0.29800    1082412.87500000 697652.00000000 1727975.75000000 747.76977539    -1683.81103516  -4557.36425781  
0.29900    1062892.50000000 684406.25000000 1695813.00000000 749.47186279    -1637.81762695  -4521.00878906  
0.30000    1043728.43750000 671406.25000000 1664224.50000000 751.11401367    -1586.04943848  -4479.55517578  
0.30100    1024980.62500000 658664.06250000 1633277.75000000 752.72045898    -1525.74682617  -4430.90283203  
0.30200    1006547.06250000 646123.81250000 1602867.37500000 754.27563477    -1459.52954102  -4377.56835938  
0.30300    988490.37500000 633838.00000000 1573070.50000000 755.79034424    -1386.17053223  -4317.78417969  
0.30400    970763.12500000 621767.56250000 1543816.75000000 757.28912354    -1306.07775879  -4252.57617188  
0.30500    953353.06250000 609895.06250000 1515038.37500000 758.72937012    -1220.97338867  -4183.00927734  
0.30600    936250.31250000 598229.37500000 1486768.75000000 760.15307617    -1128.91296387  -4108.07910156  
0.30700    919494.50000000 586794.62500000 1459064.25000000 761.56280518    -1029.97399902  -4027.33129883  
0.30800    903011.43750000 575528.00000000 1431801.87500000 762.94573975    -926.41516113   -3942.29882812  
0.30900    886839.56250000 564474.37500000 1405044.75000000 764.32476807    -815.80340576   -3851.97363281  
0.31000    870938.37500000 553608.31250000 1378743.37500000 765.69104004    -699.85791016   -3757.20629883  
0.31100    855319.31250000 542910.93750000 1352881.87500000 767.04547119    -578.06945801   -3657.83959961  
0.31200    839985.50000000 532405.25000000 1327469.25000000 768.40057373    -450.70260620   -3553.65429688  
0.31300    824923.06250000 522070.53125000 1302511.75000000 769.76324463    -317.29156494   -3444.65454102  
0.31400    810139.81250000 511934.65625000 1278007.62500000 771.13586426    -177.82518005   -3330.84594727  
0.31500    795597.68750000 501942.87500000 1253880.62500000 772.50146484    -33.23849106    -3213.13671875  
0.31600    781324.56250000 492137.37500000 1230210.37500000 773.88659668    117.73419952    -3090.47167969  
0.31700    767317.37500000 482498.46875000 1206940.75000000 775.28558350    274.45489502    -2962.99511719  
0.31800    753548.31250000 473023.15625000 1184079.25000000 776.68286133    435.71652222    -2832.06640625  
0.31900    740052.12500000 463720.00000000 1161669.75000000 778.11578369    604.49005127    -2695.10278320  
0.32000    726796.50000000 454580.18750000 1139623.00000000 779.54766846    778.21881104    -2554.60937500  
0.32100    713773.62500000 445593.87500000 1117972.62500000 781.00189209    957.48260498    -2409.57324219  
0.32200    701041.81250000 436792.09375000 1096782.00000000 782.47222900    1143.43103027   -2259.50756836  
0.32300    688509.81250000 428118.40625000 1075917.12500000 783.94982910    1333.62390137   -2106.27026367  
0.32400    676235.50000000 419617.56250000 1055468.62500000 785.44171143    1529.90026855   -1948.43420410  
0.32500    664209.37500000 411282.59375000 1035415.81250000 786.94415283    1731.39172363   -1786.36987305  
0.32600    652435.93750000 403109.90625000 1015769.62500000 788.45190430    1938.53686523   -1620.07434082  
0.32700    640895.50000000 395091.31250000 996519.81250000 789.96234131    2151.28125000   -1449.54907227  
0.32800    629624.68750000 387250.53125000 977692.68750000 791.48571777    2369.81665039   -1274.61389160  
0.32900    618574.00000000 379554.93750000 959217.93750000 792.99072266    2592.48730469   -1096.53100586  
0.33000    607801.31250000 372028.43750000 941184.56250000 794.49707031    2820.89379883   -914.16320801   
0.33100    597209.12500000 364637.06250000 923463.56250000 795.97937012    3053.01831055   -729.08190918   
0.33200    586933.68750000 357447.15625000 906247.62500000 797.47070312    3291.72045898   -538.73144531   
0.33300    576871.25000000 350395.21875000 889372.43750000 798.92071533    3533.72387695   -345.99951172   
0.33400    567071.50000000 343518.12500000 872917.62500000 800.35351562    3780.67016602   -149.65292358   
0.33500    557492.31250000 336789.06250000 856835.31250000 801.74206543    4030.96118164   49.37932587     
0.33600    548167.00000000 330223.87500000 841151.68750000 803.09680176    4285.41210938   251.54689026    
0.33700    539080.25000000 323819.03125000 825856.37500000 804.40435791    4543.43505859   456.40594482    
0.33800    530255.18750000 317587.53125000 810994.75000000 805.66864014    4805.32177734   664.22308350    
0.33900    521647.06250000 311494.21875000 796474.25000000 806.86694336    5069.29785156   873.82208252    
0.34000    513292.78125000 305570.68750000 782365.00000000 808.00585938    5336.48193359   1085.91430664   
0.34100    505176.40625000 299807.90625000 768659.81250000 809.07568359    5606.22363281   1299.82861328   
0.34200    497332.71875000 294223.50000000 755382.93750000 810.08282471    5879.24414062   1516.37524414   
0.34300    489687.59375000 288771.78125000 742431.87500000 810.98797607    6152.95556641   1733.56640625   
0.34400    482320.53125000 283505.25000000 729929.12500000 811.82897949    6429.57226562   1953.07861328   
0.34500    475159.71875000 278380.06250000 717775.12500000 812.56353760    6706.71630859   2172.96923828   
0.34600    468268.81250000 273431.65625000 706059.43750000 813.21234131    6985.87011719   2394.82421875   
0.34700    461560.15625000 268609.59375000 694644.75000000 813.74212646    7264.31982422   2616.22460938   
0.34800    455110.87500000 263963.09375000 683651.93750000 814.17864990    7544.04833984   2838.52758789   
0.34900    448887.21875000 259467.01562500 673029.31250000 814.49804688    7823.94775391   3061.44116211   
0.35000    442880.53125000 255121.90625000 662766.43750000 814.69976807    8103.12353516   3283.77148438   
0.35100    437128.31250000 250944.31250000 652920.12500000 814.78784180    8383.04003906   3507.05590820   
0.35200    431544.62500000 246884.56250000 643345.75000000 814.74597168    8660.72558594   3728.73095703   
0.35300    426191.34375000 242981.68750000 634168.06250000 814.57135010    8937.29687500   3950.11669922   
0.35400    421064.56250000 239238.93750000 625366.18750000 814.28570557    9213.37304688   4171.19091797   
0.35500    416147.62500000 235635.39062500 616892.06250000 813.85955811    9487.29199219   4391.01123047   
0.35600    411412.93750000 232158.07812500 608739.43750000 813.29962158    9759.12402344   4609.52001953   
0.35700    406888.40625000 228831.17187500 600926.56250000 812.60418701    10028.97167969  4826.86474609   
0.35800    402574.37500000 225647.59375000 593474.06250000 811.78045654    10296.85156250  5042.86816406   
0.35900    398450.43750000 222595.56250000 586330.62500000 810.82623291    10561.55371094  5257.04296875   
0.36000    394524.71875000 219685.90625000 579523.81250000 809.73352051    10824.28808594  5470.08691406   
0.36100    390761.71875000 216890.96875000 572994.81250000 808.49420166    11082.70019531  5680.08496094   
0.36200    387226.65625000 214252.85937500 566834.87500000 807.14996338    11339.93652344  5889.62109375   
0.36300    383820.71875000 211707.50000000 560907.68750000 805.64648438    11591.85449219  6095.42675781   
0.36400    380592.93750000 209290.53125000 555277.12500000 804.01226807    11840.20019531  6299.14111328   
0.36500    377529.50000000 206991.57812500 549924.56250000 802.25164795    12084.98632812  6500.45800781   
0.36600    374653.59375000 204829.18750000 544897.43750000 800.38110352    12327.03515625  6699.95019531   
0.36700    371913.59375000 202759.42187500 540095.43750000 798.35766602    12563.60742188  6895.71191406   
0.36800    369372.00000000 200833.03125000 535619.25000000 796.24365234    12798.05664062  7090.48730469   
0.36900    366969.37500000 199006.37500000 531383.87500000 793.99462891    13027.87500000  7281.95263672   
0.37000    364674.12500000 197259.71875000 527337.75000000 791.62200928    13251.93359375  7469.35693359   
0.37100    362525.59375000 195628.09375000 523559.56250000 789.14459229    13472.27343750  7654.50244141   
0.37200    360557.90625000 194117.29687500 520068.84375000 786.56665039    13689.42089844  7837.60693359   
0.37300    358690.09375000 192684.54687500 516764.59375000 783.87524414    13901.31542969  8017.04003906   
0.37400    356977.53125000 191360.84375000 513711.18750000 781.09350586    14109.79589844  8194.33886719   
0.37500    355388.81250000 190127.90625000 510872.78125000 778.21649170    14313.84277344  8368.63281250   
0.37600    353925.62500000 188989.59375000 508256.03125000 775.23956299    14513.14941406  8539.56640625   
0.37700    352558.53125000 187928.15625000 505809.09375000 772.17895508    14707.99023438  8707.47558594   
0.37800    351327.28125000 186956.06250000 503587.68750000 769.03186035    14898.85937500  8872.78222656   
0.37900    350225.18750000 186085.10937500 501592.59375000 765.81652832    15086.31835938  9035.85742188   
0.38000    349202.40625000 185276.32812500 499744.84375000 762.51812744    15268.33496094  9195.09082031   
0.38100    348281.81250000 184535.06250000 498062.12500000 759.14654541    15446.13574219  9351.18652344   
0.38200    347480.68750000 183885.39062500 496582.15625000 755.71441650    15620.50488281  9505.17578125   
0.38300    346750.68750000 183291.64062500 495243.56250000 752.21295166    15789.76269531  9655.61718750   
0.38400    346152.75000000 182790.03125000 494119.00000000 748.65979004    15956.30273438  9803.91210938   
0.38500    345609.34375000 182332.87500000 493093.68750000 745.04278564    16117.60546875  9948.63183594   
0.38600    345191.87500000 181964.53125000 492280.71875000 741.39654541    16276.33496094  10091.60937500  
0.38700    344822.71875000 181630.85937500 491553.21875000 737.68261719    16429.68164062  10230.51171875  
0.38800    344548.15625000 181367.28125000 490981.71875000 733.93212891    16579.57226562  10367.11035156  
0.38900    344343.90625000 181155.28125000 490540.00000000 730.13354492    16725.29687500  10500.70703125  
0.39000    344246.31250000 181021.09375000 490273.84375000 726.30566406    16868.37109375  10632.31054688  
0.39100    344198.31250000 180921.35937500 490099.53125000 722.44378662    17007.04101562  10760.73339844  
0.39200    344231.46875000 180879.78125000 490056.78125000 718.54730225    17142.24218750  10886.38769531  
0.39300    344320.15625000 180873.64062500 490107.90625000 714.61480713    17273.20312500  11009.07910156  
0.39400    344509.28125000 180941.65625000 490328.37500000 710.66369629    17401.73437500  11129.97070312  
0.39500    344716.37500000 181025.07812500 490591.31250000 706.67993164    17525.20898438  11246.94824219  
0.39600    344996.00000000 181156.45312500 490965.71875000 702.67071533    17645.16210938  11361.21777344  
0.39700    345328.15625000 181325.28125000 491423.71875000 698.63934326    17761.73828125  11472.81054688  
0.39800    345734.40625000 181540.62500000 492011.21875000 694.59381104    17875.35937500  11582.03906250  
0.39900    346178.25000000 181780.98437500 492654.00000000 690.51733398    17984.66601562  11688.04882812  
0.40000    346671.53125000 182056.45312500 493382.03125000 686.42840576    18090.26953125  11791.22070312  
0.40100    347201.37500000 182355.62500000 494171.71875000 682.32391357    18191.68554688  11891.09667969  
0.40200    347795.31250000 182696.18750000 495061.37500000 678.19726562    18290.28515625  11988.58007812  
0.40300    348404.21875000 183046.95312500 495976.06250000 674.04571533    18384.22460938  12082.21582031  
0.40400    349073.34375000 183432.92187500 496980.37500000 669.88153076    18474.82617188  12173.56347656  
0.40500    349770.93750000 183836.46875000 498034.62500000 665.70599365    18561.45117188  12261.33007812  
0.40600    350515.50000000 184269.00000000 499162.90625000 661.51763916    18644.88085938  12346.68164062  
0.40700    351275.87500000 184711.48437500 500318.31250000 657.30090332    18723.61328125  12428.13378906  
0.40800    352064.90625000 185165.25000000 501502.75000000 653.06805420    18798.25781250  12506.15917969  
0.40900    352868.40625000 185633.18750000 502723.75000000 648.82836914    18868.45117188  12580.82617188  
0.41000    353727.81250000 186125.28125000 504016.12500000 644.57360840    18935.55468750  12652.77929688  
0.41100    354579.81250000 186617.51562500 505299.87500000 640.28955078    18997.65625000  12720.48046875  
0.41200    355440.50000000 187106.51562500 506593.12500000 635.99279785    19054.88476562  12784.48925781  
0.41300    356338.34375000 187616.82812500 507937.87500000 631.68157959    19108.76367188  12845.39160156  
0.41400    357231.96875000 188117.95312500 509266.81250000 627.35308838    19157.19726562  12902.24609375  
0.41500    358146.90625000 188633.18750000 510632.68750000 623.00872803    19201.97070312  12955.68847656  
0.41600    359035.65625000 189124.68750000 511952.28125000 618.62786865    19240.74609375  13004.39550781  
0.41700    359960.03125000 189637.78125000 513317.15625000 614.25415039    19276.02148438  13050.16699219  
0.41800    360900.59375000 190154.29687500 514711.00000000 609.85791016    19306.97656250  13092.41113281  
0.41900    361775.50000000 190625.95312500 515990.25000000 605.42517090    19330.88476562  13128.67187500  
0.42000    362690.43750000 191117.34375000 517317.71875000 600.98901367    19351.42968750  13162.45117188  
0.42100    363604.78125000 191600.39062500 518646.00000000 596.54168701    19367.22265625  13191.95898438  
0.42200    364492.12500000 192072.68750000 519937.68750000 592.06890869    19377.84960938  13217.51171875  
0.42300    365363.50000000 192516.50000000 521173.28125000 587.57647705    19382.58398438  13238.17871094  
0.42400    366215.84375000 192954.34375000 522392.62500000 583.06927490    19382.25781250  13254.70214844  
0.42500    367058.59375000 193376.46875000 523581.03125000 578.54858398    19376.98828125  13267.22949219  
0.42600    367859.56250000 193770.42187500 524700.31250000 574.00085449    19366.17187500  13275.04394531  
0.42700    368670.50000000 194160.60937500 525817.81250000 569.45642090    19350.86914062  13279.35742188  
0.42800    369429.65625000 194517.65625000 526861.37500000 564.88848877    19329.58007812  13278.80175781  
0.42900    370192.37500000 194871.60937500 527895.50000000 560.31890869    19303.94140625  13274.70117188  
0.43000    370902.93750000 195195.53125000 528854.56250000 555.74133301    19272.42578125  13265.81054688  
0.43100    371553.40625000 195471.93750000 529709.68750000 551.13208008    19234.55078125  13252.06152344  
0.43200    372207.71875000 195749.68750000 530566.12500000 546.53686523    19193.32617188  13235.07226562  
0.43300    372805.06250000 195986.12500000 531322.37500000 541.92022705    19145.70312500  13213.25488281  
0.43400    373374.25000000 196203.78125000 532032.68750000 537.31207275    19093.16406250  13187.34765625  
0.43500    373888.93750000 196384.42187500 532649.93750000 532.69580078    19035.27734375  13157.33691406  
0.43600    374400.34375000 196559.28125000 533260.81250000 528.09326172    18973.61328125  13124.21386719  
0.43700    374827.71875000 196679.04687500 533731.62500000 523.48510742    18905.75781250  13085.99414062  
0.43800    375203.34375000 196768.71875000 534125.12500000 518.87207031    18832.87304688  13043.95996094  
0.43900    375556.21875000 196837.98437500 534469.87500000 514.28210449    18755.48828125  12998.40234375  
0.44000    375855.31250000 196873.14062500 534740.68750000 509.69357300    18673.65625000  12949.08300781  
0.44100    376108.40625000 196878.59375000 534921.43750000 505.12881470    18587.14062500  12896.06738281  
0.44200    376311.68750000 196852.87500000 535037.18750000 500.58328247    18496.18554688  12839.76660156  
0.44300    376466.78125000 196796.65625000 535071.93750000 496.04879761    18400.70898438  12779.95898438  
0.44400    376575.81250000 196710.96875000 535021.06250000 491.54238892    18301.75781250  12716.98828125  
0.44500    376592.50000000 196568.21875000 534834.87500000 487.04656982    18196.82031250  12649.95800781  
0.44600    376575.56250000 196403.26562500 534593.25000000 482.59216309    18088.93750000  12580.26464844  
0.44700    376529.87500000 196224.75000000 534311.87500000 478.17935181    17977.84960938  12508.09277344  
0.44800    376400.75000000 195991.10937500 533888.31250000 473.79040527    17862.23242188  12432.56640625  
0.44900    376244.06250000 195743.84375000 533437.62500000 469.45037842    17744.14843750  12354.92285156  
0.45000    376042.25000000 195469.39062500 532904.31250000 465.15872192    17623.12695312  12275.08300781  
0.45100    375747.06250000 195139.21875000 532232.31250000 460.89685059    17497.33398438  12191.73242188  
0.45200    375430.68750000 194798.60937500 531522.87500000 456.69534302    17369.70507812  12106.90722656  
0.45300    375041.25000000 194414.76562500 530698.50000000 452.54699707    17238.96289062  12019.82617188  
0.45400    374616.53125000 194012.48437500 529830.43750000 448.44824219    17105.81640625  11930.88574219  
0.45500    374137.15625000 193579.62500000 528883.68750000 444.41867065    16970.51367188  11840.44335938  
0.45600    373598.18750000 193112.81250000 527841.50000000 440.44509888    16832.60742188  11747.84863281  
0.45700    373023.06250000 192626.25000000 526745.62500000 436.54083252    16693.27929688  11654.25585938  
0.45800    372385.96875000 192104.00000000 525554.37500000 432.70843506    16551.63867188  11559.43554688  
0.45900    371696.71875000 191556.79687500 524291.25000000 428.94186401    16408.32617188  11462.92675781  
0.46000    370993.71875000 191004.48437500 523008.21875000 425.26773071    16264.96093750  11366.74902344  
0.46100    370198.09375000 190398.60937500 521580.18750000 421.64889526    16118.38574219  11268.06738281  
0.46200    369398.03125000 189795.57812500 520160.53125000 418.12780762    15972.34472656  11170.00195312  
0.46300    368537.84375000 189157.79687500 518648.40625000 414.68228149    15824.85644531  11070.82421875  
0.46400    367627.53125000 188496.43750000 517061.09375000 411.32318115    15676.42871094  10971.34863281  
0.46500    366697.90625000 187829.68750000 515453.71875000 408.06002808    15528.29394531  10871.84863281  
0.46600    365714.84375000 187130.68750000 513768.50000000 404.87866211    15379.19824219  10772.05566406  
0.46700    364682.18750000 186408.40625000 512006.00000000 401.78857422    15229.78222656  10672.04687500  
0.46800    363654.00000000 185696.40625000 510258.28125000 398.79901123    15081.45214844  10572.94726562  
0.46900    362553.68750000 184944.10937500 508408.65625000 395.89959717    14932.20117188  10473.53906250  
0.47000    361429.78125000 184183.14062500 506528.34375000 393.09613037    14783.59082031  10374.45019531  
0.47100    360282.96875000 183414.35937500 504622.18750000 390.39471436    14635.82812500  10276.37011719  
0.47200    359105.59375000 182632.39062500 502672.03125000 387.78985596    14488.41992188  10178.82910156  
0.47300    357912.84375000 181847.18750000 500702.81250000 385.28677368    14342.43164062  10082.08300781  
0.47400    356662.40625000 181031.12500000 498655.43750000 382.87243652    14196.03515625  9985.61328125   
0.47500    355408.09375000 180221.50000000 496614.34375000 380.56698608    14051.69335938  9890.60253906   
0.47600    354154.59375000 179415.90625000 494572.00000000 378.36547852    13908.99511719  9797.16699219   
0.47700    352828.37500000 178573.95312500 492425.28125000 376.24591064    13765.53906250  9703.35058594   
0.47800    351511.34375000 177739.65625000 490305.31250000 374.23553467    13624.95019531  9611.74609375   
0.47900    350196.81250000 176914.26562500 488184.59375000 372.32754517    13486.15820312  9521.68652344   
0.48000    348832.65625000 176064.87500000 486003.93750000 370.51034546    13347.65917969  9432.00683594   
0.48100    347497.28125000 175243.84375000 483880.21875000 368.79898071    13212.26171875  9344.79980469   
0.48200    346090.59375000 174376.76562500 481643.09375000 367.16180420    13076.70214844  9257.42187500   
0.48300    344690.56250000 173524.06250000 479428.75000000 365.62826538    12943.44433594  9172.20800781   
0.48400    343295.62500000 172679.84375000 477228.90625000 364.18667603    12812.48242188  9088.87890625   
0.48500    341887.00000000 171832.50000000 475014.53125000 362.83105469    12683.14648438  9006.66699219   
0.48600    340483.37500000 170993.68750000 472815.12500000 361.56951904    12556.11914062  8926.52441406   
0.48700    339063.12500000 170150.54687500 470595.71875000 360.38900757    12430.62304688  8847.60937500   
0.48800    337615.96875000 169296.75000000 468346.00000000 359.27972412    12306.41503906  8769.64160156   
0.48900    336185.28125000 168454.32812500 466121.40625000 358.26052856    12184.53808594  8693.61621094   
0.49000    334752.65625000 167621.50000000 463902.09375000 357.30999756    12065.06152344  8619.40625000   
0.49100    333333.65625000 166799.34375000 461714.65625000 356.44616699    11947.87011719  8547.19824219   
0.49200    331889.37500000 165964.64062500 459492.06250000 355.63964844    11831.85937500  8475.84179688   
0.49300    330453.56250000 165144.10937500 457287.21875000 354.90368652    11718.34277344  8406.33496094   
0.49400    329022.25000000 164327.17187500 455097.34375000 354.23117065    11606.60351562  8338.49804688   
0.49500    327583.90625000 163512.40625000 452904.59375000 353.61724854    11496.71875000  8271.85546875   
0.49600    326169.31250000 162716.65625000 450750.50000000 353.06799316    11389.52636719  8207.38476562   
0.49700    324734.71875000 161913.71875000 448575.81250000 352.56320190    11283.51464844  8143.83593750   
0.49800    323318.84375000 161126.96875000 446435.59375000 352.11431885    11180.00390625  8082.03955078   
0.49900    321894.93750000 160334.12500000 444284.90625000 351.70285034    11077.79687500  8021.26953125   
0.50000    320488.31250000 159562.20312500 442172.75000000 351.34295654    10978.04492188  7962.54150391   
