# SAXS profile: number of points = 501, q_min = 0, q_max = 0.5, delta_q = 0.001
#    q    intensity 
0.00000    162233328.00000000 101202440.00000000 256270416.00000000 106964.32812500 8331584.00000000 6580247.00000000 
0.00100    162189184.00000000 101171712.00000000 256194784.00000000 106926.95312500 8328891.50000000 6578171.00000000 
0.00200    162050944.00000000 101083752.00000000 255970304.00000000 106815.35156250 8320822.00000000 6571796.50000000 
0.00300    161813888.00000000 100936440.00000000 255596000.00000000 106627.76562500 8307352.00000000 6561215.50000000 
0.00400    161480048.00000000 100729832.00000000 255072272.00000000 106366.59375000 8288592.00000000 6546473.00000000 
0.00500    161049872.00000000 100465432.00000000 254398832.00000000 106033.17968750 8264494.50000000 6527519.50000000 
0.00600    160530240.00000000 100142992.00000000 253579360.00000000 105625.76562500 8235216.50000000 6504481.00000000 
0.00700    159909936.00000000 99764576.00000000 252616640.00000000 105147.22656250 8200777.00000000 6477393.00000000 
0.00800    159204448.00000000 99330776.00000000 251509472.00000000 104598.57031250 8161200.50000000 6446318.50000000 
0.00900    158413520.00000000 98842320.00000000 250262528.00000000 103980.87500000 8116666.00000000 6411254.50000000 
0.01000    157535072.00000000 98298288.00000000 248878976.00000000 103295.82031250 8067252.50000000 6372380.00000000 
0.01100    156568944.00000000 97700752.00000000 247359296.00000000 102544.95312500 8012974.00000000 6329744.50000000 
0.01200    155516512.00000000 97051728.00000000 245708304.00000000 101730.42968750 7954158.50000000 6283469.50000000 
0.01300    154382688.00000000 96351568.00000000 243927552.00000000 100853.55468750 7890778.50000000 6233628.00000000 
0.01400    153172720.00000000 95603616.00000000 242023840.00000000 99917.68750000  7823016.50000000 6180297.00000000 
0.01500    151885136.00000000 94809080.00000000 240000528.00000000 98924.38281250  7751071.50000000 6123714.00000000 
0.01600    150522416.00000000 93968176.00000000 237859536.00000000 97875.01562500  7675004.00000000 6063927.50000000 
0.01700    149090176.00000000 93082384.00000000 235606288.00000000 96774.46875000  7595090.50000000 6001001.50000000 
0.01800    147587664.00000000 92154952.00000000 233246384.00000000 95622.97656250  7511471.00000000 5935204.00000000 
0.01900    146020976.00000000 91186704.00000000 230781312.00000000 94424.56250000  7424330.00000000 5866629.50000000 
0.02000    144391872.00000000 90180096.00000000 228220656.00000000 93181.74218750  7333771.00000000 5795405.00000000 
0.02100    142705536.00000000 89136192.00000000 225566272.00000000 91897.25000000  7240126.50000000 5721715.50000000 
0.02200    140961776.00000000 88058712.00000000 222824768.00000000 90573.92187500  7143543.00000000 5645643.00000000 
0.02300    139165584.00000000 86948552.00000000 220001184.00000000 89215.30468750  7044144.50000000 5567477.00000000 
0.02400    137321456.00000000 85807296.00000000 217099456.00000000 87823.21093750  6942250.50000000 5487255.00000000 
0.02500    135432320.00000000 84638656.00000000 214127344.00000000 86402.20312500  6838062.00000000 5405201.00000000 
0.02600    133502104.00000000 83443680.00000000 211089920.00000000 84953.92968750  6731669.50000000 5321454.50000000 
0.02700    131532904.00000000 82224456.00000000 207992240.00000000 83482.18750000  6623413.00000000 5236213.00000000 
0.02800    129529336.00000000 80984184.00000000 204838816.00000000 81989.22656250  6513428.00000000 5149604.00000000 
0.02900    127495640.00000000 79724336.00000000 201638560.00000000 80479.46875000  6401958.50000000 5061806.50000000 
0.03000    125434088.00000000 78448128.00000000 198392720.00000000 78954.45312500  6289260.00000000 4973019.50000000 
0.03100    123349200.00000000 77155904.00000000 195111088.00000000 77417.38281250  6175393.00000000 4883353.00000000 
0.03200    121244952.00000000 75851728.00000000 191797824.00000000 75872.81250000  6060736.50000000 4792986.00000000 
0.03300    119124392.00000000 74538448.00000000 188458928.00000000 74321.53125000  5945456.00000000 4702134.50000000 
0.03400    116991040.00000000 73215856.00000000 185098512.00000000 72767.82031250  5829635.50000000 4610922.00000000 
0.03500    114848152.00000000 71886456.00000000 181723008.00000000 71213.54687500  5713613.00000000 4519465.00000000 
0.03600    112699840.00000000 70553568.00000000 178337120.00000000 69661.08593750  5597522.50000000 4427938.50000000 
0.03700    110548856.00000000 69218320.00000000 174948000.00000000 68113.07812500  5481493.50000000 4336495.00000000 
0.03800    108398160.00000000 67882984.00000000 171559328.00000000 66573.36718750  5365803.50000000 4245278.50000000 
0.03900    106251472.00000000 66550320.00000000 168177264.00000000 65042.52734375  5250634.50000000 4154410.00000000 
0.04000    104113176.00000000 65221384.00000000 164805488.00000000 63523.64843750  5136076.00000000 4064061.00000000 
0.04100    101984600.00000000 63898956.00000000 161451312.00000000 62018.77343750  5022334.00000000 3974337.75000000 
0.04200    99869424.00000000 62584232.00000000 158114496.00000000 60529.72265625  4909547.50000000 3885374.50000000 
0.04300    97771216.00000000 61278744.00000000 154802496.00000000 59059.52343750  4797862.00000000 3797259.50000000 
0.04400    95689384.00000000 59984696.00000000 151520624.00000000 57608.24609375  4687463.00000000 3710110.75000000 
0.04500    93630608.00000000 58703292.00000000 148271344.00000000 56178.76171875  4578447.00000000 3624069.50000000 
0.04600    91594552.00000000 57436348.00000000 145059936.00000000 54772.17187500  4470953.00000000 3539210.00000000 
0.04700    89585192.00000000 56185344.00000000 141887920.00000000 53389.80078125  4365063.50000000 3455617.00000000 
0.04800    87603656.00000000 54951372.00000000 138760512.00000000 52032.86328125  4260891.00000000 3373372.50000000 
0.04900    85652016.00000000 53735360.00000000 135681424.00000000 50702.96093750  4158587.50000000 3292573.50000000 
0.05000    83732824.00000000 52539412.00000000 132651072.00000000 49400.67968750  4058212.50000000 3213280.00000000 
0.05100    81847968.00000000 51364048.00000000 129674944.00000000 48127.33984375  3959836.25000000 3135559.25000000 
0.05200    79999120.00000000 50210748.00000000 126753216.00000000 46883.14843750  3863510.25000000 3059459.50000000 
0.05300    78186296.00000000 49080096.00000000 123890248.00000000 45669.10156250  3769329.50000000 2985038.75000000 
0.05400    76411696.00000000 47973536.00000000 121088032.00000000 44485.68359375  3677352.75000000 2912357.25000000 
0.05500    74678864.00000000 46890748.00000000 118347656.00000000 43333.09765625  3587609.50000000 2841417.75000000 
0.05600    72985120.00000000 45833464.00000000 115671224.00000000 42211.55078125  3500174.25000000 2772290.75000000 
0.05700    71332896.00000000 44801852.00000000 113060136.00000000 41121.78125000  3415003.50000000 2704974.00000000 
0.05800    69723640.00000000 43796480.00000000 110515952.00000000 40063.24609375  3332193.50000000 2639485.75000000 
0.05900    68156992.00000000 42817620.00000000 108039208.00000000 39036.12890625  3251723.25000000 2575847.25000000 
0.06000    66634180.00000000 41865784.00000000 105630944.00000000 38040.44921875  3173581.00000000 2514059.50000000 
0.06100    65155460.00000000 40941156.00000000 103293008.00000000 37075.61328125  3097820.50000000 2454137.00000000 
0.06200    63720368.00000000 40043920.00000000 101023368.00000000 36141.49218750  3024388.75000000 2396058.75000000 
0.06300    62329852.00000000 39174360.00000000 98824560.00000000 35237.29296875  2953272.00000000 2339790.00000000 
0.06400    60983560.00000000 38331760.00000000 96694200.00000000 34363.14453125  2884461.00000000 2285359.75000000 
0.06500    59681544.00000000 37517076.00000000 94634088.00000000 33518.24218750  2817950.25000000 2232732.50000000 
0.06600    58423060.00000000 36729304.00000000 92642584.00000000 32702.18750000  2753679.00000000 2181875.75000000 
0.06700    57208296.00000000 35969272.00000000 90720664.00000000 31913.63867188  2691592.75000000 2132779.50000000 
0.06800    56036324.00000000 35236084.00000000 88866888.00000000 31152.26757812  2631702.50000000 2085381.87500000 
0.06900    54907232.00000000 34529000.00000000 87080032.00000000 30417.62695312  2573917.50000000 2039666.50000000 
0.07000    53819760.00000000 33848744.00000000 85359464.00000000 29708.33398438  2518202.25000000 1995573.12500000 
0.07100    52773596.00000000 33194352.00000000 83704408.00000000 29023.83398438  2464500.25000000 1953095.12500000 
0.07200    51767744.00000000 32565062.00000000 82113152.00000000 28363.33398438  2412754.75000000 1912154.00000000 
0.07300    50800852.00000000 31960716.00000000 80584648.00000000 27725.83593750  2362885.25000000 1872733.25000000 
0.07400    49873032.00000000 31380458.00000000 79117064.00000000 27110.23632812  2314870.00000000 1834749.37500000 
0.07500    48982676.00000000 30823846.00000000 77708960.00000000 26515.94531250  2268618.50000000 1798176.37500000 
0.07600    48128596.00000000 30290308.00000000 76358720.00000000 25941.74804688  2224089.25000000 1762948.25000000 
0.07700    47309808.00000000 29778748.00000000 75064560.00000000 25386.89062500  2181132.75000000 1729016.75000000 
0.07800    46525248.00000000 29289266.00000000 73825016.00000000 24850.11328125  2139775.25000000 1696306.37500000 
0.07900    45773396.00000000 28820082.00000000 72637176.00000000 24330.89843750  2099883.50000000 1664800.75000000 
0.08000    45053232.00000000 28371304.00000000 71500168.00000000 23828.23632812  2061432.25000000 1634415.75000000 
0.08100    44363464.00000000 27941810.00000000 70412240.00000000 23341.11914062  2024310.00000000 1605086.87500000 
0.08200    43702988.00000000 27530964.00000000 69369184.00000000 22868.72460938  1988466.12500000 1576790.62500000 
0.08300    43069964.00000000 27137568.00000000 68371488.00000000 22410.19726562  1953819.12500000 1549436.25000000 
0.08400    42463772.00000000 26761192.00000000 67416384.00000000 21964.72656250  1920331.00000000 1523001.50000000 
0.08500    41882400.00000000 26400858.00000000 66500896.00000000 21531.39257812  1887887.87500000 1497421.12500000 
0.08600    41324988.00000000 26055620.00000000 65624108.00000000 21109.71289062  1856459.12500000 1472618.75000000 
0.08700    40790256.00000000 25725130.00000000 64782776.00000000 20698.79492188  1825980.37500000 1448589.12500000 
0.08800    40276436.00000000 25408030.00000000 63975496.00000000 20297.91796875  1796348.87500000 1425236.62500000 
0.08900    39782696.00000000 25103710.00000000 63200096.00000000 19906.49218750  1767545.50000000 1402539.87500000 
0.09000    39307928.00000000 24811666.00000000 62455108.00000000 19523.74804688  1739487.00000000 1380446.87500000 
0.09100    38850076.00000000 24530340.00000000 61737464.00000000 19149.13281250  1712128.12500000 1358883.50000000 
0.09200    38408780.00000000 24259740.00000000 61046080.00000000 18782.16406250  1685404.50000000 1337855.50000000 
0.09300    37982232.00000000 23998780.00000000 60378760.00000000 18422.49804688  1659283.87500000 1317280.25000000 
0.09400    37569240.00000000 23746596.00000000 59733428.00000000 18069.43945312  1633695.87500000 1297161.00000000 
0.09500    37169336.00000000 23502710.00000000 59108016.00000000 17722.15625000  1608600.37500000 1277405.37500000 
0.09600    36780624.00000000 23265942.00000000 58501588.00000000 17381.22851562  1583951.62500000 1258003.87500000 
0.09700    36402536.00000000 23036568.00000000 57912248.00000000 17045.70703125  1559710.75000000 1238952.75000000 
0.09800    36033736.00000000 22813102.00000000 57338188.00000000 16715.13281250  1535850.50000000 1220179.87500000 
0.09900    35673848.00000000 22595150.00000000 56777440.00000000 16389.57421875  1512312.12500000 1201664.25000000 
0.10000    35321164.00000000 22381912.00000000 56229068.00000000 16068.54687500  1489080.62500000 1183386.37500000 
0.10100    34975084.00000000 22173168.00000000 55690824.00000000 15752.00585938  1466110.00000000 1165330.50000000 
0.10200    34634900.00000000 21968074.00000000 55162084.00000000 15439.47363281  1443405.25000000 1147470.50000000 
0.10300    34299452.00000000 21766374.00000000 54642080.00000000 15131.05273438  1420908.75000000 1129765.25000000 
0.10400    33968652.00000000 21567294.00000000 54128308.00000000 14826.44921875  1398609.25000000 1112222.87500000 
0.10500    33641576.00000000 21370534.00000000 53620968.00000000 14525.70214844  1376494.87500000 1094815.87500000 
0.10600    33316992.00000000 21175486.00000000 53117304.00000000 14228.64843750  1354526.87500000 1077530.00000000 
0.10700    32994602.00000000 20982154.00000000 52617816.00000000 13935.10449219  1332717.50000000 1060350.87500000 
0.10800    32674110.00000000 20789704.00000000 52120448.00000000 13645.20703125  1311044.62500000 1043280.87500000 
0.10900    32354682.00000000 20598014.00000000 51625676.00000000 13358.71777344  1289487.75000000 1026301.93750000 
0.11000    32036396.00000000 20406882.00000000 51131756.00000000 13075.87988281  1268052.75000000 1009398.18750000 
0.11100    31718242.00000000 20215856.00000000 50638244.00000000 12796.50097656  1246734.87500000 992586.06250000 
0.11200    31400158.00000000 20024376.00000000 50144596.00000000 12520.67089844  1225508.87500000 975846.06250000 
0.11300    31081384.00000000 19832924.00000000 49650044.00000000 12248.38964844  1204401.87500000 959180.43750000 
0.11400    30762182.00000000 19640818.00000000 49154500.00000000 11979.68261719  1183385.62500000 942591.50000000 
0.11500    30442198.00000000 19447812.00000000 48656896.00000000 11714.69042969  1162473.00000000 926070.18750000 
0.11600    30120940.00000000 19254182.00000000 48158032.00000000 11453.16894531  1141668.12500000 909632.37500000 
0.11700    29798400.00000000 19059402.00000000 47656240.00000000 11195.50878906  1120972.25000000 893261.43750000 
0.11800    29474178.00000000 18863312.00000000 47152072.00000000 10941.52636719  1100384.75000000 876974.93750000 
0.11900    29148700.00000000 18666288.00000000 46644912.00000000 10691.26562500  1079912.37500000 860764.56250000 
0.12000    28821634.00000000 18467790.00000000 46135196.00000000 10444.87402344  1059560.50000000 844650.56250000 
0.12100    28492938.00000000 18268064.00000000 45622084.00000000 10202.38183594  1039338.37500000 828622.93750000 
0.12200    28162598.00000000 18067106.00000000 45106388.00000000 9963.76953125   1019245.56250000 812702.43750000 
0.12300    27830726.00000000 17864738.00000000 44587700.00000000 9729.17871094   999297.62500000 796877.43750000 
0.12400    27496926.00000000 17660822.00000000 44065840.00000000 9498.49902344   979506.37500000 781166.56250000 
0.12500    27161752.00000000 17455800.00000000 43541136.00000000 9271.90527344   959868.43750000 765570.31250000 
0.12600    26825170.00000000 17249580.00000000 43014124.00000000 9049.39648438   940397.31250000 750107.56250000 
0.12700    26487428.00000000 17042200.00000000 42484024.00000000 8830.96191406   921101.93750000 734767.31250000 
0.12800    26148182.00000000 16833602.00000000 41952048.00000000 8616.55371094   901989.62500000 719569.62500000 
0.12900    25808068.00000000 16623922.00000000 41417388.00000000 8406.15234375   883071.25000000 704517.75000000 
0.13000    25466804.00000000 16413375.00000000 40881320.00000000 8200.12109375   864354.93750000 689618.43750000 
0.13100    25125020.00000000 16201973.00000000 40343436.00000000 7997.97949219   845835.75000000 674872.25000000 
0.13200    24782512.00000000 15989804.00000000 39803832.00000000 7799.93457031   827540.31250000 660291.93750000 
0.13300    24439814.00000000 15777048.00000000 39263976.00000000 7605.96630859   809469.93750000 645884.31250000 
0.13400    24096592.00000000 15563859.00000000 38722932.00000000 7416.07177734   791626.31250000 631657.93750000 
0.13500    23753798.00000000 15350301.00000000 38180948.00000000 7230.16845703   774016.56250000 617607.56250000 
0.13600    23410848.00000000 15136386.00000000 37639496.00000000 7048.26904297   756659.12500000 603751.68750000 
0.13700    23068602.00000000 14922423.00000000 37097720.00000000 6870.36962891   739546.68750000 590092.68750000 
0.13800    22726910.00000000 14708504.00000000 36556896.00000000 6696.34472656   722683.50000000 576624.12500000 
0.13900    22385902.00000000 14494853.00000000 36017064.00000000 6526.14257812   706092.56250000 563363.12500000 
0.14000    22046162.00000000 14281432.00000000 35478012.00000000 6359.82763672   689759.93750000 550310.81250000 
0.14100    21707468.00000000 14068501.00000000 34940788.00000000 6197.29833984   673699.00000000 537465.06250000 
0.14200    21370652.00000000 13856144.00000000 34405756.00000000 6038.49902344   657903.87500000 524835.93750000 
0.14300    21035052.00000000 13644535.00000000 33872896.00000000 5883.31054688   642385.25000000 512426.71875000 
0.14400    20701602.00000000 13433775.00000000 33342534.00000000 5731.72265625   627148.25000000 500230.71875000 
0.14500    20370244.00000000 13224038.00000000 32815228.00000000 5583.79394531   612190.06250000 488257.34375000 
0.14600    20041140.00000000 13015412.00000000 32290766.00000000 5439.25537109   597504.75000000 476508.43750000 
0.14700    19714414.00000000 12808098.00000000 31770172.00000000 5298.24414062   583109.81250000 464982.21875000 
0.14800    19390340.00000000 12602146.00000000 31253590.00000000 5160.60546875   568998.18750000 453677.56250000 
0.14900    19069176.00000000 12397661.00000000 30740898.00000000 5026.27441406   555163.56250000 442598.12500000 
0.15000    18750946.00000000 12194870.00000000 30232682.00000000 4895.22998047   541610.93750000 431743.62500000 
0.15100    18435722.00000000 11993660.00000000 29729134.00000000 4767.38623047   528347.75000000 421111.37500000 
0.15200    18123852.00000000 11794444.00000000 29230588.00000000 4642.75585938   515361.43750000 410705.96875000 
0.15300    17815520.00000000 11597206.00000000 28736988.00000000 4521.21826172   502653.12500000 400521.43750000 
0.15400    17510608.00000000 11401866.00000000 28248860.00000000 4402.71240234   490226.18750000 390559.25000000 
0.15500    17209270.00000000 11208678.00000000 27766256.00000000 4287.26953125   478069.56250000 380816.03125000 
0.15600    16911794.00000000 11017711.00000000 27289626.00000000 4174.76806641   466187.46875000 371289.65625000 
0.15700    16618232.00000000 10828985.00000000 26818808.00000000 4065.26977539   454580.53125000 361985.03125000 
0.15800    16328508.00000000 10642505.00000000 26353786.00000000 3958.57348633   443234.25000000 352889.46875000 
0.15900    16042990.00000000 10458606.00000000 25895508.00000000 3854.79907227   432159.31250000 344009.53125000 
0.16000    15761400.00000000 10277099.00000000 25443244.00000000 3753.77465820   421341.40625000 335333.56250000 
0.16100    15484000.00000000 10098167.00000000 24997622.00000000 3655.56958008   410786.46875000 326867.71875000 
0.16200    15210929.00000000 9921709.00000000 24558666.00000000 3560.12597656   400484.15625000 318603.81250000 
0.16300    14942006.00000000 9747875.00000000 24126302.00000000 3467.37133789   390428.68750000 310543.40625000 
0.16400    14677534.00000000 9576801.00000000 23700752.00000000 3377.33178711   380626.93750000 302679.87500000 
0.16500    14417350.00000000 9408403.00000000 23281964.00000000 3289.89282227   371068.15625000 295010.46875000 
0.16600    14161591.00000000 9242510.00000000 22870144.00000000 3205.12133789   361746.81250000 287532.37500000 
0.16700    13910250.00000000 9079462.00000000 22465242.00000000 3122.87939453   352658.00000000 280238.75000000 
0.16800    13663203.00000000 8919154.00000000 22067176.00000000 3043.23901367   343803.34375000 273132.90625000 
0.16900    13420623.00000000 8761507.00000000 21676096.00000000 2966.18066406   335173.90625000 266208.12500000 
0.17000    13182370.00000000 8606598.00000000 21291944.00000000 2891.58618164   326766.09375000 259458.68750000 
0.17100    12948502.00000000 8454492.00000000 20914704.00000000 2819.49511719   318572.15625000 252883.15625000 
0.17200    12719036.00000000 8305016.50000000 20544256.00000000 2749.79467773   310597.28125000 246479.87500000 
0.17300    12493841.00000000 8158318.50000000 20180728.00000000 2682.54760742   302829.68750000 240241.40625000 
0.17400    12272955.00000000 8014351.50000000 19824146.00000000 2617.70190430   295269.15625000 234166.93750000 
0.17500    12056342.00000000 7873026.00000000 19474204.00000000 2555.18359375   287902.90625000 228251.56250000 
0.17600    11843750.00000000 7734382.00000000 19130914.00000000 2494.94848633   280736.75000000 222489.51562500 
0.17700    11635527.00000000 7598368.50000000 18794150.00000000 2437.04663086   273759.15625000 216880.09375000 
0.17800    11431178.00000000 7464959.00000000 18464038.00000000 2381.28955078   266971.53125000 211420.32812500 
0.17900    11230953.00000000 7334102.00000000 18140490.00000000 2327.79882812   260362.15625000 206104.81250000 
0.18000    11034762.00000000 7205798.00000000 17823164.00000000 2276.41674805   253930.79687500 200927.84375000 
0.18100    10842475.00000000 7079972.00000000 17512084.00000000 2227.15551758   247676.04687500 195894.06250000 
0.18200    10653958.00000000 6956624.00000000 17206818.00000000 2179.89111328   241585.85937500 190987.82812500 
0.18300    10469244.00000000 6835697.50000000 16908114.00000000 2134.67089844   235658.29687500 186213.53125000 
0.18400    10288140.00000000 6717049.00000000 16614877.00000000 2091.35302734   229890.67187500 181564.40625000 
0.18500    10110679.00000000 6600797.00000000 16327663.00000000 2049.92065430   224278.67187500 177040.04687500 
0.18600    9936719.00000000 6486799.50000000 16045999.00000000 2010.29943848   218814.57812500 172631.15625000 
0.18700    9766223.00000000 6374961.00000000 15769914.00000000 1972.42517090   213497.18750000 168339.98437500 
0.18800    9598986.00000000 6265335.50000000 15499031.00000000 1936.24768066   208320.57812500 164158.89062500 
0.18900    9435099.00000000 6157876.50000000 15233633.00000000 1901.70068359   203281.96875000 160090.35937500 
0.19000    9274269.00000000 6052353.50000000 14973103.00000000 1868.67407227   198370.98437500 156120.50000000 
0.19100    9116732.00000000 5948914.50000000 14717807.00000000 1837.17675781   193593.76562500 152257.07812500 
0.19200    8962017.00000000 5847368.50000000 14467062.00000000 1807.04150391   188932.84375000 148488.17187500 
0.19300    8810324.00000000 5747819.50000000 14221285.00000000 1778.28698730   184395.98437500 144814.29687500 
0.19400    8661325.00000000 5649991.50000000 13979836.00000000 1750.77172852   179969.84375000 141232.42187500 
0.19500    8515133.00000000 5554018.00000000 13742964.00000000 1724.43054199   175654.46875000 137735.81250000 
0.19600    8371564.00000000 5459737.50000000 13510261.00000000 1699.22998047   171443.43750000 134325.93750000 
0.19700    8230580.50000000 5367133.50000000 13281743.00000000 1675.06799316   167335.92187500 130995.10156250 
0.19800    8092051.50000000 5276140.00000000 13057116.00000000 1651.84863281   163321.40625000 127739.74218750 
0.19900    7955967.00000000 5186713.50000000 12836419.00000000 1629.53613281   159404.42187500 124563.14843750 
0.20000    7822044.50000000 5098765.50000000 12619433.00000000 1608.04333496   155573.20312500 121456.26562500 
0.20100    7690404.00000000 5012362.50000000 12406120.00000000 1587.30017090   151826.07812500 118416.83593750 
0.20200    7560904.50000000 4927289.00000000 12196175.00000000 1567.23400879   148161.50000000 115443.31250000 
0.20300    7433505.00000000 4843605.50000000 11989653.00000000 1547.80517578   144574.70312500 112533.18750000 
0.20400    7308060.50000000 4761214.50000000 11786220.00000000 1528.90759277   141058.89062500 109680.52343750 
0.20500    7184480.00000000 4680087.00000000 11586090.00000000 1510.50695801   137614.70312500 106887.86718750 
0.20600    7062773.50000000 4600187.50000000 11388853.00000000 1492.53002930   134236.89062500 104146.55468750 
0.20700    6942830.00000000 4521483.00000000 11194479.00000000 1474.94445801   130922.00781250 101458.74218750 
0.20800    6824536.50000000 4443854.50000000 11002800.00000000 1457.66662598   127665.04687500 98819.15625000  
0.20900    6708093.00000000 4367386.50000000 10814085.00000000 1440.70703125   124470.78125000 96230.00781250  
0.21000    6592984.50000000 4291961.50000000 10627726.00000000 1423.93225098   121324.43750000 93682.29687500  
0.21100    6479524.00000000 4217543.50000000 10443882.00000000 1407.36608887   118233.55468750 91178.15625000  
0.21200    6367522.00000000 4144088.25000000 10262606.00000000 1390.95092773   115188.59375000 88714.77343750  
0.21300    6256900.00000000 4071612.50000000 10083437.00000000 1374.63903809   112190.12500000 86289.82031250  
0.21400    6147719.00000000 4000031.00000000 9906539.00000000 1358.43859863   109237.71875000 83904.03906250  
0.21500    6039821.50000000 3929378.00000000 9731924.00000000 1342.31274414   106327.97656250 81553.57031250  
0.21600    5933213.50000000 3859566.75000000 9559376.00000000 1326.20642090   103456.12500000 79235.62500000  
0.21700    5827910.50000000 3790625.00000000 9388970.00000000 1310.14990234   100624.63281250 76952.53125000  
0.21800    5723711.50000000 3722472.50000000 9220451.00000000 1294.10864258   97829.15625000  74701.60937500  
0.21900    5620736.50000000 3655115.75000000 9053888.00000000 1278.05749512   95069.10156250  72479.25781250  
0.22000    5518909.00000000 3588543.75000000 8889180.00000000 1262.02038574   92342.86718750  70286.78906250  
0.22100    5418284.00000000 3522762.50000000 8726530.00000000 1246.00878906   89652.67187500  68126.13281250  
0.22200    5318736.50000000 3457717.50000000 8565579.00000000 1229.98742676   86994.18750000  65992.46875000  
0.22300    5220279.00000000 3393384.50000000 8406360.00000000 1213.96643066   84368.21875000  63885.87890625  
0.22400    5122864.00000000 3329772.50000000 8249007.00000000 1197.97790527   81772.31250000  61806.35546875  
0.22500    5026617.00000000 3266943.50000000 8093479.50000000 1182.04357910   79211.02343750  59756.90234375  
0.22600    4931293.50000000 3204776.50000000 7939501.00000000 1166.12780762   76677.96093750  57731.94531250  
0.22700    4837097.00000000 3143322.00000000 7787363.00000000 1150.28381348   74179.58593750  55735.38671875  
0.22800    4743931.00000000 3082585.50000000 7636946.00000000 1134.54040527   71709.96875000  53765.01171875  
0.22900    4651763.50000000 3022484.75000000 7488153.50000000 1118.86254883   69271.64062500  51822.19531250  
0.23000    4560684.50000000 2963151.75000000 7341108.50000000 1103.35375977   66867.84375000  49906.33593750  
0.23100    4470696.50000000 2904517.75000000 7195782.00000000 1087.97802734   64496.08203125  48020.01562500  
0.23200    4381615.50000000 2846522.75000000 7052143.00000000 1072.77001953   62157.07031250  46160.19531250  
0.23300    4293696.50000000 2789275.00000000 6910201.00000000 1057.77172852   59853.16406250  44329.93750000  
0.23400    4206798.00000000 2732711.75000000 6770052.00000000 1043.00195312   57585.17187500  42528.89062500  
0.23500    4120932.50000000 2676809.75000000 6631587.50000000 1028.45336914   55349.57031250  40756.65234375  
0.23600    4036193.50000000 2621704.75000000 6494868.00000000 1014.19860840   53153.82812500  39016.26171875  
0.23700    3952507.75000000 2567257.25000000 6359962.50000000 1000.25677490   50995.73046875  37307.04296875  
0.23800    3869906.00000000 2513568.00000000 6226794.50000000 986.63012695    48876.07421875  35630.07421875  
0.23900    3788485.75000000 2460594.00000000 6095430.00000000 973.34381104    46795.62890625  33984.72656250  
0.24000    3708119.50000000 2408352.00000000 5965933.50000000 960.43023682    44757.69531250  32374.05859375  
0.24100    3628960.50000000 2356881.50000000 5838309.00000000 947.91790771    42763.25781250  30798.32812500  
0.24200    3550916.75000000 2306136.50000000 5712491.50000000 935.81207275    40811.57031250  29257.26953125  
0.24300    3474032.00000000 2256204.75000000 5588556.00000000 924.12878418    38904.03515625  27752.50390625  
0.24400    3398341.50000000 2206991.25000000 5466566.50000000 912.89013672    37042.27343750  26283.93750000  
0.24500    3323845.00000000 2158556.25000000 5346462.00000000 902.10870361    35226.94531250  24852.82421875  
0.24600    3250539.75000000 2110917.50000000 5228337.00000000 891.79534912    33459.58203125  23460.18164062  
0.24700    3178480.50000000 2064072.87500000 5112149.50000000 881.96319580    31741.62695312  22106.58789062  
0.24800    3107663.25000000 2018009.25000000 4997982.00000000 872.61181641    30072.67968750  20792.26757812  
0.24900    3038051.75000000 1972764.00000000 4885748.50000000 863.74859619    28453.55664062  19517.60937500  
0.25000    2969713.75000000 1928319.37500000 4775577.50000000 855.38159180    26886.34570312  18283.69531250  
0.25100    2902604.75000000 1884691.00000000 4667446.50000000 847.50634766    25369.55078125  17090.32421875  
0.25200    2836832.50000000 1841904.37500000 4561348.00000000 840.13256836    23907.48828125  15939.76074219  
0.25300    2772308.50000000 1799926.37500000 4457319.50000000 833.24255371    22496.31250000  14830.14355469  
0.25400    2709074.50000000 1758776.25000000 4355346.00000000 826.84631348    21139.15039062  13762.29492188  
0.25500    2647109.75000000 1718442.00000000 4255338.00000000 820.90899658    19834.10937500  12736.23144531  
0.25600    2586442.75000000 1678947.25000000 4157497.25000000 815.44604492    18583.45507812  11752.51269531  
0.25700    2527049.25000000 1640256.87500000 4061690.50000000 810.44494629    17385.70507812  10810.58789062  
0.25800    2468957.00000000 1602421.12500000 3967933.75000000 805.88018799    16241.64453125  9910.96093750   
0.25900    2412178.25000000 1565407.62500000 3876279.00000000 801.75805664    15150.85156250  9053.07812500   
0.26000    2356658.50000000 1529215.12500000 3786663.50000000 798.04541016    14113.14062500  8236.86328125   
0.26100    2302419.00000000 1493828.87500000 3699061.75000000 794.73126221    13126.81933594  7460.79687500   
0.26200    2249480.25000000 1459292.25000000 3613551.25000000 791.81024170    12193.59570312  6726.99511719   
0.26300    2197741.50000000 1425526.50000000 3529992.00000000 789.23309326    11310.30664062  6032.00146484   
0.26400    2147300.50000000 1392571.75000000 3448485.50000000 787.01104736    10478.12109375  5377.06884766   
0.26500    2098107.75000000 1360435.37500000 3368988.00000000 785.11120605    9695.85253906   4761.30224609   
0.26600    2050110.00000000 1329063.12500000 3291378.50000000 783.52587891    8961.59277344   4183.03222656   
0.26700    2003360.50000000 1298481.50000000 3215838.25000000 782.22778320    8275.83300781   3642.97265625   
0.26800    1957823.87500000 1268675.00000000 3142139.75000000 781.20678711    7637.12451172   3139.60620117   
0.26900    1913409.87500000 1239611.12500000 3070301.25000000 780.41821289    7042.29101562   2670.66650391   
0.27000    1870227.75000000 1211313.75000000 3000373.25000000 779.87396240    6492.62207031   2237.27416992   
0.27100    1828139.75000000 1183746.37500000 2932287.75000000 779.54138184    5985.07373047   1836.69091797   
0.27200    1787220.37500000 1156906.12500000 2866020.50000000 779.41174316    5521.14062500   1469.92211914   
0.27300    1747375.37500000 1130754.75000000 2801460.50000000 779.45739746    5094.82617188   1132.99389648   
0.27400    1708560.12500000 1105276.50000000 2738569.00000000 779.63995361    4705.93115234   825.40191650    
0.27500    1670879.62500000 1080531.25000000 2677499.25000000 780.00042725    4356.82275391   548.47277832    
0.27600    1634135.62500000 1056393.87500000 2617947.75000000 780.47369385    4040.32934570   297.06466675    
0.27700    1598475.62500000 1032939.00000000 2560086.00000000 781.08795166    3759.85766602   73.97324371     
0.27800    1563769.62500000 1010092.43750000 2503780.00000000 781.80426025    3510.50610352   -125.21601105   
0.27900    1530013.62500000 987875.25000000 2449004.00000000 782.62194824    3292.40307617   -299.78964233   
0.28000    1497184.50000000 966241.93750000 2395707.25000000 783.52227783    3102.58032227   -452.40203857   
0.28100    1465258.12500000 945195.87500000 2343858.75000000 784.50646973    2940.12304688   -583.77355957   
0.28200    1434220.62500000 924726.18750000 2293405.25000000 785.56762695    2804.29272461   -694.47821045   
0.28300    1404010.75000000 904792.06250000 2244350.25000000 786.69555664    2692.65966797   -786.77044678   
0.28400    1374624.25000000 885387.18750000 2196560.00000000 787.88537598    2602.64477539   -861.89825439   
0.28500    1346052.37500000 866504.93750000 2150071.50000000 789.14190674    2535.17895508   -919.77447510   
0.28600    1318214.87500000 848103.93750000 2104800.50000000 790.44219971    2486.14868164   -963.52587891   
0.28700    1291132.25000000 830196.56250000 2060747.00000000 791.80072021    2455.74267578   -992.95123291   
0.28800    1264751.25000000 812740.00000000 2017793.87500000 793.20898438    2441.86376953   -1009.64971924  
0.28900    1239095.62500000 795747.93750000 1976012.75000000 794.68603516    2444.31445312   -1014.17224121  
0.29000    1214086.75000000 779170.00000000 1935255.62500000 796.19586182    2459.85107422   -1008.51135254  
0.29100    1189727.50000000 763034.62500000 1895593.37500000 797.76916504    2489.66015625   -992.22888184   
0.29200    1165985.37500000 747278.18750000 1856879.62500000 799.39300537    2530.03540039   -967.89709473   
0.29300    1142858.50000000 731927.50000000 1819158.62500000 801.08959961    2582.15673828   -934.76074219   
0.29400    1120267.25000000 716927.75000000 1782311.62500000 802.81158447    2642.22143555   -896.04907227   
0.29500    1098267.12500000 702313.06250000 1746423.87500000 804.62463379    2712.34521484   -849.63513184   
0.29600    1076785.37500000 688025.31250000 1711343.75000000 806.48437500    2788.87036133   -798.54290771   
0.29700    1055801.50000000 674076.93750000 1677077.00000000 808.41033936    2872.12426758   -742.93017578   
0.29800    1035336.75000000 660454.50000000 1643662.12500000 810.40130615    2961.93359375   -682.49719238   
0.29900    1015359.37500000 647147.56250000 1611000.50000000 812.46154785    3057.09057617   -618.16107178   
0.30000    995826.25000000 634125.75000000 1579060.75000000 814.58056641    3155.56127930   -551.85510254   
0.30100    976758.68750000 621423.68750000 1547889.37500000 816.78887939    3258.89990234   -481.76565552   
0.30200    958100.81250000 608966.75000000 1517347.50000000 819.04290771    3364.89843750   -410.57501221   
0.30300    939877.75000000 596801.06250000 1487542.75000000 821.38018799    3474.05908203   -336.88171387   
0.30400    922085.18750000 584905.12500000 1458396.12500000 823.78796387    3586.00512695   -261.49987793   
0.30500    904642.75000000 573244.50000000 1429844.00000000 826.24285889    3698.71850586   -185.63156128   
0.30600    887596.06250000 561829.62500000 1401888.25000000 828.76684570    3813.16479492   -108.77133942   
0.30700    870942.06250000 550690.43750000 1374599.62500000 831.36132812    3930.47119141   -30.12873268    
0.30800    854642.75000000 539751.06250000 1347844.25000000 833.99743652    4047.66479492   48.23284912     
0.30900    838704.87500000 529061.12500000 1321696.87500000 836.69458008    4166.67089844   127.82554626    
0.31000    823118.75000000 518605.09375000 1296116.25000000 839.43151855    4286.24121094   207.92884827    
0.31100    807858.50000000 508343.90625000 1271046.00000000 842.20635986    4406.53662109   288.01773071    
0.31200    792945.87500000 498318.21875000 1246531.12500000 845.01702881    4527.48535156   369.12338257    
0.31300    778363.00000000 488493.78125000 1222540.12500000 847.84515381    4649.57177734   450.64376831    
0.31400    764126.00000000 478899.28125000 1199127.37500000 850.69982910    4772.71777344   533.38232422    
0.31500    750182.93750000 469494.37500000 1176180.87500000 853.54541016    4896.28027344   616.04675293    
0.31600    736564.87500000 460300.34375000 1153747.87500000 856.40307617    5021.06347656   700.29632568    
0.31700    723276.31250000 451304.12500000 1131827.62500000 859.24768066    5147.16064453   785.69812012    
0.31800    710286.87500000 442507.09375000 1110413.25000000 862.04284668    5273.56884766   871.53436279    
0.31900    697612.37500000 433920.93750000 1089500.75000000 864.83288574    5402.70312500   959.81427002    
0.32000    685243.43750000 425527.68750000 1069069.00000000 867.56262207    5532.65087891   1049.28698730   
0.32100    673175.75000000 417323.15625000 1049124.75000000 870.23999023    5664.29687500   1140.62084961   
0.32200    661430.18750000 409332.37500000 1029705.50000000 872.84747314    5798.67138672   1234.45361328   
0.32300    649942.56250000 401501.84375000 1010702.81250000 875.37731934    5933.80029297   1329.49389648   
0.32400    638770.81250000 393881.31250000 992208.25000000 877.80511475    6071.92285156   1427.48889160   
0.32500    627901.37500000 386448.03125000 974189.75000000 880.14117432    6212.00683594   1527.92675781   
0.32600    617322.00000000 379211.53125000 956657.18750000 882.35308838    6355.14062500   1631.34008789   
0.32700    607044.87500000 372165.93750000 939595.31250000 884.44976807    6501.49658203   1738.19799805   
0.32800    597069.62500000 365320.56250000 923027.75000000 886.42602539    6651.41992188   1848.58886719   
0.32900    587366.31250000 358644.71875000 906899.68750000 888.24420166    6803.58447266   1961.85192871   
0.33000    577968.18750000 352171.75000000 891269.18750000 889.92108154    6960.06591797   2079.35742188   
0.33100    568814.81250000 345859.59375000 876037.06250000 891.43176270    7118.81982422   2199.56542969   
0.33200    560007.56250000 339770.59375000 861354.62500000 892.78869629    7283.36083984   2325.54443359   
0.33300    551451.68750000 333843.53125000 847088.81250000 893.97528076    7450.78320312   2454.60839844   
0.33400    543188.25000000 328107.37500000 833293.93750000 894.98059082    7622.99072266   2588.59594727   
0.33500    535191.81250000 322546.50000000 819927.25000000 895.81353760    7798.51074219   2726.44091797   
0.33600    527468.12500000 317169.87500000 807024.06250000 896.44598389    7978.60937500   2868.97778320   
0.33700    520016.37500000 311966.53125000 794534.31250000 896.91534424    8163.29443359   3016.04956055   
0.33800    512838.18750000 306951.53125000 782530.56250000 897.17486572    8352.69628906   3168.20922852   
0.33900    505910.71875000 302094.06250000 770897.87500000 897.26983643    8545.96875000   3324.37329102   
0.34000    499247.18750000 297408.84375000 759721.68750000 897.15966797    8744.08398438   3485.60888672   
0.34100    492845.18750000 292902.68750000 748949.75000000 896.88409424    8946.71582031   3651.42944336   
0.34200    486719.81250000 288576.68750000 738652.06250000 896.41571045    9155.08007812   3822.96923828   
0.34300    480803.81250000 284390.59375000 728682.75000000 895.77770996    9366.60058594   3998.00219727   
0.34400    475169.06250000 280391.15625000 719176.62500000 894.96203613    9584.06933594   4178.77539062   
0.34500    469745.25000000 276531.65625000 710015.43750000 893.98223877    9805.22363281   4363.53173828   
0.34600    464591.34375000 272851.34375000 701296.87500000 892.84368896    10031.99218750  4553.58984375   
0.34700    459613.56250000 269291.43750000 692866.37500000 891.54016113    10261.38867188  4746.90039062   
0.34800    454885.46875000 265894.06250000 684845.43750000 890.09173584    10495.85839844  4944.89257812   
0.34900    450377.21875000 262647.15625000 677182.00000000 888.51947021    10734.68164062  5147.25390625   
0.35000    446068.43750000 259531.57812500 669861.75000000 886.80273438    10976.96386719  5353.22216797   
0.35100    441992.93750000 256570.60937500 662891.37500000 884.97698975    11224.19921875  5563.82666016   
0.35200    438070.56250000 253713.14062500 656194.50000000 883.02911377    11473.70898438  5776.75537109   
0.35300    434351.43750000 250996.15625000 649831.37500000 880.97637939    11726.79101562  5993.34765625   
0.35400    430838.68750000 248412.23437500 643799.18750000 878.84295654    11983.55664062  6213.34375000   
0.35500    427494.93750000 245945.42187500 638058.87500000 876.62243652    12243.03417969  6436.14746094   
0.35600    424305.53125000 243584.25000000 632564.37500000 874.32519531    12504.91308594  6661.21533203   
0.35700    421295.12500000 241334.45312500 627357.37500000 871.97100830    12769.44140625  6888.61767578   
0.35800    418449.12500000 239205.35937500 622429.18750000 869.55621338    13036.29589844  7118.39257812   
0.35900    415756.09375000 237174.25000000 617742.68750000 867.10607910    13304.86035156  7349.80078125   
0.36000    413228.75000000 235250.51562500 613327.06250000 864.62060547    13575.67187500  7582.98535156   
0.36100    410806.15625000 233404.48437500 609083.68750000 862.09863281    13846.55859375  7816.46923828   
0.36200    408571.00000000 231677.21875000 605147.75000000 859.57037354    14120.19433594  8052.23437500   
0.36300    406412.62500000 230008.57812500 601338.68750000 857.01171875    14392.51269531  8286.97363281   
0.36400    404383.25000000 228420.37500000 597742.68750000 854.44799805    14665.13476562  8522.16015625   
0.36500    402465.18750000 226912.12500000 594331.25000000 851.88958740    14937.84863281  8756.86816406   
0.36600    400684.90625000 225491.29687500 591131.62500000 849.34356689    15210.66894531  8991.89550781   
0.36700    398986.56250000 224124.03125000 588064.18750000 846.79083252    15481.45996094  9225.10058594   
0.36800    397425.62500000 222851.95312500 585226.68750000 844.26275635    15752.54492188  9458.36816406   
0.36900    395943.68750000 221632.53125000 582515.75000000 841.75286865    16021.74414062  9689.75097656   
0.37000    394512.37500000 220450.29687500 579897.37500000 839.23693848    16287.04394531  9917.96484375   
0.37100    393182.62500000 219328.43750000 577426.75000000 836.74481201    16550.45312500  10144.38671875  
0.37200    391958.56250000 218281.35937500 575133.62500000 834.28393555    16812.31054688  10369.06835938  
0.37300    390782.84375000 217265.17187500 572917.56250000 831.82495117    17069.75976562  10590.08886719  
0.37400    389695.50000000 216305.43750000 570836.25000000 829.39166260    17324.29687500  10808.55566406  
0.37500    388675.43750000 215391.45312500 568877.87500000 826.96472168    17575.07226562  11023.53320312  
0.37600    387724.65625000 214521.64062500 567021.31250000 824.54718018    17821.21875000  11234.38085938  
0.37700    386806.81250000 213679.25000000 565223.25000000 822.13140869    18062.05273438  11440.80957031  
0.37800    385956.12500000 212879.65625000 563533.81250000 819.71929932    18298.41015625  11643.23828125  
0.37900    385187.18750000 212127.54687500 561963.18750000 817.30841064    18530.09179688  11841.61718750  
0.38000    384441.56250000 211395.85937500 560437.56250000 814.88287354    18754.91210938  12034.49804688  
0.38100    383732.50000000 210686.35937500 558958.87500000 812.43737793    18973.30468750  12221.61035156  
0.38200    383077.62500000 210021.93750000 557592.06250000 809.97601318    19186.34960938  12404.24218750  
0.38300    382449.75000000 209369.84375000 556258.75000000 807.47521973    19391.60351562  12580.57226562  
0.38400    381892.56250000 208763.03125000 555031.18750000 804.94580078    19591.00000000  12751.94824219  
0.38500    381339.00000000 208159.26562500 553805.12500000 802.36322021    19782.08984375  12916.45703125  
0.38600    380851.12500000 207603.56250000 552703.43750000 799.74530029    19966.84960938  13075.79589844  
0.38700    380362.46875000 207049.89062500 551590.25000000 797.06207275    20142.40625000  13227.76562500  
0.38800    379916.50000000 206521.76562500 550553.56250000 794.30975342    20311.03515625  13373.86035156  
0.38900    379490.21875000 206009.40625000 549545.50000000 791.48681641    20470.69335938  13513.02832031  
0.39000    379120.15625000 205538.14062500 548637.93750000 788.58856201    20623.14648438  13646.41601562  
0.39100    378749.21875000 205072.54687500 547731.93750000 785.61657715    20766.43750000  13772.67578125  
0.39200    378422.43750000 204627.85937500 546885.06250000 782.54534912    20901.63476562  13892.27441406  
0.39300    378103.03125000 204199.92187500 546059.00000000 779.36883545    21027.47070312  14004.71875000  
0.39400    377836.59375000 203807.26562500 545332.68750000 776.10754395    21145.68554688  14111.26074219  
0.39500    377556.84375000 203410.35937500 544584.18750000 772.73144531    21253.99609375  14209.97558594  
0.39600    377300.28125000 203032.53125000 543878.00000000 769.23626709    21353.36132812  14301.97070312  
0.39700    377061.18750000 202673.25000000 543218.00000000 765.63885498    21444.15429688  14387.15625000  
0.39800    376860.68750000 202338.10937500 542610.43750000 761.92169189    21526.40625000  14466.29492188  
0.39900    376662.93750000 202013.84375000 542017.87500000 758.09442139    21599.67187500  14538.10839844  
0.40000    376476.59375000 201705.62500000 541452.12500000 754.14215088    21663.97656250  14603.61230469  
0.40100    376306.84375000 201406.00000000 540922.31250000 750.05920410    21719.21679688  14662.18359375  
0.40200    376167.50000000 201138.68750000 540444.75000000 745.86779785    21766.44531250  14714.79882812  
0.40300    376025.31250000 200870.56250000 539967.18750000 741.55950928    21804.53515625  14760.35449219  
0.40400    375900.53125000 200625.40625000 539536.93750000 737.12603760    21835.03320312  14800.53125000  
0.40500    375787.78125000 200392.10937500 539135.06250000 732.57977295    21856.95312500  14834.22460938  
0.40600    375702.46875000 200184.04687500 538780.87500000 727.93603516    21871.46289062  14862.91503906  
0.40700    375613.21875000 199981.98437500 538434.25000000 723.17144775    21877.65820312  14885.06640625  
0.40800    375532.68750000 199791.31250000 538110.43750000 718.31024170    21875.78710938  14901.77246094  
0.40900    375452.53125000 199612.42187500 537803.62500000 713.34027100    21866.50976562  14913.08203125  
0.41000    375406.06250000 199459.17187500 537549.75000000 708.29370117    21851.21875000  14919.75585938  
0.41100    375349.15625000 199307.54687500 537303.06250000 703.15875244    21828.27539062  14921.06054688  
0.41200    375288.62500000 199161.89062500 537054.56250000 697.93090820    21797.99023438  14917.17285156  
0.41300    375254.65625000 199042.18750000 536856.68750000 692.65527344    21762.36914062  14909.35937500  
0.41400    375208.21875000 198920.50000000 536651.00000000 687.29150391    21719.94140625  14896.72558594  
0.41500    375179.90625000 198821.60937500 536495.68750000 681.88726807    21671.97460938  14880.22558594  
0.41600    375121.46875000 198709.31250000 536296.43750000 676.41479492    21617.53515625  14859.06738281  
0.41700    375092.81250000 198624.92187500 536161.06250000 670.92559814    21558.78710938  14834.92871094  
0.41800    375082.59375000 198557.89062500 536058.62500000 665.40759277    21495.50195312  14807.61230469  
0.41900    375012.46875000 198464.64062500 535870.93750000 659.83538818    21425.49218750  14775.39843750  
0.42000    374978.37500000 198396.67187500 535753.62500000 654.27026367    21352.54882812  14741.04882812  
0.42100    374946.18750000 198343.28125000 535652.31250000 648.69818115    21275.45117188  14703.86914062  
0.42200    374906.09375000 198288.10937500 535543.18750000 643.13342285    21194.49609375  14664.03027344  
0.42300    374838.65625000 198224.09375000 535408.00000000 637.56353760    21109.19726562  14620.91210938  
0.42400    374772.12500000 198167.82812500 535281.18750000 632.01129150    21020.79296875  14575.48828125  
0.42500    374701.90625000 198115.82812500 535164.43750000 626.49658203    20929.62109375  14528.01074219  
0.42600    374605.18750000 198053.14062500 535001.56250000 621.00415039    20834.78906250  14478.24609375  
0.42700    374525.87500000 198006.26562500 534878.50000000 615.56329346    20738.60742188  14427.15917969  
0.42800    374410.43750000 197944.46875000 534706.00000000 610.16058350    20638.97656250  14373.65039062  
0.42900    374310.75000000 197893.76562500 534571.56250000 604.82019043    20538.54296875  14319.33496094  
0.43000    374183.59375000 197833.28125000 534386.00000000 599.53070068    20435.51757812  14263.15527344  
0.43100    374010.50000000 197745.96875000 534147.93750000 594.29772949    20330.00781250  14204.97167969  
0.43200    373859.62500000 197680.53125000 533941.31250000 589.14501953    20224.41015625  14146.64550781  
0.43300    373670.84375000 197592.78125000 533689.75000000 584.05236816    20116.54492188  14086.31445312  
0.43400    373472.03125000 197503.81250000 533417.31250000 579.04479980    20008.17187500  14025.59277344  
0.43500    373242.18750000 197398.06250000 533110.81250000 574.10644531    19898.17578125  13963.54589844  
0.43600    373030.96875000 197302.43750000 532827.31250000 569.27374268    19788.72851562  13901.67675781  
0.43700    372760.00000000 197175.00000000 532453.93750000 564.49908447    19677.75781250  13838.05468750  
0.43800    372460.25000000 197030.95312500 532040.06250000 559.81298828    19565.76171875  13773.87500000  
0.43900    372165.15625000 196886.81250000 531625.00000000 555.22668457    19454.19921875  13709.50878906  
0.44000    371839.03125000 196731.75000000 531176.31250000 550.72143555    19342.12500000  13644.61816406  
0.44100    371493.53125000 196557.59375000 530687.75000000 546.30181885    19229.98242188  13579.18261719  
0.44200    371123.03125000 196371.81250000 530168.68750000 541.96228027    19118.00781250  13513.54296875  
0.44300    370730.21875000 196176.39062500 529616.37500000 537.72479248    19006.03515625  13447.74023438  
0.44400    370324.53125000 195965.45312500 529028.87500000 533.57318115    18894.39062500  13381.57714844  
0.44500    369855.09375000 195715.10937500 528346.62500000 529.49151611    18781.38476562  13314.16210938  
0.44600    369379.34375000 195459.82812500 527652.87500000 525.49462891    18669.66601562  13247.19335938  
0.44700    368904.37500000 195203.43750000 526954.87500000 521.59509277    18558.44140625  13180.39941406  
0.44800    368369.93750000 194909.84375000 526166.56250000 517.75726318    18446.98437500  13112.74804688  
0.44900    367848.56250000 194619.28125000 525386.93750000 514.01531982    18336.68750000  13045.73730469  
0.45000    367297.56250000 194312.65625000 524562.50000000 510.34997559    18227.17968750  12978.90527344  
0.45100    366693.53125000 193967.15625000 523655.40625000 506.74035645    18116.68164062  12910.78515625  
0.45200    366092.37500000 193621.17187500 522743.06250000 503.21948242    18007.61523438  12843.41503906  
0.45300    365455.56250000 193247.50000000 521763.78125000 499.76623535    17898.52539062  12775.60937500  
0.45400    364808.31250000 192867.51562500 520774.50000000 496.37997437    17790.34570312  12708.11914062  
0.45500    364140.78125000 192471.89062500 519746.59375000 493.05960083    17682.99609375  12640.70507812  
0.45600    363447.06250000 192053.98437500 518664.18750000 489.80221558    17575.59960938  12572.83984375  
0.45700    362738.46875000 191627.32812500 517568.78125000 486.61645508    17469.19335938  12505.48535156  
0.45800    362000.56250000 191174.90625000 516404.15625000 483.49359131    17363.39257812  12438.05664062  
0.45900    361245.09375000 190709.20312500 515218.31250000 480.42205811    17257.79101562  12370.40722656  
0.46000    360503.09375000 190245.34375000 514045.28125000 477.42404175    17154.16210938  12303.89257812  
0.46100    359696.87500000 189740.84375000 512764.56250000 474.47271729    17049.72265625  12236.19921875  
0.46200    358916.18750000 189250.32812500 511518.96875000 471.59204102    16947.25195312  12169.80761719  
0.46300    358103.59375000 188734.76562500 510225.00000000 468.76629639    16844.84179688  12102.95996094  
0.46400    357266.18750000 188200.01562500 508873.78125000 465.99755859    16742.91210938  12036.34277344  
0.46500    356436.06250000 187667.42187500 507545.68750000 463.29608154    16642.68945312  11970.34375000  
0.46600    355583.93750000 187116.45312500 506162.65625000 460.65011597    16542.73046875  11904.36914062  
0.46700    354709.21875000 186546.32812500 504741.81250000 458.06076050    16443.27929688  11838.26855469  
0.46800    353860.40625000 185990.46875000 503363.50000000 455.54385376    16345.69726562  11773.53320312  
0.46900    352965.65625000 185404.42187500 501903.59375000 453.08306885    16248.08984375  11708.40527344  
0.47000    352072.81250000 184813.56250000 500439.96875000 450.68951416    16151.37304688  11643.65625000  
0.47100    351177.65625000 184221.76562500 498975.59375000 448.36465454    16056.08496094  11579.63671875  
0.47200    350275.53125000 183621.57812500 497494.68750000 446.10961914    15961.79687500  11516.14453125  
0.47300    349376.00000000 183020.79687500 496011.65625000 443.92391968    15868.68847656  11453.27246094  
0.47400    348443.50000000 182396.95312500 494469.37500000 441.80764771    15775.53320312  11390.19628906  
0.47500    347529.71875000 181780.96875000 492957.40625000 439.76861572    15684.33593750  11328.32714844  
0.47600    346624.68750000 181169.31250000 491458.50000000 437.81097412    15594.78222656  11267.31933594  
0.47700    345674.34375000 180526.37500000 489874.96875000 435.92034912    15504.46386719  11205.64257812  
0.47800    344743.96875000 179896.75000000 488326.84375000 434.11422729    15416.35546875  11145.45703125  
0.47900    343825.03125000 179273.09375000 486797.00000000 432.39334106    15329.89355469  11086.19140625  
0.48000    342872.53125000 178627.84375000 485215.43750000 430.75283813    15243.20117188  11026.88281250  
0.48100    341965.84375000 178007.39062500 483698.75000000 429.21127319    15159.02441406  10969.13085938  
0.48200    340996.62500000 177347.25000000 482078.84375000 427.72354126    15073.96386719  10910.39941406  
0.48300    340040.21875000 176698.04687500 480484.37500000 426.34301758    14990.74609375  10853.05371094  
0.48400    339097.65625000 176058.37500000 478909.84375000 425.04751587    14908.95703125  10796.70605469  
0.48500    338146.96875000 175408.45312500 477321.90625000 423.84100342    14827.79101562  10740.56933594  
0.48600    337205.21875000 174768.75000000 475745.43750000 422.72760010    14748.07128906  10685.63183594  
0.48700    336246.09375000 174118.43750000 474146.87500000 421.69470215    14668.86132812  10630.82910156  
0.48800    335270.00000000 173456.50000000 472520.65625000 420.74279785    14589.96386719  10576.20605469  
0.48900    334302.78125000 172803.96875000 470907.68750000 419.88583374    14512.15917969  10522.42675781  
0.49000    333338.00000000 172153.04687500 469300.28125000 419.10803223    14435.48046875  10469.33496094  
0.49100    332379.03125000 171507.85937500 467700.84375000 418.42910767    14359.93750000  10417.04882812  
0.49200    331391.84375000 170845.65625000 466057.78125000 417.81552124    14283.94531250  10364.48437500  
0.49300    330406.40625000 170187.78125000 464429.09375000 417.28326416    14209.06640625  10312.83984375  
0.49400    329416.93750000 169530.31250000 462791.06250000 416.82473755    14134.68847656  10261.40039062  
0.49500    328411.50000000 168865.96875000 461134.43750000 416.44091797    14060.19726562  10210.14355469  
0.49600    327417.81250000 168212.62500000 459497.40625000 416.13021851    13986.75390625  10159.55273438  
0.49700    326391.06250000 167542.51562500 457814.21875000 415.87341309    13912.76269531  10108.76464844  
0.49800    325374.34375000 166880.45312500 456146.34375000 415.68823242    13839.50976562  10058.52734375  
0.49900    324330.03125000 166204.04687500 454439.71875000 415.54165649    13765.41503906  10007.75976562  
0.50000    323287.56250000 165536.00000000 452747.21875000 415.46005249    13691.97558594  9957.61621094   
