# SAXS profile: number of points = 501, q_min = 0, q_max = 0.5, delta_q = 0.001
#    q    intensity 
0.00000    162231776.00000000 101201864.00000000 256269664.00000000 111711.98437500 8514500.00000000 6724700.00000000 
0.00100    162194576.00000000 101175888.00000000 256206000.00000000 111675.68750000 8512008.00000000 6722747.00000000 
0.00200    162076288.00000000 101099520.00000000 256011008.00000000 111567.52343750 8504571.00000000 6716892.00000000 
0.00300    161873136.00000000 100972160.00000000 255687440.00000000 111387.58593750 8492117.00000000 6707162.50000000 
0.00400    161583936.00000000 100793528.00000000 255233856.00000000 111135.71093750 8474858.00000000 6693555.50000000 
0.00500    161209488.00000000 100565240.00000000 254650032.00000000 110813.25781250 8452705.00000000 6676139.00000000 
0.00600    160757808.00000000 100284936.00000000 253938272.00000000 110420.78906250 8425658.00000000 6654880.50000000 
0.00700    160220048.00000000 99956672.00000000 253103888.00000000 109958.35156250 8393862.00000000 6629849.50000000 
0.00800    159603648.00000000 99581272.00000000 252141968.00000000 109427.99218750 8357311.00000000 6601209.50000000 
0.00900    158913760.00000000 99156752.00000000 251059392.00000000 108830.17187500 8316158.00000000 6568815.50000000 
0.01000    158150624.00000000 98684296.00000000 249855472.00000000 108167.22656250 8270418.00000000 6532839.50000000 
0.01100    157309424.00000000 98164744.00000000 248529648.00000000 107440.04687500 8220245.00000000 6493400.50000000 
0.01200    156390560.00000000 97598672.00000000 247090960.00000000 106649.36718750 8165681.00000000 6450484.50000000 
0.01300    155400336.00000000 96989024.00000000 245537840.00000000 105797.73437500 8106844.00000000 6404190.50000000 
0.01400    154339792.00000000 96335040.00000000 243871776.00000000 104887.67187500 8043877.00000000 6354729.00000000 
0.01500    153211520.00000000 95639632.00000000 242099216.00000000 103919.90625000 7976867.00000000 6302043.00000000 
0.01600    152015344.00000000 94901976.00000000 240221840.00000000 102896.71875000 7905994.00000000 6246297.50000000 
0.01700    150754192.00000000 94124696.00000000 238240592.00000000 101821.57031250 7831381.50000000 6187600.50000000 
0.01800    149430688.00000000 93308128.00000000 236162400.00000000 100694.42187500 7753138.50000000 6126113.50000000 
0.01900    148046096.00000000 92454768.00000000 233988544.00000000 99519.24218750  7671479.50000000 6061832.50000000 
0.02000    146604896.00000000 91565312.00000000 231724992.00000000 98299.02343750  7586500.50000000 5994983.50000000 
0.02100    145108304.00000000 90642640.00000000 229370048.00000000 97034.33593750  7498348.50000000 5925640.00000000 
0.02200    143557264.00000000 89685040.00000000 226934096.00000000 95728.92968750  7407210.00000000 5853952.50000000 
0.02300    141955936.00000000 88697168.00000000 224419008.00000000 94385.51562500  7313331.00000000 5780096.50000000 
0.02400    140308464.00000000 87679328.00000000 221828112.00000000 93005.86718750  7216778.00000000 5704087.50000000 
0.02500    138613776.00000000 86632880.00000000 219166912.00000000 91593.95312500  7117767.00000000 5626169.50000000 
0.02600    136877344.00000000 85560416.00000000 216436672.00000000 90151.83593750  7016415.00000000 5546470.50000000 
0.02700    135101152.00000000 84463264.00000000 213645520.00000000 88681.57812500  6913026.00000000 5465025.50000000 
0.02800    133288408.00000000 83343840.00000000 210795072.00000000 87186.89843750  6807622.50000000 5382140.50000000 
0.02900    131441432.00000000 82201864.00000000 207891296.00000000 85670.03125000  6700579.00000000 5297806.00000000 
0.03000    129563528.00000000 81041200.00000000 204936944.00000000 84134.89843750  6591895.50000000 5212241.50000000 
0.03100    127657752.00000000 79862432.00000000 201939280.00000000 82582.32812500  6481777.50000000 5125582.50000000 
0.03200    125725712.00000000 78667448.00000000 198901264.00000000 81015.55468750  6370523.00000000 5037954.00000000 
0.03300    123771264.00000000 77458792.00000000 195827648.00000000 79437.63281250  6258219.00000000 4949489.00000000 
0.03400    121797480.00000000 76237488.00000000 192721728.00000000 77852.16406250  6145110.50000000 4860402.50000000 
0.03500    119806304.00000000 75005640.00000000 189588288.00000000 76260.10937500  6031270.50000000 4770728.00000000 
0.03600    117801560.00000000 73764352.00000000 186432240.00000000 74664.67187500  5916907.00000000 4680660.00000000 
0.03700    115785680.00000000 72514800.00000000 183257168.00000000 73067.96093750  5802269.50000000 4590327.50000000 
0.03800    113760200.00000000 71260552.00000000 180070720.00000000 71473.10156250  5687363.00000000 4499785.00000000 
0.03900    111729624.00000000 70001232.00000000 176873616.00000000 69881.76562500  5572452.50000000 4409226.00000000 
0.04000    109694888.00000000 68740176.00000000 173669168.00000000 68295.77343750  5457704.50000000 4318763.50000000 
0.04100    107659928.00000000 67478552.00000000 170463776.00000000 66718.54687500  5343210.50000000 4228524.50000000 
0.04200    105627056.00000000 66216516.00000000 167261408.00000000 65151.57421875  5229170.00000000 4138623.75000000 
0.04300    103597792.00000000 64957452.00000000 164063824.00000000 63596.24218750  5115739.50000000 4049153.75000000 
0.04400    101575288.00000000 63702644.00000000 160875904.00000000 62055.38281250  5002982.50000000 3960248.25000000 
0.04500    99563144.00000000 62452536.00000000 157704784.00000000 60530.28515625  4891130.00000000 3872009.25000000 
0.04600    97560920.00000000 61208856.00000000 154547488.00000000 59023.06250000  4780225.50000000 3784525.25000000 
0.04700    95571848.00000000 59972808.00000000 151411232.00000000 57534.95703125  4670416.00000000 3697889.75000000 
0.04800    93598504.00000000 58746576.00000000 148300800.00000000 56067.26953125  4561789.00000000 3612200.50000000 
0.04900    91642824.00000000 57530664.00000000 145217328.00000000 54621.83593750  4454488.00000000 3527516.25000000 
0.05000    89705848.00000000 56326004.00000000 142162784.00000000 53200.03515625  4348636.00000000 3443927.75000000 
0.05100    87791112.00000000 55134564.00000000 139141728.00000000 51802.56640625  4244232.00000000 3361531.25000000 
0.05200    85897504.00000000 53956228.00000000 136154624.00000000 50430.54296875  4141418.25000000 3280382.50000000 
0.05300    84029272.00000000 52793076.00000000 133206152.00000000 49084.82421875  4040283.00000000 3200496.75000000 
0.05400    82186808.00000000 51645744.00000000 130298448.00000000 47766.73828125  3940915.75000000 3122036.75000000 
0.05500    80371936.00000000 50515012.00000000 127433424.00000000 46476.89453125  3843365.25000000 3044971.50000000 
0.05600    78585368.00000000 49401908.00000000 124613424.00000000 45215.58593750  3747655.25000000 2969379.50000000 
0.05700    76829176.00000000 48307396.00000000 121839528.00000000 43983.85156250  3653874.00000000 2895272.75000000 
0.05800    75103928.00000000 47231772.00000000 119114688.00000000 42781.83984375  3562081.50000000 2822731.50000000 
0.05900    73410696.00000000 46175588.00000000 116439312.00000000 41609.73437500  3472280.75000000 2751768.00000000 
0.06000    71749960.00000000 45139864.00000000 113816448.00000000 40468.32031250  3384517.25000000 2682436.75000000 
0.06100    70123920.00000000 44124760.00000000 111247216.00000000 39356.88671875  3298850.00000000 2614698.75000000 
0.06200    68531256.00000000 43130792.00000000 108731288.00000000 38276.13281250  3215258.00000000 2548589.75000000 
0.06300    66974392.00000000 42159004.00000000 106271416.00000000 37226.21484375  3133801.00000000 2484198.25000000 
0.06400    65452936.00000000 41208968.00000000 103867032.00000000 36206.78515625  3054424.50000000 2421423.25000000 
0.06500    63968440.00000000 40281000.00000000 101518728.00000000 35217.28906250  2977203.75000000 2360350.25000000 
0.06600    62519196.00000000 39375856.00000000 99227856.00000000 34258.17578125  2902074.50000000 2300933.50000000 
0.06700    61107312.00000000 38493452.00000000 96996384.00000000 33328.73828125  2829085.50000000 2243172.00000000 
0.06800    59732120.00000000 37634100.00000000 94821960.00000000 32428.47460938  2758195.50000000 2187073.25000000 
0.06900    58394116.00000000 36797744.00000000 92705664.00000000 31557.49023438  2689402.50000000 2132675.75000000 
0.07000    57092980.00000000 35984268.00000000 90648520.00000000 30714.84375000  2622674.75000000 2079858.00000000 
0.07100    55828644.00000000 35194092.00000000 88649536.00000000 29899.98046875  2558006.75000000 2028676.62500000 
0.07200    54601632.00000000 34426908.00000000 86708608.00000000 29112.70898438  2495350.50000000 1979079.12500000 
0.07300    53410624.00000000 33682224.00000000 84825352.00000000 28352.34375000  2434690.75000000 1931081.00000000 
0.07400    52256124.00000000 32960712.00000000 82999392.00000000 27618.04296875  2375994.25000000 1884612.87500000 
0.07500    51137740.00000000 32261538.00000000 81230632.00000000 26909.08007812  2319199.50000000 1839664.62500000 
0.07600    50054848.00000000 31584464.00000000 79518440.00000000 26224.86914062  2264317.00000000 1796205.50000000 
0.07700    49007268.00000000 30929668.00000000 77861400.00000000 25564.67187500  2211252.00000000 1754194.75000000 
0.07800    47994036.00000000 30296508.00000000 76259320.00000000 24927.87695312  2160004.50000000 1713598.87500000 
0.07900    47015044.00000000 29684676.00000000 74711360.00000000 24313.38671875  2110469.75000000 1674395.62500000 
0.08000    46069636.00000000 29094094.00000000 73216744.00000000 23720.57812500  2062627.75000000 1636523.75000000 
0.08100    45156792.00000000 28523898.00000000 71773592.00000000 23148.90625000  2016480.75000000 1599977.12500000 
0.08200    44276012.00000000 27974146.00000000 70381240.00000000 22597.23828125  1971906.50000000 1564687.12500000 
0.08300    43426736.00000000 27444092.00000000 69039480.00000000 22064.98437500  1928882.62500000 1530616.37500000 
0.08400    42607648.00000000 26933166.00000000 67745280.00000000 21551.48242188  1887354.25000000 1497741.75000000 
0.08500    41818880.00000000 26441340.00000000 66499336.00000000 21055.51757812  1847264.50000000 1466026.62500000 
0.08600    41058848.00000000 25967614.00000000 65299540.00000000 20576.88085938  1808576.75000000 1435384.75000000 
0.08700    40326936.00000000 25511948.00000000 64144368.00000000 20114.37890625  1771225.00000000 1405823.75000000 
0.08800    39622372.00000000 25073424.00000000 63032544.00000000 19667.48632812  1735144.50000000 1377270.12500000 
0.08900    38944248.00000000 24651606.00000000 61962952.00000000 19235.48242188  1700305.37500000 1349690.37500000 
0.09000    38291712.00000000 24246070.00000000 60933716.00000000 18817.63085938  1666625.37500000 1323045.50000000 
0.09100    37663904.00000000 23856130.00000000 59944240.00000000 18413.28125000  1634086.12500000 1297297.62500000 
0.09200    37059624.00000000 23481228.00000000 58991500.00000000 18021.51367188  1602628.50000000 1272403.75000000 
0.09300    36478340.00000000 23120894.00000000 58076060.00000000 17642.06640625  1572185.12500000 1248328.50000000 
0.09400    35918800.00000000 22774402.00000000 57195112.00000000 17273.79296875  1542715.75000000 1225002.12500000 
0.09500    35380556.00000000 22441174.00000000 56347880.00000000 16916.69726562  1514182.50000000 1202436.87500000 
0.09600    34862044.00000000 22120876.00000000 55532916.00000000 16570.05859375  1486524.87500000 1180561.37500000 
0.09700    34362836.00000000 21812836.00000000 54748456.00000000 16233.05371094  1459691.75000000 1159350.25000000 
0.09800    33882088.00000000 21516274.00000000 53992688.00000000 15905.44726562  1433669.75000000 1138758.75000000 
0.09900    33418942.00000000 21230992.00000000 53264840.00000000 15586.60156250  1408375.37500000 1118769.87500000 
0.10000    32972076.00000000 20955976.00000000 52563904.00000000 15276.05273438  1383796.50000000 1099340.75000000 
0.10100    32540762.00000000 20691150.00000000 51887816.00000000 14973.35546875  1359864.12500000 1080425.37500000 
0.10200    32124502.00000000 20435632.00000000 51235308.00000000 14678.21777344  1336598.25000000 1062027.37500000 
0.10300    31722244.00000000 20188958.00000000 50604892.00000000 14390.02832031  1313892.12500000 1044073.25000000 
0.10400    31332912.00000000 19950776.00000000 49995972.00000000 14108.68164062  1291752.62500000 1026570.12500000 
0.10500    30956474.00000000 19720622.00000000 49406660.00000000 13833.56445312  1270124.75000000 1009489.56250000 
0.10600    30591394.00000000 19497508.00000000 48835580.00000000 13564.54003906  1248998.50000000 992775.81250000 
0.10700    30237318.00000000 19281468.00000000 48282008.00000000 13301.24023438  1228334.12500000 976445.31250000 
0.10800    29893432.00000000 19071874.00000000 47744832.00000000 13043.48437500  1208101.87500000 960446.43750000 
0.10900    29558760.00000000 18868216.00000000 47222132.00000000 12790.82519531  1188266.62500000 944768.18750000 
0.11000    29233308.00000000 18670182.00000000 46714116.00000000 12543.28710938  1168812.87500000 929392.18750000 
0.11100    28915782.00000000 18477116.00000000 46218360.00000000 12300.45117188  1149717.25000000 914295.18750000 
0.11200    28605544.00000000 18288594.00000000 45734700.00000000 12062.17578125  1130960.50000000 899463.31250000 
0.11300    28302312.00000000 18104402.00000000 45261908.00000000 11828.26855469  1112507.87500000 884870.68750000 
0.11400    28005716.00000000 17924324.00000000 44799508.00000000 11598.61230469  1094361.37500000 870510.87500000 
0.11500    27714726.00000000 17747674.00000000 44345464.00000000 11373.01660156  1076492.62500000 856365.75000000 
0.11600    27429002.00000000 17574412.00000000 43899860.00000000 11151.30078125  1058872.75000000 842425.31250000 
0.11700    27147884.00000000 17403852.00000000 43462124.00000000 10933.47460938  1041505.75000000 828684.43750000 
0.11800    26871022.00000000 17235784.00000000 43030408.00000000 10719.29003906  1024355.93750000 815107.00000000 
0.11900    26598122.00000000 17070094.00000000 42604540.00000000 10508.54785156  1007436.37500000 801712.75000000 
0.12000    26328434.00000000 16906412.00000000 42184148.00000000 10301.39746094  990717.12500000 788467.50000000 
0.12100    26061994.00000000 16744268.00000000 41768172.00000000 10097.67187500  974197.68750000 775380.25000000 
0.12200    25798008.00000000 16583728.00000000 41356176.00000000 9897.25781250   957865.56250000 762435.06250000 
0.12300    25536150.00000000 16424401.00000000 40947396.00000000 9700.15234375   941715.56250000 749629.87500000 
0.12400    25276548.00000000 16266171.00000000 40541416.00000000 9506.07910156   925737.00000000 736948.31250000 
0.12500    25018328.00000000 16108625.00000000 40138340.00000000 9315.18750000   909908.06250000 724402.12500000 
0.12600    24761668.00000000 15951870.00000000 39736612.00000000 9127.43554688   894257.62500000 711978.43750000 
0.12700    24506048.00000000 15795448.00000000 39336516.00000000 8942.52441406   878749.06250000 699667.87500000 
0.12800    24251238.00000000 15639392.00000000 38937500.00000000 8760.68945312   863383.68750000 687472.50000000 
0.12900    23997230.00000000 15483505.00000000 38539452.00000000 8581.79199219   848173.87500000 675386.00000000 
0.13000    23743436.00000000 15327648.00000000 38141300.00000000 8405.74707031   833109.43750000 663413.00000000 
0.13100    23490234.00000000 15171585.00000000 37743664.00000000 8232.50195312   818179.18750000 651537.00000000 
0.13200    23237038.00000000 15015496.00000000 37345880.00000000 8062.07763672   803379.93750000 639772.62500000 
0.13300    22983994.00000000 14859118.00000000 36948000.00000000 7894.33154297   788716.00000000 628120.43750000 
0.13400    22730710.00000000 14702374.00000000 36549204.00000000 7729.37890625   774201.12500000 616560.87500000 
0.13500    22477162.00000000 14545304.00000000 36150040.00000000 7567.08056641   759808.68750000 605111.00000000 
0.13600    22223624.00000000 14387642.00000000 35749940.00000000 7407.47119141   745554.93750000 593759.43750000 
0.13700    21969544.00000000 14229689.00000000 35349148.00000000 7250.45751953   731436.81250000 582512.68750000 
0.13800    21715114.00000000 14071018.00000000 34947496.00000000 7095.95703125   717445.37500000 571366.56250000 
0.13900    21460328.00000000 13911979.00000000 34544420.00000000 6944.03857422   703596.75000000 560331.00000000 
0.14000    21204896.00000000 13752326.00000000 34140528.00000000 6794.63525391   689876.93750000 549398.18750000 
0.14100    20949322.00000000 13592133.00000000 33736264.00000000 6647.74902344   676293.31250000 538569.75000000 
0.14200    20693262.00000000 13431395.00000000 33330254.00000000 6503.25439453   662852.87500000 527851.31250000 
0.14300    20436666.00000000 13270121.00000000 32923270.00000000 6361.22998047   649549.50000000 517238.62500000 
0.14400    20179806.00000000 13108170.00000000 32515534.00000000 6221.56250000   636382.43750000 506731.62500000 
0.14500    19922460.00000000 12945937.00000000 32106876.00000000 6084.29443359   623359.12500000 496339.93750000 
0.14600    19665076.00000000 12783222.00000000 31697648.00000000 5949.33105469   610485.68750000 486058.68750000 
0.14700    19407352.00000000 12620181.00000000 31287464.00000000 5816.70605469   597751.00000000 475894.37500000 
0.14800    19149452.00000000 12456607.00000000 30876952.00000000 5686.33789062   585159.62500000 465843.15625000 
0.14900    18891602.00000000 12292915.00000000 30465728.00000000 5558.18505859   572723.12500000 455906.56250000 
0.15000    18633550.00000000 12128969.00000000 30054636.00000000 5432.32666016   560430.87500000 446094.31250000 
0.15100    18375702.00000000 11964690.00000000 29642982.00000000 5308.64599609   548296.62500000 436398.90625000 
0.15200    18118190.00000000 11800512.00000000 29231768.00000000 5187.15429688   536321.06250000 426824.90625000 
0.15300    17860702.00000000 11636208.00000000 28820498.00000000 5067.85009766   524495.68750000 417377.65625000 
0.15400    17603766.00000000 11471957.00000000 28409518.00000000 4950.69531250   512829.81250000 408054.34375000 
0.15500    17347304.00000000 11307730.00000000 27999220.00000000 4835.65722656   501321.46875000 398855.46875000 
0.15600    17091480.00000000 11143662.00000000 27589670.00000000 4722.74072266   489975.09375000 389789.00000000 
0.15700    16836322.00000000 10980107.00000000 27181000.00000000 4611.98046875   478798.62500000 380850.90625000 
0.15800    16582186.00000000 10816677.00000000 26773424.00000000 4503.22558594   467782.75000000 372043.81250000 
0.15900    16328886.00000000 10653698.00000000 26367112.00000000 4396.58447266   456937.56250000 363368.93750000 
0.16000    16076624.00000000 10491309.00000000 25962170.00000000 4291.98388672   446257.53125000 354827.25000000 
0.16100    15825609.00000000 10329570.00000000 25559378.00000000 4189.50048828   435750.34375000 346423.65625000 
0.16200    15575776.00000000 10168415.00000000 25158308.00000000 4089.08203125   425413.37500000 338156.56250000 
0.16300    15327475.00000000 10008134.00000000 24759198.00000000 3990.66577148   415248.71875000 330026.90625000 
0.16400    15080715.00000000 9848565.00000000 24362534.00000000 3894.32788086   405258.71875000 322035.87500000 
0.16500    14835530.00000000 9689993.00000000 23968416.00000000 3800.01708984   395444.34375000 314183.50000000 
0.16600    14592251.00000000 9532541.00000000 23576850.00000000 3707.72021484   385810.56250000 306472.21875000 
0.16700    14350819.00000000 9375956.00000000 23188096.00000000 3617.43164062   376347.06250000 298902.65625000 
0.16800    14111282.00000000 9220605.00000000 22802472.00000000 3529.18579102   367065.93750000 291474.18750000 
0.16900    13873951.00000000 9066528.00000000 22420042.00000000 3442.98632812   357959.25000000 284189.43750000 
0.17000    13638829.00000000 8913881.00000000 22041050.00000000 3358.75585938   349037.21875000 277045.31250000 
0.17100    13405864.00000000 8762377.00000000 21665604.00000000 3276.56542969   340289.06250000 270044.75000000 
0.17200    13175444.00000000 8612518.00000000 21293846.00000000 3196.38183594   331723.78125000 263188.31250000 
0.17300    12947371.00000000 8464094.00000000 20926074.00000000 3118.18725586   323336.75000000 256473.96875000 
0.17400    12722004.00000000 8317230.00000000 20562152.00000000 3042.00585938   315128.31250000 249902.65625000 
0.17500    12499294.00000000 8172013.50000000 20202666.00000000 2967.81860352   307101.40625000 243473.35937500 
0.17600    12279177.00000000 8028436.00000000 19847054.00000000 2895.57910156   299250.12500000 237185.17187500 
0.17700    12061968.00000000 7886635.00000000 19496224.00000000 2825.34179688   291575.78125000 231040.14062500 
0.17800    11847491.00000000 7746616.00000000 19149652.00000000 2757.02832031   284080.78125000 225036.07812500 
0.17900    11635932.00000000 7608431.50000000 18807880.00000000 2690.71508789   276763.31250000 219169.59375000 
0.18000    11427408.00000000 7472107.50000000 18470636.00000000 2626.29809570   269617.87500000 213444.84375000 
0.18100    11221995.00000000 7337747.50000000 18138504.00000000 2563.84741211   262648.46875000 207858.39062500 
0.18200    11019518.00000000 7205183.50000000 17810886.00000000 2503.25390625   255844.17187500 202405.34375000 
0.18300    10820149.00000000 7074666.00000000 17488362.00000000 2444.54418945   249215.75000000 197088.92187500 
0.18400    10623929.00000000 6946098.50000000 17170614.00000000 2387.69726562   242751.07812500 191906.26562500 
0.18500    10430987.00000000 6819615.00000000 16858318.00000000 2332.73217773   236455.28125000 186855.60937500 
0.18600    10241022.00000000 6695092.00000000 16550855.00000000 2279.56030273   230322.00000000 181935.56250000 
0.18700    10054308.00000000 6572635.00000000 16248403.00000000 2228.14282227   224351.09375000 177141.14062500 
0.18800    9870767.00000000 6452223.00000000 15951173.00000000 2178.47290039   218535.82812500 172474.82812500 
0.18900    9690533.00000000 6333867.00000000 15659148.00000000 2130.56591797   212879.84375000 167933.07812500 
0.19000    9513398.00000000 6217536.00000000 15371950.00000000 2084.28662109   207370.15625000 163508.29687500 
0.19100    9339581.00000000 6103358.00000000 15090251.00000000 2039.73498535   202017.89062500 159207.95312500 
0.19200    9168740.00000000 5991174.00000000 14813437.00000000 1996.75732422   196807.50000000 155021.48437500 
0.19300    9001187.00000000 5881066.50000000 14541814.00000000 1955.38684082   191742.95312500 150951.50000000 
0.19400    8836723.00000000 5772931.00000000 14275212.00000000 1915.50476074   186817.20312500 146990.53125000 
0.19500    8675465.00000000 5666896.50000000 14013660.00000000 1877.15637207   182027.43750000 143138.68750000 
0.19600    8517265.00000000 5562787.00000000 13756949.00000000 1840.22937012   177371.34375000 139391.87500000 
0.19700    8362055.50000000 5460712.00000000 13505359.00000000 1804.72045898   172844.68750000 135748.03125000 
0.19800    8209945.00000000 5360577.00000000 13258437.00000000 1770.56005859   168441.53125000 132204.17187500 
0.19900    8060724.50000000 5262455.00000000 13016510.00000000 1737.71838379   164162.45312500 128758.09375000 
0.20000    7914496.50000000 5166134.50000000 12779176.00000000 1706.12426758   159998.64062500 125404.28125000 
0.20100    7771137.00000000 5071795.00000000 12546624.00000000 1675.77172852   155951.65625000 122141.60156250 
0.20200    7630560.50000000 4979238.50000000 12318475.00000000 1646.57702637   152011.78125000 118966.84375000 
0.20300    7492893.50000000 4888576.50000000 12095024.00000000 1618.49011230   148179.18750000 115876.70312500 
0.20400    7357879.50000000 4799650.00000000 11875866.00000000 1591.48767090   144448.26562500 112868.46875000 
0.20500    7225497.00000000 4712524.00000000 11661131.00000000 1565.51464844   140817.04687500 109938.29687500 
0.20600    7095771.00000000 4627037.50000000 11450538.00000000 1540.49316406   137279.10937500 107082.42187500 
0.20700    6968559.00000000 4543279.50000000 11243998.00000000 1516.42346191   133833.32812500 104301.10937500 
0.20800    6843800.00000000 4461153.50000000 11041594.00000000 1493.21142578   130472.44531250 101588.10156250 
0.20900    6721596.00000000 4380690.00000000 10843262.00000000 1470.87524414   127198.53906250 98944.78125000  
0.21000    6601692.00000000 4301730.00000000 10648629.00000000 1449.29711914   124000.37500000 96361.83593750  
0.21100    6484051.50000000 4224322.50000000 10457660.00000000 1428.50366211   120880.04687500 93840.03125000  
0.21200    6368647.50000000 4148376.50000000 10270419.00000000 1408.39782715   117832.51562500 91377.12500000  
0.21300    6255400.00000000 4073840.75000000 10086810.00000000 1388.94592285   114853.78906250 88969.75781250  
0.21400    6144318.00000000 4000737.00000000 9906539.00000000 1370.14050293   111941.91406250 86615.33593750  
0.21500    6035274.50000000 3929048.00000000 9729636.00000000 1351.95947266   109095.46875000 84314.54687500  
0.21600    5928233.00000000 3858624.25000000 9556020.00000000 1334.30371094   106305.46093750 82058.92968750  
0.21700    5823080.00000000 3789517.25000000 9385454.00000000 1317.18395996   103576.10156250 79851.35937500  
0.21800    5719835.50000000 3721639.75000000 9217992.00000000 1300.56396484   100899.95312500 77686.62500000  
0.21900    5618289.00000000 3654958.00000000 9053370.00000000 1284.39611816   98275.10156250  75564.27343750  
0.22000    5518561.50000000 3589439.25000000 8891727.00000000 1268.68725586   95701.38281250  73481.26562500  
0.22100    5420608.00000000 3525110.75000000 8732947.00000000 1253.39953613   93176.46875000  71439.64062500  
0.22200    5324252.50000000 3461839.50000000 8576800.00000000 1238.50927734   90695.19531250  69432.72656250  
0.22300    5229471.00000000 3399634.25000000 8423121.00000000 1223.98449707   88258.75000000  67461.16406250  
0.22400    5136195.00000000 3338436.00000000 8271943.50000000 1209.80761719   85863.12500000  65522.64453125  
0.22500    5044509.50000000 3278310.25000000 8123425.50000000 1196.00622559   83509.17187500  63619.48437500  
0.22600    4954188.00000000 3219103.25000000 7977159.00000000 1182.50366211   81193.65625000  61745.12500000  
0.22700    4865336.00000000 3160850.00000000 7833229.50000000 1169.32531738   78916.20312500  59903.37109375  
0.22800    4777794.50000000 3103515.00000000 7691534.50000000 1156.44726562   76674.55468750  58090.04687500  
0.22900    4691577.50000000 3047039.75000000 7551964.00000000 1143.85388184   74467.33593750  56304.61328125  
0.23000    4606688.50000000 2991443.50000000 7414527.50000000 1131.55126953   72295.70312500  54548.19531250  
0.23100    4523093.50000000 2936708.75000000 7279180.50000000 1119.55383301   70157.84375000  52819.22656250  
0.23200    4440618.50000000 2882775.00000000 7145742.50000000 1107.79748535   68052.00000000  51116.05468750  
0.23300    4359406.00000000 2829618.75000000 7014311.50000000 1096.32873535   65978.71093750  49439.21093750  
0.23400    4279299.00000000 2777255.25000000 6884837.00000000 1085.13989258   63938.38671875  47789.51953125  
0.23500    4200357.50000000 2725613.25000000 6757090.00000000 1074.18347168   61927.82812500  46163.36328125  
0.23600    4122517.50000000 2674751.75000000 6631188.00000000 1063.53247070   59950.22265625  44564.90625000  
0.23700    4045776.25000000 2624584.50000000 6507056.50000000 1053.12963867   58003.58593750  42990.22656250  
0.23800    3970114.50000000 2575151.25000000 6384715.50000000 1043.00512695   56089.49218750  41442.33984375  
0.23900    3895475.00000000 2526385.50000000 6264010.50000000 1033.13159180   54204.34765625  39918.77343750  
0.24000    3821857.75000000 2478291.25000000 6145008.50000000 1023.53588867   52351.98437500  38420.91015625  
0.24100    3749288.25000000 2430928.75000000 6027717.00000000 1014.23291016   50532.60937500  36949.88671875  
0.24200    3677726.00000000 2384192.50000000 5912032.00000000 1005.19769287   48743.80078125  35504.42968750  
0.24300    3607126.00000000 2338114.00000000 5797873.50000000 996.43365479    46987.20312500  34084.51171875  
0.24400    3537493.00000000 2292655.25000000 5685352.50000000 987.93713379    45262.65234375  32690.65039062  
0.24500    3468849.00000000 2247839.25000000 5574437.50000000 979.72814941    43570.61718750  31322.89257812  
0.24600    3401189.75000000 2203642.50000000 5465034.50000000 971.80651855    41911.75781250  29982.49609375  
0.24700    3334440.00000000 2160094.75000000 5357164.00000000 964.16479492    40286.23828125  28669.06054688  
0.24800    3268660.25000000 2117146.25000000 5250814.00000000 956.80041504    38694.32421875  27382.53906250  
0.24900    3203768.50000000 2074794.00000000 5146011.00000000 949.70397949    37135.62500000  26123.14257812  
0.25000    3139828.25000000 2033067.37500000 5042640.50000000 942.89501953    35611.56250000  24891.78125000  
0.25100    3076821.25000000 1991925.37500000 4940777.50000000 936.36663818    34120.88671875  23688.12890625  
0.25200    3014782.75000000 1951407.12500000 4840465.00000000 930.12213135    32666.91406250  22513.74218750  
0.25300    2953605.00000000 1911470.37500000 4741647.00000000 924.14227295    31246.79687500  21366.96484375  
0.25400    2893369.75000000 1872134.87500000 4644246.50000000 918.42907715    29861.49414062  20249.18750000  
0.25500    2833985.50000000 1833375.00000000 4548221.00000000 912.97778320    28511.51171875  19159.37890625  
0.25600    2775583.00000000 1795204.12500000 4453785.50000000 907.78948975    27197.31640625  18098.81640625  
0.25700    2718028.50000000 1757625.25000000 4360761.00000000 902.84918213    25918.19726562  17067.24218750  
0.25800    2661396.25000000 1720620.75000000 4269152.00000000 898.16046143    24675.06640625  16064.37988281  
0.25900    2605655.75000000 1684212.00000000 4179049.50000000 893.71826172    23466.76367188  15090.86718750  
0.26000    2550789.25000000 1648361.75000000 4090316.25000000 889.49578857    22294.62890625  14146.59667969  
0.26100    2496797.50000000 1613084.37500000 4003030.75000000 885.49108887    21156.26562500  13229.86132812  
0.26200    2443721.75000000 1578389.25000000 3917210.50000000 881.72674561    20055.00976562  12343.75292969  
0.26300    2391480.75000000 1544239.00000000 3832750.50000000 878.13342285    18986.98242188  11484.62207031  
0.26400    2340142.25000000 1510672.25000000 3749674.25000000 874.74633789    17954.48828125  10654.69140625  
0.26500    2289688.00000000 1477682.25000000 3668052.00000000 871.54913330    16956.66992188  9853.43847656   
0.26600    2240047.25000000 1445224.37500000 3587796.25000000 868.51678467    15991.79003906  9079.49121094   
0.26700    2191316.50000000 1413343.87500000 3508928.75000000 865.65954590    15061.76464844  8333.78222656   
0.26800    2143434.75000000 1382021.50000000 3431466.75000000 862.95373535    14165.28320312  7615.88183594   
0.26900    2096384.87500000 1351243.87500000 3355320.75000000 860.38195801    13300.12304688  6923.96630859   
0.27000    2050171.25000000 1321013.50000000 3280575.25000000 857.95080566    12468.99023438  6259.65039062   
0.27100    2004763.12500000 1291311.87500000 3207153.75000000 855.63226318    11668.36914062  5621.17529297   
0.27200    1960245.37500000 1262187.00000000 3135102.50000000 853.45410156    10901.28515625  5010.11328125   
0.27300    1916492.25000000 1233564.37500000 3064320.00000000 851.34027100    10163.09082031  4422.68750000   
0.27400    1873527.12500000 1205446.87500000 2994817.00000000 849.30352783    9453.34082031   3859.24316406   
0.27500    1831439.25000000 1177898.62500000 2926716.50000000 847.38592529    8776.21972656   3322.84423828   
0.27600    1790057.62500000 1150836.87500000 2859792.25000000 845.51092529    8125.20458984   2807.97143555   
0.27700    1749516.87500000 1124311.87500000 2794195.75000000 843.71966553    7504.75878906   2318.48486328   
0.27800    1709741.87500000 1098276.75000000 2729858.00000000 841.98175049    6910.97509766   1851.06652832   
0.27900    1670727.00000000 1072768.75000000 2666744.00000000 840.28820801    6344.38378906   1406.52062988   
0.28000    1632476.12500000 1047737.68750000 2604866.00000000 838.63159180    5803.85058594   983.62207031    
0.28100    1594979.00000000 1023206.62500000 2544230.50000000 837.00939941    5289.11328125   581.57934570    
0.28200    1558227.00000000 999174.06250000 2484764.75000000 835.42565918    4800.39208984   201.48242188    
0.28300    1522194.25000000 975622.43750000 2426539.00000000 833.86614990    4335.78027344   -158.85955811   
0.28400    1486882.12500000 952526.87500000 2369421.75000000 832.31896973    3894.37939453   -499.64730835   
0.28500    1452315.12500000 929914.93750000 2313504.25000000 830.79766846    3477.62109375   -820.47436523   
0.28600    1418412.25000000 907761.50000000 2258728.75000000 829.27734375    3081.99291992   -1123.26342773  
0.28700    1385228.12500000 886076.68750000 2205071.50000000 827.77667236    2709.54858398   -1407.30212402  
0.28800    1352716.12500000 864826.37500000 2152506.25000000 826.27661133    2358.22558594   -1673.72009277  
0.28900    1320909.50000000 844058.68750000 2101133.00000000 824.80273438    2028.94567871   -1922.06518555  
0.29000    1289740.62500000 823691.93750000 2050777.37500000 823.32336426    1719.62854004   -2154.23779297  
0.29100    1259277.75000000 803795.81250000 2001520.62500000 821.86859131    1430.90344238   -2368.93603516  
0.29200    1229430.62500000 784311.37500000 1953318.87500000 820.41528320    1161.54650879   -2567.92358398  
0.29300    1200254.75000000 765273.00000000 1906195.62500000 818.97778320    912.66278076    -2750.78442383  
0.29400    1171691.87500000 746626.06250000 1860063.00000000 817.54180908    680.87005615    -2919.32763672  
0.29500    1143804.37500000 728423.25000000 1815008.62500000 816.13903809    469.47042847    -3071.47607422  
0.29600    1116495.87500000 710608.81250000 1770925.87500000 814.73931885    275.08309937    -3209.63061523  
0.29700    1089818.00000000 693198.93750000 1727824.37500000 813.36364746    98.29861450     -3333.90722656  
0.29800    1063756.00000000 676202.12500000 1685760.50000000 812.01287842    -60.39797974    -3443.35156250  
0.29900    1038316.12500000 659603.00000000 1644659.62500000 810.69000244    -201.51907349   -3538.85693359  
0.30000    1013435.50000000 643374.68750000 1604495.37500000 809.38555908    -326.86456299   -3621.61523438  
0.30100    989176.43750000 627557.68750000 1565349.62500000 808.13220215    -434.18109131   -3690.27246094  
0.30200    965479.00000000 612096.87500000 1527074.75000000 806.89849854    -526.43127441   -3746.78417969  
0.30300    942387.75000000 597032.62500000 1489788.12500000 805.72045898    -601.35424805   -3790.02148438  
0.30400    919870.25000000 582339.87500000 1453422.87500000 804.58068848    -660.29595947   -3820.30810547  
0.30500    897889.87500000 568000.75000000 1417936.12500000 803.47216797    -704.89813232   -3839.45410156  
0.30600    876479.75000000 554026.50000000 1383373.25000000 802.42047119    -733.49279785   -3846.39111328  
0.30700    855652.50000000 540428.93750000 1349724.25000000 801.43890381    -746.17761230   -3840.51147461  
0.30800    835352.56250000 527173.50000000 1316930.37500000 800.48651123    -744.53405762   -3823.72460938  
0.30900    815617.37500000 514277.03125000 1285042.12500000 799.60723877    -727.79644775   -3795.21557617  
0.31000    796430.87500000 501735.62500000 1254028.37500000 798.77514648    -696.32672119   -3755.48925781  
0.31100    777744.31250000 489519.28125000 1223815.25000000 798.00756836    -650.98126221   -3705.01342773  
0.31200    759621.37500000 477656.06250000 1194502.87500000 797.28961182    -591.46038818   -3643.52099609  
0.31300    742009.37500000 466121.84375000 1166012.37500000 796.64666748    -517.92352295   -3571.77978516  
0.31400    724947.31250000 454940.03125000 1138398.87500000 796.06182861    -430.64526367   -3489.05859375  
0.31500    708368.18750000 444065.56250000 1111549.50000000 795.52624512    -330.47021484   -3396.81933594  
0.31600    692301.50000000 433524.40625000 1085538.62500000 795.05633545    -217.16645813   -3294.25683594  
0.31700    676747.18750000 423304.81250000 1060332.62500000 794.65582275    -90.66859436    -3181.98803711  
0.31800    661685.25000000 413393.12500000 1035899.62500000 794.29187012    46.91574478     -3061.15161133  
0.31900    647138.75000000 403805.78125000 1012280.31250000 794.00738525    198.51086426    -2929.67675781  
0.32000    633061.75000000 394525.65625000 989429.87500000 793.76141357    360.72409058    -2790.38525391  
0.32100    619455.87500000 385535.50000000 967310.25000000 793.57110596    534.38830566    -2642.40649414  
0.32200    606351.50000000 376865.68750000 945992.81250000 793.42779541    719.89306641    -2485.53784180  
0.32300    593671.25000000 368466.43750000 925349.50000000 793.31689453    914.67474365    -2321.57128906  
0.32400    581464.87500000 360356.28125000 905465.25000000 793.25170898    1120.17053223   -2149.70288086  
0.32500    569710.50000000 352538.06250000 886279.93750000 793.22564697    1335.24121094   -1970.49951172  
0.32600    558403.81250000 345001.40625000 867812.06250000 793.22375488    1559.89025879   -1784.12048340  
0.32700    547532.56250000 337732.21875000 850030.31250000 793.26715088    1793.56201172   -1590.97692871  
0.32800    537103.81250000 330748.43750000 832963.75000000 793.32226562    2036.21423340   -1391.12475586  
0.32900    527071.18750000 324011.90625000 816517.93750000 793.39776611    2285.90161133   -1186.04064941  
0.33000    517471.21875000 317549.12500000 800745.18750000 793.49249268    2543.78491211   -974.87164307   
0.33100    508226.46875000 311309.65625000 785547.25000000 793.58276367    2807.24414062   -759.34271240   
0.33200    499438.25000000 305351.03125000 771067.31250000 793.69268799    3079.29150391   -537.49481201   
0.33300    490997.15625000 299621.81250000 757141.50000000 793.79711914    3356.14257812   -311.96908569   
0.33400    482948.46875000 294135.81250000 743835.06250000 793.91143799    3638.86914062   -81.98792267    
0.33500    475244.43750000 288868.31250000 731085.37500000 794.00372314    3926.08666992   151.17990112    
0.33600    467905.00000000 283821.65625000 718890.06250000 794.08135986    4217.70654297   387.71469116    
0.33700    460897.21875000 278991.65625000 707236.62500000 794.15661621    4513.41162109   627.28961182    
0.33800    454249.75000000 274391.65625000 696147.81250000 794.21112061    4813.07421875   869.91882324    
0.33900    447893.03125000 269970.62500000 685526.37500000 794.23693848    5114.83935547   1113.73657227   
0.34000    441867.81250000 265756.43750000 675424.93750000 794.24334717    5419.04492188   1359.79528809   
0.34100    436138.50000000 261733.85937500 665798.62500000 794.22064209    5725.27539062   1607.04699707   
0.34200    430736.87500000 257919.96875000 656692.12500000 794.18023682    6034.22363281   1856.44543457   
0.34300    425573.90625000 254257.40625000 647963.81250000 794.09161377    6342.76318359   2105.36303711   
0.34400    420724.93750000 250790.43750000 639732.18750000 793.98565674    6653.09863281   2355.81201172   
0.34500    416114.25000000 247478.84375000 631877.00000000 793.83935547    6962.89013672   2605.52612305   
0.34600    411787.59375000 244348.40625000 624484.43750000 793.67541504    7273.42089844   2855.87866211   
0.34700    407660.28125000 241342.42187500 617397.18750000 793.45660400    7581.98779297   3104.55541992   
0.34800    403785.90625000 238497.79687500 610723.43750000 793.20739746    7889.78906250   3352.69824219   
0.34900    400136.56250000 235798.54687500 604404.56250000 792.93334961    8196.93652344   3600.28344727   
0.35000    396696.21875000 233232.98437500 598418.87500000 792.62402344    8501.77343750   3845.86450195   
0.35100    393479.96875000 230814.53125000 592798.31250000 792.28607178    8805.78906250   4090.86840820   
0.35200    390415.12500000 228491.60937500 587411.50000000 791.90582275    9105.89550781   4332.77148438   
0.35300    387542.53125000 226297.10937500 582345.12500000 791.50622559    9403.79199219   4572.87304688   
0.35400    384868.75000000 224225.96875000 577583.93750000 791.07659912    9699.39257812   4810.98681641   
0.35500    382353.21875000 222260.18750000 573094.87500000 790.62982178    9991.77539062   5046.78027344   
0.35600    379978.78125000 220385.29687500 568804.25000000 790.15136719    10280.68554688  5279.60546875   
0.35700    377763.68750000 218614.25000000 564788.87500000 789.66027832    10566.26074219  5509.75097656   
0.35800    375697.50000000 216941.67187500 561014.43750000 789.15295410    10848.74902344  5737.41259766   
0.35900    373761.96875000 215352.68750000 557444.43750000 788.63287354    11127.32031250  5961.93554688   
0.36000    371962.43750000 213857.96875000 554106.06250000 788.10717773    11402.65625000  6183.90917969   
0.36100    370261.78125000 212424.26562500 550908.12500000 787.56103516    11673.02929688  6401.92626953   
0.36200    368718.84375000 211096.32812500 547982.37500000 787.02392578    11941.49414062  6618.09472656   
0.36300    367232.59375000 209803.67187500 545140.50000000 786.46728516    12203.99023438  6829.70263672   
0.36400    365849.03125000 208585.75000000 542472.31250000 785.91284180    12462.44921875  7038.12890625   
0.36500    364555.75000000 207425.39062500 539946.81250000 785.36206055    12717.02246094  7243.24560547   
0.36600    363379.31250000 206342.95312500 537610.25000000 784.82855225    12968.65917969  7446.05712891   
0.36700    362250.53125000 205295.46875000 535361.06250000 784.28448486    13214.87011719  7644.24072266   
0.36800    361248.96875000 204331.42187500 533311.00000000 783.77465820    13458.46679688  7840.64062500   
0.36900    360305.15625000 203402.00000000 531352.93750000 783.26293945    13697.85058594  8033.39013672   
0.37000    359387.43750000 202503.70312500 529455.50000000 782.75305176    13931.64453125  8221.78710938   
0.37100    358547.71875000 201649.96875000 527676.68750000 782.24786377    14162.14648438  8407.31250000   
0.37200    357800.28125000 200859.39062500 526044.87500000 781.77502441    14389.48535156  8590.48144531   
0.37300    357073.96875000 200090.46875000 524467.00000000 781.29742432    14612.22265625  8769.84277344   
0.37400    356425.62500000 199366.59375000 522997.75000000 780.85485840    14832.00292969  8946.84472656   
0.37500    355821.62500000 198683.29687500 521614.46875000 780.41900635    15048.01367188  9120.64746094   
0.37600    355271.96875000 198034.90625000 520323.03125000 779.99035645    15260.07812500  9291.45800781   
0.37700    354741.18750000 197401.79687500 519069.21875000 779.56427002    15467.97070312  9458.95605469   
0.37800    354271.50000000 196810.85937500 517904.37500000 779.15008545    15672.83886719  9624.02246094   
0.37900    353858.31250000 196259.84375000 516847.96875000 778.74865723    15874.86328125  9786.78320312   
0.38000    353456.62500000 195720.48437500 515812.25000000 778.34509277    16072.36035156  9946.17871094   
0.38100    353078.96875000 195200.84375000 514817.81250000 777.92993164    16266.33203125  10102.41308594  
0.38200    352753.46875000 194720.45312500 513920.43750000 777.52795410    16457.62890625  10256.79492188  
0.38300    352442.28125000 194250.95312500 513041.81250000 777.10400391    16644.56250000  10407.83007812  
0.38400    352183.78125000 193822.15625000 512261.56250000 776.68261719    16829.05859375  10557.11035156  
0.38500    351925.90625000 193395.12500000 511475.62500000 776.23522949    17009.28320312  10703.12011719  
0.38600    351728.50000000 193012.46875000 510805.53125000 775.77893066    17187.31640625  10847.56933594  
0.38700    351520.65625000 192627.10937500 510118.06250000 775.28747559    17360.48632812  10988.23730469  
0.38800    351341.06250000 192267.53125000 509491.03125000 774.75518799    17530.83203125  11126.94628906  
0.38900    351184.18750000 191925.42187500 508897.15625000 774.19555664    17697.40234375  11262.88867188  
0.39000    351076.75000000 191620.79687500 508402.50000000 773.60156250    17861.44531250  11397.16796875  
0.39100    350961.15625000 191314.40625000 507894.46875000 772.95477295    18021.37890625  11528.44433594  
0.39200    350879.65625000 191036.84375000 507452.18750000 772.25982666    18177.89062500  11657.38476562  
0.39300    350800.31250000 190768.59375000 507024.84375000 771.49560547    18330.22851562  11783.42089844  
0.39400    350770.09375000 190539.34375000 506681.53125000 770.67700195    18480.29296875  11907.96093750  
0.39500    350721.50000000 190300.09375000 506322.06250000 769.77484131    18625.13085938  12028.58300781  
0.39600    350690.15625000 190081.79687500 505992.28125000 768.80334473    18766.27539062  12147.06542969  
0.39700    350677.37500000 189877.92187500 505704.90625000 767.75274658    18903.53515625  12262.66015625  
0.39800    350687.40625000 189699.71875000 505468.78125000 766.61511230    19037.32031250  12376.13281250  
0.39900    350701.68750000 189526.21875000 505245.37500000 765.38256836    19166.70507812  12486.57812500  
0.40000    350718.37500000 189367.29687500 505042.75000000 764.05767822    19291.61914062  12594.21972656  
0.40100    350749.12500000 189221.85937500 504865.56250000 762.61907959    19412.13671875  12698.67968750  
0.40200    350803.59375000 189098.32812500 504737.03125000 761.08758545    19528.73632812  12800.91601562  
0.40300    350848.09375000 188973.42187500 504601.06250000 759.43267822    19639.93945312  12899.36035156  
0.40400    350906.68750000 188868.92187500 504504.34375000 757.67211914    19747.29296875  12995.36621094  
0.40500    350970.59375000 188775.76562500 504436.28125000 755.79541016    19849.51367188  13088.00878906  
0.40600    351058.37500000 188701.45312500 504398.12500000 753.80529785    19948.02343750  13178.17675781  
0.40700    351132.18750000 188628.57812500 504363.03125000 751.68646240    20040.56445312  13264.71484375  
0.40800    351211.28125000 188567.53125000 504347.03125000 749.43701172    20128.28710938  13347.85839844  
0.40900    351292.31250000 188513.90625000 504338.56250000 747.07073975    20210.68750000  13427.69726562  
0.41000    351393.96875000 188480.04687500 504379.46875000 744.58367920    20288.91601562  13504.83984375  
0.41100    351483.68750000 188448.34375000 504409.65625000 741.96777344    20361.39648438  13577.99218750  
0.41200    351561.59375000 188416.56250000 504434.03125000 739.21228027    20428.07421875  13647.33105469  
0.41300    351663.18750000 188404.89062500 504510.84375000 736.33953857    20490.39062500  13713.92285156  
0.41400    351746.50000000 188389.37500000 504559.09375000 733.33789062    20546.89062500  13776.58789062  
0.41500    351844.65625000 188394.03125000 504655.75000000 730.22167969    20598.59570312  13836.27734375  
0.41600    351912.50000000 188381.48437500 504702.06250000 726.96618652    20643.37695312  13891.10156250  
0.41700    352008.50000000 188393.98437500 504801.96875000 723.60601807    20684.55859375  13943.54980469  
0.41800    352116.59375000 188425.70312500 504942.25000000 720.14001465    20720.50781250  13992.70117188  
0.41900    352165.65625000 188420.03125000 504988.62500000 716.52996826    20748.88671875  14036.52441406  
0.42000    352247.50000000 188442.89062500 505097.90625000 712.82489014    20773.44140625  14077.86425781  
0.42100    352335.37500000 188477.84375000 505229.40625000 709.02593994    20793.08203125  14115.70996094  
0.42200    352411.21875000 188508.90625000 505341.25000000 705.11346436    20807.12500000  14149.92578125  
0.42300    352460.75000000 188527.06250000 505429.78125000 701.10614014    20815.38085938  14179.87500000  
0.42400    352521.59375000 188555.06250000 505528.96875000 697.00000000    20818.41210938  14206.56738281  
0.42500    352575.56250000 188588.14062500 505630.87500000 692.82244873    20816.77539062  14229.72656250  
0.42600    352606.50000000 188605.85937500 505704.37500000 688.53796387    20809.39843750  14248.80371094  
0.42700    352657.65625000 188642.57812500 505808.53125000 684.21105957    20798.10742188  14265.15429688  
0.42800    352683.53125000 188662.75000000 505881.40625000 679.78778076    20781.25585938  14277.49804688  
0.42900    352730.75000000 188700.26562500 505987.96875000 675.32397461    20760.21289062  14287.04687500  
0.43000    352756.53125000 188727.40625000 506059.81250000 670.79034424    20734.34179688  14292.72851562  
0.43100    352743.00000000 188731.26562500 506084.53125000 666.19458008    20702.63671875  14294.39648438  
0.43200    352761.65625000 188756.46875000 506154.37500000 661.57159424    20668.08007812  14293.84277344  
0.43300    352753.00000000 188763.79687500 506177.34375000 656.90399170    20628.35351562  14289.24609375  
0.43400    352746.65625000 188774.82812500 506211.15625000 652.20556641    20584.62109375  14281.71972656  
0.43500    352720.09375000 188771.54687500 506211.93750000 647.47302246    20536.61132812  14270.78613281  
0.43600    352718.34375000 188783.81250000 506249.09375000 642.73803711    20485.91796875  14257.82812500  
0.43700    352674.53125000 188767.48437500 506218.03125000 637.96990967    20429.82812500  14240.97753906  
0.43800    352615.15625000 188741.96875000 506161.31250000 633.20153809    20370.33593750  14220.84960938  
0.43900    352568.21875000 188719.14062500 506121.31250000 628.42584229    20307.75585938  14198.62597656  
0.44000    352508.25000000 188688.48437500 506055.56250000 623.65533447    20241.51562500  14173.20214844  
0.44100    352442.00000000 188649.79687500 505972.09375000 618.89599609    20172.09960938  14145.13769531  
0.44200    352368.34375000 188603.65625000 505873.00000000 614.14385986    20099.69726562  14114.63867188  
0.44300    352279.78125000 188547.59375000 505756.84375000 609.41247559    20024.16015625  14081.29101562  
0.44400    352191.78125000 188487.20312500 505628.06250000 604.70593262    19946.02734375  14045.85546875  
0.44500    352054.53125000 188390.48437500 505419.62500000 600.00946045    19863.66210938  14006.62988281  
0.44600    351926.21875000 188294.75000000 505212.53125000 595.35040283    19779.41796875  13965.64746094  
0.44700    351807.15625000 188201.60937500 505011.18750000 590.73431396    19693.22851562  13922.77050781  
0.44800    351642.65625000 188075.90625000 504739.00000000 586.13610840    19603.72070312  13876.96875000  
0.44900    351499.37500000 187957.45312500 504492.68750000 581.59613037    19512.52539062  13829.66308594  
0.45000    351339.40625000 187828.35937500 504211.96875000 577.09741211    19419.41406250  13780.07812500  
0.45100    351136.84375000 187662.95312500 503853.43750000 572.62921143    19322.80468750  13727.68847656  
0.45200    350946.53125000 187499.82812500 503506.37500000 568.21130371    19225.22851562  13673.70996094  
0.45300    350719.25000000 187312.70312500 503096.34375000 563.84411621    19124.97070312  13617.44824219  
0.45400    350493.81250000 187118.07812500 502684.84375000 559.53192139    19023.12109375  13559.55468750  
0.45500    350251.34375000 186910.50000000 502242.06250000 555.26208496    18919.58984375  13499.59375000  
0.45600    349982.62500000 186680.32812500 501738.87500000 551.03717041    18813.81054688  13437.56640625  
0.45700    349704.59375000 186441.51562500 501224.84375000 546.87432861    18706.77343750  13373.91992188  
0.45800    349397.25000000 186176.35937500 500643.37500000 542.75909424    18597.94531250  13308.52539062  
0.45900    349070.21875000 185896.65625000 500029.50000000 538.69165039    18486.87109375  13240.89257812  
0.46000    348751.34375000 185615.60937500 499424.03125000 534.70104980    18375.86718750  13172.69628906  
0.46100    348363.43750000 185290.81250000 498703.15625000 530.72875977    18261.38671875  13101.44921875  
0.46200    347996.65625000 184973.14062500 498008.93750000 526.82995605    18146.55859375  13029.63574219  
0.46300    347589.50000000 184625.84375000 497242.15625000 522.97515869    18030.09570312  12955.79785156  
0.46400    347146.50000000 184255.81250000 496419.40625000 519.16406250    17911.92773438  12880.27246094  
0.46500    346703.18750000 183879.95312500 495584.56250000 515.41406250    17792.98437500  12803.43261719  
0.46600    346220.34375000 183476.21875000 494682.90625000 511.71121216    17672.19921875  12725.13085938  
0.46700    345698.03125000 183048.20312500 493715.53125000 508.04074097    17549.80859375  12644.89550781  
0.46800    345188.21875000 182623.15625000 492769.81250000 504.43234253    17427.01367188  12564.22558594  
0.46900    344616.43750000 182158.23437500 491710.37500000 500.85879517    17302.19921875  12481.33789062  
0.47000    344021.37500000 181678.34375000 490618.03125000 497.32928467    17175.95312500  12397.10742188  
0.47100    343410.81250000 181186.09375000 489493.53125000 493.85162354    17049.12500000  12312.22851562  
0.47200    342767.87500000 180673.20312500 488321.75000000 490.41558838    16921.10156250  12225.82031250  
0.47300    342105.25000000 180150.43750000 487116.87500000 487.01660156    16792.05664062  12138.56640625  
0.47400    341383.90625000 179588.17187500 485818.90625000 483.65301514    16660.92187500  12049.26855469  
0.47500    340655.50000000 179021.21875000 484502.93750000 480.33468628    16529.47656250  11959.62402344  
0.47600    339912.90625000 178449.71875000 483170.56250000 477.06259155    16397.86132812  11869.46484375  
0.47700    339091.40625000 177830.54687500 481721.25000000 473.81085205    16263.15136719  11776.79882812  
0.47800    338270.71875000 177206.96875000 480258.59375000 470.60470581    16128.91015625  11684.15625000  
0.47900    337433.31250000 176580.43750000 478779.84375000 467.44366455    15993.93164062  11591.08691406  
0.48000    336534.40625000 175918.78125000 477206.93750000 464.30508423    15857.09960938  11496.43652344  
0.48100    335649.75000000 175268.64062500 475662.75000000 461.22753906    15721.12402344  11402.18652344  
0.48200    334674.87500000 174564.40625000 473974.81250000 458.15338135    15582.21679688  11305.63964844  
0.48300    333692.93750000 173857.67187500 472275.15625000 455.13244629    15443.36035156  11209.22070312  
0.48400    332697.56250000 173145.79687500 470557.59375000 452.14981079    15304.54199219  11112.53027344  
0.48500    331664.56250000 172415.00000000 468787.75000000 449.20324707    15164.79199219  11015.28613281  
0.48600    330616.15625000 171680.90625000 467000.78125000 446.30145264    15024.89160156  10918.01953125  
0.48700    329530.28125000 170926.20312500 465159.31250000 443.43392944    14884.36230469  10820.25585938  
0.48800    328399.84375000 170148.09375000 463252.75000000 440.59564209    14742.78320312  10721.83496094  
0.48900    327258.50000000 169368.20312500 461337.37500000 437.80862427    14601.48535156  10623.63867188  
0.49000    326099.56250000 168583.14062500 459393.06250000 435.06848145    14460.36718750  10525.75292969  
0.49100    324926.62500000 167795.96875000 457439.31250000 432.37673950    14319.53515625  10428.28125000  
0.49200    323707.34375000 166984.75000000 455418.21875000 429.71520996    14178.27832031  10330.34082031  
0.49300    322479.28125000 166171.50000000 453389.65625000 427.11203003    14037.28515625  10232.93652344  
0.49400    321228.84375000 165352.96875000 451335.37500000 424.55419922    13896.55078125  10136.00195312  
0.49500    319955.65625000 164525.28125000 449244.75000000 422.04257202    13756.12500000  10039.38085938  
0.49600    318681.00000000 163703.46875000 447168.15625000 419.59561157    13616.76074219  9943.83984375   
0.49700    317371.09375000 162866.81250000 445041.00000000 417.19049072    13477.30468750  9848.50488281   
0.49800    316063.71875000 162032.65625000 442917.84375000 414.85070801    13339.16699219  9754.30468750   
0.49900    314726.28125000 161186.40625000 440761.03125000 412.55932617    13201.14843750  9660.54980469   
0.50000    313388.96875000 160350.51562500 438622.25000000 410.34674072    13064.80859375  9568.25878906   
