# SAXS profile: number of points = 501, q_min = 0, q_max = 0.5, delta_q = 0.001
#    q    intensity 
0.00000    162235696.00000000 101201648.00000000 256271744.00000000 103551.03906250 8197582.00000000 6474411.50000000 
0.00100    162209840.00000000 101184176.00000000 256226816.00000000 103527.11718750 8195955.00000000 6473133.00000000 
0.00200    162127152.00000000 101132704.00000000 256094560.00000000 103456.14843750 8190900.50000000 6469198.50000000 
0.00300    161988528.00000000 101046096.00000000 255873936.00000000 103337.20312500 8182607.00000000 6462656.00000000 
0.00400    161792208.00000000 100925536.00000000 255565984.00000000 103171.81250000 8171018.50000000 6453579.50000000 
0.00500    161539504.00000000 100769952.00000000 255170064.00000000 102958.82812500 8156110.00000000 6441870.50000000 
0.00600    161230096.00000000 100581312.00000000 254687184.00000000 102699.35937500 8137929.00000000 6427613.50000000 
0.00700    160865008.00000000 100356464.00000000 254116224.00000000 102393.18750000 8116514.50000000 6410777.50000000 
0.00800    160447040.00000000 100099728.00000000 253460192.00000000 102041.28906250 8091860.00000000 6391409.00000000 
0.00900    159970336.00000000 99809208.00000000 252720304.00000000 101644.43750000 8064039.50000000 6369560.50000000 
0.01000    159442576.00000000 99486536.00000000 251893472.00000000 101202.60156250 8033033.50000000 6345231.00000000 
0.01100    158864416.00000000 99130848.00000000 250984256.00000000 100716.89062500 7998925.00000000 6318468.00000000 
0.01200    158231920.00000000 98742712.00000000 249992576.00000000 100187.05468750 7961731.50000000 6289246.00000000 
0.01300    157548736.00000000 98321808.00000000 248921216.00000000 99614.96093750  7921546.50000000 6257685.00000000 
0.01400    156813872.00000000 97869656.00000000 247767344.00000000 99000.58593750  7878380.00000000 6223765.50000000 
0.01500    156027264.00000000 97386928.00000000 246535392.00000000 98345.12500000  7832283.00000000 6187592.00000000 
0.01600    155190448.00000000 96873560.00000000 245225264.00000000 97649.03125000  7783352.50000000 6149166.50000000 
0.01700    154306880.00000000 96330288.00000000 243839312.00000000 96914.67187500  7731569.50000000 6108487.50000000 
0.01800    153375568.00000000 95757792.00000000 242378112.00000000 96141.53906250  7677081.00000000 6065700.00000000 
0.01900    152397904.00000000 95157152.00000000 240844736.00000000 95331.54687500  7619924.50000000 6020785.50000000 
0.02000    151372720.00000000 94527728.00000000 239239152.00000000 94485.28906250  7560164.00000000 5973844.00000000 
0.02100    150304832.00000000 93871424.00000000 237565408.00000000 93604.21093750  7497866.50000000 5924939.50000000 
0.02200    149194128.00000000 93188080.00000000 235822880.00000000 92689.80468750  7433141.00000000 5874063.50000000 
0.02300    148041120.00000000 92479192.00000000 234012976.00000000 91742.50000000  7366022.50000000 5821339.50000000 
0.02400    146846608.00000000 91744608.00000000 232140448.00000000 90763.77343750  7296621.00000000 5766829.50000000 
0.02500    145612880.00000000 90986136.00000000 230205168.00000000 89755.74218750  7225049.50000000 5710587.50000000 
0.02600    144341536.00000000 90203728.00000000 228209424.00000000 88718.27343750  7151318.00000000 5652653.50000000 
0.02700    143032224.00000000 89398760.00000000 226155728.00000000 87654.24218750  7075574.50000000 5593108.50000000 
0.02800    141687504.00000000 88571224.00000000 224046640.00000000 86564.05468750  6997860.00000000 5532045.50000000 
0.02900    140308512.00000000 87722744.00000000 221883424.00000000 85449.67968750  6918346.00000000 5469494.00000000 
0.03000    138897120.00000000 86853784.00000000 219668112.00000000 84312.10156250  6836998.00000000 5405598.00000000 
0.03100    137453904.00000000 85965520.00000000 217404672.00000000 83152.78906250  6753999.00000000 5340377.50000000 
0.03200    135982096.00000000 85058488.00000000 215092224.00000000 81973.25781250  6669442.00000000 5273877.50000000 
0.03300    134480544.00000000 84133608.00000000 212736416.00000000 80774.53906250  6583380.00000000 5206230.00000000 
0.03400    132953320.00000000 83192520.00000000 210338208.00000000 79558.92187500  6495961.00000000 5137472.00000000 
0.03500    131399552.00000000 82234928.00000000 207898816.00000000 78327.75000000  6407244.50000000 5067715.00000000 
0.03600    129821968.00000000 81263120.00000000 205421632.00000000 77081.92968750  6317325.50000000 4996989.50000000 
0.03700    128222184.00000000 80276816.00000000 202910416.00000000 75823.53906250  6226278.00000000 4925421.00000000 
0.03800    126601960.00000000 79277392.00000000 200364768.00000000 74553.59375000  6134256.50000000 4853036.00000000 
0.03900    124961992.00000000 78265672.00000000 197788240.00000000 73273.49218750  6041386.00000000 4779949.50000000 
0.04000    123304392.00000000 77242992.00000000 195183376.00000000 71984.70312500  5947657.50000000 4706194.00000000 
0.04100    121630936.00000000 76210456.00000000 192554592.00000000 70688.78906250  5853221.50000000 4631914.00000000 
0.04200    119942288.00000000 75168000.00000000 189900864.00000000 69387.56250000  5758165.00000000 4557103.00000000 
0.04300    118240952.00000000 74117632.00000000 187226992.00000000 68082.21875000  5662588.00000000 4481911.50000000 
0.04400    116527624.00000000 73059656.00000000 184533200.00000000 66773.20312500  5566599.50000000 4406371.00000000 
0.04500    114803592.00000000 71994632.00000000 181823760.00000000 65463.36328125  5470257.00000000 4330512.50000000 
0.04600    113071480.00000000 70924016.00000000 179100048.00000000 64152.73437500  5373683.50000000 4254472.50000000 
0.04700    111332232.00000000 69848152.00000000 176364704.00000000 62843.19531250  5276956.00000000 4178285.50000000 
0.04800    109586952.00000000 68769112.00000000 173620368.00000000 61536.32812500  5180138.50000000 4102058.75000000 
0.04900    107837616.00000000 67686808.00000000 170867184.00000000 60232.78125000  5083383.00000000 4025826.00000000 
0.05000    106085152.00000000 66602536.00000000 168110304.00000000 58933.97656250  4986692.00000000 3949679.50000000 
0.05100    104331096.00000000 65516736.00000000 165350608.00000000 57641.31640625  4890196.50000000 3873662.00000000 
0.05200    102577248.00000000 64430736.00000000 162590272.00000000 56355.75390625  4793977.50000000 3797838.25000000 
0.05300    100824528.00000000 63345208.00000000 159831840.00000000 55078.19531250  4698099.50000000 3722275.25000000 
0.05400    99074904.00000000 62260868.00000000 157076832.00000000 53810.19531250  4602657.00000000 3647045.50000000 
0.05500    97328704.00000000 61178536.00000000 154326896.00000000 52552.25781250  4507689.00000000 3572203.75000000 
0.05600    95588008.00000000 60098968.00000000 151584464.00000000 51305.60937500  4413348.00000000 3497787.00000000 
0.05700    93853720.00000000 59023148.00000000 148852864.00000000 50071.39453125  4319609.50000000 3423872.75000000 
0.05800    92126592.00000000 57951552.00000000 146131168.00000000 48850.25000000  4226542.50000000 3350502.00000000 
0.05900    90408208.00000000 56885240.00000000 143423888.00000000 47643.19531250  4134297.00000000 3277726.00000000 
0.06000    88699936.00000000 55824384.00000000 140731024.00000000 46450.71484375  4042882.00000000 3205596.00000000 
0.06100    87002744.00000000 54770020.00000000 138056048.00000000 45273.88671875  3952351.75000000 3134155.75000000 
0.06200    85317496.00000000 53722908.00000000 135399088.00000000 44113.44531250  3862781.25000000 3063443.75000000 
0.06300    83645408.00000000 52683372.00000000 132763120.00000000 42970.05468750  3774211.25000000 2993546.50000000 
0.06400    81987040.00000000 51652228.00000000 130147688.00000000 41843.85156250  3686678.00000000 2924428.50000000 
0.06500    80344528.00000000 50629916.00000000 127555400.00000000 40736.32812500  3600279.00000000 2856209.50000000 
0.06600    78717608.00000000 49617264.00000000 124988296.00000000 39647.24609375  3515023.25000000 2788868.00000000 
0.06700    77107096.00000000 48614732.00000000 122446864.00000000 38577.31250000  3430929.50000000 2722439.50000000 
0.06800    75514768.00000000 47622524.00000000 119932712.00000000 37527.32031250  3348111.75000000 2656971.75000000 
0.06900    73940784.00000000 46641684.00000000 117447248.00000000 36496.94140625  3266523.25000000 2592525.00000000 
0.07000    72385328.00000000 45671900.00000000 114991280.00000000 35487.35937500  3186253.50000000 2529062.25000000 
0.07100    70850360.00000000 44714624.00000000 112566928.00000000 34498.21093750  3107302.25000000 2466640.00000000 
0.07200    69335696.00000000 43769596.00000000 110173120.00000000 33530.23828125  3029732.25000000 2405286.75000000 
0.07300    67842312.00000000 42837400.00000000 107813192.00000000 32583.68359375  2953531.75000000 2345003.25000000 
0.07400    66370316.00000000 41918044.00000000 105487320.00000000 31658.08984375  2878726.00000000 2285839.25000000 
0.07500    64920516.00000000 41012376.00000000 103195280.00000000 30754.09960938  2805378.75000000 2227792.00000000 
0.07600    63493552.00000000 40120396.00000000 100938608.00000000 29871.64062500  2733447.75000000 2170879.25000000 
0.07700    62089736.00000000 39242780.00000000 98718240.00000000 29011.20507812  2662984.50000000 2115093.00000000 
0.07800    60709688.00000000 38379472.00000000 96535216.00000000 28172.42773438  2594013.75000000 2060446.25000000 
0.07900    59353000.00000000 37530512.00000000 94389496.00000000 27355.11328125  2526488.75000000 2006979.62500000 
0.08000    58021164.00000000 36696504.00000000 92280936.00000000 26559.54492188  2460478.00000000 1954681.12500000 
0.08100    56713360.00000000 35877636.00000000 90211504.00000000 25785.53710938  2395945.25000000 1903530.50000000 
0.08200    55430564.00000000 35073768.00000000 88180192.00000000 25032.99414062  2332888.75000000 1853559.75000000 
0.08300    54172484.00000000 34284996.00000000 86188264.00000000 24301.77539062  2271342.50000000 1804755.12500000 
0.08400    52940164.00000000 33511906.00000000 84235936.00000000 23591.40039062  2211277.00000000 1757131.50000000 
0.08500    51732640.00000000 32754362.00000000 82323176.00000000 22902.16210938  2152695.50000000 1710664.75000000 
0.08600    50550352.00000000 32012514.00000000 80449536.00000000 22233.47070312  2095615.37500000 1665371.62500000 
0.08700    49393896.00000000 31286396.00000000 78617032.00000000 21585.31054688  2039984.75000000 1621216.37500000 
0.08800    48262712.00000000 30575780.00000000 76823664.00000000 20956.99023438  1985804.00000000 1578219.25000000 
0.08900    47157116.00000000 29880978.00000000 75070752.00000000 20348.71093750  1933075.12500000 1536356.62500000 
0.09000    46076584.00000000 29201850.00000000 73357472.00000000 19759.89062500  1881792.12500000 1495620.00000000 
0.09100    45021656.00000000 28538444.00000000 71684416.00000000 19190.12695312  1831928.00000000 1455990.37500000 
0.09200    43991920.00000000 27890532.00000000 70050256.00000000 18638.93750000  1783437.00000000 1417471.62500000 
0.09300    42987304.00000000 27258482.00000000 68456080.00000000 18106.21875000  1736332.12500000 1380041.12500000 
0.09400    42007484.00000000 26641560.00000000 66901300.00000000 17591.45898438  1690598.62500000 1343675.37500000 
0.09500    41052884.00000000 26040074.00000000 65385184.00000000 17094.23046875  1646198.75000000 1308365.62500000 
0.09600    40122208.00000000 25453868.00000000 63908464.00000000 16614.07421875  1603105.25000000 1274093.25000000 
0.09700    39216144.00000000 24882936.00000000 62469632.00000000 16150.73144531  1561307.50000000 1240842.62500000 
0.09800    38334300.00000000 24326974.00000000 61068972.00000000 15703.52148438  1520782.25000000 1208586.00000000 
0.09900    37476404.00000000 23785894.00000000 59706288.00000000 15272.12304688  1481499.87500000 1177323.62500000 
0.10000    36641364.00000000 23259390.00000000 58380136.00000000 14856.07128906  1443422.25000000 1147017.87500000 
0.10100    35829760.00000000 22747414.00000000 57090692.00000000 14454.88671875  1406535.00000000 1117628.62500000 
0.10200    35040800.00000000 22249668.00000000 55837364.00000000 14068.07812500  1370805.00000000 1089172.12500000 
0.10300    34274700.00000000 21765990.00000000 54619580.00000000 13695.12988281  1336213.00000000 1061616.87500000 
0.10400    33530160.00000000 21296080.00000000 53437088.00000000 13335.81445312  1302719.00000000 1034927.81250000 
0.10500    32807622.00000000 20840122.00000000 52288320.00000000 12989.34082031  1270301.00000000 1009089.93750000 
0.10600    32106244.00000000 20397100.00000000 51173388.00000000 12655.39453125  1238922.75000000 984075.93750000 
0.10700    31425938.00000000 19967462.00000000 50092168.00000000 12333.61328125  1208557.50000000 959865.06250000 
0.10800    30766098.00000000 19550652.00000000 49042768.00000000 12023.39843750  1179179.37500000 936440.43750000 
0.10900    30126106.00000000 19146460.00000000 48025640.00000000 11724.31933594  1150760.25000000 913768.50000000 
0.11000    29505924.00000000 18754638.00000000 47039376.00000000 11435.98144531  1123251.50000000 891829.00000000 
0.11100    28904450.00000000 18374922.00000000 46083312.00000000 11157.88671875  1096646.12500000 870607.50000000 
0.11200    28321946.00000000 18006960.00000000 45157264.00000000 10889.54296875  1070902.12500000 850060.50000000 
0.11300    27757662.00000000 17650576.00000000 44260348.00000000 10630.64453125  1045988.06250000 830183.06250000 
0.11400    27210948.00000000 17305326.00000000 43391304.00000000 10380.70703125  1021885.37500000 810953.56250000 
0.11500    26681684.00000000 16971096.00000000 42549684.00000000 10139.35253906  998552.62500000 792332.56250000 
0.11600    26169136.00000000 16647510.00000000 41734972.00000000 9906.16699219   975972.18750000 774312.50000000 
0.11700    25672818.00000000 16334194.00000000 40946236.00000000 9680.82324219   954108.06250000 756860.75000000 
0.11800    25192318.00000000 16030854.00000000 40182552.00000000 9462.77734375   932937.06250000 739953.93750000 
0.11900    24726952.00000000 15737535.00000000 39443632.00000000 9251.85253906   912420.00000000 723585.25000000 
0.12000    24276752.00000000 15453502.00000000 38728192.00000000 9047.49707031   892542.75000000 707718.75000000 
0.12100    23840820.00000000 15178663.00000000 38036024.00000000 8849.53808594   873277.18750000 692341.56250000 
0.12200    23418686.00000000 14912880.00000000 37365512.00000000 8657.60253906   854595.93750000 677429.87500000 
0.12300    23010176.00000000 14655526.00000000 36717116.00000000 8471.42871094   836470.00000000 662965.12500000 
0.12400    22614712.00000000 14406438.00000000 36089244.00000000 8290.58203125   818877.12500000 648929.81250000 
0.12500    22231560.00000000 14165461.00000000 35481068.00000000 8114.85253906   801793.81250000 635295.43750000 
0.12600    21860482.00000000 13932129.00000000 34892548.00000000 7943.97460938   785203.68750000 622061.56250000 
0.12700    21501082.00000000 13706337.00000000 34322584.00000000 7777.66845703   769069.75000000 609194.00000000 
0.12800    21152784.00000000 13487566.00000000 33770512.00000000 7615.61230469   753375.62500000 596681.50000000 
0.12900    20815216.00000000 13275739.00000000 33235294.00000000 7457.67529297   738112.93750000 584507.62500000 
0.13000    20487948.00000000 13070521.00000000 32716782.00000000 7303.57568359   723249.68750000 572658.75000000 
0.13100    20170368.00000000 12871693.00000000 32214034.00000000 7153.13574219   708757.68750000 561113.31250000 
0.13200    19862442.00000000 12678758.00000000 31726396.00000000 7006.09863281   694638.18750000 549859.25000000 
0.13300    19563496.00000000 12491825.00000000 31253542.00000000 6862.34667969   680860.31250000 538886.18750000 
0.13400    19273222.00000000 12310284.00000000 30794156.00000000 6721.62402344   667414.87500000 528173.00000000 
0.13500    18991188.00000000 12134179.00000000 30348322.00000000 6583.86132812   654276.43750000 517715.68750000 
0.13600    18716866.00000000 11963117.00000000 29914900.00000000 6448.84277344   641432.37500000 507494.68750000 
0.13700    18450116.00000000 11796896.00000000 29493794.00000000 6316.43798828   628868.81250000 497498.18750000 
0.13800    18190638.00000000 11635185.00000000 29083912.00000000 6186.43212891   616572.00000000 487717.00000000 
0.13900    17937830.00000000 11477935.00000000 28685042.00000000 6058.89013672   604536.31250000 478141.15625000 
0.14000    17691662.00000000 11324908.00000000 28296418.00000000 5933.58984375   592730.25000000 468759.93750000 
0.14100    17451514.00000000 11175805.00000000 27917826.00000000 5810.44140625   581159.56250000 459563.34375000 
0.14200    17217138.00000000 11030294.00000000 27548402.00000000 5689.29248047   569806.06250000 450541.75000000 
0.14300    16988216.00000000 10888474.00000000 27187908.00000000 5570.19873047   558657.00000000 441684.90625000 
0.14400    16764719.00000000 10749997.00000000 26835820.00000000 5452.92333984   547704.37500000 432989.87500000 
0.14500    16545904.00000000 10614514.00000000 26491470.00000000 5337.59130859   536942.56250000 424448.53125000 
0.14600    16331863.00000000 10482185.00000000 26154754.00000000 5223.97998047   526359.06250000 416050.59375000 
0.14700    16122344.00000000 10352767.00000000 25825168.00000000 5112.06054688   515947.50000000 407789.34375000 
0.14800    15916812.00000000 10225768.00000000 25501910.00000000 5001.85888672   505697.18750000 399659.71875000 
0.14900    15715104.00000000 10101351.00000000 25185170.00000000 4893.32568359   495601.50000000 391655.87500000 
0.15000    15517271.00000000 9979252.00000000 24874008.00000000 4786.35058594   485664.46875000 383774.96875000 
0.15100    15322820.00000000 9859361.00000000 24568334.00000000 4680.97021484   475864.65625000 376010.28125000 
0.15200    15131570.00000000 9741549.00000000 24268092.00000000 4577.18994141   466209.84375000 368359.46875000 
0.15300    14943358.00000000 9625613.00000000 23972490.00000000 4474.90576172   456689.81250000 360815.65625000 
0.15400    14758035.00000000 9511360.00000000 23681596.00000000 4374.10693359   447294.25000000 353373.78125000 
0.15500    14575342.00000000 9399003.00000000 23394644.00000000 4274.85595703   438032.00000000 346038.59375000 
0.15600    14395175.00000000 9287977.00000000 23111860.00000000 4177.05126953   428886.93750000 338795.28125000 
0.15700    14217476.00000000 9178559.00000000 22832790.00000000 4080.86767578   419867.71875000 331655.18750000 
0.15800    14041816.00000000 9070259.00000000 22556918.00000000 3986.05175781   410959.87500000 324601.06250000 
0.15900    13868193.00000000 8963393.00000000 22284356.00000000 3892.81250000   402168.21875000 317644.87500000 
0.16000    13696502.00000000 8857645.00000000 22014788.00000000 3801.02685547   393490.12500000 310772.53125000 
0.16100    13526710.00000000 8752993.00000000 21748008.00000000 3710.77294922   384925.84375000 303993.62500000 
0.16200    13358524.00000000 8649263.00000000 21483846.00000000 3622.00537109   376466.78125000 297298.09375000 
0.16300    13191881.00000000 8546473.00000000 21221990.00000000 3534.75659180   368116.56250000 290690.15625000 
0.16400    13026854.00000000 8444538.00000000 20962522.00000000 3448.99926758   359874.75000000 284165.31250000 
0.16500    12863015.00000000 8343424.50000000 20705104.00000000 3364.78784180   351738.03125000 277724.06250000 
0.16600    12700518.00000000 8243021.50000000 20449658.00000000 3282.10595703   343709.93750000 271368.75000000 
0.16700    12539203.00000000 8143273.00000000 20195914.00000000 3200.93115234   335782.93750000 265092.81250000 
0.16800    12379093.00000000 8044078.50000000 19943764.00000000 3121.30322266   327957.65625000 258900.17187500 
0.16900    12220128.00000000 7945545.00000000 19693514.00000000 3043.26416016   320243.00000000 252792.48437500 
0.17000    12062190.00000000 7847551.00000000 19444504.00000000 2966.75659180   312630.93750000 246762.29687500 
0.17100    11905114.00000000 7750021.50000000 19197144.00000000 2891.77636719   305122.50000000 240815.26562500 
0.17200    11748999.00000000 7652996.50000000 18950950.00000000 2818.37109375   297718.46875000 234952.57812500 
0.17300    11593833.00000000 7556400.00000000 18705958.00000000 2746.55737305   290417.18750000 229168.79687500 
0.17400    11439489.00000000 7460227.00000000 18462284.00000000 2676.32128906   283227.84375000 223470.28125000 
0.17500    11285977.00000000 7364450.00000000 18219758.00000000 2607.63427734   276138.28125000 217853.98437500 
0.17600    11133219.00000000 7269036.00000000 17978446.00000000 2540.47680664   269152.40625000 212317.23437500 
0.17700    10981339.00000000 7174025.50000000 17738196.00000000 2474.94360352   262275.25000000 206866.45312500 
0.17800    10830181.00000000 7079326.50000000 17498872.00000000 2410.93457031   255505.82812500 201496.28125000 
0.17900    10679807.00000000 6984991.50000000 17260712.00000000 2348.49829102   248840.85937500 196210.07812500 
0.18000    10530176.00000000 6890994.00000000 17023476.00000000 2287.62963867   242280.85937500 191007.95312500 
0.18100    10381385.00000000 6797424.00000000 16787440.00000000 2228.33398438   235835.26562500 185893.01562500 
0.18200    10233178.00000000 6704081.50000000 16552275.00000000 2170.51977539   229491.10937500 180855.04687500 
0.18300    10085806.00000000 6611105.50000000 16318216.00000000 2114.25732422   223256.35937500 175905.70312500 
0.18400    9939144.00000000 6518467.00000000 16085184.00000000 2059.50390625   217129.12500000 171040.50000000 
0.18500    9793327.00000000 6426230.50000000 15853221.00000000 2006.27124023   211112.73437500 166261.48437500 
0.18600    9648273.00000000 6334328.50000000 15622327.00000000 1954.53088379   205202.25000000 161564.89062500 
0.18700    9504022.00000000 6242746.50000000 15392516.00000000 1904.25000000   199401.56250000 156953.98437500 
0.18800    9360562.00000000 6151527.00000000 15163770.00000000 1855.43542480   193710.03125000 152427.46875000 
0.18900    9217918.00000000 6060825.50000000 14936264.00000000 1808.09570312   188127.79687500 147988.57812500 
0.19000    9076060.00000000 5970380.50000000 14709825.00000000 1762.10253906   182650.35937500 143630.65625000 
0.19100    8935253.00000000 5880480.00000000 14484908.00000000 1717.61584473   177288.31250000 139362.96875000 
0.19200    8795159.00000000 5790939.00000000 14260850.00000000 1674.44628906   172030.06250000 135176.10937500 
0.19300    8656157.00000000 5701942.50000000 14038492.00000000 1632.67236328   166883.09375000 131076.28125000 
0.19400    8517966.00000000 5613350.00000000 13817248.00000000 1592.21936035   161840.67187500 127060.06250000 
0.19500    8380694.00000000 5525270.00000000 13597449.00000000 1553.09851074   156908.26562500 123128.99218750 
0.19600    8244475.00000000 5437731.00000000 13379041.00000000 1515.25036621   152081.59375000 119281.50000000 
0.19700    8109337.00000000 5350690.50000000 13162267.00000000 1478.71594238   147362.21875000 115516.83593750 
0.19800    7975193.50000000 5264195.00000000 12946873.00000000 1443.37866211   142749.20312500 111836.93750000 
0.19900    7842177.50000000 5178331.00000000 12733213.00000000 1409.30432129   138242.17187500 108240.27343750 
0.20000    7710221.50000000 5093030.50000000 12521106.00000000 1376.39916992   133839.12500000 104723.64843750 
0.20100    7579456.00000000 5008381.50000000 12310690.00000000 1344.67749023   129540.22656250 101290.18750000 
0.20200    7449805.00000000 4924341.00000000 12102024.00000000 1314.08630371   125344.92968750 97938.45312500  
0.20300    7321400.50000000 4840981.00000000 11895163.00000000 1284.62365723   121252.73437500 94667.97656250  
0.20400    7194209.50000000 4758280.50000000 11690115.00000000 1256.23876953   117261.21875000 91476.82031250  
0.20500    7068267.00000000 4676359.50000000 11487045.00000000 1228.92565918   113370.92968750 88365.94531250  
0.20600    6943596.00000000 4595099.00000000 11285788.00000000 1202.62524414   109578.91406250 85331.37500000  
0.20700    6820215.50000000 4514627.00000000 11086496.00000000 1177.35925293   105886.87500000 82375.07031250  
0.20800    6698135.50000000 4434868.50000000 10889253.00000000 1153.05529785   102291.18750000 79495.90625000  
0.20900    6577560.50000000 4356017.00000000 10694352.00000000 1129.76135254   98794.71093750  76695.87500000  
0.21000    6458284.00000000 4277911.00000000 10501316.00000000 1107.34729004   95390.01562500  73966.52343750  
0.21100    6340386.00000000 4200588.00000000 10310505.00000000 1085.84265137   92080.05468750  71315.00781250  
0.21200    6223939.00000000 4124194.50000000 10121834.00000000 1065.21569824   88862.82812500  68733.77343750  
0.21300    6108928.00000000 4048627.25000000 9935464.00000000 1045.43957520   85736.49218750  66225.80468750  
0.21400    5995392.00000000 3973968.25000000 9751385.00000000 1026.49316406   82700.32812500  63789.60546875  
0.21500    5883470.50000000 3900238.75000000 9569709.00000000 1008.36968994   79755.42968750  61425.03515625  
0.21600    5772939.00000000 3827360.75000000 9390286.00000000 990.99584961    76894.01562500  59127.12500000  
0.21700    5663964.50000000 3755471.50000000 9213251.00000000 974.39215088    74120.39843750  56898.16406250  
0.21800    5556515.00000000 3684490.50000000 9038697.00000000 958.50775146    71430.56250000  54736.32031250  
0.21900    5450631.50000000 3614476.50000000 8866525.00000000 943.31652832    68821.15625000  52639.41406250  
0.22000    5346342.50000000 3545426.25000000 8696855.00000000 928.81243896    66294.41406250  50607.12109375  
0.22100    5243664.00000000 3477394.50000000 8529813.00000000 914.98211670    63849.48437500  48639.65234375  
0.22200    5142575.50000000 3410338.00000000 8365140.00000000 901.79132080    61481.57812500  46734.73437500  
0.22300    5043054.00000000 3344293.75000000 8203043.00000000 889.20220947    59189.70312500  44889.72265625  
0.22400    4945195.00000000 3279232.25000000 8043466.00000000 877.19677734    56971.98046875  43103.81640625  
0.22500    4849005.50000000 3215253.00000000 7886603.00000000 865.81036377    54831.27734375  41379.60937500  
0.22600    4754373.00000000 3152235.00000000 7732193.50000000 854.93670654    52759.52734375  39710.21484375  
0.22700    4661406.00000000 3090338.00000000 7580464.50000000 844.62738037    50760.70312500  38099.28125000  
0.22800    4570083.00000000 3029392.75000000 7431322.00000000 834.81500244    48828.87890625  36541.85937500  
0.22900    4480347.00000000 2969491.50000000 7284735.50000000 825.49487305    46963.88671875  35037.72656250  
0.23000    4392316.50000000 2910668.25000000 7140790.00000000 816.66961670    45165.77734375  33587.51562500  
0.23100    4305891.00000000 2852893.50000000 6999548.00000000 808.29052734    43432.25000000  32188.35742188  
0.23200    4221053.00000000 2796144.50000000 6860813.00000000 800.35888672    41759.22265625  30838.49609375  
0.23300    4137912.50000000 2740452.75000000 6724715.50000000 792.84863281    40148.23828125  29538.34570312  
0.23400    4056387.25000000 2685818.75000000 6591237.50000000 785.75976562    38596.63671875  28285.35351562  
0.23500    3976389.75000000 2632161.25000000 6460277.50000000 779.03466797    37100.83984375  27077.42968750  
0.23600    3898070.50000000 2579607.50000000 6331977.00000000 772.71392822    35662.62109375  25916.20898438  
0.23700    3821326.25000000 2528056.50000000 6206188.50000000 766.74200439    34278.32812500  24797.85742188  
0.23800    3746168.50000000 2477533.00000000 6083007.50000000 761.12292480    32948.05859375  23723.14062500  
0.23900    3672561.50000000 2428033.25000000 5962245.50000000 755.81646729    31667.15625000  22688.21093750  
0.24000    3600487.75000000 2379547.00000000 5844070.00000000 750.84625244    30436.82031250  21694.20703125  
0.24100    3530044.75000000 2332090.25000000 5728425.50000000 746.18402100    29256.14453125  20739.90820312  
0.24200    3461084.25000000 2285593.75000000 5615201.50000000 741.80310059    28121.10546875  19823.10351562  
0.24300    3393612.75000000 2240089.75000000 5504374.00000000 737.69586182    27030.71484375  18942.44531250  
0.24400    3327620.75000000 2195590.50000000 5396011.50000000 733.85540771    25984.55273438  18097.01562500  
0.24500    3263080.50000000 2152029.00000000 5290008.00000000 730.25634766    24979.73437500  17286.03906250  
0.24600    3200038.50000000 2109433.50000000 5186386.50000000 726.90679932    24016.24414062  16507.81054688  
0.24700    3138388.75000000 2067779.50000000 5085025.00000000 723.78375244    23091.96093750  15761.85058594  
0.24800    3078147.75000000 2027056.37500000 4985964.50000000 720.87451172    22206.12890625  15046.31250000  
0.24900    3019268.75000000 1987219.25000000 4889146.00000000 718.16497803    21355.25195312  14360.18261719  
0.25000    2961753.75000000 1948313.37500000 4794551.00000000 715.65167236    20539.95507812  13702.88671875  
0.25100    2905546.25000000 1910250.00000000 4702026.50000000 713.31341553    19757.60546875  13072.28222656  
0.25200    2850692.50000000 1873101.62500000 4611810.00000000 711.15869141    19009.56445312  12469.66992188  
0.25300    2797088.00000000 1836785.25000000 4523556.00000000 709.16168213    18291.30859375  11891.36328125  
0.25400    2744753.50000000 1801307.50000000 4437397.00000000 707.32983398    17603.00781250  11337.89453125  
0.25500    2693577.00000000 1766634.25000000 4353191.50000000 705.61846924    16941.96875000  10806.41699219  
0.25600    2643668.50000000 1732784.12500000 4270976.00000000 704.05303955    16309.35546875  10298.41796875  
0.25700    2594878.25000000 1699702.00000000 4190654.25000000 702.60614014    15701.95214844  9811.09570312   
0.25800    2547239.25000000 1667377.37500000 4112191.00000000 701.28369141    15119.82324219  9344.58007812   
0.25900    2500726.50000000 1635828.00000000 4035545.00000000 700.07604980    14560.87792969  8897.40429688   
0.26000    2455304.00000000 1604990.50000000 3960713.50000000 698.97320557    14025.62207031  8469.13378906   
0.26100    2410884.00000000 1574855.25000000 3887548.50000000 697.95025635    13509.48730469  8057.76464844   
0.26200    2367522.25000000 1545435.50000000 3816150.25000000 697.04553223    13016.37011719  7664.41748047   
0.26300    2325103.75000000 1516655.00000000 3746269.75000000 696.18518066    12540.22460938  7285.70654297   
0.26400    2283697.00000000 1488551.50000000 3678067.25000000 695.41217041    12083.56640625  6923.02587891   
0.26500    2243208.25000000 1461092.50000000 3611390.00000000 694.71868896    11644.34667969  6575.07568359   
0.26600    2203611.00000000 1434228.37500000 3546216.00000000 694.07861328    11221.23242188  6240.52197266   
0.26700    2164915.25000000 1407985.62500000 3482478.50000000 693.51275635    10814.56640625  5919.55029297   
0.26800    2127066.00000000 1382326.62500000 3420175.50000000 693.00256348    10423.26269531  5611.09277344   
0.26900    2090014.00000000 1357195.87500000 3359158.75000000 692.53210449    10044.42968750  5313.24169922   
0.27000    2053778.00000000 1332648.12500000 3299507.25000000 692.11968994    9680.26367188   5027.74755859   
0.27100    2018267.62500000 1308603.25000000 3241131.75000000 691.73547363    9327.80175781   4752.03125000   
0.27200    1983571.87500000 1285103.50000000 3184002.50000000 691.42327881    8989.48437500   4488.42919922   
0.27300    1949518.25000000 1262055.50000000 3128022.50000000 691.12390137    8660.08691406   4232.02685547   
0.27400    1916121.75000000 1239473.25000000 3073099.25000000 690.84136963    8340.36132812   3983.65307617   
0.27500    1883467.50000000 1217402.62500000 3019402.00000000 690.62164307    8033.71289062   3746.63525391   
0.27600    1851362.50000000 1195707.00000000 2966667.50000000 690.41003418    7733.85156250   3515.52807617   
0.27700    1819912.62500000 1174486.00000000 2915008.00000000 690.24945068    7445.65136719   3293.36230469   
0.27800    1789033.25000000 1153649.62500000 2864309.00000000 690.10748291    7164.89941406   3078.05444336   
0.27900    1758731.00000000 1133219.37500000 2814549.25000000 689.99792480    6892.94531250   2869.82519531   
0.28000    1728943.37500000 1113157.50000000 2765694.75000000 689.91088867    6629.11425781   2668.44213867   
0.28100    1699698.87500000 1093467.25000000 2717726.50000000 689.84149170    6372.38134766   2473.28930664   
0.28200    1670952.12500000 1074134.87500000 2670613.75000000 689.81201172    6123.88574219   2284.71435547   
0.28300    1642691.00000000 1055139.00000000 2624295.00000000 689.80926514    5882.66357422   2102.03588867   
0.28400    1614860.62500000 1036457.62500000 2578702.50000000 689.83099365    5647.64892578   1924.58544922   
0.28500    1587501.75000000 1018112.68750000 2533906.25000000 689.88934326    5420.38330078   1753.42370605   
0.28600    1560553.87500000 1000049.06250000 2489812.00000000 689.95965576    5198.83789062   1587.07006836   
0.28700    1534018.00000000 982283.56250000 2446403.25000000 690.06982422    4984.44384766   1426.46948242   
0.28800    1507853.00000000 964784.12500000 2403614.00000000 690.20770264    4776.35742188   1270.87902832   
0.28900    1482116.87500000 947576.37500000 2361557.75000000 690.38702393    4575.48535156   1121.04907227   
0.29000    1456698.87500000 930611.06250000 2320027.00000000 690.59509277    4380.19824219   975.66027832    
0.29100    1431672.75000000 913920.87500000 2279165.75000000 690.84527588    4192.38134766   836.03930664    
0.29200    1406969.00000000 897450.68750000 2238833.75000000 691.13629150    4010.65649414   701.42602539    
0.29300    1382605.87500000 881235.06250000 2199120.75000000 691.47021484    3836.47534180   572.44512939    
0.29400    1358528.62500000 865220.68750000 2159866.25000000 691.82238770    3667.10424805   447.17364502    
0.29500    1334808.12500000 849457.43750000 2121196.75000000 692.25268555    3506.60180664   329.03582764    
0.29600    1311365.00000000 833887.62500000 2082981.62500000 692.70727539    3351.82128906   215.04824829    
0.29700    1288206.62500000 818521.62500000 2045284.25000000 693.21002197    3204.00341797   106.41869354    
0.29800    1265361.25000000 803371.06250000 2008064.37500000 693.77392578    3064.30615234   3.81299281      
0.29900    1242794.87500000 788422.75000000 1971340.62500000 694.39135742    2932.38964844   -92.77783203    
0.30000    1220487.75000000 773652.43750000 1935044.50000000 695.05010986    2806.95556641   -184.57394409   
0.30100    1198476.12500000 759092.06250000 1899244.12500000 695.77990723    2690.85668945   -269.49880981   
0.30200    1176699.37500000 744690.56250000 1863841.37500000 696.56280518    2581.76000977   -349.35809326   
0.30300    1155222.87500000 730501.43750000 1828923.00000000 697.40319824    2481.61645508   -422.30169678   
0.30400    1134022.75000000 716487.43750000 1794444.00000000 698.31903076    2390.40844727   -488.61511230   
0.30500    1113029.37500000 702644.62500000 1760354.62500000 699.27941895    2306.91650391   -549.38616943   
0.30600    1092324.25000000 688970.12500000 1726690.00000000 700.30468750    2232.41870117   -603.34643555   
0.30700    1071893.37500000 675496.37500000 1693510.37500000 701.41223145    2168.54321289   -649.80072021   
0.30800    1051699.12500000 662175.43750000 1660687.62500000 702.56744385    2112.88696289   -690.03546143   
0.30900    1031783.62500000 649048.37500000 1628359.62500000 703.80316162    2067.95581055   -722.44158936   
0.31000    1012137.25000000 636089.37500000 1596418.50000000 705.09893799    2032.49389648   -747.94793701   
0.31100    992723.93750000 623293.43750000 1564891.87500000 706.46423340    2007.17626953   -766.05627441   
0.31200    973592.31250000 610679.12500000 1533804.12500000 707.89453125    1992.02966309   -776.54583740   
0.31300    954734.31250000 598239.87500000 1503147.25000000 709.39166260    1987.75854492   -779.32574463   
0.31400    936152.25000000 585988.93750000 1472969.87500000 710.96496582    1994.40686035   -773.96704102   
0.31500    917830.93750000 573899.93750000 1443167.50000000 712.59442139    2011.52441406   -761.21826172   
0.31600    899786.87500000 561996.50000000 1413833.12500000 714.28820801    2039.78039551   -739.82629395   
0.31700    882035.06250000 550275.68750000 1384955.75000000 716.05834961    2079.72998047   -710.18731689   
0.31800    864537.62500000 538724.31250000 1356492.75000000 717.86608887    2129.95556641   -673.52996826   
0.31900    847363.43750000 527367.68750000 1328529.62500000 719.76373291    2192.94921875   -626.67602539   
0.32000    830462.50000000 516192.40625000 1301015.00000000 721.70404053    2266.82446289   -572.54974365   
0.32100    813852.56250000 505196.43750000 1273941.50000000 723.70074463    2352.02514648   -509.83270264   
0.32200    797563.56250000 494406.12500000 1247391.50000000 725.75762939    2449.47998047   -438.02062988   
0.32300    781538.62500000 483782.43750000 1221254.50000000 727.85363770    2557.44238281   -358.73413086   
0.32400    765831.93750000 473358.34375000 1195619.50000000 729.99792480    2677.11254883   -270.67089844   
0.32500    750435.18750000 463127.34375000 1170455.12500000 732.19256592    2808.56396484   -174.39093018   
0.32600    735348.43750000 453082.90625000 1145795.25000000 734.42358398    2951.19775391   -69.49371338    
0.32700    720582.62500000 443251.71875000 1121645.00000000 736.70501709    3105.83764648   43.83616638     
0.32800    706158.87500000 433619.53125000 1098019.50000000 739.01483154    3271.88598633   166.18597412    
0.32900    692029.37500000 424174.25000000 1074858.87500000 741.34307861    3448.48022461   295.74871826    
0.33000    678243.43750000 414944.96875000 1052233.62500000 743.71142578    3636.68505859   433.98706055    
0.33100    664743.00000000 405891.18750000 1030063.43750000 746.08715820    3834.24633789   579.11602783    
0.33200    651634.81250000 397080.90625000 1008508.93750000 748.49945068    4044.69677734   733.80963135    
0.33300    638827.25000000 388454.78125000 987417.75000000 750.90667725    4264.09912109   895.23303223    
0.33400    626374.87500000 380042.65625000 966886.50000000 753.32757568    4494.46972656   1064.64904785   
0.33500    614239.68750000 371831.18750000 946845.93750000 755.75280762    4733.85986328   1240.73608398   
0.33600    602438.25000000 363833.46875000 927346.50000000 758.16442871    4982.98388672   1424.23767090   
0.33700    590981.75000000 356037.62500000 908370.37500000 760.57867432    5241.36328125   1614.57421875   
0.33800    579876.37500000 348464.06250000 889953.00000000 762.98126221    5509.13378906   1811.79418945   
0.33900    569087.00000000 341080.56250000 872026.00000000 765.36437988    5784.94531250   2014.99450684   
0.34000    558642.62500000 333916.65625000 854640.81250000 767.72259521    6068.76123047   2224.51684570   
0.34100    548546.56250000 326962.31250000 837791.25000000 770.05273438    6360.62841797   2439.83740234   
0.34200    538810.56250000 320232.31250000 821524.43750000 772.36871338    6660.77832031   2661.63232422   
0.34300    529376.18750000 313687.12500000 805713.56250000 774.62969971    6966.36523438   2887.66699219   
0.34400    520308.93750000 307378.96875000 790504.87500000 776.85852051    7279.98876953   3119.45410156   
0.34500    511558.68750000 301251.40625000 775764.50000000 779.04437256    7599.09277344   3355.62646484   
0.34600    503163.87500000 295360.21875000 761616.68750000 781.18048096    7924.76171875   3596.85986328   
0.34700    495060.68750000 289639.75000000 747899.37500000 783.25231934    8253.99316406   3840.92675781   
0.34800    487303.31250000 284141.21875000 734739.68750000 785.26605225    8588.30078125   4089.20263672   
0.34900    479868.09375000 278844.12500000 722089.25000000 787.22454834    8927.45898438   4341.03906250   
0.35000    472748.78125000 273742.18750000 709932.68750000 789.10729980    9269.44921875   4595.43945312   
0.35100    465968.37500000 268854.90625000 698317.25000000 790.92767334    9615.86816406   4853.39404297   
0.35200    459451.03125000 264131.21875000 687124.75000000 792.66088867    9963.64550781   5112.39111328   
0.35300    453252.12500000 259608.76562500 676427.56250000 794.32037354    10313.55468750  5373.48242188   
0.35400    447371.84375000 255288.60937500 666240.43750000 795.89941406    10665.89355469  5636.45507812   
0.35500    441779.56250000 251149.12500000 656514.56250000 797.39447021    11019.06640625  5900.43847656   
0.35600    436455.93750000 247181.65625000 647205.31250000 798.79431152    11372.56933594  6164.99072266   
0.35700    431425.15625000 243401.03125000 638379.50000000 800.11108398    11726.04589844  6430.13818359   
0.35800    426680.71875000 239804.57812500 630000.62500000 801.32916260    12079.66503906  6695.63623047   
0.35900    422197.62500000 236376.00000000 622056.06250000 802.45532227    12432.25195312  6960.65332031   
0.36000    417995.84375000 233131.21875000 614552.93750000 803.49243164    12784.08886719  7225.60839844   
0.36100    414017.75000000 230028.85937500 607417.31250000 804.41558838    13132.83984375  7488.53564453   
0.36200    410340.50000000 227121.37500000 600753.00000000 805.25524902    13481.33203125  7751.85009766   
0.36300    406848.84375000 224338.26562500 594405.68750000 805.97509766    13824.92968750  8011.93212891   
0.36400    403595.90625000 221711.96875000 588445.18750000 806.58538818    14165.42773438  8270.07714844   
0.36500    400567.96875000 219234.40625000 582847.87500000 807.09637451    14502.33886719  8526.14160156   
0.36600    397787.18750000 216919.21875000 577653.25000000 807.52294922    14836.06054688  8780.51855469   
0.36700    395178.37500000 214723.12500000 572746.43750000 807.81469727    15164.05566406  9030.66796875   
0.36800    392826.62500000 212695.71875000 568251.87500000 808.02954102    15488.91992188  9279.25878906   
0.36900    390647.59375000 210786.04687500 564047.31250000 808.12939453    15808.03515625  9523.95214844   
0.37000    388613.03125000 208977.37500000 560091.06250000 808.10980225    16119.64257812  9763.60937500   
0.37100    386769.15625000 207302.82812500 556454.62500000 807.98004150    16425.87890625  9999.92773438   
0.37200    385123.03125000 205763.35937500 553147.00000000 807.76672363    16726.90039062  10232.66210938  
0.37300    383610.59375000 204319.96875000 550069.18750000 807.43682861    17020.44531250  10460.38281250  
0.37400    382266.09375000 202995.00000000 547280.75000000 807.01251221    17307.80468750  10684.06542969  
0.37500    381072.18750000 201776.14062500 544735.31250000 806.48461914    17587.93554688  10903.11230469  
0.37600    380013.59375000 200658.73437500 542431.43750000 805.85003662    17860.32031250  11116.62500000  
0.37700    379059.65625000 199619.75000000 540312.68750000 805.11401367    18124.40039062  11324.77148438  
0.37800    378250.46875000 198680.12500000 538436.18750000 804.27911377    18381.47265625  11527.86230469  
0.37900    377570.53125000 197842.68750000 536785.93750000 803.35662842    18630.94531250  11726.21582031  
0.38000    376970.46875000 197070.03125000 535288.37500000 802.33129883    18871.31835938  11918.19238281  
0.38100    376458.21875000 196366.04687500 533944.75000000 801.20556641    19102.81835938  12103.99707031  
0.38200    376056.06250000 195751.37500000 532808.00000000 800.00311279    19326.62890625  12284.80664062  
0.38300    375719.37500000 195189.06250000 531790.31250000 798.69372559    19541.11718750  12459.00781250  
0.38400    375485.50000000 194709.01562500 530961.00000000 797.30633545    19747.79296875  12627.95019531  
0.38500    375286.06250000 194270.35937500 530213.31250000 795.82067871    19944.34179688  12790.08691406  
0.38600    375189.40625000 193909.62500000 529647.81250000 794.26995850    20133.49023438  12947.06445312  
0.38700    375113.93750000 193578.53125000 529136.43750000 792.61395264    20312.29492188  13096.83007812  
0.38800    375094.40625000 193304.67187500 528742.37500000 790.88275146    20482.46679688  13240.84960938  
0.38900    375116.34375000 193068.95312500 528432.75000000 789.07269287    20643.67968750  13378.50390625  
0.39000    375205.06250000 192894.73437500 528258.93750000 787.19616699    20796.73046875  13510.51367188  
0.39100    375298.21875000 192742.81250000 528113.62500000 785.22973633    20940.38671875  13636.21191406  
0.39200    375438.37500000 192632.54687500 528064.00000000 783.20056152    21075.26757812  13755.82128906  
0.39300    375578.53125000 192543.06250000 528046.12500000 781.09265137    21201.01171875  13868.96582031  
0.39400    375775.84375000 192507.96875000 528137.12500000 778.92156982    21319.14257812  13976.74121094  
0.39500    375946.43750000 192471.40625000 528208.06250000 776.67034912    21427.17382812  14077.64941406  
0.39600    376130.31250000 192462.23437500 528329.43750000 774.35467529    21527.08789062  14172.87792969  
0.39700    376315.09375000 192470.18750000 528479.25000000 771.97192383    21618.51953125  14261.99707031  
0.39800    376524.96875000 192508.78125000 528676.25000000 769.53503418    21702.25390625  14346.10546875  
0.39900    376707.25000000 192548.87500000 528874.43750000 767.03192139    21777.32226562  14423.84375000  
0.40000    376891.00000000 192603.09375000 529082.93750000 764.46282959    21844.28515625  14496.06054688  
0.40100    377053.09375000 192664.90625000 529280.31250000 761.83514404    21903.03710938  14562.43847656  
0.40200    377223.81250000 192748.06250000 529521.81250000 759.14544678    21954.76562500  14623.84472656  
0.40300    377357.59375000 192817.03125000 529715.00000000 756.39477539    21998.11523438  14679.25292969  
0.40400    377482.12500000 192901.65625000 529928.81250000 753.59106445    22034.58789062  14730.07714844  
0.40500    377587.50000000 192987.65625000 530119.31250000 750.73107910    22063.59960938  14775.38281250  
0.40600    377681.84375000 193085.43750000 530322.37500000 747.82299805    22086.59375000  14816.49707031  
0.40700    377737.93750000 193168.59375000 530486.81250000 744.85400391    22101.73242188  14852.04980469  
0.40800    377767.84375000 193248.23437500 530618.93750000 741.83013916    22110.21679688  14882.81542969  
0.40900    377764.56250000 193325.28125000 530721.50000000 738.74230957    22111.89257812  14908.79296875  
0.41000    377758.06250000 193408.82812500 530841.81250000 735.61907959    22108.33007812  14931.15136719  
0.41100    377703.09375000 193481.10937500 530901.06250000 732.43206787    22098.32226562  14948.52050781  
0.41200    377607.43750000 193535.87500000 530907.37500000 729.19024658    22081.62304688  14961.18164062  
0.41300    377503.37500000 193597.29687500 530923.50000000 725.90399170    22060.33984375  14970.50292969  
0.41400    377349.12500000 193637.15625000 530872.12500000 722.55450439    22032.83593750  14975.49218750  
0.41500    377183.96875000 193684.28125000 530819.50000000 719.16833496    22000.65234375  14976.87988281  
0.41600    376949.37500000 193695.10937500 530669.00000000 715.70812988    21962.26757812  14973.60156250  
0.41700    376718.56250000 193718.95312500 530537.87500000 712.21423340    21920.00585938  14967.87304688  
0.41800    376470.28125000 193741.10937500 530395.62500000 708.66943359    21873.74804688  14958.98339844  
0.41900    376129.37500000 193713.75000000 530115.12500000 705.05358887    21820.47070312  14944.87792969  
0.42000    375801.59375000 193700.68750000 529867.56250000 701.40551758    21764.78906250  14928.83300781  
0.42100    375448.50000000 193682.46875000 529592.18750000 697.70159912    21704.97070312  14909.91210938  
0.42200    375054.28125000 193647.01562500 529266.12500000 693.94677734    21641.10351562  14887.69531250  
0.42300    374618.84375000 193586.73437500 528866.06250000 690.13641357    21572.50976562  14862.06152344  
0.42400    374161.84375000 193523.03125000 528454.00000000 686.26959229    21500.74414062  14833.80761719  
0.42500    373679.00000000 193448.31250000 528004.00000000 682.35980225    21425.52929688  14803.25195312  
0.42600    373154.18750000 193346.59375000 527484.87500000 678.39166260    21346.55468750  14769.39257812  
0.42700    372628.90625000 193254.79687500 526992.50000000 674.38464355    21265.35546875  14733.91015625  
0.42800    372055.87500000 193136.45312500 526415.12500000 670.32000732    21180.30468750  14695.36621094  
0.42900    371489.53125000 193023.03125000 525863.81250000 666.21313477    21093.30273438  14655.28320312  
0.43000    370881.00000000 192887.85937500 525236.18750000 662.05175781    21003.03125000  14612.61425781  
0.43100    370224.56250000 192724.32812500 524541.31250000 657.83190918    20909.25585938  14567.00781250  
0.43200    369584.65625000 192572.48437500 523872.00000000 653.57562256    20814.32421875  14520.45117188  
0.43300    368906.93750000 192396.46875000 523150.18750000 649.27221680    20716.30273438  14471.32519531  
0.43400    368215.15625000 192215.71875000 522406.25000000 644.91467285    20616.01367188  14420.43164062  
0.43500    367495.75000000 192016.37500000 521617.71875000 640.51440430    20513.53320312  14367.53906250  
0.43600    366796.75000000 191828.15625000 520854.84375000 636.08453369    20410.17382812  14313.82421875  
0.43700    366045.87500000 191610.17187500 520015.28125000 631.59661865    20303.71484375  14257.54492188  
0.43800    365275.53125000 191373.76562500 519139.06250000 627.06475830    20195.22460938  14199.27050781  
0.43900    364514.34375000 191144.01562500 518274.65625000 622.50299072    20085.51367188  14140.15625000  
0.44000    363735.40625000 190903.42187500 517390.15625000 617.89819336    19974.01171875  14079.42578125  
0.44100    362947.21875000 190652.67187500 516476.28125000 613.26049805    19861.11718750  14017.15917969  
0.44200    362154.12500000 190395.04687500 515556.65625000 608.58374023    19746.60937500  13953.59863281  
0.44300    361353.03125000 190131.92187500 514616.00000000 603.88201904    19630.93359375  13888.73925781  
0.44400    360547.78125000 189861.00000000 513666.18750000 599.15026855    19514.01171875  13822.70312500  
0.44500    359701.62500000 189558.87500000 512641.96875000 594.37335205    19394.50000000  13754.26464844  
0.44600    358864.09375000 189258.95312500 511636.50000000 589.57989502    19274.33789062  13685.37597656  
0.44700    358048.62500000 188971.10937500 510649.15625000 584.77484131    19153.73437500  13615.54296875  
0.44800    357198.00000000 188652.50000000 509596.93750000 579.93322754    19031.14843750  13544.12207031  
0.44900    356372.28125000 188348.59375000 508588.56250000 575.08929443    18908.43750000  13472.21484375  
0.45000    355548.75000000 188038.29687500 507569.53125000 570.23559570    18784.85546875  13399.54882812  
0.45100    354688.71875000 187699.76562500 506484.06250000 565.34973145    18659.05468750  13324.62597656  
0.45200    353853.28125000 187373.32812500 505434.84375000 560.47137451    18533.27343750  13249.44726562  
0.45300    353003.53125000 187027.20312500 504344.15625000 555.58374023    18406.24023438  13173.07812500  
0.45400    352166.59375000 186685.89062500 503276.62500000 550.69305420    18278.61718750  13095.85253906  
0.45500    351335.71875000 186341.82812500 502197.06250000 545.81201172    18150.58789062  13018.18945312  
0.45600    350490.18750000 185984.01562500 501097.56250000 540.92761230    18021.20898438  12939.09179688  
0.45700    349663.03125000 185627.71875000 500009.50000000 536.06433105    17891.75976562  12859.66699219  
0.45800    348819.09375000 185258.42187500 498896.62500000 531.20312500    17761.38671875  12779.17871094  
0.45900    347986.00000000 184885.01562500 497781.90625000 526.36010742    17629.97851562  12697.84082031  
0.46000    347182.18750000 184524.78125000 496703.18750000 521.55200195    17499.63671875  12616.82128906  
0.46100    346333.40625000 184128.12500000 495547.93750000 516.75036621    17366.82421875  12533.61425781  
0.46200    345531.34375000 183754.76562500 494458.18750000 511.98788452    17234.97851562  12450.96582031  
0.46300    344714.59375000 183367.68750000 493331.18750000 507.25802612    17102.25976562  12367.35156250  
0.46400    343894.43750000 182969.09375000 492190.53125000 502.56204224    16969.08398438  12283.15820312  
0.46500    343100.65625000 182580.12500000 491079.28125000 497.91079712    16836.05273438  12198.65722656  
0.46600    342296.03125000 182176.89062500 489939.71875000 493.30120850    16702.48828125  12113.58593750  
0.46700    341480.87500000 181762.14062500 488782.71875000 488.73522949    16568.07812500  12027.63476562  
0.46800    340710.68750000 181368.40625000 487685.28125000 484.23220825    16434.90625000  11942.35839844  
0.46900    339908.43750000 180946.18750000 486515.15625000 479.77795410    16300.34179688  11855.80664062  
0.47000    339120.18750000 180526.01562500 485364.68750000 475.37783813    16166.02734375  11769.10546875  
0.47100    338342.25000000 180105.26562500 484227.25000000 471.05337524    16032.02832031  11682.52246094  
0.47200    337567.84375000 179679.53125000 483074.31250000 466.78698730    15897.96386719  11595.61425781  
0.47300    336805.59375000 179259.42187500 481945.53125000 462.59878540    15764.41699219  11508.90234375  
0.47400    336023.09375000 178814.51562500 480758.65625000 458.47207642    15629.89941406  11421.19824219  
0.47500    335258.68750000 178379.25000000 479602.90625000 454.43753052    15496.30175781  11334.12402344  
0.47600    334521.68750000 177952.45312500 478477.81250000 450.48251343    15363.75878906  11247.57714844  
0.47700    333736.93750000 177490.00000000 477276.37500000 446.59460449    15229.61914062  11159.50878906  
0.47800    332982.28125000 177041.95312500 476104.06250000 442.80456543    15096.97070312  11072.65722656  
0.47900    332243.50000000 176599.28125000 474957.87500000 439.10293579    14965.21777344  10986.01562500  
0.48000    331479.37500000 176132.85937500 473754.12500000 435.49111938    14832.83984375  10898.88183594  
0.48100    330765.81250000 175691.20312500 472629.62500000 431.98278809    14702.35742188  10813.08593750  
0.48200    329986.96875000 175207.35937500 471388.43750000 428.54687500    14570.41210938  10725.96875000  
0.48300    329229.00000000 174730.95312500 470183.56250000 425.22265625    14439.97460938  10639.81445312  
0.48400    328487.68750000 174262.50000000 468992.65625000 421.99655151    14310.49121094  10554.36132812  
0.48500    327744.03125000 173782.23437500 467783.84375000 418.87551880    14181.59570312  10469.08007812  
0.48600    327009.09375000 173307.71875000 466591.31250000 415.86114502    14053.86523438  10384.76464844  
0.48700    326263.06250000 172821.90625000 465375.71875000 412.94390869    13926.52734375  10300.50683594  
0.48800    325500.03125000 172318.81250000 464123.00000000 410.12493896    13799.37500000  10216.20214844  
0.48900    324746.43750000 171822.00000000 462884.12500000 407.41928101    13673.39355469  10132.98242188  
0.49000    323997.62500000 171323.43750000 461643.40625000 404.82315063    13549.03613281  10050.51953125  
0.49100    323255.84375000 170828.75000000 460418.62500000 402.33453369    13425.80273438  9969.18750000   
0.49200    322491.96875000 170312.73437500 459147.68750000 399.95019531    13302.75097656  9887.75488281   
0.49300    321733.59375000 169800.96875000 457880.03125000 397.67312622    13181.23144531  9807.41894531   
0.49400    320970.90625000 169284.12500000 456602.78125000 395.50573730    13060.71386719  9727.89843750   
0.49500    320197.81250000 168758.70312500 455308.28125000 393.44107056    12941.30957031  9649.02246094   
0.49600    319439.84375000 168240.79687500 454033.46875000 391.49099731    12823.71679688  9571.45898438   
0.49700    318653.34375000 167704.28125000 452713.06250000 389.63580322    12706.54687500  9494.22167969   
0.49800    317879.84375000 167174.56250000 451409.71875000 387.89422607    12591.19628906  9418.48144531   
0.49900    317081.40625000 166627.04687500 450064.40625000 386.24575806    12476.34472656  9343.00878906   
0.50000    316293.81250000 166088.09375000 448735.71875000 384.71115112    12363.58984375  9269.03710938   
