# SAXS profile: number of points = 501, q_min = 0, q_max = 0.5, delta_q = 0.001
#    q    intensity 
0.00000    162237168.00000000 101201768.00000000 256271664.00000000 101459.28125000 8114337.50000000 6408693.50000000 
0.00100    162197296.00000000 101176264.00000000 256206624.00000000 101430.00000000 8112119.50000000 6406913.50000000 
0.00200    162076000.00000000 101098680.00000000 256010912.00000000 101341.57031250 8105508.50000000 6401678.00000000 
0.00300    161868656.00000000 100970240.00000000 255685168.00000000 101195.26562500 8094439.00000000 6392984.50000000 
0.00400    161578912.00000000 100790456.00000000 255227984.00000000 100990.83593750 8078954.00000000 6380794.00000000 
0.00500    161206704.00000000 100560168.00000000 254642800.00000000 100728.60156250 8059086.00000000 6365153.50000000 
0.00600    160752944.00000000 100277944.00000000 253927168.00000000 100408.97656250 8034919.00000000 6346115.00000000 
0.00700    160218864.00000000 99947432.00000000 253088128.00000000 100032.42187500 8006490.50000000 6323703.00000000 
0.00800    159603264.00000000 99566600.00000000 252121824.00000000 99601.39062500  7973816.50000000 6297964.50000000 
0.00900    158911616.00000000 99137768.00000000 251032192.00000000 99113.89062500  7936976.00000000 6268905.00000000 
0.01000    158145440.00000000 98661168.00000000 249822816.00000000 98572.99218750  7896021.00000000 6236637.50000000 
0.01100    157301888.00000000 98137624.00000000 248491040.00000000 97978.64062500  7850970.50000000 6201187.50000000 
0.01200    156383344.00000000 97567552.00000000 247044576.00000000 97331.57812500  7802051.00000000 6162584.00000000 
0.01300    155391088.00000000 96952280.00000000 245483232.00000000 96635.21875000  7749274.50000000 6120996.00000000 
0.01400    154329184.00000000 96292744.00000000 243808896.00000000 95888.83593750  7692732.50000000 6076445.50000000 
0.01500    153196736.00000000 95590200.00000000 242026736.00000000 95094.83593750  7632500.50000000 6028969.50000000 
0.01600    151999008.00000000 94847200.00000000 240137440.00000000 94254.07031250  7568744.50000000 5978715.00000000 
0.01700    150735712.00000000 94062872.00000000 238147072.00000000 93368.19531250  7501551.00000000 5925757.00000000 
0.01800    149408416.00000000 93238672.00000000 236056576.00000000 92439.55468750  7431017.00000000 5870179.00000000 
0.01900    148020432.00000000 92377952.00000000 233871680.00000000 91468.83593750  7357325.00000000 5812067.50000000 
0.02000    146576320.00000000 91480328.00000000 231594096.00000000 90458.59375000  7280548.00000000 5751591.00000000 
0.02100    145073120.00000000 90548496.00000000 229226672.00000000 89410.11718750  7200865.50000000 5688785.00000000 
0.02200    143518720.00000000 89583952.00000000 226776384.00000000 88325.90625000  7118386.00000000 5623780.50000000 
0.02300    141913920.00000000 88587232.00000000 224247760.00000000 87207.12500000  7033277.50000000 5556638.00000000 
0.02400    140259344.00000000 87560184.00000000 221641136.00000000 86056.21093750  6945618.00000000 5487594.00000000 
0.02500    138560448.00000000 86505512.00000000 218964144.00000000 84875.31250000  6855627.50000000 5416653.00000000 
0.02600    136818912.00000000 85423872.00000000 216218592.00000000 83666.77343750  6763458.50000000 5343982.50000000 
0.02700    135037632.00000000 84318216.00000000 213409920.00000000 82431.44531250  6669220.50000000 5269685.50000000 
0.02800    133218008.00000000 83188832.00000000 210544400.00000000 81172.32812500  6573060.00000000 5193914.50000000 
0.02900    131365024.00000000 82038136.00000000 207623872.00000000 79891.28125000  6475221.50000000 5116739.00000000 
0.03000    129480752.00000000 80867792.00000000 204654144.00000000 78590.41406250  6375749.00000000 5038337.00000000 
0.03100    127567472.00000000 79679736.00000000 201639392.00000000 77271.63281250  6274842.00000000 4958813.00000000 
0.03200    125629472.00000000 78476328.00000000 198585120.00000000 75937.63281250  6172679.50000000 4878242.00000000 
0.03300    123668568.00000000 77257992.00000000 195493328.00000000 74590.09375000  6069426.00000000 4796831.00000000 
0.03400    121687736.00000000 76027936.00000000 192371024.00000000 73230.71093750  5965188.50000000 4714630.00000000 
0.03500    119690064.00000000 74787176.00000000 189223104.00000000 71862.48437500  5860119.50000000 4631830.00000000 
0.03600    117678152.00000000 73537640.00000000 186050352.00000000 70486.43750000  5754404.00000000 4548430.00000000 
0.03700    115655312.00000000 72281096.00000000 182862976.00000000 69105.50000000  5648195.00000000 4464709.00000000 
0.03800    113624664.00000000 71019960.00000000 179661120.00000000 67720.62500000  5541647.00000000 4380742.50000000 
0.03900    111587328.00000000 69754768.00000000 176450080.00000000 66335.28125000  5434928.00000000 4296529.00000000 
0.04000    109547680.00000000 68487008.00000000 173233616.00000000 64949.34375000  5328117.00000000 4212295.50000000 
0.04100    107508208.00000000 67219520.00000000 170017520.00000000 63566.42968750  5221331.50000000 4128095.75000000 
0.04200    105469936.00000000 65953516.00000000 166805488.00000000 62186.89062500  5114816.50000000 4044088.50000000 
0.04300    103437112.00000000 64690276.00000000 163600320.00000000 60813.62890625  5008615.00000000 3960345.50000000 
0.04400    101412248.00000000 63431608.00000000 160406592.00000000 59447.33203125  4902944.50000000 3876979.75000000 
0.04500    99396488.00000000 62179044.00000000 157229920.00000000 58090.27734375  4797812.50000000 3794065.00000000 
0.04600    97393096.00000000 60934020.00000000 154069984.00000000 56744.56640625  4693423.50000000 3711747.75000000 
0.04700    95403480.00000000 59697832.00000000 150935328.00000000 55409.98828125  4589896.50000000 3630059.25000000 
0.04800    93431616.00000000 58471540.00000000 147824816.00000000 54089.13281250  4487310.00000000 3549122.25000000 
0.04900    91478200.00000000 57256876.00000000 144743040.00000000 52783.16015625  4385746.00000000 3469013.00000000 
0.05000    89545000.00000000 56055196.00000000 141693008.00000000 51492.96875000  4285363.00000000 3389835.00000000 
0.05100    87634280.00000000 54867524.00000000 138681280.00000000 50220.42968750  4186208.25000000 3311612.00000000 
0.05200    85747672.00000000 53694380.00000000 135706992.00000000 48965.90625000  4088419.50000000 3234458.00000000 
0.05300    83886840.00000000 52537692.00000000 132772904.00000000 47731.39453125  3992046.25000000 3158406.50000000 
0.05400    82054344.00000000 51398196.00000000 129882120.00000000 46516.75781250  3897162.75000000 3083570.50000000 
0.05500    80250152.00000000 50276708.00000000 127037448.00000000 45323.12500000  3803842.00000000 3009926.25000000 
0.05600    78476920.00000000 49174000.00000000 124240440.00000000 44151.94531250  3712184.50000000 2937602.75000000 
0.05700    76735448.00000000 48091008.00000000 121493648.00000000 43003.36718750  3622219.50000000 2866619.75000000 
0.05800    75026640.00000000 47028328.00000000 118798584.00000000 41878.09765625  3533998.50000000 2797020.75000000 
0.05900    73351864.00000000 45986940.00000000 116157536.00000000 40776.42968750  3447581.00000000 2728794.75000000 
0.06000    71711896.00000000 44967416.00000000 113571496.00000000 39699.57421875  3363027.25000000 2662078.50000000 
0.06100    70108608.00000000 43970148.00000000 111041952.00000000 38647.35546875  3280335.50000000 2596829.00000000 
0.06200    68540832.00000000 42995272.00000000 108569688.00000000 37620.27343750  3199574.50000000 2533106.25000000 
0.06300    67010804.00000000 42043980.00000000 106156624.00000000 36618.35546875  3120761.25000000 2470882.00000000 
0.06400    65518808.00000000 41115812.00000000 103803032.00000000 35642.06250000  3043875.25000000 2410216.50000000 
0.06500    64064720.00000000 40211760.00000000 101509800.00000000 34691.57031250  2969005.25000000 2351126.75000000 
0.06600    62649376.00000000 39331504.00000000 99276216.00000000 33766.56250000  2896121.75000000 2293593.00000000 
0.06700    61272776.00000000 38475152.00000000 97105432.00000000 32867.53125000  2825226.00000000 2237626.25000000 
0.06800    59934992.00000000 37643584.00000000 94995824.00000000 31994.02148438  2756314.00000000 2183249.75000000 
0.06900    58635980.00000000 36836012.00000000 92947432.00000000 31146.01171875  2689399.50000000 2130431.75000000 
0.07000    57376300.00000000 36052672.00000000 90960656.00000000 30323.09765625  2624475.75000000 2079180.62500000 
0.07100    56155396.00000000 35293464.00000000 89035448.00000000 29525.32031250  2561500.50000000 2029475.50000000 
0.07200    54973140.00000000 34558772.00000000 87170488.00000000 28752.33789062  2500478.75000000 1981312.12500000 
0.07300    53828992.00000000 33847500.00000000 85366880.00000000 28003.75976562  2441399.75000000 1934685.00000000 
0.07400    52723024.00000000 33160084.00000000 83622848.00000000 27279.11328125  2384186.25000000 1889529.37500000 
0.07500    51654808.00000000 32495846.00000000 81937960.00000000 26578.07421875  2328877.00000000 1845872.50000000 
0.07600    50623236.00000000 31855122.00000000 80311936.00000000 25900.02539062  2275399.50000000 1803644.00000000 
0.07700    49628320.00000000 31236910.00000000 78743216.00000000 25244.69335938  2223718.50000000 1762871.50000000 
0.07800    48668912.00000000 30641116.00000000 77231232.00000000 24611.24218750  2173813.75000000 1723481.87500000 
0.07900    47744908.00000000 30067124.00000000 75774616.00000000 23999.38085938  2125638.25000000 1685448.12500000 
0.08000    46854752.00000000 29514574.00000000 74372552.00000000 23408.29492188  2079121.00000000 1648750.25000000 
0.08100    45998552.00000000 28983404.00000000 73023024.00000000 22837.68164062  2034260.50000000 1613344.37500000 
0.08200    45174948.00000000 28471994.00000000 71724880.00000000 22286.50000000  1990989.37500000 1579188.25000000 
0.08300    44382936.00000000 27980730.00000000 70477664.00000000 21754.42187500  1949240.87500000 1546255.37500000 
0.08400    43621808.00000000 27508978.00000000 69277936.00000000 21240.72265625  1908985.12500000 1514495.87500000 
0.08500    42890204.00000000 27055592.00000000 68127024.00000000 20744.66992188  1870182.12500000 1483859.50000000 
0.08600    42187708.00000000 26620320.00000000 67020528.00000000 20265.53515625  1832739.50000000 1454319.25000000 
0.08700    41513204.00000000 26202544.00000000 65958776.00000000 19802.66406250  1796635.62500000 1425846.12500000 
0.08800    40865340.00000000 25801426.00000000 64939592.00000000 19355.29296875  1761812.75000000 1398375.12500000 
0.08900    40242992.00000000 25416420.00000000 63960024.00000000 18922.99804688  1728206.62500000 1371870.00000000 
0.09000    39645340.00000000 25046720.00000000 63020272.00000000 18505.15625000  1695761.12500000 1346269.25000000 
0.09100    39071256.00000000 24691948.00000000 62117108.00000000 18100.66601562  1664426.37500000 1321563.75000000 
0.09200    38519716.00000000 24351064.00000000 61250252.00000000 17709.20507812  1634159.87500000 1297681.25000000 
0.09300    37988824.00000000 24023782.00000000 60416636.00000000 17330.00781250  1604885.75000000 1274601.00000000 
0.09400    37478776.00000000 23708888.00000000 59614992.00000000 16962.39843750  1576558.87500000 1252263.75000000 
0.09500    36987768.00000000 23406450.00000000 58843680.00000000 16605.70898438  1549136.37500000 1230642.25000000 
0.09600    36514732.00000000 23115130.00000000 58101000.00000000 16259.65527344  1522549.87500000 1209680.62500000 
0.09700    36058704.00000000 22834484.00000000 57385396.00000000 15923.41113281  1496764.25000000 1189348.37500000 
0.09800    35618828.00000000 22563836.00000000 56694896.00000000 15596.40234375  1471725.25000000 1169618.62500000 
0.09900    35193364.00000000 22302416.00000000 56028092.00000000 15278.01464844  1447381.62500000 1150426.37500000 
0.10000    34781988.00000000 22049858.00000000 55383040.00000000 14967.98339844  1423684.00000000 1131741.75000000 
0.10100    34383424.00000000 21805154.00000000 54758208.00000000 14665.50097656  1400595.75000000 1113544.75000000 
0.10200    33996836.00000000 21568012.00000000 54152692.00000000 14370.34472656  1378061.50000000 1095785.00000000 
0.10300    33621152.00000000 21337774.00000000 53564284.00000000 14081.81445312  1356058.62500000 1078434.00000000 
0.10400    33255376.00000000 21113758.00000000 52991904.00000000 13799.64941406  1334526.00000000 1061465.75000000 
0.10500    32899098.00000000 20895592.00000000 52433636.00000000 13523.54394531  1313436.37500000 1044846.00000000 
0.10600    32550806.00000000 20682388.00000000 51888956.00000000 13252.83789062  1292758.12500000 1028539.43750000 
0.10700    32210038.00000000 20473952.00000000 51355536.00000000 12987.31933594  1272443.00000000 1012524.62500000 
0.10800    31876012.00000000 20269852.00000000 50833248.00000000 12726.58984375  1252471.62500000 996778.56250000 
0.10900    31547690.00000000 20069368.00000000 50319980.00000000 12470.52734375  1232796.87500000 981265.12500000 
0.11000    31224726.00000000 19871942.00000000 49814952.00000000 12218.59570312  1213407.75000000 965982.12500000 
0.11100    30906304.00000000 19677488.00000000 49316824.00000000 11970.76367188  1194283.87500000 950885.93750000 
0.11200    30591752.00000000 19485558.00000000 48825004.00000000 11726.68261719  1175375.75000000 935971.18750000 
0.11300    30280448.00000000 19295300.00000000 48338552.00000000 11486.14648438  1156674.25000000 921225.12500000 
0.11400    29972166.00000000 19107008.00000000 47856240.00000000 11248.92382812  1138174.37500000 906615.93750000 
0.11500    29665966.00000000 18919878.00000000 47377504.00000000 11015.00292969  1119834.00000000 892138.93750000 
0.11600    29361342.00000000 18733912.00000000 46900984.00000000 10784.12207031  1101643.87500000 877781.18750000 
0.11700    29058170.00000000 18548650.00000000 46426788.00000000 10556.22558594  1083595.00000000 863527.43750000 
0.11800    28755908.00000000 18363796.00000000 45953816.00000000 10331.04687500  1065663.75000000 849359.12500000 
0.11900    28454024.00000000 18179212.00000000 45481528.00000000 10108.65917969  1047846.43750000 835282.31250000 
0.12000    28152388.00000000 17994624.00000000 45009308.00000000 9888.93554688   1030135.25000000 821276.62500000 
0.12100    27850738.00000000 17809898.00000000 44537336.00000000 9671.86718750   1012525.56250000 807351.06250000 
0.12200    27548630.00000000 17624828.00000000 44064264.00000000 9457.37890625   995000.18750000 793490.06250000 
0.12300    27246176.00000000 17439268.00000000 43590040.00000000 9245.41015625   977563.25000000 779690.87500000 
0.12400    26942992.00000000 17252994.00000000 43114604.00000000 9035.96191406   960203.06250000 765950.87500000 
0.12500    26638590.00000000 17066078.00000000 42637500.00000000 8829.19824219   942925.06250000 752266.62500000 
0.12600    26333374.00000000 16878626.00000000 42158972.00000000 8624.85253906   925732.25000000 738646.62500000 
0.12700    26027156.00000000 16690041.00000000 41677780.00000000 8423.21875000   908612.43750000 725085.37500000 
0.12800    25719456.00000000 16500575.00000000 41195152.00000000 8224.07226562   891573.81250000 711572.68750000 
0.12900    25410628.00000000 16310265.00000000 40710124.00000000 8027.66015625   874629.06250000 698128.12500000 
0.13000    25100750.00000000 16118959.00000000 40222864.00000000 7833.88818359   857758.75000000 684749.68750000 
0.13100    24789412.00000000 15926713.00000000 39733340.00000000 7642.81884766   840985.50000000 671432.68750000 
0.13200    24477204.00000000 15733555.00000000 39242032.00000000 7454.57080078   824306.37500000 658185.25000000 
0.13300    24163566.00000000 15539472.00000000 38748416.00000000 7269.15722656   807727.56250000 645016.68750000 
0.13400    23849072.00000000 15344612.00000000 38252900.00000000 7086.61230469   791265.62500000 631929.00000000 
0.13500    23533756.00000000 15148858.00000000 37755916.00000000 6907.00488281   774906.50000000 618922.12500000 
0.13600    23217370.00000000 14952531.00000000 37256956.00000000 6730.44042969   758682.06250000 606008.87500000 
0.13700    22900362.00000000 14755393.00000000 36756756.00000000 6556.89453125   742575.50000000 593191.00000000 
0.13800    22582792.00000000 14557755.00000000 36255808.00000000 6386.45458984   726612.25000000 580475.50000000 
0.13900    22264974.00000000 14359646.00000000 35753672.00000000 6219.22900391   710785.87500000 567870.00000000 
0.14000    21946796.00000000 14161172.00000000 35250900.00000000 6055.16503906   695114.12500000 555382.62500000 
0.14100    21628490.00000000 13962376.00000000 34747648.00000000 5894.44970703   679604.31250000 543011.87500000 
0.14200    21310362.00000000 13763528.00000000 34244424.00000000 5736.95507812   664259.93750000 530766.43750000 
0.14300    20992532.00000000 13564617.00000000 33741428.00000000 5582.89062500   649089.56250000 518658.34375000 
0.14400    20675120.00000000 13365712.00000000 33238956.00000000 5432.07275391   634098.50000000 506690.59375000 
0.14500    20358628.00000000 13167176.00000000 32737316.00000000 5284.77197266   619305.75000000 494869.81250000 
0.14600    20042794.00000000 12968939.00000000 32236646.00000000 5140.93652344   604705.62500000 483201.34375000 
0.14700    19728284.00000000 12771187.00000000 31737550.00000000 5000.49218750   590312.12500000 471691.71875000 
0.14800    19414958.00000000 12573920.00000000 31240170.00000000 4863.52880859   576123.06250000 460340.25000000 
0.14900    19102894.00000000 12377363.00000000 30744846.00000000 4730.01269531   562151.81250000 449155.15625000 
0.15000    18792714.00000000 12181698.00000000 30252064.00000000 4599.98095703   548404.37500000 438144.93750000 
0.15100    18484428.00000000 11987018.00000000 29762012.00000000 4473.48339844   534883.37500000 427312.28125000 
0.15200    18178224.00000000 11793416.00000000 29274854.00000000 4350.41845703   521594.59375000 416662.03125000 
0.15300    17874404.00000000 11601131.00000000 28791094.00000000 4230.80273438   508540.46875000 406195.21875000 
0.15400    17572648.00000000 11409999.00000000 28310784.00000000 4114.58105469   495726.65625000 395913.81250000 
0.15500    17273698.00000000 11220331.00000000 27834408.00000000 4001.77172852   483157.68750000 385825.43750000 
0.15600    16977342.00000000 11032228.00000000 27362200.00000000 3892.31542969   470833.87500000 375925.25000000 
0.15700    16684284.00000000 10845887.00000000 26894282.00000000 3786.23120117   458761.25000000 366229.56250000 
0.15800    16393874.00000000 10661222.00000000 26431082.00000000 3683.34008789   446933.90625000 356723.46875000 
0.15900    16106828.00000000 10478260.00000000 25972724.00000000 3583.75146484   435362.84375000 347417.34375000 
0.16000    15823040.00000000 10297330.00000000 25519424.00000000 3487.31250000   424040.31250000 338310.00000000 
0.16100    15542928.00000000 10118439.00000000 25071430.00000000 3394.03930664   412974.93750000 329405.15625000 
0.16200    15266132.00000000 9941618.00000000 24629182.00000000 3303.81884766   402162.40625000 320699.28125000 
0.16300    14993033.00000000 9766972.00000000 24192258.00000000 3216.59106445   391597.71875000 312191.56250000 
0.16400    14723764.00000000 9594506.00000000 23761184.00000000 3132.30737305   381287.75000000 303883.21875000 
0.16500    14458386.00000000 9424357.00000000 23335774.00000000 3050.85424805   371226.12500000 295771.71875000 
0.16600    14196778.00000000 9256575.00000000 22916830.00000000 2972.24804688   361413.78125000 287858.81250000 
0.16700    13939259.00000000 9091086.00000000 22503838.00000000 2896.32373047   351844.34375000 280140.53125000 
0.16800    13685601.00000000 8928072.00000000 22097068.00000000 2823.04638672   342513.34375000 272611.87500000 
0.16900    13436129.00000000 8767522.00000000 21696866.00000000 2752.34326172   333427.96875000 265279.81250000 
0.17000    13190821.00000000 8609479.00000000 21302898.00000000 2684.10864258   324577.21875000 258132.70312500 
0.17100    12949572.00000000 8453990.00000000 20915376.00000000 2618.29931641   315954.31250000 251170.25000000 
0.17200    12712561.00000000 8300971.50000000 20534312.00000000 2554.80810547   307568.09375000 244390.46875000 
0.17300    12479614.00000000 8150512.50000000 20159926.00000000 2493.56762695   299400.18750000 237791.15625000 
0.17400    12250891.00000000 8002671.50000000 19791994.00000000 2434.53466797   291451.87500000 231366.31250000 
0.17500    12026331.00000000 7857338.00000000 19430694.00000000 2377.55932617   283718.25000000 225115.39062500 
0.17600    11805844.00000000 7714535.50000000 19075754.00000000 2322.58691406   276196.68750000 219029.67187500 
0.17700    11589489.00000000 7574315.50000000 18727404.00000000 2269.55908203   268878.84375000 213113.18750000 
0.17800    11377273.00000000 7436599.50000000 18385390.00000000 2218.40747070   261758.85937500 207353.64062500 
0.17900    11169157.00000000 7301421.00000000 18049854.00000000 2169.06030273   254839.07812500 201752.65625000 
0.18000    10965023.00000000 7168863.50000000 17720774.00000000 2121.40795898   248102.60937500 196304.95312500 
0.18100    10764891.00000000 7038695.00000000 17398088.00000000 2075.44702148   241557.96875000 191008.04687500 
0.18200    10568609.00000000 6911005.50000000 17081188.00000000 2031.01782227   235186.64062500 185850.35937500 
0.18300    10376275.00000000 6785714.50000000 16770666.00000000 1988.11962891   228989.15625000 180835.23437500 
0.18400    10187704.00000000 6662790.50000000 16466225.00000000 1946.67846680   222959.35937500 175955.48437500 
0.18500    10002931.00000000 6542362.00000000 16167859.00000000 1906.64294434   217095.96875000 171208.54687500 
0.18600    9821786.00000000 6424183.00000000 15875181.00000000 1867.95275879   211388.01562500 166588.54687500 
0.18700    9644316.00000000 6308267.00000000 15588268.00000000 1830.51770020   205832.89062500 162092.43750000 
0.18800    9470271.00000000 6194586.00000000 15306961.00000000 1794.32055664   200425.12500000 157716.01562500 
0.18900    9299919.00000000 6083205.00000000 15031380.00000000 1759.31091309   195161.76562500 153456.96875000 
0.19000    9132703.00000000 5973914.50000000 14761032.00000000 1725.40686035   190030.25000000 149303.42187500 
0.19100    8969016.00000000 5866791.00000000 14496225.00000000 1692.64428711   185040.59375000 145265.17187500 
0.19200    8808552.00000000 5761725.50000000 14236390.00000000 1660.88696289   180172.87500000 141328.34375000 
0.19300    8651194.00000000 5658712.00000000 13981842.00000000 1630.16821289   175432.54687500 137493.39062500 
0.19400    8496884.00000000 5557610.50000000 13732101.00000000 1600.38549805   170810.79687500 133754.18750000 
0.19500    8345674.50000000 5458543.50000000 13487261.00000000 1571.55029297   166305.70312500 130110.34375000 
0.19600    8197384.50000000 5361299.50000000 13247106.00000000 1543.60498047   161911.65625000 126557.15625000 
0.19700    8051984.00000000 5265905.50000000 13011541.00000000 1516.54687500   157626.37500000 123091.39843750 
0.19800    7909345.50000000 5172370.50000000 12780536.00000000 1490.32055664   153444.04687500 119709.53906250 
0.19900    7769462.50000000 5080574.50000000 12553966.00000000 1464.92443848   149364.82812500 116411.85937500 
0.20000    7632176.50000000 4990412.50000000 12331417.00000000 1440.29211426   145380.34375000 113192.17968750 
0.20100    7497512.50000000 4902006.50000000 12113236.00000000 1416.45629883   141492.56250000 110049.97656250 
0.20200    7365355.00000000 4815191.50000000 11898942.00000000 1393.33544922   137695.67187500 106981.32812500 
0.20300    7235647.00000000 4729995.50000000 11688655.00000000 1370.97265625   133989.54687500 103986.96093750 
0.20400    7108231.00000000 4646271.00000000 11482175.00000000 1349.31127930   130368.96875000 101060.31250000 
0.20500    6983216.00000000 4564080.00000000 11279429.00000000 1328.32580566   126830.78906250 98203.09375000  
0.20600    6860381.50000000 4483366.00000000 11080310.00000000 1307.99597168   123373.63281250 95410.35937500  
0.20700    6739786.50000000 4404049.00000000 10884713.00000000 1288.35388184   119998.78906250 92682.71875000  
0.20800    6621297.50000000 4326111.50000000 10692513.00000000 1269.33178711   116698.42968750 90016.62500000  
0.20900    6504969.00000000 4249616.00000000 10503795.00000000 1250.95947266   113476.88281250 87415.10156250  
0.21000    6390588.50000000 4174311.50000000 10318189.00000000 1233.17041016   110325.60937500 84869.78125000  
0.21100    6278132.00000000 4100332.25000000 10135840.00000000 1215.99572754   107247.71875000 82382.77343750  
0.21200    6167700.00000000 4027654.25000000 9956581.00000000 1199.38464355   104238.75781250 79952.41406250  
0.21300    6059042.50000000 3956154.50000000 9780360.00000000 1183.34277344   101299.68750000 77577.96093750  
0.21400    5952290.00000000 3885878.75000000 9607161.00000000 1167.86279297   98427.57031250  75257.56250000  
0.21500    5847350.50000000 3816773.25000000 9436859.00000000 1152.94079590   95622.14843750  72991.76562500  
0.21600    5744131.50000000 3748764.75000000 9269310.00000000 1138.51953125   92880.23437500  70776.52343750  
0.21700    5642664.50000000 3681921.75000000 9104560.00000000 1124.62377930   90202.75781250  68612.82812500  
0.21800    5542835.50000000 3616142.00000000 8942513.00000000 1111.21618652   87588.07031250  66499.64843750  
0.21900    5444598.50000000 3551429.50000000 8782990.00000000 1098.29675293   85032.25000000  64433.87500000  
0.22000    5348015.00000000 3487727.50000000 8626171.00000000 1085.84753418   82537.82812500  62416.85937500  
0.22100    5253071.00000000 3425113.25000000 8471925.00000000 1073.85693359   80103.95312500  60449.76953125  
0.22200    5159612.00000000 3363490.25000000 8320188.50000000 1062.31567383   77728.00000000  58528.35156250  
0.22300    5067679.50000000 3302843.25000000 8170746.00000000 1051.18823242   75407.84375000  56652.09765625  
0.22400    4977153.50000000 3243137.50000000 8023725.50000000 1040.45263672   73143.09375000  54820.76171875  
0.22500    4888241.00000000 3184435.00000000 7879255.00000000 1030.13720703   70936.40625000  53035.82812500  
0.22600    4800628.50000000 3126637.75000000 7736948.00000000 1020.18762207   68781.98437500  51292.40625000  
0.22700    4714519.00000000 3069769.50000000 7596972.00000000 1010.60028076   66681.92968750  49593.38281250  
0.22800    4629814.00000000 3013790.25000000 7459250.00000000 1001.35809326   64633.36328125  47936.27734375  
0.22900    4546396.50000000 2958709.75000000 7323668.50000000 992.42456055    62636.05468750  46319.66796875  
0.23000    4464348.00000000 2904499.50000000 7190278.50000000 983.82556152    60690.16015625  44744.63671875  
0.23100    4383670.50000000 2851139.00000000 7059050.00000000 975.51257324    58793.51953125  43210.38671875  
0.23200    4304244.50000000 2798642.50000000 6929845.50000000 967.47070312    56943.61718750  41713.51562500  
0.23300    4226091.00000000 2746949.00000000 6802742.00000000 959.67749023    55143.19921875  40255.80859375  
0.23400    4149228.75000000 2696121.25000000 6677714.50000000 952.15441895    53388.55859375  38836.44531250  
0.23500    4073543.00000000 2646031.25000000 6554548.50000000 944.81677246    51676.58984375  37452.10546875  
0.23600    3999132.75000000 2596778.50000000 6433493.50000000 937.72912598    50011.77734375  36105.15234375  
0.23700    3925902.00000000 2548305.50000000 6314314.50000000 930.81439209    48388.78906250  34792.89062500  
0.23800    3853848.75000000 2500613.00000000 6197041.50000000 924.09564209    46809.14453125  33516.48046875  
0.23900    3782957.25000000 2453667.00000000 6081635.50000000 917.51892090    45268.62109375  32271.45703125  
0.24000    3713180.75000000 2407458.50000000 5967995.50000000 911.09912109    43769.17578125  31060.90820312  
0.24100    3644609.75000000 2362008.50000000 5856370.50000000 904.83758545    42309.29296875  29882.79492188  
0.24200    3577068.50000000 2317283.25000000 5746437.50000000 898.69409180    40886.82031250  28735.37109375  
0.24300    3510644.25000000 2273262.75000000 5638271.00000000 892.65093994    39500.61328125  27618.64648438  
0.24400    3445265.25000000 2229946.00000000 5531840.00000000 886.70916748    38150.46484375  26531.22460938  
0.24500    3380925.50000000 2187318.50000000 5427037.50000000 880.85919189    36834.02734375  25472.08593750  
0.24600    3317640.25000000 2145382.00000000 5324007.50000000 875.09210205    35551.81640625  24441.57226562  
0.24700    3255358.50000000 2104101.25000000 5222586.50000000 869.39434814    34302.01562500  23438.39062500  
0.24800    3194041.50000000 2063485.87500000 5122739.50000000 863.77221680    33083.60546875  22461.33007812  
0.24900    3133682.75000000 2023521.75000000 5024533.50000000 858.18103027    31894.58007812  21509.73632812  
0.25000    3074332.50000000 1984194.50000000 4927850.00000000 852.66052246    30736.03515625  20583.20117188  
0.25100    3015850.00000000 1945460.62500000 4832678.00000000 847.17083740    29605.25585938  19680.24609375  
0.25200    2958360.00000000 1907398.50000000 4739121.50000000 841.74645996    28503.12695312  18802.23632812  
0.25300    2901737.50000000 1869918.12500000 4646950.00000000 836.35278320    27427.36132812  17945.95898438  
0.25400    2845994.75000000 1833028.12500000 4556288.00000000 830.99652100    26377.33398438  17111.82226562  
0.25500    2791084.75000000 1796719.25000000 4466953.50000000 825.68518066    25351.35742188  16299.05761719  
0.25600    2737074.00000000 1761010.75000000 4379093.00000000 820.40545654    24350.65820312  15507.44140625  
0.25700    2683856.00000000 1725856.50000000 4292576.00000000 815.15747070    23372.86718750  14735.78125000  
0.25800    2631454.25000000 1691244.50000000 4207414.50000000 809.96453857    22418.17968750  13983.89941406  
0.25900    2579877.25000000 1657180.75000000 4123620.25000000 804.81256104    21485.80664062  13251.24609375  
0.26000    2529056.50000000 1623681.62500000 4041086.25000000 799.71173096    20575.16992188  12537.60742188  
0.26100    2479011.50000000 1590669.37500000 3959784.75000000 794.65893555    19684.36132812  11840.88378906  
0.26200    2429748.50000000 1558209.25000000 3879841.50000000 789.67663574    18816.24804688  11163.16503906  
0.26300    2381176.75000000 1526239.75000000 3800999.25000000 784.74426270    17966.05859375  10501.75292969  
0.26400    2333348.25000000 1494780.37500000 3723418.50000000 779.89465332    17136.66015625  9857.95117188   
0.26500    2286274.50000000 1463821.00000000 3647088.25000000 775.12060547    16326.77539062  9231.07519531   
0.26600    2239843.75000000 1433340.25000000 3571869.00000000 770.43597412    15535.36035156  8620.27539062   
0.26700    2194156.25000000 1403343.12500000 3497834.50000000 765.85388184    14763.64062500  8025.81835938   
0.26800    2149150.25000000 1373840.87500000 3424964.25000000 761.38018799    14010.96582031  7447.98486328   
0.26900    2104783.25000000 1344764.87500000 3353179.75000000 757.00317383    13275.78710938  6884.67724609   
0.27000    2061118.25000000 1316183.25000000 3282538.75000000 752.77136230    12559.92480469  6338.32714844   
0.27100    2018077.87500000 1288044.75000000 3212938.00000000 748.65197754    11861.92675781  5806.44238281   
0.27200    1975736.37500000 1260371.25000000 3144532.75000000 744.70867920    11184.56640625  5292.05273438   
0.27300    1934015.87500000 1233132.87500000 3077097.50000000 740.89343262    10523.35058594  4791.17871094   
0.27400    1892856.87500000 1206291.50000000 3010673.00000000 737.22631836    9879.05371094   4304.34179688   
0.27500    1852423.37500000 1179950.87500000 2945424.00000000 733.75592041    9256.79492188   3835.94287109   
0.27600    1812545.62500000 1153984.12500000 2881080.50000000 730.44415283    8650.34375000   3379.90429688   
0.27700    1773350.62500000 1128487.62500000 2817866.75000000 727.34387207    8065.09619141   2941.44946289   
0.27800    1734731.62500000 1103398.87500000 2755640.75000000 724.42712402    7497.66601562   2517.46289062   
0.27900    1696735.00000000 1078722.25000000 2694453.25000000 721.72277832    6949.90283203   2109.55639648   
0.28000    1659358.75000000 1054472.87500000 2634249.00000000 719.23248291    6421.54931641   1716.71875000   
0.28100    1622589.75000000 1030632.75000000 2575088.50000000 716.95117188    5912.43164062   1339.45825195   
0.28200    1586447.25000000 1007218.18750000 2516910.50000000 714.91033936    5424.12744141   978.71899414    
0.28300    1550898.37500000 984210.06250000 2459747.00000000 713.09375000    4955.52246094   633.53643799    
0.28400    1515948.37500000 961597.68750000 2403556.25000000 711.52392578    4506.45947266   303.73315430    
0.28500    1481620.87500000 939411.37500000 2348399.75000000 710.19512939    4079.20678711   -8.96215248     
0.28600    1447875.87500000 917614.62500000 2294183.00000000 709.10382080    3671.73803711   -306.56738281   
0.28700    1414769.25000000 896233.50000000 2241011.50000000 708.26037598    3285.64428711   -587.46612549   
0.28800    1382251.12500000 875240.12500000 2188789.00000000 707.67126465    2920.56225586   -852.25732422   
0.28900    1350379.37500000 854684.43750000 2137607.25000000 707.34429932    2577.62792969   -1099.82006836  
0.29000    1319076.75000000 834502.37500000 2087380.25000000 707.26116943    2255.20727539   -1331.91528320  
0.29100    1288429.37500000 814734.68750000 2038165.62500000 707.43017578    1955.52722168   -1546.75354004  
0.29200    1258357.37500000 795361.56250000 1989933.75000000 707.85339355    1677.11608887   -1745.24145508  
0.29300    1228938.87500000 776404.43750000 1942715.50000000 708.52648926    1421.22973633   -1926.50415039  
0.29400    1200096.25000000 757817.75000000 1896436.50000000 709.44165039    1185.86950684   -2092.75122070  
0.29500    1171910.50000000 739654.00000000 1851217.87500000 710.60632324    974.16217041    -2240.82666016  
0.29600    1144327.00000000 721876.31250000 1806937.87500000 712.00128174    783.32220459    -2373.13159180  
0.29700    1117343.87500000 704487.37500000 1763633.12500000 713.62786865    614.37213135    -2489.30468750  
0.29800    1091001.37500000 687506.31250000 1721379.25000000 715.48547363    467.78433228    -2588.59252930  
0.29900    1065288.37500000 670921.56250000 1680098.62500000 717.56207275    343.27325439    -2671.27978516  
0.30000    1040166.06250000 654728.00000000 1639770.87500000 719.84265137    239.27998352    -2738.89892578  
0.30100    1015696.56250000 638924.75000000 1600467.25000000 722.34503174    157.81336975    -2789.50659180  
0.30200    991808.37500000 623498.56250000 1562081.75000000 725.02532959    96.42021179     -2825.31274414  
0.30300    968568.06250000 608477.43750000 1524730.50000000 727.89801025    56.67514038     -2844.87084961  
0.30400    945949.18750000 593855.00000000 1488373.87500000 730.95709229    38.01407623     -2848.98974609  
0.30500    923911.31250000 579586.18750000 1452921.37500000 734.16754150    38.27640915     -2839.12963867  
0.30600    902472.37500000 565699.50000000 1418445.62500000 737.52606201    58.46908569     -2814.27050781  
0.30700    881685.18750000 552215.18750000 1384962.00000000 741.04864502    99.05261993     -2774.31298828  
0.30800    861462.18750000 539089.31250000 1352376.37500000 744.68371582    157.70693970    -2721.06884766  
0.30900    841870.06250000 526339.43750000 1320785.62500000 748.45727539    235.69152832    -2653.52709961  
0.31000    822854.06250000 513967.71875000 1290115.37500000 752.32678223    330.91906738    -2573.06494141  
0.31100    804412.00000000 501939.68750000 1260340.12500000 756.29632568    443.46240234    -2479.84790039  
0.31200    786561.75000000 490280.87500000 1231494.75000000 760.35021973    572.85906982    -2374.22802734  
0.31300    769283.87500000 478982.15625000 1203557.25000000 764.47497559    718.50469971    -2256.53564453  
0.31400    752593.37500000 468044.12500000 1176529.37500000 768.65789795    880.21051025    -2126.99414062  
0.31500    736431.31250000 457439.81250000 1150346.25000000 772.88531494    1055.86523438   -1987.13122559  
0.31600    720830.25000000 447174.65625000 1125052.87500000 777.15588379    1246.22705078   -1836.29089355  
0.31700    705782.06250000 437252.09375000 1100608.75000000 781.44500732    1450.24670410   -1675.28320312  
0.31800    691250.50000000 427656.59375000 1076993.12500000 785.72503662    1665.88281250   -1505.68933105  
0.31900    677254.00000000 418391.12500000 1054217.62500000 790.03125000    1895.13159180   -1325.98620605  
0.32000    663767.00000000 409439.06250000 1032238.68750000 794.30926514    2134.59716797   -1138.58691406  
0.32100    650775.25000000 400793.87500000 1011032.37500000 798.56610107    2384.90283203   -943.11981201   
0.32200    638289.12500000 392470.09375000 990651.56250000 802.78405762    2645.34960938   -739.78314209   
0.32300    626244.93750000 384420.93750000 970944.37500000 806.95660400    2913.88647461   -530.80944824   
0.32400    614677.37500000 376665.84375000 951996.62500000 811.06738281    3190.82177734   -315.19903564   
0.32500    603564.75000000 369194.50000000 933775.62500000 815.10858154    3475.06372070   -94.14690399    
0.32600    592902.50000000 362001.84375000 916248.68750000 819.07153320    3766.32324219   132.29969788    
0.32700    582658.87500000 355077.06250000 899388.12500000 822.95117188    4063.62695312   363.43838501    
0.32800    572847.75000000 348421.84375000 883227.50000000 826.74487305    4366.72167969   598.87493896    
0.32900    563411.12500000 342006.56250000 867651.06250000 830.42376709    4673.58154297   837.30096436    
0.33000    554391.37500000 335848.37500000 852743.43750000 833.99450684    4984.91943359   1079.37036133   
0.33100    545690.31250000 329897.00000000 838339.81250000 837.43536377    5297.89550781   1322.72692871   
0.33200    537420.81250000 324216.03125000 824617.87500000 840.77252197    5615.61328125   1569.97424316   
0.33300    529459.81250000 318735.53125000 811394.50000000 843.96160889    5933.81640625   1817.77514648   
0.33400    521849.09375000 313474.90625000 798722.18750000 847.02716064    6253.87304688   2067.08325195   
0.33500    514541.87500000 308413.40625000 786548.68750000 849.94030762    6573.91992188   2316.79711914   
0.33600    507544.18750000 303549.50000000 774869.31250000 852.70642090    6894.09814453   2566.67822266   
0.33700    500834.75000000 298875.81250000 763652.75000000 855.31597900    7213.93115234   2816.63549805   
0.33800    494426.90625000 294391.87500000 752923.43750000 857.77142334    7533.03564453   3066.52197266   
0.33900    488258.78125000 290063.68750000 742570.87500000 860.06597900    7849.99267578   3314.81958008   
0.34000    482352.00000000 285914.46875000 732658.06250000 862.19824219    8164.96093750   3562.10864258   
0.34100    476693.81250000 281922.21875000 723130.12500000 864.16217041    8477.64257812   3807.90551758   
0.34200    471289.06250000 278102.28125000 714038.43750000 865.96826172    8788.50585938   4052.79052734   
0.34300    466068.09375000 274405.09375000 705235.06250000 867.59539795    9095.00000000   4294.39794922   
0.34400    461093.34375000 270870.06250000 696834.43750000 869.06036377    9399.30371094   4534.99511719   
0.34500    456289.37500000 267449.96875000 688710.31250000 870.34100342    9698.85058594   4772.19970703   
0.34600    451702.12500000 264177.21875000 680954.68750000 871.46276855    9995.46679688   5007.54736328   
0.34700    447249.50000000 260998.46875000 673413.06250000 872.39959717    10286.31640625  5238.86230469   
0.34800    442987.96875000 257949.85937500 666191.00000000 873.16430664    10573.28125000  5467.49169922   
0.34900    438887.93750000 255009.43750000 659237.43750000 873.75738525    10855.72070312  5693.23144531   
0.35000    434930.43750000 252171.98437500 652519.50000000 874.16894531    11132.88085938  5915.06738281   
0.35100    431140.53125000 249447.17187500 646083.62500000 874.42181396    11405.95214844  6134.56933594   
0.35200    427438.93750000 246788.25000000 639795.87500000 874.48773193    11672.54199219  6348.99511719   
0.35300    423877.12500000 244227.85937500 633745.31250000 874.37951660    11933.91796875  6560.16113281   
0.35400    420453.00000000 241763.06250000 627921.87500000 874.11260986    12190.87109375  6768.04687500   
0.35500    417136.28125000 239374.23437500 622279.81250000 873.67083740    12442.05664062  6971.92041016   
0.35600    413903.68750000 237051.32812500 616787.93750000 873.06079102    12687.55175781  7171.84960938   
0.35700    410790.18750000 234808.37500000 611496.37500000 872.28643799    12927.78125000  7367.99462891   
0.35800    407782.78125000 232643.53125000 606366.00000000 871.33856201    13163.00000000  7560.56835938   
0.35900    404854.65625000 230540.85937500 601397.25000000 870.23748779    13392.63574219  7749.23437500   
0.36000    402035.15625000 228509.75000000 596602.68750000 868.97753906    13617.55664062  7934.61181641   
0.36100    399276.96875000 226523.78125000 591913.12500000 867.54840088    13836.19824219  8115.37060547   
0.36200    396642.68750000 224631.45312500 587433.00000000 865.98388672    14051.60351562  8293.87597656   
0.36300    394041.96875000 222760.43750000 583007.81250000 864.24127197    14259.88867188  8467.15429688   
0.36400    391516.25000000 220944.45312500 578716.93750000 862.34600830    14463.09960938  8636.91601562   
0.36500    389067.09375000 219182.48437500 574557.62500000 860.30175781    14661.65136719  8803.18457031   
0.36600    386715.75000000 217492.71875000 570548.00000000 858.12255859    14856.20019531  8966.62109375   
0.36700    384405.96875000 215832.45312500 566614.37500000 855.77233887    15044.64843750  9125.56250000   
0.36800    382210.28125000 214248.20312500 562878.81250000 853.30560303    15230.14453125  9282.50097656   
0.36900    380066.28125000 212702.87500000 559225.18750000 850.69055176    15410.67675781  9435.65625000   
0.37000    377962.93750000 211180.95312500 555629.18750000 847.91894531    15585.16113281  9584.25488281   
0.37100    375928.62500000 209713.35937500 552154.93750000 845.01654053    15755.66406250  9730.04003906   
0.37200    373986.65625000 208308.81250000 548845.25000000 841.98498535    15923.08593750  9873.35937500   
0.37300    372093.50000000 206936.14062500 545601.00000000 838.81182861    16085.01562500  10012.92578125  
0.37400    370280.62500000 205614.20312500 542486.50000000 835.51702881    16244.03125000  10149.99218750  
0.37500    368531.59375000 204336.87500000 539478.81250000 832.10968018    16398.79882812  10284.05859375  
0.37600    366861.87500000 203111.57812500 536596.93750000 828.56091309    16549.32226562  10414.78613281  
0.37700    365227.62500000 201913.82812500 533782.18750000 824.88537598    16695.56250000  10542.40234375  
0.37800    363685.25000000 200767.12500000 531101.87500000 821.10076904    16838.29687500  10667.31933594  
0.37900    362227.34375000 199677.60937500 528554.87500000 817.20660400    16977.92187500  10789.94921875  
0.38000    360816.71875000 198617.75000000 526091.62500000 813.19140625    17113.07421875  10909.07617188  
0.38100    359459.34375000 197593.15625000 523706.21875000 809.05920410    17244.00000000  11024.95703125  
0.38200    358196.18750000 196624.67187500 521467.34375000 804.82550049    17372.16601562  11138.82421875  
0.38300    356979.56250000 195685.43750000 519306.00000000 800.47576904    17495.75195312  11248.93359375  
0.38400    355859.03125000 194812.18750000 517295.09375000 796.03723145    17616.58007812  11357.19433594  
0.38500    354775.81250000 193957.42187500 515346.59375000 791.50390625    17732.81640625  11461.66699219  
0.38600    353801.90625000 193167.57812500 513551.59375000 786.87963867    17846.42968750  11564.43359375  
0.38700    352858.12500000 192398.95312500 511821.00000000 782.15289307    17954.93164062  11663.22558594  
0.38800    351994.18750000 191676.12500000 510203.90625000 777.34143066    18060.32421875  11759.43652344  
0.38900    351191.62500000 190994.87500000 508684.81250000 772.44323730    18161.61718750  11852.49414062  
0.39000    350484.37500000 190372.15625000 507320.87500000 767.47515869    18259.91796875  11943.38476562  
0.39100    349828.90625000 189775.03125000 506013.56250000 762.42675781    18353.88671875  12030.78125000  
0.39200    349239.28125000 189222.76562500 504832.71875000 757.30609131    18443.94140625  12115.25097656  
0.39300    348711.15625000 188703.78125000 503730.03125000 752.12036133    18529.79492188  12196.49707031  
0.39400    348271.75000000 188243.82812500 502780.03125000 746.87426758    18612.51953125  12275.24511719  
0.39500    347858.65625000 187798.40625000 501863.18750000 741.55645752    18690.02148438  12349.93554688  
0.39600    347515.37500000 187394.45312500 501062.06250000 736.19726562    18763.47460938  12421.58886719  
0.39700    347232.31250000 187024.29687500 500339.53125000 730.77850342    18832.52539062  12490.02441406  
0.39800    347017.81250000 186702.10937500 499734.15625000 725.31597900    18897.82617188  12555.42187500  
0.39900    346849.00000000 186403.68750000 499198.93750000 719.81640625    18958.47851562  12617.05761719  
0.40000    346731.09375000 186138.46875000 498741.71875000 714.27752686    19014.59179688  12675.33984375  
0.40100    346657.50000000 185902.39062500 498357.50000000 708.70117188    19065.60546875  12729.84277344  
0.40200    346647.87500000 185706.20312500 498072.46875000 703.10491943    19112.66406250  12781.23632812  
0.40300    346668.46875000 185524.32812500 497832.56250000 697.48004150    19154.25390625  12828.37207031  
0.40400    346739.03125000 185378.23437500 497675.56250000 691.84143066    19191.53906250  12872.36914062  
0.40500    346851.18750000 185256.96875000 497578.18750000 686.18481445    19223.78320312  12912.36035156  
0.40600    347010.21875000 185169.70312500 497565.90625000 680.53430176    19251.82812500  12949.33203125  
0.40700    347191.87500000 185094.46875000 497583.62500000 674.86804199    19274.05273438  12981.79003906  
0.40800    347403.68750000 185040.00000000 497648.65625000 669.20489502    19291.49414062  13010.48437500  
0.40900    347640.12500000 185001.37500000 497761.96875000 663.54089355    19303.55859375  13035.08984375  
0.41000    347921.46875000 184995.57812500 497948.09375000 657.89508057    19311.38281250  13056.58984375  
0.41100    348207.50000000 184993.75000000 498141.40625000 652.27148438    19313.36523438  13073.59863281  
0.41200    348503.75000000 185000.17187500 498354.84375000 646.64343262    19309.76562500  13086.22753906  
0.41300    348836.40625000 185031.96875000 498623.90625000 641.06304932    19301.92187500  13095.67675781  
0.41400    349162.78125000 185061.75000000 498891.28125000 635.49761963    19288.37304688  13100.74023438  
0.41500    349516.28125000 185112.73437500 499208.56250000 629.96691895    19269.87304688  13102.17285156  
0.41600    349845.65625000 185150.75000000 499484.40625000 624.46166992    19245.31445312  13098.87304688  
0.41700    350200.81250000 185212.04687500 499816.71875000 619.00555420    19216.82812500  13092.55175781  
0.41800    350576.37500000 185289.40625000 500185.00000000 613.60803223    19183.75585938  13082.72070312  
0.41900    350890.03125000 185328.40625000 500455.25000000 608.22814941    19143.28710938  13067.40820312  
0.42000    351236.62500000 185391.87500000 500779.59375000 602.91320801    19099.34570312  13049.35449219  
0.42100    351579.90625000 185461.53125000 501111.71875000 597.65313721    19050.80078125  13027.74609375  
0.42200    351908.40625000 185521.43750000 501416.93750000 592.44427490    18997.38085938  13002.32226562  
0.42300    352198.37500000 185566.40625000 501675.71875000 587.29162598    18938.20117188  12972.58007812  
0.42400    352484.12500000 185608.98437500 501927.93750000 582.20129395    18874.94140625  12939.45800781  
0.42500    352751.21875000 185647.92187500 502163.25000000 577.16735840    18806.72851562  12903.02832031  
0.42600    352982.71875000 185663.57812500 502343.25000000 572.20019531    18733.95117188  12862.68164062  
0.42700    353209.12500000 185690.76562500 502533.46875000 567.31121826    18657.48242188  12819.65527344  
0.42800    353396.90625000 185688.96875000 502654.34375000 562.47808838    18576.07617188  12772.65917969  
0.42900    353578.84375000 185694.50000000 502782.56250000 557.72711182    18491.43945312  12723.42382812  
0.43000    353715.40625000 185675.23437500 502844.37500000 553.03894043    18402.36718750  12670.42285156  
0.43100    353796.06250000 185626.17187500 502819.00000000 548.41430664    18308.45507812  12613.98925781  
0.43200    353876.75000000 185581.96875000 502810.59375000 543.87310791    18212.28125000  12555.60644531  
0.43300    353905.15625000 185508.89062500 502713.59375000 539.39935303    18111.70507812  12493.69921875  
0.43400    353907.71875000 185425.07812500 502597.68750000 534.99761963    18007.87695312  12429.56250000  
0.43500    353860.03125000 185315.82812500 502394.81250000 530.66790771    17900.73437500  12362.47265625  
0.43600    353814.90625000 185209.93750000 502207.96875000 526.42584229    17791.72265625  12294.14160156  
0.43700    353689.34375000 185060.75000000 501904.31250000 522.23736572    17678.70117188  12222.50976562  
0.43800    353522.40625000 184889.90625000 501542.25000000 518.12066650    17562.60156250  12148.56933594  
0.43900    353335.93750000 184711.68750000 501148.93750000 514.08331299    17444.76171875  12073.16699219  
0.44000    353111.18750000 184514.29687500 500706.71875000 510.11383057    17324.40039062  11995.95410156  
0.44100    352841.65625000 184291.90625000 500201.81250000 506.21255493    17201.99609375  11916.78808594  
0.44200    352541.21875000 184054.40625000 499645.46875000 502.37716675    17077.61328125  11836.20117188  
0.44300    352202.78125000 183798.18750000 499038.00000000 498.61605835    16951.46289062  11754.19628906  
0.44400    351828.31250000 183524.01562500 498385.40625000 494.91412354    16823.90039062  11671.06250000  
0.44500    351378.12500000 183205.57812500 497615.81250000 491.26605225    16693.65234375  11585.61523438  
0.44600    350911.12500000 182878.28125000 496822.37500000 487.68222046    16562.67187500  11499.68750000  
0.44700    350429.03125000 182547.29687500 496010.75000000 484.17098999    16431.16992188  11413.20214844  
0.44800    349878.75000000 182176.40625000 495096.12500000 480.70297241    16297.98144531  11325.45214844  
0.44900    349324.25000000 181806.04687500 494180.50000000 477.30151367    16164.85253906  11237.63476562  
0.45000    348736.21875000 181418.29687500 493222.09375000 473.96279907    16031.27246094  11149.46484375  
0.45100    348083.12500000 180991.89062500 492154.43750000 470.65408325    15895.93750000  11059.77343750  
0.45200    347419.62500000 180567.09375000 491087.62500000 467.40878296    15761.26660156  10970.49218750  
0.45300    346711.21875000 180111.90625000 489946.90625000 464.20632935    15625.83203125  10880.83398438  
0.45400    345989.75000000 179650.26562500 488783.50000000 461.05270386    15490.65136719  10791.20019531  
0.45500    345235.18750000 179174.54687500 487579.81250000 457.94873047    15356.03417969  10701.66210938  
0.45600    344439.93750000 178675.06250000 486320.81250000 454.87594604    15220.80468750  10611.86230469  
0.45700    343635.96875000 178171.39062500 485049.21875000 451.85562134    15086.65234375  10522.76953125  
0.45800    342790.43750000 177645.67187500 483707.28125000 448.86883545    14952.55566406  10433.95800781  
0.45900    341927.31250000 177109.73437500 482344.56250000 445.91873169    14818.82128906  10345.12402344  
0.46000    341062.59375000 176577.78125000 480988.25000000 443.01538086    14687.18164062  10257.94921875  
0.46100    340134.71875000 176004.96875000 479533.43750000 440.12832642    14554.32128906  10169.92285156  
0.46200    339229.15625000 175449.87500000 478115.06250000 437.29071045    14423.89453125  10083.59472656  
0.46300    338286.50000000 174874.17187500 476638.62500000 434.47753906    14293.74804688  9997.66503906   
0.46400    337315.81250000 174282.07812500 475126.00000000 431.69519043    14164.79296875  9912.44042969   
0.46500    336352.12500000 173698.60937500 473623.21875000 428.95263672    14037.19238281  9828.52636719   
0.46600    335358.81250000 173097.54687500 472081.53125000 426.22817993    13910.59472656  9745.23046875   
0.46700    334343.43750000 172482.56250000 470501.03125000 423.53543091    13784.72949219  9662.74609375   
0.46800    333351.50000000 171887.82812500 468967.65625000 420.87445068    13661.59667969  9582.03515625   
0.46900    332312.90625000 171263.79687500 467357.21875000 418.23678589    13538.55273438  9501.67382812   
0.47000    331270.93750000 170638.50000000 465749.53125000 415.62609863    13417.10449219  9422.71972656   
0.47100    330228.78125000 170018.48437500 464146.87500000 413.04968262    13297.59277344  9345.18847656   
0.47200    329182.40625000 169393.04687500 462525.81250000 410.49908447    13179.50683594  9268.72753906   
0.47300    328131.71875000 168772.39062500 460919.62500000 407.97869873    13063.19824219  9193.94726562   
0.47400    327051.81250000 168131.23437500 459258.53125000 405.47711182    12947.62402344  9119.50195312   
0.47500    325984.21875000 167502.39062500 457621.59375000 403.01358032    12834.24023438  9047.16113281   
0.47600    324933.65625000 166886.03125000 456017.90625000 400.58358765    12723.25878906  8976.56835938   
0.47700    323833.46875000 166241.73437500 454330.21875000 398.16964722    12612.13769531  8905.94238281   
0.47800    322753.43750000 165610.34375000 452686.56250000 395.79531860    12503.86718750  8837.59082031   
0.47900    321690.53125000 164991.12500000 451066.37500000 393.45935059    12397.58300781  8770.97460938   
0.48000    320593.50000000 164355.40625000 449397.53125000 391.14361572    12292.07031250  8704.95214844   
0.48100    319545.40625000 163750.00000000 447807.37500000 388.88327026    12189.41601562  8641.40039062   
0.48200    318435.87500000 163108.62500000 446120.46875000 386.63122559    12086.67285156  8577.71972656   
0.48300    317341.31250000 162479.93750000 444469.21875000 384.43194580    11986.36621094  8516.02539062   
0.48400    316268.46875000 161865.20312500 442839.21875000 382.27072144    11888.31542969  8456.26269531   
0.48500    315188.84375000 161247.32812500 441208.68750000 380.15051270    11791.55468750  8397.51562500   
0.48600    314120.53125000 160641.85937500 439598.78125000 378.07440186    11697.00195312  8340.55957031   
0.48700    313043.31250000 160034.56250000 437982.03125000 376.04159546    11603.65527344  8284.77636719   
0.48800    311955.09375000 159418.45312500 436340.21875000 374.04699707    11511.45507812  8229.87011719   
0.48900    310879.15625000 158812.76562500 434722.71875000 372.10363770    11421.13574219  8176.45068359   
0.49000    309814.59375000 158215.75000000 433131.46875000 370.20742798    11333.03320312  8124.88427734   
0.49100    308760.53125000 157631.84375000 431557.71875000 368.37594604    11246.83886719  8074.99511719   
0.49200    307690.40625000 157034.64062500 429951.15625000 366.57904053    11161.56250000  8025.75927734   
0.49300    306628.96875000 156447.40625000 428372.87500000 364.84313965    11078.29003906  7978.18408203   
0.49400    305575.09375000 155866.59375000 426796.81250000 363.16284180    10996.65136719  7931.86816406   
0.49500    304514.62500000 155282.78125000 425223.15625000 361.53884888    10916.32910156  7886.71875000   
0.49600    303480.81250000 154717.26562500 423680.21875000 359.98129272    10838.38769531  7843.51611328   
0.49700    302425.40625000 154141.62500000 422115.90625000 358.47323608    10761.27343750  7800.93945312   
0.49800    301393.90625000 153580.32812500 420580.87500000 357.03323364    10686.44335938  7760.13720703   
0.49900    300347.06250000 153009.82812500 419026.46875000 355.64819336    10612.48828125  7719.95703125   
0.50000    299321.87500000 152455.98437500 417506.15625000 354.33868408    10540.72167969  7681.67041016   
