# SAXS profile: number of points = 501, q_min = 0, q_max = 0.5, delta_q = 0.001
#    q    intensity 
0.00000    162238448.00000000 101201920.00000000 256271776.00000000 98267.89062500  7985723.00000000 6307087.50000000 
0.00100    162214304.00000000 101186984.00000000 256232400.00000000 98247.96093750  7984278.50000000 6305989.50000000 
0.00200    162140928.00000000 101141168.00000000 256117392.00000000 98188.06250000  7980025.50000000 6302632.50000000 
0.00300    162018944.00000000 101065288.00000000 255924064.00000000 98087.55468750  7972889.00000000 6297026.50000000 
0.00400    161845728.00000000 100958824.00000000 255653648.00000000 97947.27343750  7962939.50000000 6289198.00000000 
0.00500    161625056.00000000 100822984.00000000 255307440.00000000 97767.50000000  7950146.00000000 6279144.00000000 
0.00600    161353952.00000000 100656640.00000000 254883216.00000000 97548.17968750  7934530.00000000 6266897.50000000 
0.00700    161034528.00000000 100460752.00000000 254382816.00000000 97289.52343750  7916113.00000000 6252438.00000000 
0.00800    160668784.00000000 100234872.00000000 253805488.00000000 96991.78906250  7894920.00000000 6235813.50000000 
0.00900    160252464.00000000 99979784.00000000 253155552.00000000 96655.79687500  7871013.50000000 6217012.00000000 
0.01000    159789440.00000000 99695208.00000000 252431344.00000000 96280.71093750  7844331.50000000 6196061.50000000 
0.01100    159279728.00000000 99382280.00000000 251631312.00000000 95868.74218750  7814935.00000000 6173014.00000000 
0.01200    158723680.00000000 99040472.00000000 250759824.00000000 95419.11718750  7782884.50000000 6147831.50000000 
0.01300    158122144.00000000 98670352.00000000 249815120.00000000 94932.92968750  7748222.00000000 6120611.00000000 
0.01400    157475376.00000000 98272136.00000000 248800640.00000000 94410.48437500  7710972.50000000 6091314.50000000 
0.01500    156784160.00000000 97846544.00000000 247714816.00000000 93852.57031250  7671123.00000000 6059992.50000000 
0.01600    156046752.00000000 97393608.00000000 246558640.00000000 93258.86718750  7628740.00000000 6026736.50000000 
0.01700    155266720.00000000 96913648.00000000 245335728.00000000 92632.21875000  7583914.50000000 5991526.00000000 
0.01800    154443968.00000000 96407360.00000000 244045600.00000000 91971.14843750  7536649.00000000 5954394.50000000 
0.01900    153579312.00000000 95875344.00000000 242688496.00000000 91277.65625000  7487036.50000000 5915420.50000000 
0.02000    152673520.00000000 95317928.00000000 241267120.00000000 90552.61718750  7435056.00000000 5874590.00000000 
0.02100    151727136.00000000 94735816.00000000 239782288.00000000 89795.82812500  7380797.00000000 5831951.00000000 
0.02200    150741536.00000000 94128904.00000000 238236256.00000000 89009.55468750  7324324.00000000 5787582.50000000 
0.02300    149717680.00000000 93499016.00000000 236629440.00000000 88193.26562500  7265713.50000000 5741560.50000000 
0.02400    148655648.00000000 92845392.00000000 234962416.00000000 87348.27343750  7204992.00000000 5693825.00000000 
0.02500    147557280.00000000 92168744.00000000 233238928.00000000 86476.83593750  7142248.00000000 5644531.00000000 
0.02600    146423072.00000000 91470296.00000000 231459776.00000000 85578.50781250  7077530.50000000 5593661.50000000 
0.02700    145253872.00000000 90750632.00000000 229624368.00000000 84654.20312500  7010887.50000000 5541287.50000000 
0.02800    144052464.00000000 90010456.00000000 227737376.00000000 83705.58593750  6942368.00000000 5487455.50000000 
0.02900    142817312.00000000 89250160.00000000 225798944.00000000 82734.07031250  6872129.50000000 5432239.50000000 
0.03000    141550448.00000000 88470248.00000000 223811344.00000000 81739.48437500  6800143.50000000 5375663.00000000 
0.03100    140253744.00000000 87671760.00000000 221776800.00000000 80723.97656250  6726556.00000000 5317811.00000000 
0.03200    138928720.00000000 86854408.00000000 219694912.00000000 79688.42968750  6651391.50000000 5258741.50000000 
0.03300    137574928.00000000 86020656.00000000 217570368.00000000 78633.52343750  6574741.50000000 5198484.50000000 
0.03400    136194848.00000000 85169872.00000000 215401712.00000000 77560.56250000  6496670.00000000 5137064.50000000 
0.03500    134788080.00000000 84303432.00000000 213194352.00000000 76470.93750000  6417227.50000000 5074632.50000000 
0.03600    133358120.00000000 83421168.00000000 210948064.00000000 75365.59375000  6336564.50000000 5011201.00000000 
0.03700    131904616.00000000 82525064.00000000 208664480.00000000 74245.67968750  6254716.50000000 4946809.50000000 
0.03800    130428512.00000000 81614880.00000000 206347008.00000000 73112.30468750  6171717.00000000 4881553.00000000 
0.03900    128932256.00000000 80692328.00000000 203996864.00000000 71966.79687500  6087700.50000000 4815481.50000000 
0.04000    127416312.00000000 79756848.00000000 201615776.00000000 70809.92968750  6002690.50000000 4748633.00000000 
0.04100    125882296.00000000 78810576.00000000 199204720.00000000 69643.27343750  5916828.50000000 4681059.00000000 
0.04200    124330984.00000000 77853216.00000000 196768368.00000000 68467.55468750  5830147.50000000 4612882.00000000 
0.04300    122763984.00000000 76886448.00000000 194306304.00000000 67284.48437500  5742726.50000000 4544085.50000000 
0.04400    121182528.00000000 75909928.00000000 191820672.00000000 66094.50781250  5654688.00000000 4474792.00000000 
0.04500    119588064.00000000 74925408.00000000 189314512.00000000 64899.65625000  5566027.00000000 4405037.00000000 
0.04600    117981280.00000000 73932872.00000000 186788128.00000000 63700.11718750  5476888.50000000 4334876.00000000 
0.04700    116363584.00000000 72933776.00000000 184246480.00000000 62497.34375000  5387291.50000000 4264372.50000000 
0.04800    114736592.00000000 71928952.00000000 181688800.00000000 61292.57421875  5297356.50000000 4193572.25000000 
0.04900    113101904.00000000 70918832.00000000 179118400.00000000 60086.67578125  5207162.00000000 4122549.00000000 
0.05000    111459168.00000000 69903488.00000000 176535648.00000000 58880.88671875  5116765.00000000 4051365.25000000 
0.05100    109811072.00000000 68885080.00000000 173943392.00000000 57676.07421875  5026207.50000000 3980075.75000000 
0.05200    108157656.00000000 67862960.00000000 171343648.00000000 56473.42968750  4935591.50000000 3908719.75000000 
0.05300    106501720.00000000 66838100.00000000 168738064.00000000 55273.76953125  4845002.00000000 3837359.25000000 
0.05400    104842576.00000000 65811956.00000000 166128240.00000000 54078.13671875  4754482.00000000 3766066.00000000 
0.05500    103183048.00000000 64784940.00000000 163517216.00000000 52887.50390625  4664108.00000000 3694863.75000000 
0.05600    101522552.00000000 63757416.00000000 160904752.00000000 51702.85156250  4573932.00000000 3623830.50000000 
0.05700    99863896.00000000 62730564.00000000 158294816.00000000 50525.24609375  4484072.50000000 3552996.00000000 
0.05800    98207392.00000000 61704488.00000000 155687616.00000000 49355.44531250  4394531.00000000 3482430.75000000 
0.05900    96553432.00000000 60680372.00000000 153084528.00000000 48193.99218750  4305379.00000000 3412155.00000000 
0.06000    94904392.00000000 59658940.00000000 150488048.00000000 47041.95312500  4216707.50000000 3342261.25000000 
0.06100    93260656.00000000 58640124.00000000 147899856.00000000 45900.25390625  4128552.50000000 3272758.00000000 
0.06200    91623288.00000000 57625100.00000000 145321872.00000000 44769.64453125  4040994.25000000 3203705.50000000 
0.06300    89992720.00000000 56614480.00000000 142754128.00000000 43650.68359375  3954051.50000000 3135139.25000000 
0.06400    88371144.00000000 55608392.00000000 140198672.00000000 42544.23046875  3867793.50000000 3067105.75000000 
0.06500    86758448.00000000 54608052.00000000 137658224.00000000 41450.86718750  3782268.50000000 2999645.50000000 
0.06600    85155824.00000000 53613436.00000000 135133952.00000000 40371.41015625  3697556.50000000 2932807.50000000 
0.06700    83564080.00000000 52625372.00000000 132625592.00000000 39306.02734375  3613681.50000000 2866595.75000000 
0.06800    81984512.00000000 51644468.00000000 130135728.00000000 38255.65625000  3530675.75000000 2801089.50000000 
0.06900    80417480.00000000 50671124.00000000 127665736.00000000 37221.00781250  3448600.50000000 2736304.75000000 
0.07000    78863944.00000000 49705760.00000000 125216312.00000000 36202.09375000  3367493.25000000 2672249.50000000 
0.07100    77324888.00000000 48749084.00000000 122789256.00000000 35199.80859375  3287381.00000000 2609005.50000000 
0.07200    75799680.00000000 47801104.00000000 120384672.00000000 34214.05468750  3208313.50000000 2546561.50000000 
0.07300    74290496.00000000 46862736.00000000 118004320.00000000 33246.08593750  3130345.25000000 2484960.75000000 
0.07400    72797904.00000000 45934124.00000000 115649512.00000000 32295.73242188  3053474.75000000 2424231.25000000 
0.07500    71322216.00000000 45015776.00000000 113320720.00000000 31363.34960938  2977748.00000000 2364401.25000000 
0.07600    69863776.00000000 44107708.00000000 111019632.00000000 30449.37500000  2903190.75000000 2305462.50000000 
0.07700    68423464.00000000 43210688.00000000 108745872.00000000 29553.97265625  2829828.25000000 2247486.00000000 
0.07800    67001600.00000000 42325104.00000000 106501592.00000000 28677.31835938  2757698.25000000 2190454.00000000 
0.07900    65599316.00000000 41451084.00000000 104287000.00000000 27819.74609375  2686806.00000000 2134372.50000000 
0.08000    64216100.00000000 40588604.00000000 102103160.00000000 26981.42773438  2617189.75000000 2079309.37500000 
0.08100    62853196.00000000 39738624.00000000 99949632.00000000 26162.63671875  2548847.75000000 2025254.75000000 
0.08200    61510140.00000000 38900916.00000000 97828728.00000000 25363.17578125  2481804.50000000 1972201.62500000 
0.08300    60188188.00000000 38075996.00000000 95739920.00000000 24583.27343750  2416066.00000000 1920188.75000000 
0.08400    58887248.00000000 37263648.00000000 93684288.00000000 23822.96875000  2351669.25000000 1869201.25000000 
0.08500    57607820.00000000 36464640.00000000 91661312.00000000 23082.38281250  2288598.50000000 1819263.00000000 
0.08600    56349904.00000000 35678660.00000000 89673088.00000000 22361.40820312  2226875.25000000 1770384.25000000 
0.08700    55113952.00000000 34906088.00000000 87718272.00000000 21660.00976562  2166499.25000000 1722566.12500000 
0.08800    53900024.00000000 34147148.00000000 85798296.00000000 20978.13085938  2107470.00000000 1675798.37500000 
0.08900    52708392.00000000 33401558.00000000 83913552.00000000 20315.68359375  2049794.12500000 1630099.62500000 
0.09000    51539192.00000000 32670090.00000000 82063712.00000000 19672.53125000  1993489.62500000 1585463.62500000 
0.09100    50392476.00000000 31952248.00000000 80249272.00000000 19048.56250000  1938519.87500000 1541896.87500000 
0.09200    49268424.00000000 31248146.00000000 78469728.00000000 18443.51171875  1884910.62500000 1499383.25000000 
0.09300    48167016.00000000 30558138.00000000 76726712.00000000 17857.51171875  1832653.12500000 1457932.50000000 
0.09400    47088540.00000000 29882214.00000000 75018040.00000000 17289.85937500  1781724.62500000 1417526.50000000 
0.09500    46032504.00000000 29220114.00000000 73346104.00000000 16740.68164062  1732127.00000000 1378179.87500000 
0.09600    44999212.00000000 28571978.00000000 71709008.00000000 16209.58496094  1683865.87500000 1339866.25000000 
0.09700    43988636.00000000 27937768.00000000 70108288.00000000 15696.45898438  1636909.25000000 1302595.87500000 
0.09800    43000976.00000000 27317552.00000000 68542584.00000000 15200.85253906  1591251.25000000 1266336.87500000 
0.09900    42035204.00000000 26711188.00000000 67012416.00000000 14722.63671875  1546881.12500000 1231099.50000000 
0.10000    41092256.00000000 26118694.00000000 65517180.00000000 14261.23339844  1503780.12500000 1196847.25000000 
0.10100    40171248.00000000 25539840.00000000 64056592.00000000 13816.49121094  1461932.87500000 1163604.50000000 
0.10200    39272532.00000000 24974778.00000000 62631452.00000000 13388.09765625  1421329.75000000 1131317.00000000 
0.10300    38395640.00000000 24423082.00000000 61240068.00000000 12975.54882812  1381936.75000000 1100011.37500000 
0.10400    37540176.00000000 23884902.00000000 59883364.00000000 12578.44726562  1343748.00000000 1069637.12500000 
0.10500    36706704.00000000 23360018.00000000 58560220.00000000 12196.79492188  1306745.00000000 1040205.31250000 
0.10600    35893920.00000000 22848240.00000000 57270344.00000000 11829.72265625  1270888.75000000 1011671.62500000 
0.10700    35102356.00000000 22349418.00000000 56013500.00000000 11477.14648438  1236170.37500000 984052.68750000 
0.10800    34331320.00000000 21863414.00000000 54789152.00000000 11138.51269531  1202569.37500000 957304.00000000 
0.10900    33580704.00000000 21390264.00000000 53597068.00000000 10813.42968750  1170059.75000000 931417.81250000 
0.11000    32849986.00000000 20929352.00000000 52436620.00000000 10501.55273438  1138612.25000000 906379.43750000 
0.11100    32139452.00000000 20480832.00000000 51307460.00000000 10202.35839844  1108208.50000000 882156.43750000 
0.11200    31447848.00000000 20044404.00000000 50208780.00000000 9915.57812500   1078817.50000000 858743.62500000 
0.11300    30775568.00000000 19619940.00000000 49140060.00000000 9640.68261719   1050421.75000000 836112.12500000 
0.11400    30121728.00000000 19207070.00000000 48101136.00000000 9377.27441406   1022993.18750000 814252.50000000 
0.11500    29486662.00000000 18805754.00000000 47091132.00000000 9124.90625000   996497.75000000 793127.18750000 
0.11600    28869304.00000000 18415472.00000000 46109552.00000000 8883.26074219   970918.06250000 772721.12500000 
0.11700    28269742.00000000 18036448.00000000 45155860.00000000 8651.80957031   946216.18750000 753027.18750000 
0.11800    27687016.00000000 17667856.00000000 44229188.00000000 8430.10449219   922378.43750000 734005.50000000 
0.11900    27121190.00000000 17309950.00000000 43328920.00000000 8217.86035156   899367.43750000 715644.87500000 
0.12000    26571902.00000000 16962356.00000000 42454952.00000000 8014.54492188   877155.00000000 697920.00000000 
0.12100    26038590.00000000 16624797.00000000 41606196.00000000 7819.91601562   855734.25000000 680822.56250000 
0.12200    25520768.00000000 16296953.00000000 40782284.00000000 7633.40820312   835049.18750000 664310.31250000 
0.12300    25018402.00000000 15978745.00000000 39982484.00000000 7454.72412109   815092.00000000 648374.00000000 
0.12400    24530368.00000000 15669742.00000000 39205584.00000000 7283.45703125   795829.37500000 632995.37500000 
0.12500    24056688.00000000 15369672.00000000 38451580.00000000 7119.16748047   777238.87500000 618141.93750000 
0.12600    23597180.00000000 15078555.00000000 37719984.00000000 6961.62451172   759295.81250000 603809.25000000 
0.12700    23150814.00000000 14795827.00000000 37009572.00000000 6810.36718750   741968.50000000 589966.31250000 
0.12800    22717774.00000000 14521333.00000000 36319800.00000000 6665.05859375   725226.93750000 576597.37500000 
0.12900    22297222.00000000 14254872.00000000 35650248.00000000 6525.34375000   709058.37500000 563676.50000000 
0.13000    21889012.00000000 13996125.00000000 35000336.00000000 6390.97851562   693434.75000000 551191.93750000 
0.13100    21492556.00000000 13744856.00000000 34368876.00000000 6261.50927734   678321.06250000 539118.12500000 
0.13200    21107552.00000000 13500843.00000000 33755824.00000000 6136.74023438   663705.50000000 527438.93750000 
0.13300    20733532.00000000 13263835.00000000 33160308.00000000 6016.28222656   649565.81250000 516138.43750000 
0.13400    20370090.00000000 13033589.00000000 32581748.00000000 5899.93554688   635867.00000000 505197.75000000 
0.13500    20016916.00000000 12809792.00000000 32019214.00000000 5787.31347656   622596.75000000 494594.09375000 
0.13600    19673482.00000000 12592273.00000000 31472542.00000000 5678.22265625   609733.56250000 484314.81250000 
0.13700    19339460.00000000 12380723.00000000 30941054.00000000 5572.41943359   597253.37500000 474342.25000000 
0.13800    19014668.00000000 12174931.00000000 30423850.00000000 5469.64257812   585130.25000000 464659.93750000 
0.13900    18698544.00000000 11974756.00000000 29920482.00000000 5369.69775391   573356.62500000 455254.34375000 
0.14000    18390732.00000000 11779865.00000000 29430596.00000000 5272.26904297   561907.18750000 446109.18750000 
0.14100    18090894.00000000 11590156.00000000 28953498.00000000 5177.23242188   550763.62500000 437211.31250000 
0.14200    17798692.00000000 11405241.00000000 28488492.00000000 5084.37890625   539904.50000000 428540.18750000 
0.14300    17513798.00000000 11225062.00000000 28035270.00000000 4993.50195312   529320.06250000 420090.12500000 
0.14400    17235762.00000000 11049285.00000000 27592994.00000000 4904.43554688   518987.84375000 411842.87500000 
0.14500    16964392.00000000 10877790.00000000 27161762.00000000 4817.01171875   508898.87500000 403788.90625000 
0.14600    16699445.00000000 10710413.00000000 26740346.00000000 4731.14062500   499032.06250000 395918.21875000 
0.14700    16440620.00000000 10546962.00000000 26328910.00000000 4646.63916016   489376.65625000 388214.43750000 
0.14800    16187580.00000000 10387103.00000000 25926446.00000000 4563.35791016   479917.93750000 380669.31250000 
0.14900    15939792.00000000 10230850.00000000 25532916.00000000 4481.19287109   470642.87500000 373269.53125000 
0.15000    15697282.00000000 10077920.00000000 25147654.00000000 4400.06787109   461537.06250000 366011.56250000 
0.15100    15459776.00000000 9928171.00000000 24770264.00000000 4319.84082031   452595.03125000 358883.00000000 
0.15200    15226989.00000000 9781416.00000000 24400618.00000000 4240.51757812   443808.46875000 351876.62500000 
0.15300    14998592.00000000 9637574.00000000 24037930.00000000 4161.91650391   435156.50000000 344979.68750000 
0.15400    14774448.00000000 9496424.00000000 23682040.00000000 4084.02148438   426635.84375000 338190.40625000 
0.15500    14554225.00000000 9357870.00000000 23332672.00000000 4006.76049805   418237.06250000 331499.40625000 
0.15600    14337865.00000000 9221683.00000000 22989074.00000000 3930.12890625   409950.40625000 324899.87500000 
0.15700    14125096.00000000 9087879.00000000 22651656.00000000 3854.04077148   401776.50000000 318385.59375000 
0.15800    13915663.00000000 8956232.00000000 22319474.00000000 3778.44384766   393696.71875000 311951.53125000 
0.15900    13709443.00000000 8826680.00000000 21992434.00000000 3703.36108398   385714.37500000 305591.96875000 
0.16000    13506248.00000000 8699059.00000000 21670338.00000000 3628.74145508   377818.06250000 299304.87500000 
0.16100    13306118.00000000 8573339.00000000 21352908.00000000 3554.62548828   370007.71875000 293084.81250000 
0.16200    13108624.00000000 8449327.00000000 21039766.00000000 3480.96142578   362275.18750000 286928.09375000 
0.16300    12913730.00000000 8327012.00000000 20730934.00000000 3407.74584961   354618.21875000 280827.15625000 
0.16400    12721324.00000000 8206247.00000000 20425882.00000000 3334.99584961   347033.12500000 274788.93750000 
0.16500    12531189.00000000 8086995.00000000 20124632.00000000 3262.75097656   339515.75000000 268801.15625000 
0.16600    12343356.00000000 7969163.50000000 19826792.00000000 3191.00976562   332066.75000000 262867.53125000 
0.16700    12157565.00000000 7852625.50000000 19532510.00000000 3119.76904297   324678.43750000 256981.20312500 
0.16800    11973760.00000000 7737367.50000000 19241252.00000000 3049.06030273   317354.09375000 251147.26562500 
0.16900    11792055.00000000 7623380.00000000 18953312.00000000 2978.96899414   310091.53125000 245363.85937500 
0.17000    11612098.00000000 7510510.50000000 18668114.00000000 2909.43334961   302890.06250000 239624.03125000 
0.17100    11433862.00000000 7398760.00000000 18385820.00000000 2840.54931641   295747.93750000 233932.04687500 
0.17200    11257496.00000000 7288071.00000000 18106146.00000000 2772.35180664   288665.84375000 228287.45312500 
0.17300    11082694.00000000 7178380.00000000 17829136.00000000 2704.85107422   281645.28125000 222688.56250000 
0.17400    10909527.00000000 7069723.00000000 17554684.00000000 2638.13134766   274686.90625000 217139.67187500 
0.17500    10737901.00000000 6962020.50000000 17282556.00000000 2572.17871094   267787.96875000 211637.25000000 
0.17600    10567769.00000000 6855123.00000000 17012712.00000000 2507.06835938   260950.65625000 206181.53125000 
0.17700    10399115.00000000 6749206.00000000 16745363.00000000 2442.85473633   254179.70312500 200776.28125000 
0.17800    10231873.00000000 6644154.00000000 16480026.00000000 2379.53540039   247471.93750000 195420.81250000 
0.17900    10066173.00000000 6539920.50000000 16217128.00000000 2317.19848633   240830.95312500 190117.56250000 
0.18000    9901821.00000000 6436583.00000000 15956287.00000000 2255.86645508   234259.60937500 184866.64062500 
0.18100    9738941.00000000 6334069.50000000 15697749.00000000 2195.61938477   227762.21875000 179673.89062500 
0.18200    9577374.00000000 6232296.50000000 15441072.00000000 2136.39501953   221329.70312500 174531.70312500 
0.18300    9417180.00000000 6131381.00000000 15186728.00000000 2078.34106445   214975.29687500 169449.18750000 
0.18400    9258393.00000000 6031284.00000000 14934414.00000000 2021.45495605   208697.09375000 164425.48437500 
0.18500    9101010.00000000 5931991.50000000 14684332.00000000 1965.79553223   202498.21875000 159464.21875000 
0.18600    8944976.00000000 5833467.50000000 14436226.00000000 1911.35888672   196379.68750000 154564.21875000 
0.18700    8790361.00000000 5735784.50000000 14190246.00000000 1858.20544434   190344.81250000 149729.31250000 
0.18800    8637183.00000000 5638888.50000000 13946516.00000000 1806.34631348   184394.25000000 144960.28125000 
0.18900    8485497.00000000 5542891.00000000 13704956.00000000 1755.88232422   178534.48437500 140261.59375000 
0.19000    8335046.00000000 5447564.00000000 13465410.00000000 1706.71606445   172760.76562500 135629.48437500 
0.19100    8186335.00000000 5353243.00000000 13228392.00000000 1659.02062988   167084.96875000 131073.28125000 
0.19200    8038880.50000000 5259647.50000000 12993302.00000000 1612.67126465   161498.32812500 126586.97656250 
0.19300    7893081.00000000 5166999.50000000 12760733.00000000 1567.79638672   156013.67187500 122179.50000000 
0.19400    7748717.50000000 5075195.50000000 12530320.00000000 1524.35266113   150624.21875000 117847.64062500 
0.19500    7605924.50000000 4984271.50000000 12302339.00000000 1482.36706543   145335.89062500 113593.34375000 
0.19600    7464736.50000000 4894256.50000000 12076712.00000000 1441.88085938   140150.20312500 109421.07031250 
0.19700    7325092.50000000 4805172.00000000 11853567.00000000 1402.86999512   135067.56250000 105330.13281250 
0.19800    7187060.00000000 4716977.00000000 11632808.00000000 1365.34582520   130092.39843750 101320.03125000 
0.19900    7050791.00000000 4629774.50000000 11414716.00000000 1329.33850098   125225.75000000 97398.26562500  
0.20000    6916040.00000000 4543496.00000000 11198942.00000000 1294.79516602   120464.60937500 93558.60937500  
0.20100    6783050.00000000 4458246.00000000 10985884.00000000 1261.75280762   115815.60156250 89806.78906250  
0.20200    6651773.00000000 4373942.50000000 10775398.00000000 1230.18566895   111276.74218750 86141.81250000  
0.20300    6522249.50000000 4290689.00000000 10567582.00000000 1200.10546875   106850.41406250 82566.46093750  
0.20400    6394484.00000000 4208450.50000000 10362513.00000000 1171.47302246   102536.50781250 79080.16406250  
0.20500    6268517.50000000 4127251.50000000 10160104.00000000 1144.30407715   98337.55468750  75684.03125000  
0.20600    6144340.50000000 4047090.50000000 9960489.00000000 1118.54223633   94249.07031250  72376.27343750  
0.20700    6021984.00000000 3968013.75000000 9763674.00000000 1094.21630859   90277.84375000  69160.79687500  
0.20800    5901444.50000000 3889996.75000000 9569620.00000000 1071.25146484   86419.14843750  66034.54687500  
0.20900    5782867.00000000 3813134.25000000 9378632.00000000 1049.70617676   82679.23437500  63003.66015625  
0.21000    5666051.50000000 3737324.50000000 9190365.00000000 1029.44689941   79049.96875000  60059.52734375  
0.21100    5551163.50000000 3662673.25000000 9005049.00000000 1010.53057861   75535.82031250  57208.20312500  
0.21200    5438179.50000000 3589113.25000000 8822636.00000000 992.87823486    72134.78906250  54447.14062500  
0.21300    5327085.00000000 3516682.00000000 8643149.00000000 976.46368408    68846.46875000  51776.29296875  
0.21400    5217927.00000000 3445425.75000000 8466738.00000000 961.28143311    65670.77343750  49196.00000000  
0.21500    5110772.50000000 3375340.50000000 8293307.00000000 947.29492188    62609.62500000  46706.81640625  
0.21600    5005413.50000000 3306397.25000000 8122809.00000000 934.41448975    59654.71093750  44303.93750000  
0.21700    4902071.00000000 3238635.00000000 7955346.50000000 922.64654541    56811.51171875  41989.55078125  
0.21800    4800655.50000000 3172009.75000000 7790915.00000000 911.94647217    54076.01562500  39761.79296875  
0.21900    4701130.00000000 3106548.50000000 7629465.50000000 902.25384521    51445.16015625  37619.35546875  
0.22000    4603539.00000000 3042273.75000000 7470988.00000000 893.55407715    48920.32421875  35562.00000000  
0.22100    4507927.00000000 2979198.50000000 7315635.00000000 885.80773926    46500.98437500  33589.94921875  
0.22200    4414251.00000000 2917295.00000000 7163265.50000000 878.94134521    44182.32031250  31699.47851562  
0.22300    4322453.50000000 2856542.25000000 7013884.50000000 872.91992188    41962.43359375  29889.47070312  
0.22400    4232535.00000000 2796954.25000000 6867447.00000000 867.70391846    39839.95703125  28158.02929688  
0.22500    4144592.75000000 2738579.75000000 6724050.50000000 863.28210449    37815.96875000  26507.20703125  
0.22600    4058483.25000000 2681328.75000000 6583630.00000000 859.54412842    35882.73828125  24929.75781250  
0.22700    3974277.50000000 2625291.50000000 6446186.50000000 856.51361084    34043.20312500  23429.40625000  
0.22800    3891922.25000000 2570346.75000000 6311657.50000000 854.10308838    32291.61328125  22000.20898438  
0.22900    3811355.50000000 2516568.75000000 6179986.50000000 852.27032471    30626.57617188  20641.56640625  
0.23000    3732655.50000000 2463939.75000000 6051237.00000000 850.99969482    29046.44726562  19353.41992188  
0.23100    3655768.25000000 2412455.50000000 5925367.50000000 850.23059082    27548.97656250  18132.69140625  
0.23200    3580580.50000000 2362044.75000000 5802241.50000000 849.91217041    26129.35156250  16975.70507812  
0.23300    3507206.75000000 2312768.00000000 5681947.50000000 850.01507568    24787.52148438  15882.86523438  
0.23400    3435566.00000000 2264592.50000000 5564430.00000000 850.51391602    23520.08007812  14851.77050781  
0.23500    3365545.25000000 2217453.00000000 5449545.00000000 851.32049561    22322.32617188  13878.27539062  
0.23600    3297273.75000000 2171414.25000000 5337415.50000000 852.45056152    21195.63281250  12963.36718750  
0.23700    3230605.25000000 2126450.50000000 5227900.50000000 853.84393311    20135.19140625  12103.33300781  
0.23800    3165617.00000000 2082509.50000000 5121017.50000000 855.47192383    19138.62109375  11296.56445312  
0.23900    3102161.75000000 2039577.62500000 5016637.50000000 857.27850342    18202.12890625  10539.83984375  
0.24000    3040273.50000000 1997669.62500000 4914782.00000000 859.25347900    17325.15820312  9832.71972656   
0.24100    2979962.00000000 1956764.87500000 4815453.50000000 861.37988281    16505.79492188  9173.28222656   
0.24200    2921140.25000000 1916826.37500000 4718490.00000000 863.58197021    15738.74121094  8558.24023438   
0.24300    2863738.25000000 1877862.37500000 4623969.50000000 865.85632324    15022.50781250  7985.54687500   
0.24400    2807789.00000000 1839811.37500000 4531702.00000000 868.17529297    14354.44531250  7453.66601562   
0.24500    2753232.75000000 1802687.25000000 4441710.00000000 870.49768066    13731.91015625  6960.29492188   
0.24600    2700062.75000000 1766474.25000000 4353977.50000000 872.82910156    13154.19042969  6503.81884766   
0.24700    2648237.00000000 1731148.50000000 4268417.00000000 875.12298584    12617.68847656  6082.69921875   
0.24800    2597673.50000000 1696698.75000000 4184979.50000000 877.35894775    12119.38574219  5694.28466797   
0.24900    2548387.25000000 1663053.25000000 4103571.50000000 879.52685547    11657.56738281  5336.44970703   
0.25000    2500335.50000000 1630261.12500000 4024210.25000000 881.60266113    11230.68359375  5008.44531250   
0.25100    2453463.00000000 1598251.75000000 3946776.25000000 883.56512451    10834.95019531  4707.09277344   
0.25200    2407817.25000000 1567083.62500000 3871371.50000000 885.42297363    10471.65039062  4433.03955078   
0.25300    2363273.75000000 1536651.25000000 3797766.50000000 887.13165283    10134.83300781  4182.35498047   
0.25400    2319825.00000000 1506966.00000000 3725984.00000000 888.69519043    9824.67871094   3954.01513672   
0.25500    2277413.25000000 1478006.62500000 3655930.75000000 890.10064697    9538.38476562   3746.38476562   
0.25600    2236069.50000000 1449761.12500000 3587625.50000000 891.33837891    9275.06640625   3558.48657227   
0.25700    2195716.50000000 1422190.75000000 3520960.00000000 892.39422607    9031.95605469   3388.23583984   
0.25800    2156319.00000000 1395313.87500000 3455913.75000000 893.28417969    8808.57812500   3234.81835938   
0.25900    2117887.00000000 1369074.62500000 3392477.00000000 893.97827148    8602.64355469   3096.29272461   
0.26000    2080354.12500000 1343479.50000000 3330529.50000000 894.49664307    8413.24511719   2972.20922852   
0.26100    2043657.62500000 1318468.37500000 3269997.50000000 894.80242920    8237.03808594   2859.63281250   
0.26200    2007870.50000000 1294087.37500000 3210967.00000000 894.95074463    8076.17089844   2760.21557617   
0.26300    1972845.62500000 1270248.87500000 3153227.25000000 894.87243652    7924.89257812   2669.40136719   
0.26400    1938636.62500000 1246989.87500000 3096854.75000000 894.62597656    7785.87353516   2588.59667969   
0.26500    1905193.37500000 1224271.62500000 3041788.75000000 894.18389893    7656.52050781   2516.33374023   
0.26600    1872471.50000000 1202070.87500000 2987929.00000000 893.54821777    7535.66406250   2451.48852539   
0.26700    1840475.50000000 1180380.12500000 2935320.00000000 892.75555420    7422.60156250   2393.52612305   
0.26800    1809172.12500000 1159197.62500000 2883867.25000000 891.78289795    7317.00537109   2341.50317383   
0.26900    1778498.25000000 1138459.87500000 2833479.50000000 890.62487793    7216.44140625   2293.68212891   
0.27000    1748494.87500000 1118205.25000000 2784250.00000000 889.32763672    7121.95996094   2250.92675781   
0.27100    1719077.25000000 1098380.50000000 2736003.50000000 887.85565186    7031.22656250   2211.60400391   
0.27200    1690319.37500000 1079026.37500000 2688866.00000000 886.26788330    6946.82324219   2176.75732422   
0.27300    1662076.50000000 1060048.00000000 2642590.00000000 884.51837158    6864.05664062   2143.11499023   
0.27400    1634334.75000000 1041448.50000000 2597252.00000000 882.62091064    6782.55664062   2110.43310547   
0.27500    1607221.12500000 1023295.56250000 2552911.75000000 880.63647461    6706.62011719   2081.76855469   
0.27600    1580526.00000000 1005464.18750000 2509338.75000000 878.51397705    6630.15136719   2052.50439453   
0.27700    1554395.50000000 988032.50000000 2466694.00000000 876.31060791    6557.86132812   2025.96166992   
0.27800    1528713.37500000 970933.81250000 2424837.25000000 874.01330566    6485.89208984   1999.35900879   
0.27900    1503520.00000000 954181.62500000 2383782.75000000 871.63555908    6416.03808594   1973.44152832   
0.28000    1478743.37500000 937758.25000000 2343481.50000000 869.17749023    6347.53125000   1948.11706543   
0.28100    1454412.50000000 921647.43750000 2303940.25000000 866.66247559    6279.43994141   1922.05957031   
0.28200    1430509.50000000 905858.87500000 2265125.75000000 864.10589600    6213.64550781   1897.16247559   
0.28300    1407009.50000000 890364.56250000 2227001.50000000 861.50701904    6148.43408203   1872.24682617   
0.28400    1383892.62500000 875147.12500000 2189514.50000000 858.86779785    6083.68310547   1846.34301758   
0.28500    1361171.37500000 860225.87500000 2152725.00000000 856.22528076    6021.47558594   1821.44091797   
0.28600    1338802.75000000 845560.62500000 2116552.00000000 853.55761719    5958.92382812   1795.11523438   
0.28700    1316812.50000000 831164.62500000 2080983.75000000 850.89013672    5898.31591797   1769.43676758   
0.28800    1295153.50000000 817017.43750000 2045997.00000000 848.24188232    5839.01171875   1743.50146484   
0.28900    1273868.50000000 803144.62500000 2011659.50000000 845.60888672    5782.19384766   1718.22241211   
0.29000    1252890.62500000 789486.31250000 1977820.37500000 842.98577881    5725.41992188   1692.25622559   
0.29100    1232282.50000000 776087.25000000 1944592.75000000 840.41918945    5672.14208984   1667.66906738   
0.29200    1211946.75000000 762905.06250000 1911874.87500000 837.87744141    5620.42431641   1642.93835449   
0.29300    1191967.87500000 749964.93750000 1879729.00000000 835.40020752    5572.00634766   1619.39587402   
0.29400    1172257.00000000 737212.25000000 1848019.37500000 832.95343018    5524.10253906   1595.22644043   
0.29500    1152888.50000000 724701.68750000 1816885.75000000 830.58953857    5480.91455078   1573.48437500   
0.29600    1133800.75000000 712379.50000000 1786212.62500000 828.27893066    5439.60009766   1551.90100098   
0.29700    1114984.37500000 700260.12500000 1756009.37500000 826.04547119    5401.09960938   1531.28222656   
0.29800    1096488.00000000 688357.31250000 1726322.87500000 823.89135742    5367.33447266   1512.84179688   
0.29900    1078279.50000000 676654.81250000 1697112.00000000 821.82006836    5337.37597656   1496.23156738   
0.30000    1060334.00000000 665125.12500000 1668335.00000000 819.82214355    5310.06005859   1480.53515625   
0.30100    1042680.81250000 653803.50000000 1640044.75000000 817.92419434    5288.54882812   1468.01147461   
0.30200    1025283.62500000 642640.56250000 1612164.37500000 816.10644531    5269.69628906   1456.81860352   
0.30300    1008185.75000000 631681.06250000 1584762.62500000 814.39477539    5256.65039062   1448.68725586   
0.30400    991348.12500000 620912.93750000 1557820.75000000 812.77520752    5248.79736328   1443.27758789   
0.30500    974762.62500000 610298.06250000 1531258.62500000 811.23419189    5244.51611328   1439.71704102   
0.30600    958447.25000000 599859.12500000 1505121.62500000 809.79718018    5245.87060547   1439.38525391   
0.30700    942426.12500000 589616.75000000 1479475.00000000 808.46331787    5253.52832031   1443.24145508   
0.30800    926641.06250000 579518.25000000 1454192.75000000 807.21209717    5265.79199219   1449.35681152   
0.30900    911140.87500000 569608.81250000 1429369.62500000 806.06744385    5284.41015625   1459.67541504   
0.31000    895885.06250000 559861.75000000 1404953.00000000 805.01153564    5308.21240234   1473.33447266   
0.31100    880882.75000000 550266.81250000 1380921.25000000 804.04907227    5338.49560547   1490.71997070   
0.31200    866145.81250000 540850.87500000 1357313.50000000 803.17407227    5374.50585938   1512.01477051   
0.31300    851673.31250000 531589.00000000 1334113.25000000 802.38513184    5416.70605469   1537.38732910   
0.31400    837468.56250000 522503.53125000 1311348.00000000 801.68243408    5465.67041016   1567.30114746   
0.31500    823494.87500000 513554.28125000 1288953.25000000 801.05902100    5519.91601562   1600.69482422   
0.31600    809790.12500000 504778.34375000 1266961.87500000 800.51684570    5581.12402344   1639.15783691   
0.31700    796335.75000000 496161.34375000 1245386.37500000 800.04766846    5648.77050781   1682.11962891   
0.31800    783118.00000000 487685.78125000 1224177.75000000 799.63879395    5721.26074219   1728.23059082   
0.31900    770192.37500000 479383.34375000 1203409.75000000 799.31512451    5802.45214844   1780.65515137   
0.32000    757494.37500000 471230.87500000 1183011.37500000 799.04351807    5888.49853516   1836.86584473   
0.32100    745043.75000000 463219.28125000 1162983.37500000 798.82891846    5980.98974609   1897.57580566   
0.32200    732861.43750000 455381.93750000 1143391.62500000 798.67065430    6080.14111328   1963.55847168   
0.32300    720896.62500000 447665.18750000 1124118.87500000 798.54620361    6184.53613281   2033.24462891   
0.32400    709186.93750000 440109.00000000 1105258.37500000 798.47119141    6294.96582031   2107.94433594   
0.32500    697711.93750000 432699.34375000 1086769.87500000 798.43115234    6411.21875000   2186.71264648   
0.32600    686486.75000000 425437.75000000 1068661.87500000 798.41674805    6533.65527344   2270.48144531   
0.32700    675510.81250000 418323.75000000 1050946.12500000 798.44445801    6661.73388672   2358.81787109   
0.32800    664795.87500000 411367.03125000 1033619.25000000 798.48846436    6795.88281250   2452.22070312   
0.32900    654284.75000000 404535.53125000 1016629.37500000 798.54144287    6934.50195312   2549.13525391   
0.33000    644034.56250000 397863.18750000 1000044.18750000 798.62023926    7079.15917969   2651.01513672   
0.33100    633974.25000000 391302.59375000 983738.93750000 798.68231201    7227.26953125   2756.11987305   
0.33200    624213.62500000 384922.75000000 967917.31250000 798.77044678    7382.50244141   2867.11279297   
0.33300    614650.68750000 378657.81250000 952389.62500000 798.84429932    7540.85742188   2981.04638672   
0.33400    605323.93750000 372541.71875000 937247.43750000 798.91076660    7704.50732422   3099.36328125   
0.33500    596211.81250000 366553.03125000 922421.31250000 798.95764160    7871.87011719   3221.39282227   
0.33600    587325.81250000 360704.59375000 907962.18750000 798.98504639    8042.98632812   3346.85693359   
0.33700    578660.75000000 354986.12500000 893843.87500000 798.99530029    8218.40234375   3476.42651367   
0.33800    570230.31250000 349413.37500000 880103.62500000 798.97973633    8397.67871094   3609.44946289   
0.33900    561988.56250000 343950.50000000 866634.81250000 798.92547607    8579.73242188   3745.49145508   
0.34000    553971.75000000 338626.15625000 853540.06250000 798.84332275    8764.97558594   3884.71508789   
0.34100    546166.50000000 333433.87500000 840769.43750000 798.71435547    8953.22558594   4027.19409180   
0.34200    538604.81250000 328383.00000000 828379.75000000 798.56420898    9145.23730469   4173.45703125   
0.34300    531203.37500000 323434.59375000 816242.68750000 798.34332275    9338.43554688   4321.48046875   
0.34400    524047.53125000 318634.50000000 804493.37500000 798.08843994    9535.03906250   4473.12255859   
0.34500    517064.62500000 313943.93750000 793018.25000000 797.78009033    9733.14550781   4626.58886719   
0.34600    510310.28125000 309397.62500000 781913.87500000 797.42797852    9933.83398438   4783.30957031   
0.34700    503710.96875000 304935.93750000 771039.43750000 796.99914551    10134.91601562  4941.03564453   
0.34800    497321.81250000 300612.21875000 760515.75000000 796.51910400    10337.66699219  5101.10546875   
0.34900    491126.75000000 296406.87500000 750278.12500000 795.97790527    10542.12890625  5263.72607422   
0.35000    485108.75000000 292314.75000000 740338.75000000 795.37713623    10746.75781250  5427.35546875   
0.35100    479302.15625000 288352.06250000 730737.25000000 794.71185303    10953.38281250  5593.49316406   
0.35200    473626.93750000 284470.03125000 721339.62500000 793.97442627    11159.15039062  5759.96142578   
0.35300    468144.65625000 280713.15625000 712244.87500000 793.16748047    11365.24902344  5927.69140625   
0.35400    462849.87500000 277074.62500000 703472.25000000 792.29956055    11572.22363281  6097.20556641   
0.35500    457720.65625000 273537.28125000 694943.68750000 791.35760498    11778.73730469  6267.17968750   
0.35600    452741.00000000 270095.50000000 686660.43750000 790.34069824    11984.51269531  6437.87890625   
0.35700    447938.31250000 266764.53125000 678663.68750000 789.25823975    12190.20019531  6609.32910156   
0.35800    443298.87500000 263541.28125000 670931.18750000 788.10791016    12395.25781250  6781.43457031   
0.35900    438813.15625000 260418.09375000 663458.93750000 786.88488770    12599.68847656  6953.70312500   
0.36000    434503.46875000 257403.59375000 656256.06250000 785.58905029    12803.34960938  7126.63037109   
0.36100    430316.00000000 254467.84375000 649250.00000000 784.21771240    13005.02734375  7298.92138672   
0.36200    426323.53125000 251661.50000000 642562.31250000 782.79089355    13206.87500000  7472.34179688   
0.36300    422423.75000000 248913.39062500 636035.43750000 781.27252197    13405.54394531  7644.14990234   
0.36400    418673.09375000 246263.60937500 629745.06250000 779.68585205    13602.76269531  7815.58300781   
0.36500    415060.00000000 243703.59375000 623681.18750000 778.02606201    13798.27441406  7986.55273438   
0.36600    411615.78125000 241249.46875000 617887.18750000 776.31658936    13992.82714844  8157.71826172   
0.36700    408260.78125000 238860.68750000 612252.93750000 774.51397705    14183.87597656  8326.85449219   
0.36800    405090.00000000 236590.67187500 606916.06250000 772.66815186    14374.75488281  8496.72851562   
0.36900    402036.93750000 234394.35937500 601757.87500000 770.74865723    14562.86718750  8665.24609375   
0.37000    399058.43750000 232253.81250000 596745.06250000 768.73767090    14746.76074219  8831.00488281   
0.37100    396218.50000000 230200.89062500 591947.25000000 766.67431641    14928.76269531  8996.07910156   
0.37200    393529.53125000 228251.26562500 587401.50000000 764.55334473    15109.23828125  9160.70507812   
0.37300    390927.00000000 226358.26562500 582991.93750000 762.35064697    15286.01074219  9322.79687500   
0.37400    388460.09375000 224553.79687500 578810.25000000 760.10424805    15460.68750000  9484.05664062   
0.37500    386104.34375000 222821.78125000 574808.56250000 757.79071045    15632.68847656  9643.74121094   
0.37600    383853.37500000 221164.78125000 570991.18750000 755.41137695    15801.01855469  9801.00585938   
0.37700    381685.25000000 219564.48437500 567304.00000000 752.96282959    15966.13378906  9956.09667969   
0.37800    379641.09375000 218043.46875000 563820.75000000 750.46496582    16128.67773438  10109.73144531  
0.37900    377716.62500000 216604.57812500 560538.37500000 747.91082764    16288.23242188  10261.48339844  
0.38000    375864.18750000 215214.68750000 557371.43750000 745.28955078    16443.79687500  10410.40136719  
0.38100    374100.46875000 213881.57812500 554353.18750000 742.60607910    16595.69140625  10556.62695312  
0.38200    372446.68750000 212627.62500000 551523.75000000 739.87646484    16744.94531250  10701.22753906  
0.38300    370860.37500000 211416.21875000 548796.87500000 737.07489014    16889.61328125  10842.43652344  
0.38400    369396.93750000 210288.06250000 546275.62500000 734.23565674    17031.86718750  10981.89941406  
0.38500    367981.96875000 209193.67187500 543832.81250000 731.32812500    17169.21679688  11117.74121094  
0.38600    366689.37500000 208180.79687500 541594.50000000 728.37481689    17304.46484375  11251.91406250  
0.38700    365431.78125000 207196.21875000 539422.12500000 725.35510254    17434.13085938  11381.94824219  
0.38800    364269.90625000 206272.09375000 537404.50000000 722.28442383    17560.58398438  11509.33105469  
0.38900    363178.21875000 205393.12500000 535484.50000000 719.16156006    17682.60546875  11633.55078125  
0.39000    362190.28125000 204588.07812500 533759.75000000 715.99255371    17801.82226562  11755.24707031  
0.39100    361245.25000000 203811.68750000 532085.31250000 712.76721191    17916.57421875  11873.50585938  
0.39200    360382.18750000 203087.50000000 530563.56250000 709.48828125    18027.28320312  11988.35351562  
0.39300    359571.31250000 202400.81250000 529117.68750000 706.15411377    18133.50195312  12099.50683594  
0.39400    358862.25000000 201780.57812500 527834.87500000 702.78027344    18236.39843750  12208.26074219  
0.39500    358169.62500000 201173.50000000 526586.62500000 699.34008789    18333.99023438  12312.30175781  
0.39600    357545.75000000 200614.59375000 525450.75000000 695.85418701    18427.44921875  12413.11132812  
0.39700    356977.84375000 200088.59375000 524399.43750000 692.31243896    18516.44726562  12510.08984375  
0.39800    356487.12500000 199613.18750000 523474.31250000 688.73077393    18602.01367188  12603.92871094  
0.39900    356029.00000000 199159.93750000 522611.28125000 685.08789062    18682.25585938  12693.57910156  
0.40000    355624.03125000 198744.40625000 521818.62500000 681.39672852    18758.22070312  12779.48828125  
0.40100    355257.18750000 198354.09375000 521098.96875000 677.65283203    18829.26367188  12860.97363281  
0.40200    354958.56250000 198006.98437500 520479.03125000 673.86450195    18896.46679688  12939.24902344  
0.40300    354671.65625000 197670.90625000 519890.62500000 670.01757812    18957.94531250  13012.65332031  
0.40400    354445.90625000 197372.53125000 519394.25000000 666.12585449    19015.86523438  13082.63476562  
0.40500    354254.78125000 197092.89062500 518946.37500000 662.18548584    19068.33398438  13148.15332031  
0.40600    354122.06250000 196852.78125000 518592.65625000 658.20373535    19117.19335938  13210.23144531  
0.40700    354001.75000000 196622.15625000 518258.68750000 654.16461182    19160.41992188  13267.53906250  
0.40800    353912.96875000 196409.54687500 517969.31250000 650.07720947    19198.74218750  13320.49902344  
0.40900    353848.15625000 196215.54687500 517726.31250000 645.93908691    19232.10546875  13369.12011719  
0.41000    353837.06250000 196050.85937500 517564.46875000 641.77081299    19261.47265625  13414.17675781  
0.41100    353833.96875000 195891.67187500 517407.46875000 637.54559326    19285.21484375  13454.22167969  
0.41200    353843.15625000 195741.43750000 517269.28125000 633.26611328    19303.84179688  13489.61523438  
0.41300    353894.15625000 195617.20312500 517198.65625000 628.95349121    19318.30859375  13521.41406250  
0.41400    353949.65625000 195491.37500000 517119.50000000 624.59692383    19327.22656250  13548.31445312  
0.41500    354038.93750000 195390.07812500 517105.81250000 620.19561768    19331.69531250  13571.22949219  
0.41600    354108.31250000 195271.78125000 517051.90625000 615.74554443    19330.21875000  13588.75781250  
0.41700    354223.00000000 195183.48437500 517070.18750000 611.26849365    19324.75000000  13602.87597656  
0.41800    354366.87500000 195112.42187500 517126.75000000 606.75787354    19314.93554688  13613.00683594  
0.41900    354453.53125000 195002.10937500 517086.53125000 602.18518066    19297.85351562  13616.81738281  
0.42000    354591.03125000 194925.65625000 517130.12500000 597.59820557    19277.55078125  13617.67089844  
0.42100    354742.34375000 194855.50000000 517191.03125000 592.97851562    19252.49804688  13614.44433594  
0.42200    354890.87500000 194781.26562500 517241.40625000 588.32220459    19222.31835938  13606.61523438  
0.42300    355018.71875000 194693.51562500 517254.78125000 583.63073730    19186.62890625  13593.85937500  
0.42400    355156.34375000 194610.71875000 517283.09375000 578.91693115    19146.24804688  13576.95996094  
0.42500    355294.78125000 194524.65625000 517306.68750000 574.17651367    19101.24414062  13556.03808594  
0.42600    355411.28125000 194422.29687500 517288.40625000 569.40905762    19050.89453125  13530.55957031  
0.42700    355550.71875000 194336.29687500 517301.34375000 564.63031006    18996.88085938  13501.54589844  
0.42800    355658.00000000 194228.65625000 517263.84375000 559.83087158    18937.43164062  13467.93750000  
0.42900    355791.87500000 194131.43750000 517255.84375000 555.02087402    18874.03125000  13431.00292969  
0.43000    355893.03125000 194013.62500000 517196.65625000 550.19458008    18805.81445312  13389.58789062  
0.43100    355952.50000000 193871.26562500 517074.84375000 545.34643555    18731.88867188  13343.57910156  
0.43200    356041.81250000 193744.39062500 516983.12500000 540.50653076    18655.16406250  13294.81933594  
0.43300    356088.25000000 193590.62500000 516823.34375000 535.66064453    18573.19531250  13241.65722656  
0.43400    356130.15625000 193431.07812500 516659.62500000 530.80895996    18487.14843750  13184.91210938  
0.43500    356143.03125000 193253.06250000 516442.25000000 525.96734619    18396.81640625  13124.60058594  
0.43600    356175.56250000 193080.62500000 516245.46875000 521.13842773    18303.56835938  13061.61132812  
0.43700    356147.84375000 192875.75000000 515958.62500000 516.31341553    18205.25000000  12994.26074219  
0.43800    356092.09375000 192653.03125000 515623.00000000 511.49807739    18102.79101562  12923.60742188  
0.43900    356037.78125000 192425.20312500 515275.28125000 506.70361328    17997.44335938  12850.22070312  
0.44000    355955.68750000 192183.23437500 514895.50000000 501.92926025    17888.05468750  12773.77734375  
0.44100    355847.34375000 191922.96875000 514463.84375000 497.18548584    17775.32226562  12694.26757812  
0.44200    355721.78125000 191648.89062500 513997.59375000 492.46469116    17659.44335938  12612.13964844  
0.44300    355570.68750000 191359.57812500 513495.53125000 487.78140259    17540.20507812  12527.30078125  
0.44400    355397.59375000 191058.31250000 512950.53125000 483.13555908    17418.30078125  12440.18554688  
0.44500    355157.65625000 190713.40625000 512303.40625000 478.51266479    17292.15429688  12349.56933594  
0.44600    354909.59375000 190362.76562500 511640.15625000 473.94558716    17163.73437500  12257.19042969  
0.44700    354658.68750000 190010.01562500 510960.93750000 469.42956543    17033.35546875  12163.00390625  
0.44800    354352.28125000 189619.75000000 510196.71875000 464.95776367    16899.77148438  12066.31152344  
0.44900    354040.78125000 189233.57812500 509431.65625000 460.54827881    16764.69531250  11968.48535156  
0.45000    353706.56250000 188830.28125000 508622.15625000 456.20166016    16627.73632812  11869.02734375  
0.45100    353304.78125000 188387.15625000 507708.96875000 451.90280151    16487.30468750  11766.91992188  
0.45200    352905.81250000 187941.82812500 506797.56250000 447.67901611    16346.00878906  11664.20800781  
0.45300    352459.53125000 187470.79687500 505802.37500000 443.52056885    16202.82031250  11559.95605469  
0.45400    351995.84375000 186990.71875000 504794.12500000 439.43426514    16058.06347656  11454.60449219  
0.45500    351505.31250000 186495.68750000 503740.31250000 435.43179321    15912.38964844  11348.62207031  
0.45600    350976.40625000 185977.25000000 502621.93750000 431.49798584    15765.02734375  11241.28027344  
0.45700    350430.28125000 185449.98437500 501474.65625000 427.65667725    15617.17871094  11133.69531250  
0.45800    349843.50000000 184897.96875000 500265.56250000 423.89263916    15468.40820312  11025.52636719  
0.45900    349229.40625000 184332.12500000 499018.43750000 420.21942139    15318.54003906  10916.66308594  
0.46000    348619.12500000 183772.00000000 497774.43750000 416.64523315    15169.75097656  10808.73828125  
0.46100    347928.21875000 183162.40625000 496409.87500000 413.14596558    15018.65527344  10699.15136719  
0.46200    347259.56250000 182570.35937500 495079.15625000 409.75613403    14868.99316406  10590.87304688  
0.46300    346542.12500000 181949.78125000 493676.87500000 406.46310425    14718.84863281  10482.33203125  
0.46400    345793.68750000 181313.07812500 492226.31250000 403.27023315    14568.76367188  10374.17773438  
0.46500    345041.25000000 180678.90625000 490772.50000000 400.17898560    14419.62304688  10266.90820312  
0.46600    344252.90625000 180023.26562500 489259.50000000 397.19143677    14270.53222656  10160.11425781  
0.46700    343424.15625000 179347.32812500 487694.18750000 394.29934692    14121.84960938  10053.58789062  
0.46800    342615.59375000 178686.64062500 486168.56250000 391.52987671    13975.25488281  9949.04687500   
0.46900    341746.84375000 177993.95312500 484539.56250000 388.86178589    13828.60839844  9844.68945312   
0.47000    340866.46875000 177297.14062500 482905.12500000 386.29977417    13683.30371094  9741.57128906   
0.47100    339975.06250000 176597.23437500 481257.18750000 383.85238647    13539.66992188  9640.23535156   
0.47200    339060.81250000 175888.81250000 479576.78125000 381.51538086    13397.47656250  9540.17382812   
0.47300    338138.09375000 175182.31250000 477897.59375000 379.28945923    13257.15820312  9441.97460938   
0.47400    337168.68750000 174449.60937500 476137.53125000 377.16522217    13117.47753906  9344.51464844   
0.47500    336207.15625000 173723.93750000 474402.53125000 375.16363525    12980.56835938  9249.49511719   
0.47600    335250.43750000 173009.59375000 472678.65625000 373.27694702    12846.36523438  9156.91308594   
0.47700    334224.34375000 172257.34375000 470853.09375000 371.48492432    12712.31445312  9064.83984375   
0.47800    333218.09375000 171521.25000000 469067.09375000 369.80972290    12581.64160156  8975.65625000   
0.47900    332214.68750000 170793.78125000 467291.96875000 368.25280762    12453.72949219  8888.93164062   
0.48000    331162.53125000 170044.43750000 465453.59375000 366.79409790    12327.13574219  8803.64160156   
0.48100    330150.50000000 169324.25000000 463677.81250000 365.45880127    12204.59082031  8721.76757812   
0.48200    329062.12500000 168561.95312500 461796.46875000 364.20129395    12082.30078125  8640.47167969   
0.48300    327991.65625000 167817.09375000 459942.96875000 363.06716919    11963.73730469  8562.34472656   
0.48400    326927.90625000 167080.73437500 458111.03125000 362.03082275    11848.23535156  8487.04589844   
0.48500    325843.43750000 166343.67187500 456259.31250000 361.09744263    11735.19140625  8413.89941406   
0.48600    324771.15625000 165617.48437500 454432.71875000 360.26849365    11625.52539062  8343.77441406   
0.48700    323678.87500000 164887.32812500 452588.78125000 359.52960205    11518.27832031  8275.81640625   
0.48800    322563.53125000 164148.29687500 450709.12500000 358.88125610    11413.26660156  8209.95214844   
0.48900    321459.87500000 163422.70312500 448863.59375000 358.32598877    11311.54980469  8147.00585938   
0.49000    320360.40625000 162707.62500000 447029.78125000 357.86648560    11213.33007812  8087.01074219   
0.49100    319267.12500000 162007.10937500 445219.15625000 357.49798584    11118.29589844  8029.95947266   
0.49200    318150.75000000 161293.42187500 443382.00000000 357.20166016    11025.41210938  7974.81835938   
0.49300    317042.34375000 160597.00000000 441566.59375000 356.99258423    10936.10156250  7922.76660156   
0.49400    315935.53125000 159906.26562500 439761.56250000 356.86560059    10849.65039062  7873.28955078   
0.49500    314820.21875000 159218.95312500 437956.28125000 356.80599976    10766.09863281  7826.31250000   
0.49600    313723.87500000 158552.43750000 436195.15625000 356.83129883    10686.10742188  7782.44482422   
0.49700    312609.78125000 157880.96875000 434410.93750000 356.91152954    10608.36035156  7740.62060547   
0.49800    311512.28125000 157228.42187500 432669.37500000 357.06494141    10534.25488281  7701.85693359   
0.49900    310400.56250000 156571.31250000 430906.62500000 357.27285767    10462.19531250  7665.04394531   
0.50000    309306.28125000 155937.81250000 429192.62500000 357.55102539    10393.84179688  7631.32910156   
