# SAXS profile: number of points = 501, q_min = 0, q_max = 0.5, delta_q = 0.001
#    q    intensity 
0.00000    162232160.00000000 101202320.00000000 256270032.00000000 112070.43750000 8528102.00000000 6735503.00000000 
0.00100    162193456.00000000 101175328.00000000 256201440.00000000 112033.35156250 8525550.00000000 6733479.00000000 
0.00200    162069584.00000000 101095456.00000000 256001984.00000000 111920.86718750 8517840.00000000 6727436.00000000 
0.00300    161860080.00000000 100963672.00000000 255663904.00000000 111735.35937500 8505058.00000000 6717356.50000000 
0.00400    161558368.00000000 100778720.00000000 255191728.00000000 111475.00000000 8487196.00000000 6703276.50000000 
0.00500    161170016.00000000 100540032.00000000 254586304.00000000 111142.23437500 8464233.00000000 6685325.50000000 
0.00600    160700752.00000000 100249936.00000000 253850416.00000000 110736.10937500 8436312.00000000 6663357.00000000 
0.00700    160142096.00000000 99910080.00000000 252983888.00000000 110258.93750000 8403484.00000000 6637531.50000000 
0.00800    159504160.00000000 99520184.00000000 251986576.00000000 109711.54687500 8365750.50000000 6607905.00000000 
0.00900    158790352.00000000 99080072.00000000 250861648.00000000 109095.30468750 8323212.50000000 6574502.00000000 
0.01000    157996752.00000000 98589872.00000000 249614544.00000000 108411.04687500 8276088.50000000 6537407.50000000 
0.01100    157124224.00000000 98051816.00000000 248241200.00000000 107661.39843750 8224270.50000000 6496736.50000000 
0.01200    156172288.00000000 97465720.00000000 246750000.00000000 106847.29687500 8168059.50000000 6452533.50000000 
0.01300    155146432.00000000 96833024.00000000 245140816.00000000 105970.19531250 8107419.50000000 6404904.50000000 
0.01400    154048448.00000000 96156872.00000000 243417328.00000000 105033.27343750 8042570.00000000 6353884.00000000 
0.01500    152881968.00000000 95437552.00000000 241581872.00000000 104037.68750000 7973616.00000000 6299676.50000000 
0.01600    151643488.00000000 94675200.00000000 239639984.00000000 102987.74218750 7900686.50000000 6242398.00000000 
0.01700    150338656.00000000 93871800.00000000 237593360.00000000 101882.45312500 7824002.50000000 6182088.00000000 
0.01800    148973360.00000000 93029008.00000000 235445968.00000000 100727.00781250 7743681.50000000 6118859.50000000 
0.01900    147543392.00000000 92147384.00000000 233200080.00000000 99522.39843750  7659781.50000000 6052927.50000000 
0.02000    146054688.00000000 91230400.00000000 230865200.00000000 98272.42187500  7572628.00000000 5984389.00000000 
0.02100    144511200.00000000 90277064.00000000 228437648.00000000 96978.97656250  7482316.00000000 5913308.50000000 
0.02200    142913408.00000000 89291072.00000000 225927824.00000000 95644.05468750  7388996.00000000 5839969.00000000 
0.02300    141265120.00000000 88273616.00000000 223336560.00000000 94273.17187500  7292914.00000000 5764374.00000000 
0.02400    139568288.00000000 87226360.00000000 220671056.00000000 92865.79687500  7194226.00000000 5686757.50000000 
0.02500    137827504.00000000 86150608.00000000 217934128.00000000 91428.15625000  7093119.50000000 5607206.00000000 
0.02600    136044432.00000000 85049320.00000000 215131840.00000000 89960.50000000  6989785.00000000 5525886.00000000 
0.02700    134220944.00000000 83923288.00000000 212265616.00000000 88466.47656250  6884404.00000000 5442927.00000000 
0.02800    132363432.00000000 82774584.00000000 209343392.00000000 86949.36718750  6777171.00000000 5358522.50000000 
0.02900    130471264.00000000 81605608.00000000 206368816.00000000 85411.61718750  6668260.50000000 5272809.50000000 
0.03000    128549600.00000000 80416328.00000000 203346544.00000000 83857.21093750  6557929.00000000 5185918.50000000 
0.03100    126600712.00000000 79210968.00000000 200280480.00000000 82288.10156250  6446294.00000000 5098051.50000000 
0.03200    124628176.00000000 77990840.00000000 197178240.00000000 80706.46093750  6333531.50000000 5009236.00000000 
0.03300    122635240.00000000 76757448.00000000 194041792.00000000 79116.32812500  6219924.50000000 4919813.00000000 
0.03400    120622896.00000000 75512344.00000000 190874896.00000000 77519.31250000  6105549.50000000 4829744.50000000 
0.03500    118597296.00000000 74257784.00000000 187686976.00000000 75919.28125000  5990736.50000000 4739226.00000000 
0.03600    116558560.00000000 72994536.00000000 184476560.00000000 74318.11718750  5875464.50000000 4648427.50000000 
0.03700    114511672.00000000 71725104.00000000 181253120.00000000 72717.89843750  5760060.50000000 4557496.50000000 
0.03800    112458392.00000000 70452128.00000000 178020080.00000000 71121.34375000  5644585.00000000 4466445.00000000 
0.03900    110401392.00000000 69176320.00000000 174779360.00000000 69530.84375000  5529261.50000000 4375541.50000000 
0.04000    108344288.00000000 67899264.00000000 171536784.00000000 67948.78125000  5414223.50000000 4284859.00000000 
0.04100    106288120.00000000 66623352.00000000 168297872.00000000 66378.07031250  5299664.00000000 4194548.00000000 
0.04200    104237648.00000000 65350200.00000000 165067264.00000000 64819.30859375  5185765.50000000 4104684.50000000 
0.04300    102194200.00000000 64080524.00000000 161844752.00000000 63274.75781250  5072545.50000000 4015394.00000000 
0.04400    100160528.00000000 62816468.00000000 158638032.00000000 61746.85156250  4960216.00000000 3926768.50000000 
0.04500    98138936.00000000 61559560.00000000 155448848.00000000 60237.11718750  4848939.00000000 3838962.00000000 
0.04600    96131424.00000000 60310860.00000000 152282192.00000000 58747.31640625  4738765.50000000 3752015.00000000 
0.04700    94139888.00000000 59072120.00000000 149141168.00000000 57278.27734375  4629825.00000000 3666042.25000000 
0.04800    92166872.00000000 57844276.00000000 146029648.00000000 55831.92187500  4522277.50000000 3581157.00000000 
0.04900    90214624.00000000 56628684.00000000 142947440.00000000 54409.39453125  4416162.50000000 3497372.75000000 
0.05000    88284712.00000000 55426264.00000000 139901360.00000000 53012.21875000  4311619.50000000 3414819.75000000 
0.05100    86379048.00000000 54238928.00000000 136893040.00000000 51640.29687500  4208770.00000000 3333539.25000000 
0.05200    84499672.00000000 53066760.00000000 133924872.00000000 50295.82421875  4107549.25000000 3253632.75000000 
0.05300    82646312.00000000 51911748.00000000 130999720.00000000 48978.41406250  4008166.75000000 3175091.25000000 
0.05400    80822960.00000000 50774084.00000000 128117984.00000000 47690.02343750  3910634.00000000 3098014.50000000 
0.05500    79029880.00000000 49655036.00000000 125284832.00000000 46430.60937500  3815034.25000000 3022452.50000000 
0.05600    77268120.00000000 48555096.00000000 122500072.00000000 45199.77343750  3721385.00000000 2948425.75000000 
0.05700    75537944.00000000 47475044.00000000 119767192.00000000 43999.27734375  3629735.50000000 2875973.75000000 
0.05800    73841912.00000000 46415680.00000000 117086144.00000000 42828.86328125  3540134.50000000 2805129.00000000 
0.05900    72180576.00000000 45377256.00000000 114458880.00000000 41688.27343750  3452611.25000000 2735914.00000000 
0.06000    70555168.00000000 44361012.00000000 111888264.00000000 40578.14453125  3367186.25000000 2668344.00000000 
0.06100    68964680.00000000 43366740.00000000 109372848.00000000 39498.52343750  3283877.50000000 2602455.50000000 
0.06200    67411872.00000000 42395312.00000000 106915896.00000000 38448.65234375  3202717.25000000 2538209.75000000 
0.06300    65895400.00000000 41446260.00000000 104517472.00000000 37429.09765625  3123663.00000000 2475654.25000000 
0.06400    64416352.00000000 40520732.00000000 102177480.00000000 36438.79296875  3046734.00000000 2414780.00000000 
0.06500    62975232.00000000 39618756.00000000 99896448.00000000 35478.35546875  2971922.75000000 2355605.00000000 
0.06600    61572288.00000000 38740256.00000000 97677096.00000000 34546.52343750  2899214.00000000 2298050.00000000 
0.06700    60207380.00000000 37885216.00000000 95515960.00000000 33643.63281250  2828645.50000000 2242190.50000000 
0.06800    58880068.00000000 37054604.00000000 93416336.00000000 32768.24218750  2760122.50000000 2187920.50000000 
0.06900    57591264.00000000 36247532.00000000 91376160.00000000 31920.93750000  2693656.00000000 2135307.75000000 
0.07000    56340376.00000000 35463700.00000000 89396448.00000000 31100.43750000  2629222.25000000 2084296.12500000 
0.07100    55127428.00000000 34703696.00000000 87475712.00000000 30306.02148438  2566764.00000000 2034854.75000000 
0.07200    53951492.00000000 33967020.00000000 85614560.00000000 29537.38867188  2506248.75000000 1986959.25000000 
0.07300    52813152.00000000 33254094.00000000 83812720.00000000 28793.97070312  2447698.25000000 1940556.75000000 
0.07400    51710956.00000000 32563752.00000000 82068008.00000000 28074.50390625  2390978.25000000 1895659.75000000 
0.07500    50645100.00000000 31896054.00000000 80380480.00000000 27378.56054688  2336090.00000000 1852201.75000000 
0.07600    49614936.00000000 31250824.00000000 78750000.00000000 26705.41406250  2283019.75000000 1810158.12500000 
0.07700    48619768.00000000 30627726.00000000 77175200.00000000 26054.20898438  2231670.25000000 1769499.12500000 
0.07800    47658892.00000000 30026438.00000000 75654328.00000000 25424.23437500  2182009.00000000 1730178.12500000 
0.07900    46731268.00000000 29446236.00000000 74187584.00000000 24814.78710938  2133965.75000000 1692137.37500000 
0.08000    45837040.00000000 28886640.00000000 72772432.00000000 24225.06835938  2087510.25000000 1655364.37500000 
0.08100    44974404.00000000 28347638.00000000 71408672.00000000 23654.21679688  2042606.12500000 1619799.87500000 
0.08200    44143504.00000000 27828594.00000000 70094680.00000000 23101.44140625  1999164.50000000 1585421.25000000 
0.08300    43342696.00000000 27328498.00000000 68829040.00000000 22566.22851562  1957132.87500000 1552175.37500000 
0.08400    42572128.00000000 26847452.00000000 67610808.00000000 22047.80273438  1916513.25000000 1519996.12500000 
0.08500    41829560.00000000 26384690.00000000 66438996.00000000 21545.05468750  1877169.87500000 1488878.25000000 
0.08600    41114692.00000000 25939452.00000000 65310580.00000000 21057.88281250  1839100.50000000 1458766.87500000 
0.08700    40427100.00000000 25510998.00000000 64225556.00000000 20585.16210938  1802258.75000000 1429619.50000000 
0.08800    39765752.00000000 25099608.00000000 63181552.00000000 20126.44531250  1766568.37500000 1401375.25000000 
0.08900    39128560.00000000 24703902.00000000 62177148.00000000 19681.00976562  1731970.00000000 1374025.75000000 
0.09000    38515804.00000000 24323650.00000000 61211756.00000000 19248.26757812  1698445.37500000 1347516.37500000 
0.09100    37925956.00000000 23957962.00000000 60282696.00000000 18827.76757812  1665913.75000000 1321800.62500000 
0.09200    37358424.00000000 23606420.00000000 59389244.00000000 18418.48828125  1634350.00000000 1296846.50000000 
0.09300    36811568.00000000 23268612.00000000 58529356.00000000 18020.60742188  1603705.00000000 1272623.75000000 
0.09400    36285464.00000000 22943456.00000000 57701756.00000000 17633.01562500  1573926.00000000 1249091.37500000 
0.09500    35778072.00000000 22630644.00000000 56904984.00000000 17255.65039062  1544956.75000000 1226213.75000000 
0.09600    35288964.00000000 22329690.00000000 56137380.00000000 16887.75976562  1516777.37500000 1203948.12500000 
0.09700    34817492.00000000 22039928.00000000 55397568.00000000 16528.91796875  1489343.25000000 1182280.87500000 
0.09800    34362480.00000000 21760506.00000000 54684292.00000000 16178.91503906  1462614.62500000 1161170.75000000 
0.09900    33923036.00000000 21491332.00000000 53995928.00000000 15837.38671875  1436548.12500000 1140589.75000000 
0.10000    33497998.00000000 21231334.00000000 53331172.00000000 15503.70703125  1411108.00000000 1120502.37500000 
0.10100    33087022.00000000 20980214.00000000 52688012.00000000 15177.67089844  1386261.62500000 1100891.12500000 
0.10200    32689142.00000000 20737480.00000000 52066356.00000000 14859.02539062  1361980.87500000 1081713.75000000 
0.10300    32302994.00000000 20502622.00000000 51463896.00000000 14547.50097656  1338226.12500000 1062965.87500000 
0.10400    31928704.00000000 20275038.00000000 50879620.00000000 14242.55078125  1314982.37500000 1044611.00000000 
0.10500    31564974.00000000 20054090.00000000 50312608.00000000 13944.38378906  1292218.12500000 1026638.37500000 
0.10600    31211068.00000000 19839432.00000000 49760768.00000000 13652.36425781  1269898.87500000 1009018.87500000 
0.10700    30866374.00000000 19630834.00000000 49224296.00000000 13366.51953125  1248015.37500000 991739.62500000 
0.10800    30530078.00000000 19427474.00000000 48700684.00000000 13086.62695312  1226533.25000000 974775.31250000 
0.10900    30201764.00000000 19229000.00000000 48189772.00000000 12812.34472656  1205428.00000000 958105.81250000 
0.11000    29880424.00000000 19035160.00000000 47690524.00000000 12543.69628906  1184684.62500000 941732.31250000 
0.11100    29565902.00000000 18845526.00000000 47201536.00000000 12280.42675781  1164296.00000000 925617.50000000 
0.11200    29257238.00000000 18659270.00000000 46721828.00000000 12022.37890625  1144241.00000000 909773.43750000 
0.11300    28954188.00000000 18476724.00000000 46250828.00000000 11769.41503906  1124498.00000000 894170.00000000 
0.11400    28655982.00000000 18297272.00000000 45787864.00000000 11521.42382812  1105047.87500000 878802.00000000 
0.11500    28362264.00000000 18120242.00000000 45331384.00000000 11278.22265625  1085893.62500000 863652.00000000 
0.11600    28072396.00000000 17945998.00000000 44881252.00000000 11039.89746094  1067007.50000000 848723.31250000 
0.11700    27786108.00000000 17773480.00000000 44436476.00000000 10806.26269531  1048397.81250000 833995.56250000 
0.11800    27502688.00000000 17602934.00000000 43996256.00000000 10577.01464844  1030035.93750000 819459.31250000 
0.11900    27222314.00000000 17433960.00000000 43560620.00000000 10352.16406250  1011915.31250000 805127.56250000 
0.12000    26944284.00000000 17266138.00000000 43128004.00000000 10131.72070312  994026.37500000 790964.31250000 
0.12100    26668210.00000000 17099492.00000000 42699232.00000000 9915.51367188   976379.50000000 776989.00000000 
0.12200    26393974.00000000 16933786.00000000 42272244.00000000 9703.52539062   958958.18750000 763178.93750000 
0.12300    26121230.00000000 16768655.00000000 41847016.00000000 9495.60058594   941748.87500000 749540.06250000 
0.12400    25849248.00000000 16604083.00000000 41423912.00000000 9291.67285156   924751.50000000 736064.31250000 
0.12500    25578488.00000000 16439638.00000000 41001716.00000000 9091.54687500   907964.43750000 722746.50000000 
0.12600    25308412.00000000 16275663.00000000 40580368.00000000 8895.46386719   891384.12500000 709586.00000000 
0.12700    25038818.00000000 16111592.00000000 40159188.00000000 8703.10156250   874999.81250000 696576.00000000 
0.12800    24769436.00000000 15947452.00000000 39738368.00000000 8514.36328125   858811.56250000 683725.93750000 
0.12900    24500520.00000000 15783113.00000000 39317524.00000000 8329.25488281   842813.25000000 671016.31250000 
0.13000    24231578.00000000 15618527.00000000 38896620.00000000 8147.67529297   827011.81250000 658460.00000000 
0.13100    23962514.00000000 15453594.00000000 38474932.00000000 7969.49218750   811400.56250000 646045.87500000 
0.13200    23693114.00000000 15288321.00000000 38052920.00000000 7794.78320312   795958.62500000 633772.06250000 
0.13300    23423834.00000000 15122590.00000000 37630052.00000000 7623.41650391   780716.56250000 621651.56250000 
0.13400    23154234.00000000 14956245.00000000 37206304.00000000 7455.18945312   765652.81250000 609660.50000000 
0.13500    22883980.00000000 14789422.00000000 36781376.00000000 7290.17822266   750773.81250000 597816.43750000 
0.13600    22613684.00000000 14621994.00000000 36355568.00000000 7128.28515625   736076.25000000 586113.31250000 
0.13700    22342906.00000000 14454084.00000000 35928968.00000000 6969.42675781   721554.50000000 574543.81250000 
0.13800    22071658.00000000 14285543.00000000 35500928.00000000 6813.47119141   707209.56250000 563119.18750000 
0.13900    21800020.00000000 14116364.00000000 35072164.00000000 6660.50048828   693051.12500000 551829.75000000 
0.14000    21527944.00000000 13946739.00000000 34642344.00000000 6510.33593750   679064.37500000 540683.18750000 
0.14100    21255846.00000000 13776500.00000000 34211860.00000000 6363.00292969   665256.31250000 529673.25000000 
0.14200    20983132.00000000 13605815.00000000 33780352.00000000 6218.30371094   651620.31250000 518799.53125000 
0.14300    20710398.00000000 13434747.00000000 33348126.00000000 6076.33496094   638165.62500000 508067.18750000 
0.14400    20437392.00000000 13263064.00000000 32914842.00000000 5936.93505859   624881.37500000 497467.53125000 
0.14500    20164060.00000000 13091085.00000000 32481530.00000000 5800.15380859   611779.12500000 487006.21875000 
0.14600    19891412.00000000 12918880.00000000 32047696.00000000 5665.86181641   598852.25000000 476686.81250000 
0.14700    19618164.00000000 12746388.00000000 31613590.00000000 5534.06591797   586095.12500000 466506.56250000 
0.14800    19345080.00000000 12573659.00000000 31179188.00000000 5404.71630859   573516.50000000 456458.96875000 
0.14900    19072330.00000000 12400756.00000000 30745056.00000000 5277.79687500   561107.43750000 446551.50000000 
0.15000    18800046.00000000 12227897.00000000 30311038.00000000 5153.18310547   548880.18750000 436780.93750000 
0.15100    18528220.00000000 12055000.00000000 29877282.00000000 5030.91162109   536826.68750000 427147.65625000 
0.15200    18256840.00000000 11882331.00000000 29444184.00000000 4910.96386719   524946.06250000 417657.81250000 
0.15300    17986234.00000000 11709673.00000000 29012024.00000000 4793.36035156   513240.81250000 408304.03125000 
0.15400    17716444.00000000 11537383.00000000 28580606.00000000 4677.95800781   501705.81250000 399089.15625000 
0.15500    17447380.00000000 11365459.00000000 28150490.00000000 4564.81884766   490353.96875000 390012.81250000 
0.15600    17179392.00000000 11193806.00000000 27721652.00000000 4453.91308594   479167.21875000 381074.25000000 
0.15700    16912568.00000000 11022792.00000000 27294322.00000000 4345.23730469   468164.06250000 372275.06250000 
0.15800    16647219.00000000 10852300.00000000 26868820.00000000 4238.71582031   457325.62500000 363615.37500000 
0.15900    16382805.00000000 10682605.00000000 26445212.00000000 4134.44677734   446670.18750000 355092.71875000 
0.16000    16120051.00000000 10513570.00000000 26023810.00000000 4032.30151367   436186.40625000 346708.81250000 
0.16100    15858948.00000000 10345458.00000000 25604808.00000000 3932.38085938   425879.93750000 338466.84375000 
0.16200    15599524.00000000 10178254.00000000 25188388.00000000 3834.61376953   415744.18750000 330363.18750000 
0.16300    15341939.00000000 10011958.00000000 24774512.00000000 3738.98657227   405787.28125000 322398.21875000 
0.16400    15086265.00000000 9846883.00000000 24363716.00000000 3645.55151367   396003.46875000 314571.03125000 
0.16500    14832729.00000000 9682981.00000000 23955994.00000000 3554.25463867   386392.37500000 306883.00000000 
0.16600    14581248.00000000 9520353.00000000 23551740.00000000 3465.12646484   376955.56250000 299334.65625000 
0.16700    14332000.00000000 9358926.00000000 23150714.00000000 3378.11254883   367693.78125000 291920.62500000 
0.16800    14085263.00000000 9198946.00000000 22753252.00000000 3293.25585938   358603.43750000 284646.71875000 
0.16900    13840861.00000000 9040574.00000000 22359766.00000000 3210.54638672   349685.40625000 277513.25000000 
0.17000    13599199.00000000 8883649.00000000 21970312.00000000 3129.94458008   340941.96875000 270516.03125000 
0.17100    13359961.00000000 8728257.00000000 21584926.00000000 3051.46582031   332367.71875000 263653.34375000 
0.17200    13123468.00000000 8574521.00000000 21203628.00000000 2975.06445312   323962.34375000 256929.01562500 
0.17300    12889751.00000000 8422576.00000000 20826622.00000000 2900.77807617   315732.28125000 250337.56250000 
0.17400    12658926.00000000 8272416.00000000 20454366.00000000 2828.59082031   307670.53125000 243882.18750000 
0.17500    12430983.00000000 8124030.00000000 20086620.00000000 2758.41870117   299774.71875000 237563.79687500 
0.17600    12206112.00000000 7977449.50000000 19723734.00000000 2690.31982422   292043.34375000 231372.59375000 
0.17700    11984226.00000000 7832872.50000000 19365678.00000000 2624.22851562   284484.81250000 225316.59375000 
0.17800    11765473.00000000 7690202.00000000 19012262.00000000 2560.15527344   277083.62500000 219390.84375000 
0.17900    11549802.00000000 7549497.00000000 18664016.00000000 2498.02465820   269851.50000000 213596.42187500 
0.18000    11337440.00000000 7410810.00000000 18320896.00000000 2437.84985352   262775.21875000 207928.17187500 
0.18100    11128280.00000000 7274228.50000000 17982776.00000000 2379.62475586   255864.84375000 202391.28125000 
0.18200    10922173.00000000 7139617.50000000 17649874.00000000 2323.22143555   249106.78125000 196976.92187500 
0.18300    10719526.00000000 7007147.50000000 17322196.00000000 2268.70458984   242506.51562500 191686.32812500 
0.18400    10520059.00000000 6876740.50000000 16999748.00000000 2215.98095703   236058.70312500 186520.57812500 
0.18500    10324050.00000000 6748536.00000000 16682745.00000000 2165.04077148   229765.40625000 181474.56250000 
0.18600    10131227.00000000 6622408.00000000 16370979.00000000 2115.81494141   223620.32812500 176549.46875000 
0.18700    9941687.00000000 6498384.00000000 16064556.00000000 2068.25610352   217620.21875000 171739.48437500 
0.18800    9755493.00000000 6376541.00000000 15763259.00000000 2022.34729004   211767.40625000 167044.28125000 
0.18900    9572741.00000000 6256844.50000000 15467467.00000000 1978.04052734   206057.81250000 162466.96875000 
0.19000    9393074.00000000 6139178.00000000 15176868.00000000 1935.23327637   200483.10937500 157997.03125000 
0.19100    9216893.00000000 6023764.50000000 14891719.00000000 1893.98706055   195051.35937500 153639.43750000 
0.19200    9043781.00000000 5910415.50000000 14611643.00000000 1854.13159180   189748.26562500 149386.62500000 
0.19300    8874202.00000000 5799171.00000000 14337007.00000000 1815.69177246   184581.65625000 145241.25000000 
0.19400    8707609.00000000 5690059.50000000 14067387.00000000 1778.58508301   179539.60937500 141197.98437500 
0.19500    8544274.00000000 5582925.00000000 13802958.00000000 1742.76940918   174624.29687500 137253.39062500 
0.19600    8384076.50000000 5477937.00000000 13543611.00000000 1708.19067383   169832.40625000 133409.14062500 
0.19700    8226920.50000000 5374948.00000000 13289248.00000000 1674.82580566   165159.53125000 129660.98437500 
0.19800    8072963.50000000 5273996.00000000 13039867.00000000 1642.57214355   160603.60937500 126003.95312500 
0.19900    7922015.50000000 5174966.50000000 12795492.00000000 1611.43457031   156162.40625000 122441.61718750 
0.20000    7774001.00000000 5077932.00000000 12555792.00000000 1581.30737305   151831.46875000 118965.39843750 
0.20100    7628970.50000000 4982811.00000000 12321024.00000000 1552.21679688   147609.45312500 115576.91406250 
0.20200    7486810.50000000 4889553.00000000 12090873.00000000 1524.05981445   143489.32812500 112272.50781250 
0.20300    7347496.00000000 4798238.50000000 11865276.00000000 1496.81335449   139476.84375000 109050.46093750 
0.20400    7211005.00000000 4708703.50000000 11644242.00000000 1470.45996094   135560.59375000 105908.53906250 
0.20500    7077149.50000000 4620944.00000000 11427585.00000000 1444.89953613   131740.04687500 102844.33593750 
0.20600    6946030.00000000 4534993.50000000 11215330.00000000 1420.14709473   128015.27343750 99854.23437500  
0.20700    6817602.00000000 4450702.50000000 11007239.00000000 1396.16918945   124381.94531250 96938.17968750  
0.20800    6691617.50000000 4368149.50000000 10803319.00000000 1372.90332031   120834.37500000 94092.78125000  
0.20900    6568366.00000000 4287307.00000000 10603719.00000000 1350.34765625   117379.12500000 91320.15625000  
0.21000    6447403.00000000 4208003.50000000 10407815.00000000 1328.44067383   114002.50781250 88610.46875000  
0.21100    6328849.50000000 4130290.50000000 10215921.00000000 1307.18811035   110709.07812500 85968.78906250  
0.21200    6212667.50000000 4054101.75000000 10027760.00000000 1286.54370117   107495.15625000 83389.27343750  
0.21300    6098764.50000000 3979417.00000000 9843400.00000000 1266.48876953   104357.30468750 80872.50781250  
0.21400    5987112.00000000 3906244.50000000 9662554.00000000 1247.05419922   101295.18750000 78415.64062500  
0.21500    5877686.50000000 3834502.50000000 9485432.00000000 1228.17578125   98307.67968750  76018.71875000  
0.21600    5770305.00000000 3764128.00000000 9311557.00000000 1209.83789062   95389.44531250  73676.62500000  
0.21700    5665079.00000000 3695155.00000000 9141159.00000000 1192.02416992   92542.17968750  71391.82031250  
0.21800    5561761.00000000 3627461.00000000 8974024.00000000 1174.76806641   89762.02343750  69160.92187500  
0.21900    5460470.00000000 3561039.75000000 8810003.00000000 1157.99902344   87047.65625000  66981.39843750  
0.22000    5361073.00000000 3495901.75000000 8649061.00000000 1141.76989746   84397.85937500  64854.83984375  
0.22100    5263621.50000000 3432029.00000000 8491232.00000000 1126.04089355   81812.91406250  62780.21875000  
0.22200    5167937.00000000 3369314.25000000 8336387.00000000 1110.83068848   79290.08593750  60753.47265625  
0.22300    5074009.50000000 3307769.75000000 8184335.50000000 1096.11474609   76826.86718750  58775.82031250  
0.22400    4981838.50000000 3247321.25000000 8035098.50000000 1081.89440918   74422.00000000  56844.16796875  
0.22500    4891489.50000000 3188047.00000000 7888674.00000000 1068.20727539   72079.72656250  54961.95703125  
0.22600    4802609.50000000 3129800.50000000 7744770.50000000 1054.98608398   69792.60937500  53122.88671875  
0.22700    4715377.00000000 3072645.25000000 7603619.00000000 1042.29394531   67563.47656250  51330.71093750  
0.22800    4629731.00000000 3016491.50000000 7464857.00000000 1030.07751465   65389.14062500  49581.56250000  
0.22900    4545627.50000000 2961293.25000000 7328602.00000000 1018.37994385   63269.55468750  47875.78906250  
0.23000    4463020.50000000 2907098.25000000 7194852.50000000 1007.18133545   61204.82812500  46213.33984375  
0.23100    4381865.50000000 2853869.00000000 7063370.50000000 996.49670410    59193.93750000  44593.54296875  
0.23200    4302103.00000000 2801538.75000000 6934139.00000000 986.28643799    57233.82031250  43013.86328125  
0.23300    4223783.00000000 2750101.75000000 6807153.50000000 976.59777832    55327.29687500  41475.37890625  
0.23400    4146810.25000000 2699543.25000000 6682403.00000000 967.39990234    53471.46484375  39978.01562500  
0.23500    4071099.25000000 2649848.25000000 6559699.50000000 958.67504883    51664.35937500  38518.30468750  
0.23600    3996754.25000000 2600995.00000000 6439233.50000000 950.46179199    49908.82812500  37099.67578125  
0.23700    3923656.50000000 2552955.50000000 6320639.50000000 942.72583008    48201.62109375  35719.11328125  
0.23800    3851817.25000000 2505726.50000000 6204162.00000000 935.47222900    46543.91406250  34377.08203125  
0.23900    3781179.25000000 2459255.50000000 6089569.00000000 928.67840576    44932.34375000  33071.40625000  
0.24000    3711729.50000000 2413590.50000000 5976878.50000000 922.34588623    43367.76562500  31802.76757812  
0.24100    3643511.50000000 2368677.00000000 5866133.00000000 916.48010254    41851.06640625  30571.67578125  
0.24200    3576376.00000000 2324464.50000000 5757184.50000000 911.05029297    40379.34765625  29376.10156250  
0.24300    3510393.25000000 2280994.75000000 5650078.50000000 906.02807617    38951.42578125  28215.18945312  
0.24400    3445447.00000000 2238227.25000000 5544649.00000000 901.42218018    37567.30859375  27088.73632812  
0.24500    3381652.00000000 2196146.75000000 5440932.00000000 897.21020508    36225.73828125  25995.57812500  
0.24600    3318867.50000000 2154725.50000000 5338955.50000000 893.38092041    34927.38671875  24936.33398438  
0.24700    3257117.25000000 2114008.25000000 5238709.50000000 889.91027832    33669.35546875  23909.56054688  
0.24800    3196399.00000000 2073923.25000000 5139944.00000000 886.78942871    32452.33007812  22914.74414062  
0.24900    3136659.25000000 2034478.62500000 5042799.50000000 883.97875977    31273.33789062  21950.14453125  
0.25000    3077887.25000000 1995659.25000000 4947282.50000000 881.46179199    30133.78515625  21016.77734375  
0.25100    3020047.50000000 1957422.12500000 4853187.50000000 879.21862793    29029.64453125  20111.84375000  
0.25200    2963215.00000000 1919858.25000000 4760666.50000000 877.26385498    27964.23046875  19237.66015625  
0.25300    2907268.50000000 1882843.00000000 4669670.50000000 875.52770996    26932.70703125  18390.39062500  
0.25400    2852205.25000000 1846403.37500000 4580063.50000000 874.00317383    25935.35546875  17570.53710938  
0.25500    2798002.75000000 1810545.50000000 4491808.50000000 872.68127441    24970.53320312  16776.71875000  
0.25600    2744682.75000000 1775247.87500000 4405043.50000000 871.52929688    24038.15625000  16008.94042969  
0.25700    2692212.25000000 1740499.87500000 4319597.00000000 870.50750732    23135.94921875  15265.87988281  
0.25800    2640558.00000000 1706294.12500000 4235437.00000000 869.63269043    22263.64453125  14547.11523438  
0.25900    2589726.75000000 1672620.12500000 4152744.50000000 868.86151123    21420.45898438  13851.06347656  
0.26000    2539706.00000000 1639467.00000000 4071194.50000000 868.18188477    20604.48046875  13177.65917969  
0.26100    2490403.50000000 1606797.87500000 3990938.00000000 867.55718994    19813.37109375  12524.93750000  
0.26200    2441936.25000000 1574666.50000000 3911927.75000000 866.99456787    19049.85742188  11894.33496094  
0.26300    2394155.25000000 1542999.87500000 3834080.75000000 866.45904541    18308.61328125  11282.36132812  
0.26400    2347139.50000000 1511822.12500000 3757489.50000000 865.94427490    17591.29101562  10690.25097656  
0.26500    2300851.25000000 1481147.87500000 3682073.50000000 865.42962646    16896.31835938  10116.68945312  
0.26600    2255225.00000000 1450925.12500000 3607765.50000000 864.90747070    16222.74902344  9560.31250000   
0.26700    2210341.50000000 1421165.62500000 3534618.25000000 864.39080811    15569.54296875  9021.63085938   
0.26800    2166121.50000000 1391857.87500000 3462603.75000000 863.82025146    14936.62207031  8499.58496094   
0.26900    2122552.25000000 1362999.00000000 3391632.25000000 863.21337891    14321.05078125  7992.45312500   
0.27000    2079655.75000000 1334585.25000000 3321767.00000000 862.57257080    13724.46972656  7501.51464844   
0.27100    2037387.75000000 1306600.75000000 3252948.50000000 861.87738037    13144.64355469  7024.70263672   
0.27200    1995791.50000000 1279076.37500000 3185209.00000000 861.16815186    12583.74902344  6563.62500000   
0.27300    1954782.62500000 1251936.75000000 3118457.75000000 860.37890625    12036.48535156  6114.82519531   
0.27400    1914349.62500000 1225192.12500000 3052654.25000000 859.51794434    11503.69335938  5678.19775391   
0.27500    1874590.87500000 1198916.00000000 2987999.00000000 858.65771484    10988.96386719  5256.96093750   
0.27600    1835367.75000000 1172990.75000000 2924165.75000000 857.72021484    10486.38671875  4846.39208984   
0.27700    1796768.62500000 1147501.00000000 2861418.50000000 856.77838135    10000.36035156  4449.83984375   
0.27800    1758741.62500000 1122410.50000000 2799581.00000000 855.79193115    9527.31347656   4064.76562500   
0.27900    1721303.62500000 1097715.50000000 2738760.50000000 854.78607178    9068.65234375   3691.96166992   
0.28000    1684418.37500000 1073408.50000000 2678824.00000000 853.77081299    8623.72167969   3331.08740234   
0.28100    1648107.50000000 1049482.62500000 2619854.00000000 852.75250244    8192.67968750   2981.86035156   
0.28200    1612366.12500000 1025958.81250000 2561824.25000000 851.75860596    7775.73828125   2645.13769531   
0.28300    1577184.75000000 1002809.93750000 2504718.75000000 850.78344727    7372.64062500   2319.78686523   
0.28400    1542527.12500000 980037.68750000 2448491.25000000 849.83636475    6982.86132812   2006.03210449   
0.28500    1508457.87500000 957662.00000000 2393269.25000000 848.95855713    6607.78125000   1705.05700684   
0.28600    1474917.75000000 935653.56250000 2338896.00000000 848.13586426    6246.24072266   1415.15820312   
0.28700    1441953.50000000 914030.93750000 2285460.00000000 847.38916016    5899.68603516   1137.73657227   
0.28800    1409490.00000000 892772.06250000 2232892.00000000 846.74133301    5567.54980469   872.88403320    
0.28900    1377643.25000000 871910.06250000 2181334.25000000 846.20965576    5251.22705078   620.69854736    
0.29000    1346298.25000000 851405.81250000 2130593.25000000 845.79742432    4949.38525391   380.97924805    
0.29100    1315544.25000000 831302.31250000 2080850.50000000 845.52209473    4664.03125000   154.76765442    
0.29200    1285314.25000000 811559.25000000 2031965.50000000 845.39025879    4394.71728516   -58.54833603    
0.29300    1255669.75000000 792205.68750000 1984032.75000000 845.42810059    4142.20458984   -257.70272827   
0.29400    1226546.00000000 773207.37500000 1936962.37500000 845.62579346    3904.74633789   -444.62136841   
0.29500    1198010.00000000 754616.25000000 1890867.12500000 846.02539062    3686.41040039   -615.86926270   
0.29600    1170005.87500000 736376.12500000 1845660.37500000 846.60070801    3484.33422852   -774.05279541   
0.29700    1142576.25000000 718523.25000000 1801353.25000000 847.37115479    3299.87524414   -917.87890625   
0.29800    1115707.87500000 701051.43750000 1758036.25000000 848.35144043    3134.59082031   -1046.48071289  
0.29900    1089426.50000000 683967.62500000 1715627.25000000 849.54949951    2987.48828125   -1159.94287109  
0.30000    1063677.00000000 667251.06250000 1674128.62500000 850.94116211    2858.47167969   -1259.21618652  
0.30100    1038541.68750000 650924.25000000 1633585.50000000 852.57604980    2749.54248047   -1342.16552734  
0.30200    1013937.81250000 634969.37500000 1593932.00000000 854.40209961    2658.38671875   -1411.08959961  
0.30300    989937.00000000 619403.12500000 1555259.75000000 856.45416260    2587.44531250   -1463.65954590  
0.30400    966513.50000000 604232.31250000 1517545.25000000 858.72149658    2536.35351562   -1500.69396973  
0.30500    943639.81250000 589414.50000000 1480695.50000000 861.17706299    2503.13110352   -1523.14477539  
0.30600    921339.37500000 574980.31250000 1444799.62500000 863.83917236    2489.82348633   -1529.90051270  
0.30700    899648.37500000 560940.93750000 1409887.62500000 866.69763184    2497.15527344   -1520.14074707  
0.30800    878509.12500000 547254.37500000 1375844.25000000 869.72851562    2522.27001953   -1496.17395020  
0.30900    857964.43750000 533966.56250000 1342783.50000000 872.95092773    2567.66821289   -1456.34643555  
0.31000    837994.43750000 521053.68750000 1310657.12500000 876.31054688    2631.44775391   -1401.79077148  
0.31100    818564.00000000 508491.62500000 1279399.50000000 879.81433105    2713.52368164   -1332.60144043  
0.31200    799732.62500000 496318.18750000 1249089.62500000 883.44995117    2814.08935547   -1248.52868652  
0.31300    781457.50000000 484506.34375000 1219695.62500000 887.20477295    2932.36547852   -1150.47558594  
0.31400    763768.56250000 473073.00000000 1191240.87500000 891.05676270    3068.85327148   -1038.22473145  
0.31500    746619.06250000 461984.93750000 1163636.75000000 894.97033691    3221.34301758   -912.88165283   
0.31600    730021.93750000 451258.90625000 1136949.50000000 898.94970703    3390.65136719   -774.20507812   
0.31700    713983.62500000 440888.43750000 1111144.00000000 902.97534180    3575.73754883   -622.92791748   
0.31800    698478.18750000 430865.09375000 1086196.50000000 906.98883057    3774.72119141   -460.43145752   
0.31900    683526.75000000 421192.03125000 1062133.75000000 911.02581787    3989.83203125   -285.13641357   
0.32000    669094.50000000 411856.31250000 1038907.25000000 915.02502441    4217.39355469   -99.75684357    
0.32100    655169.06250000 402846.31250000 1016504.37500000 918.98101807    4457.71289062   95.91689301     
0.32200    641785.68750000 394179.75000000 994944.06250000 922.87261963    4710.80078125   301.76119995    
0.32300    628869.00000000 385808.68750000 974131.43750000 926.66888428    4973.60253906   515.69982910    
0.32400    616455.62500000 377757.75000000 954138.75000000 930.34753418    5246.81884766   738.14556885    
0.32500    604516.25000000 370017.81250000 934910.37500000 933.89471436    5529.15234375   967.91094971    
0.32600    593049.31250000 362576.87500000 916431.81250000 937.29907227    5820.10400391   1204.76354980   
0.32700    582054.18750000 355430.78125000 898690.00000000 940.54113770    6118.24218750   1447.77014160   
0.32800    571515.31250000 348580.34375000 881689.43750000 943.58801270    6423.38769531   1696.39831543   
0.32900    561392.68750000 341991.00000000 865342.81250000 946.42657471    6732.94482422   1948.96520996   
0.33000    551706.06250000 335677.81250000 849696.43750000 949.06805420    7047.45996094   2205.90356445   
0.33100    542393.31250000 329599.25000000 834647.31250000 951.43884277    7364.30566406   2464.91772461   
0.33200    533525.75000000 323812.37500000 820323.00000000 953.59765625    7685.58544922   2728.05566406   
0.33300    525015.37500000 318246.28125000 806562.87500000 955.47784424    8007.32373047   2991.62475586   
0.33400    516892.78125000 312922.62500000 793401.56250000 957.10028076    8330.18359375   3256.67968750   
0.33500    509102.71875000 307813.37500000 780789.93750000 958.43560791    8652.54199219   3521.41430664   
0.33600    501658.59375000 302925.96875000 768720.06250000 959.47949219    8973.61328125   3785.96411133   
0.33700    494542.03125000 298240.40625000 757164.62500000 960.23699951    9293.02441406   4049.27294922   
0.33800    487756.56250000 293764.75000000 746154.81250000 960.69409180    9609.92187500   4311.32910156   
0.33900    481240.56250000 289461.43750000 735560.37500000 960.85119629    9922.84082031   4570.56787109   
0.34000    475026.71875000 285347.46875000 725451.25000000 960.70550537    10231.91699219  4826.76367188   
0.34100    469083.71875000 281403.62500000 715772.56250000 960.25054932    10536.03906250  5079.82568359   
0.34200    463428.09375000 277644.00000000 706554.37500000 959.52368164    10835.87500000  5329.79980469   
0.34300    457982.96875000 274012.06250000 697660.68750000 958.47204590    11128.43457031  5574.49365234   
0.34400    452805.68750000 270552.81250000 689212.93750000 957.15460205    11415.86132812  5815.40869141   
0.34500    447829.93750000 267216.00000000 681062.25000000 955.53320312    11695.53320312  6050.60498047   
0.34600    443091.28125000 264032.93750000 673303.68750000 953.65380859    11969.03417969  6281.27343750   
0.34700    438509.00000000 260945.45312500 665785.50000000 951.48956299    12233.28417969  6504.97607422   
0.34800    434133.68750000 257990.59375000 658613.12500000 949.06774902    12490.11816406  6723.10400391   
0.34900    429939.37500000 255144.39062500 651707.00000000 946.40759277    12739.25390625  6935.46826172   
0.35000    425899.96875000 252402.06250000 645060.93750000 943.50482178    12979.67675781  7141.02197266   
0.35100    422048.84375000 249767.35937500 638700.62500000 940.38543701    13212.47363281  7341.03906250   
0.35200    418295.84375000 247197.10937500 632496.12500000 937.04052734    13435.28320312  7533.18750000   
0.35300    414687.90625000 244724.00000000 626535.25000000 933.50500488    13649.37597656  7719.10009766   
0.35400    411231.09375000 242338.21875000 620789.31250000 929.79827881    13855.93750000  7898.70996094   
0.35500    407885.84375000 240023.40625000 615236.68750000 925.91503906    14053.23144531  8071.51464844   
0.35600    404636.25000000 237765.18750000 609824.68750000 921.87915039    14241.72265625  8237.48242188   
0.35700    401506.34375000 235578.79687500 604596.75000000 917.71142578    14422.21289062  8397.13281250   
0.35800    398480.50000000 233459.37500000 599544.37500000 913.42413330    14594.43945312  8550.70312500   
0.35900    395537.59375000 231391.79687500 594624.37500000 909.03363037    14758.91308594  8697.81933594   
0.36000    392699.78125000 229390.43750000 589865.37500000 904.55938721    14916.00292969  8839.47656250   
0.36100    389922.21875000 227418.75000000 585195.62500000 899.99969482    15064.51074219  8974.22265625   
0.36200    387268.18750000 225525.37500000 580722.37500000 895.39691162    15207.66699219  9104.89160156   
0.36300    384642.03125000 223643.32812500 576275.81250000 890.73657227    15342.22558594  9228.49218750   
0.36400    382086.71875000 221807.95312500 571959.68750000 886.03485107    15469.86230469  9346.96289062   
0.36500    379598.81250000 220012.39062500 567732.68750000 881.31652832    15591.74218750  9460.65917969   
0.36600    377197.90625000 218270.34375000 563649.62500000 876.61749268    15708.74707031  9570.48437500   
0.36700    374831.81250000 216543.73437500 559613.31250000 871.89215088    15818.63183594  9674.71679688   
0.36800    372574.12500000 214881.09375000 555745.43750000 867.21020508    15925.30664062  9776.27636719   
0.36900    370358.00000000 213245.84375000 551941.81250000 862.55383301    16026.81152344  9873.50488281   
0.37000    368160.71875000 211618.53125000 548163.06250000 857.89221191    16122.29589844  9966.09960938   
0.37100    366029.90625000 210029.82812500 544488.37500000 853.30609131    16214.08593750  10055.53515625  
0.37200    363991.03125000 208496.87500000 540938.37500000 848.77331543    16303.32421875  10142.83496094  
0.37300    361975.12500000 206973.57812500 537441.06250000 844.28234863    16388.25000000  10226.72363281  
0.37400    360029.03125000 205495.31250000 534052.06250000 839.86450195    16470.75976562  10308.57128906  
0.37500    358139.75000000 204046.57812500 530732.31250000 835.51562500    16550.75781250  10388.16894531  
0.37600    356311.31250000 202634.76562500 527525.37500000 831.22717285    16628.02148438  10465.60351562  
0.37700    354514.59375000 201240.32812500 524355.75000000 827.01489258    16702.95703125  10540.78125000  
0.37800    352788.81250000 199886.14062500 521292.56250000 822.86700439    16776.07226562  10614.78515625  
0.37900    351140.75000000 198577.14062500 518345.43750000 818.80352783    16848.75000000  10688.07714844  
0.38000    349520.40625000 197286.73437500 515449.43750000 814.81146240    16918.70117188  10759.30566406  
0.38100    347950.12500000 196023.70312500 512622.09375000 810.87408447    16987.41992188  10829.15527344  
0.38200    346455.34375000 194807.48437500 509910.31250000 807.02734375    17055.75195312  10898.75781250  
0.38300    345000.68750000 193610.10937500 507258.03125000 803.23370361    17122.81250000  10966.95703125  
0.38400    343632.06250000 192469.73437500 504743.59375000 799.51354980    17189.74609375  11035.18750000  
0.38500    342291.00000000 191339.90625000 502266.62500000 795.83923340    17255.17187500  11102.00683594  
0.38600    341046.25000000 190270.17187500 499938.46875000 792.23052979    17321.19531250  11169.41894531  
0.38700    339821.90625000 189216.85937500 497648.56250000 788.66345215    17385.65625000  11235.15039062  
0.38800    338667.03125000 188202.03125000 495457.56250000 785.14569092    17449.68554688  11300.90234375  
0.38900    337567.37500000 187220.85937500 493360.15625000 781.65917969    17513.21484375  11365.89062500  
0.39000    336557.93750000 186297.51562500 491396.93750000 778.21215820    17577.18164062  11431.33496094  
0.39100    335586.00000000 185393.29687500 489492.50000000 774.78900146    17640.34960938  11495.76367188  
0.39200    334680.34375000 184533.84375000 487700.87500000 771.38531494    17702.69921875  11560.07324219  
0.39300    333825.40625000 183702.98437500 485980.81250000 767.99047852    17764.42578125  11623.35546875  
0.39400    333062.43750000 182933.20312500 484405.53125000 764.60955811    17826.49023438  11687.03125000  
0.39500    332320.25000000 182175.26562500 482865.06250000 761.22015381    17886.17578125  11748.98730469  
0.39600    331643.09375000 181461.40625000 481426.56250000 757.82165527    17945.41210938  11810.54296875  
0.39700    331019.31250000 180779.18750000 480083.43750000 754.42089844    18003.51757812  11871.34960938  
0.39800    330470.00000000 180146.39062500 478852.03125000 751.00189209    18061.29882812  11931.61718750  
0.39900    329963.34375000 179541.54687500 477686.65625000 747.55145264    18117.00000000  11990.34863281  
0.40000    329511.78125000 178970.87500000 476606.09375000 744.07757568    18171.46093750  12048.26953125  
0.40100    329105.50000000 178435.37500000 475608.93750000 740.56567383    18223.81054688  12104.57910156  
0.40200    328768.53125000 177940.34375000 474721.56250000 737.02124023    18275.40234375  12160.19921875  
0.40300    328463.90625000 177467.64062500 473879.09375000 733.42950439    18323.79882812  12213.54882812  
0.40400    328214.28125000 177036.89062500 473138.21875000 729.79571533    18370.92968750  12265.97460938  
0.40500    328007.65625000 176635.04687500 472467.87500000 726.11126709    18415.49609375  12316.46386719  
0.40600    327864.09375000 176277.28125000 471897.37500000 722.38702393    18458.51367188  12365.69238281  
0.40700    327747.12500000 175939.45312500 471380.46875000 718.60174561    18498.27343750  12412.49218750  
0.40800    327674.56250000 175626.98437500 470927.90625000 714.76623535    18535.04687500  12457.15625000  
0.40900    327631.37500000 175344.00000000 470535.31250000 710.86651611    18569.12890625  12499.69335938  
0.41000    327650.28125000 175102.73437500 470239.25000000 706.93426514    18601.05078125  12540.73535156  
0.41100    327685.71875000 174874.81250000 469978.21875000 702.93566895    18629.11914062  12578.84863281  
0.41200    327748.15625000 174671.00000000 469760.18750000 698.88067627    18653.72656250  12614.18457031  
0.41300    327861.43750000 174500.29687500 469632.46875000 694.78070068    18676.11132812  12647.78125000  
0.41400    327983.93750000 174340.00000000 469527.71875000 690.62066650    18693.98242188  12678.44335938  
0.41500    328151.84375000 174214.67187500 469495.62500000 686.42144775    18709.38671875  12706.79296875  
0.41600    328315.43750000 174089.17187500 469458.06250000 682.16601562    18720.18750000  12731.64160156  
0.41700    328527.15625000 174004.87500000 469510.53125000 677.88659668    18728.41015625  12754.74121094  
0.41800    328780.78125000 173948.59375000 469632.28125000 673.57165527    18733.50585938  12775.51367188  
0.41900    328987.28125000 173871.89062500 469693.65625000 669.19567871    18732.99414062  12791.80957031  
0.42000    329258.09375000 173837.04687500 469853.87500000 664.81195068    18730.44531250  12806.69238281  
0.42100    329545.09375000 173818.29687500 470052.43750000 660.40051270    18724.33789062  12818.74707031  
0.42200    329843.96875000 173813.04687500 470272.90625000 655.96649170    18714.40234375  12827.95996094  
0.42300    330130.50000000 173806.59375000 470485.00000000 651.51202393    18700.27148438  12833.92871094  
0.42400    330439.68750000 173819.84375000 470736.68750000 647.04522705    18682.94921875  12837.42773438  
0.42500    330755.59375000 173842.07812500 471009.65625000 642.58709717    18662.36328125  12838.23828125  
0.42600    331063.09375000 173864.87500000 471270.81250000 638.10363770    18637.49414062  12835.97656250  
0.42700    331397.43750000 173914.85937500 471586.31250000 633.65014648    18610.33593750  12831.90722656  
0.42800    331718.03125000 173957.50000000 471885.59375000 629.19177246    18579.10546875  12824.55175781  
0.42900    332066.00000000 174023.59375000 472229.37500000 624.76000977    18545.79101562  12815.57128906  
0.43000    332397.25000000 174086.62500000 472565.28125000 620.33496094    18508.74804688  12803.58398438  
0.43100    332698.62500000 174134.64062500 472848.15625000 615.93896484    18467.61132812  12788.55566406  
0.43200    333037.65625000 174210.28125000 473203.90625000 611.58337402    18424.89843750  12772.37109375  
0.43300    333343.71875000 174276.65625000 473515.81250000 607.25183105    18378.69531250  12753.25000000  
0.43400    333661.84375000 174351.37500000 473849.46875000 602.96228027    18329.95312500  12732.21875000  
0.43500    333957.56250000 174416.71875000 474153.00000000 598.72021484    18278.48242188  12708.88964844  
0.43600    334282.28125000 174506.12500000 474510.56250000 594.53509521    18225.92968750  12684.52539062  
0.43700    334558.09375000 174570.65625000 474801.37500000 590.39245605    18169.36523438  12657.29882812  
0.43800    334823.93750000 174633.45312500 475072.15625000 586.30389404    18110.62695312  12628.10156250  
0.43900    335096.84375000 174705.14062500 475367.62500000 582.27856445    18050.53515625  12597.69238281  
0.44000    335356.65625000 174773.32812500 475645.28125000 578.32073975    17988.20117188  12565.65429688  
0.44100    335601.59375000 174837.40625000 475908.06250000 574.42333984    17924.01562500  12532.02246094  
0.44200    335839.75000000 174900.65625000 476157.68750000 570.59747314    17858.29492188  12496.92089844  
0.44300    336060.34375000 174959.92187500 476395.59375000 566.84271240    17790.94335938  12460.47460938  
0.44400    336275.18750000 175016.84375000 476618.93750000 563.16510010    17722.26367188  12422.85546875  
0.44500    336437.00000000 175045.26562500 476765.68750000 559.54486084    17650.82031250  12383.09179688  
0.44600    336602.53125000 175077.43750000 476923.40625000 556.00805664    17578.87500000  12342.67578125  
0.44700    336773.90625000 175118.51562500 477088.78125000 552.56024170    17506.20117188  12301.67187500  
0.44800    336894.62500000 175131.60937500 477188.68750000 549.17028809    17431.50000000  12258.88769531  
0.44900    337029.87500000 175156.96875000 477312.78125000 545.88409424    17356.44726562  12215.80566406  
0.45000    337148.00000000 175176.98437500 477404.06250000 542.67590332    17281.05664062  12171.96289062  
0.45100    337213.06250000 175162.67187500 477432.75000000 539.52624512    17203.10937500  12126.05566406  
0.45200    337287.00000000 175158.07812500 477463.18750000 536.47070312    17125.15625000  12080.26757812  
0.45300    337329.59375000 175133.01562500 477444.21875000 533.48962402    17046.12695312  12033.50585938  
0.45400    337358.81250000 175106.37500000 477416.68750000 530.59417725    16966.61718750  11985.94140625  
0.45500    337372.71875000 175071.42187500 477359.78125000 527.77362061    16886.56835938  11938.01464844  
0.45600    337351.43750000 175018.95312500 477259.46875000 525.01977539    16805.30664062  11888.83593750  
0.45700    337328.59375000 174962.21875000 477147.53125000 522.35864258    16723.93164062  11839.46386719  
0.45800    337263.75000000 174883.75000000 476975.06250000 519.76116943    16641.59179688  11789.38964844  
0.45900    337177.37500000 174795.00000000 476779.34375000 517.23712158    16558.41992188  11738.29687500  
0.46000    337096.87500000 174711.46875000 476589.25000000 514.80255127    16476.05078125  11687.76171875  
0.46100    336956.06250000 174588.15625000 476297.21875000 512.41723633    16391.36914062  11635.23339844  
0.46200    336827.25000000 174475.54687500 476037.28125000 510.11373901    16307.37207031  11583.23730469  
0.46300    336656.56250000 174338.18750000 475702.18750000 507.88067627    16222.46972656  11530.18066406  
0.46400    336456.65625000 174184.75000000 475324.75000000 505.70968628    16136.75585938  11476.55175781  
0.46500    336251.31250000 174029.39062500 474944.50000000 503.61254883    16051.09375000  11422.84472656  
0.46600    336006.15625000 173849.46875000 474503.50000000 501.56790161    15964.40136719  11368.37304688  
0.46700    335728.62500000 173650.14062500 474012.59375000 499.58728027    15876.86718750  11313.02636719  
0.46800    335463.53125000 173459.39062500 473537.12500000 497.67611694    15789.82519531  11257.96386719  
0.46900    335132.25000000 173230.98437500 472966.75000000 495.81387329    15701.10937500  11201.55859375  
0.47000    334790.68750000 172995.34375000 472368.31250000 494.01037598    15611.97656250  11144.75000000  
0.47100    334431.12500000 172748.40625000 471746.50000000 492.26651001    15522.66601562  11087.86132812  
0.47200    334039.31250000 172485.21875000 471083.15625000 490.57568359    15432.55175781  11030.49121094  
0.47300    333638.93750000 172215.56250000 470400.03125000 488.93942261    15342.14550781  10972.64746094  
0.47400    333182.03125000 171909.48437500 469628.93750000 487.34503174    15250.14843750  10913.61718750  
0.47500    332715.75000000 171605.40625000 468846.90625000 485.80969238    15158.16308594  10854.70410156  
0.47600    332245.43750000 171295.17187500 468062.31250000 484.32449341    15066.24316406  10795.74316406  
0.47700    331704.81250000 170942.07812500 467156.56250000 482.87347412    14971.84765625  10734.99902344  
0.47800    331156.81250000 170590.18750000 466256.50000000 481.47219849    14877.95898438  10674.61523438  
0.47900    330604.21875000 170233.93750000 465339.18750000 480.12066650    14783.81152344  10614.14746094  
0.48000    329995.09375000 169842.51562500 464338.37500000 478.80130005    14687.88476562  10552.48730469  
0.48100    329407.12500000 169469.35937500 463370.68750000 477.54034424    14592.58691406  10491.39746094  
0.48200    328733.87500000 169039.96875000 462269.93750000 476.28811646    14494.62402344  10428.30371094  
0.48300    328052.40625000 168611.04687500 461163.06250000 475.09082031    14396.81054688  10365.57617188  
0.48400    327363.06250000 168174.28125000 460036.31250000 473.92575073    14298.86328125  10302.79589844  
0.48500    326637.00000000 167722.96875000 458866.09375000 472.79721069    14199.73144531  10239.30175781  
0.48600    325904.71875000 167266.56250000 457674.68750000 471.70617676    14100.66601562  10176.02929688  
0.48700    325134.09375000 166788.12500000 456437.50000000 470.63980103    14000.38281250  10112.12792969  
0.48800    324322.56250000 166286.45312500 455130.78125000 469.59738159    13898.89355469  10047.30957031  
0.48900    323503.03125000 165783.14062500 453817.00000000 468.59375000    13797.26269531  9982.63574219   
0.49000    322663.03125000 165271.79687500 452468.96875000 467.60815430    13695.33886719  9918.02343750   
0.49100    321814.46875000 164755.53125000 451119.09375000 466.66094971    13593.16015625  9853.54882812   
0.49200    320919.21875000 164213.43750000 449692.90625000 465.72302246    13489.69140625  9788.31054688   
0.49300    320010.90625000 163665.85937500 448247.90625000 464.81124878    13386.13964844  9723.22265625   
0.49400    319083.90625000 163109.92187500 446784.34375000 463.92181396    13282.20312500  9658.06835938   
0.49500    318130.87500000 162540.00000000 445276.46875000 463.04574585    13177.63867188  9592.69140625   
0.49600    317174.93750000 161971.26562500 443770.87500000 462.20422363    13073.46777344  9527.93066406   
0.49700    316176.00000000 161382.65625000 442202.28125000 461.35870361    12968.25878906  9462.55468750   
0.49800    315177.37500000 160795.40625000 440640.34375000 460.53594971    12863.23437500  9397.87792969   
0.49900    314140.00000000 160189.67187500 439020.15625000 459.71646118    12757.43066406  9332.65332031   
0.50000    313107.84375000 159587.01562500 437405.34375000 458.91522217    12652.24707031  9268.25488281   
