# SAXS profile: number of points = 501, q_min = 0, q_max = 0.5, delta_q = 0.001
#    q    intensity 
0.00000    162237504.00000000 101201656.00000000 256271760.00000000 92604.10156250  7752159.50000000 6122641.50000000 
0.00100    162213504.00000000 101186336.00000000 256231616.00000000 92585.41406250  7750779.50000000 6121530.50000000 
0.00200    162137712.00000000 101139488.00000000 256112240.00000000 92528.60156250  7746570.50000000 6118233.50000000 
0.00300    162012352.00000000 101061528.00000000 255915280.00000000 92433.64843750  7739569.50000000 6112732.50000000 
0.00400    161837344.00000000 100952632.00000000 255638000.00000000 92301.67187500  7729762.50000000 6105013.00000000 
0.00500    161611424.00000000 100812696.00000000 255280752.00000000 92132.03906250  7717184.00000000 6095144.00000000 
0.00600    161333120.00000000 100641088.00000000 254846304.00000000 91925.71875000  7701849.50000000 6083062.00000000 
0.00700    161006688.00000000 100439240.00000000 254333264.00000000 91681.32812500  7683792.00000000 6068801.50000000 
0.00800    160631392.00000000 100207328.00000000 253742656.00000000 91400.91406250  7662961.00000000 6052440.50000000 
0.00900    160206800.00000000 99944880.00000000 253075168.00000000 91083.78906250  7639453.50000000 6033946.50000000 
0.01000    159731408.00000000 99652496.00000000 252332096.00000000 90730.92187500  7613237.00000000 6013330.50000000 
0.01100    159210432.00000000 99330432.00000000 251511792.00000000 90342.18750000  7584392.00000000 5990605.00000000 
0.01200    158642096.00000000 98979344.00000000 250617008.00000000 89918.57031250  7552935.00000000 5965841.50000000 
0.01300    158026336.00000000 98598472.00000000 249648912.00000000 89460.47656250  7518852.00000000 5939048.00000000 
0.01400    157364768.00000000 98189784.00000000 248607536.00000000 88968.28125000  7482263.00000000 5910202.50000000 
0.01500    156656752.00000000 97751576.00000000 247494288.00000000 88442.55468750  7443129.00000000 5879417.00000000 
0.01600    155903568.00000000 97286144.00000000 246308784.00000000 87883.94531250  7401558.50000000 5846726.50000000 
0.01700    155104832.00000000 96792464.00000000 245055424.00000000 87293.41406250  7357553.00000000 5812064.50000000 
0.01800    154263664.00000000 96272712.00000000 243732160.00000000 86671.57031250  7311219.00000000 5775567.50000000 
0.01900    153379584.00000000 95725696.00000000 242340752.00000000 86018.55468750  7262488.00000000 5737225.00000000 
0.02000    152453328.00000000 95153344.00000000 240884544.00000000 85335.87500000  7211506.00000000 5697121.50000000 
0.02100    151486144.00000000 94555224.00000000 239363712.00000000 84624.25781250  7158313.50000000 5655249.50000000 
0.02200    150478064.00000000 93932240.00000000 237778832.00000000 83884.28906250  7102960.50000000 5611656.00000000 
0.02300    149430800.00000000 93284304.00000000 236131840.00000000 83116.53906250  7045485.50000000 5566458.50000000 
0.02400    148344800.00000000 92613608.00000000 234424576.00000000 82322.22656250  6985995.50000000 5519595.50000000 
0.02500    147222864.00000000 91919160.00000000 232658736.00000000 81502.80468750  6924484.50000000 5471162.00000000 
0.02600    146063920.00000000 91202584.00000000 230835680.00000000 80658.48437500  6861079.50000000 5421262.50000000 
0.02700    144869392.00000000 90463512.00000000 228957504.00000000 79790.34375000  6795797.00000000 5369887.00000000 
0.02800    143640608.00000000 89703608.00000000 227024384.00000000 78899.59375000  6728746.00000000 5317095.00000000 
0.02900    142379616.00000000 88923496.00000000 225039920.00000000 77986.86718750  6659967.50000000 5262950.00000000 
0.03000    141086144.00000000 88123360.00000000 223005120.00000000 77053.52343750  6589529.00000000 5207488.50000000 
0.03100    139761472.00000000 87303856.00000000 220921840.00000000 76100.26562500  6517547.50000000 5150826.50000000 
0.03200    138408096.00000000 86466688.00000000 218791440.00000000 75128.48437500  6444032.50000000 5092920.00000000 
0.03300    137026016.00000000 85610920.00000000 216618032.00000000 74138.65625000  6369081.50000000 5033922.00000000 
0.03400    135616464.00000000 84738896.00000000 214400256.00000000 73132.99218750  6292785.50000000 4973866.00000000 
0.03500    134180656.00000000 83850272.00000000 212141664.00000000 72111.98437500  6215176.00000000 4912723.50000000 
0.03600    132721520.00000000 82946584.00000000 209843904.00000000 71076.19531250  6136366.50000000 4850649.50000000 
0.03700    131237416.00000000 82028048.00000000 207509472.00000000 70026.60156250  6056430.50000000 4787688.50000000 
0.03800    129731616.00000000 81096016.00000000 205140032.00000000 68965.42187500  5975419.00000000 4723918.00000000 
0.03900    128205608.00000000 80150840.00000000 202738400.00000000 67893.13281250  5893412.00000000 4659311.50000000 
0.04000    126659600.00000000 79193936.00000000 200304048.00000000 66810.30468750  5810499.00000000 4594016.50000000 
0.04100    125094288.00000000 78224944.00000000 197841344.00000000 65719.09375000  5726760.50000000 4528059.00000000 
0.04200    123512880.00000000 77244888.00000000 195352016.00000000 64619.78906250  5642277.50000000 4461496.50000000 
0.04300    121915776.00000000 76255440.00000000 192837824.00000000 63513.23828125  5557086.50000000 4394411.00000000 
0.04400    120304040.00000000 75256696.00000000 190299904.00000000 62401.42187500  5471272.00000000 4326835.00000000 
0.04500    118678936.00000000 74249952.00000000 187741600.00000000 61284.74218750  5384975.00000000 4258802.50000000 
0.04600    117041656.00000000 73235600.00000000 185163648.00000000 60164.45703125  5298188.00000000 4190441.75000000 
0.04700    115394432.00000000 72214704.00000000 182569920.00000000 59041.38671875  5211024.50000000 4121769.75000000 
0.04800    113737528.00000000 71187792.00000000 179961264.00000000 57916.96093750  5123578.00000000 4052847.25000000 
0.04900    112072112.00000000 70155448.00000000 177339840.00000000 56791.75000000  5035844.50000000 3983743.25000000 
0.05000    110400280.00000000 69118904.00000000 174705424.00000000 55666.80468750  4947999.00000000 3914494.75000000 
0.05100    108723056.00000000 68078472.00000000 172063328.00000000 54543.63671875  4860028.00000000 3845153.75000000 
0.05200    107040472.00000000 67035036.00000000 169412752.00000000 53422.27734375  4772035.50000000 3775809.50000000 
0.05300    105354832.00000000 65989456.00000000 166759264.00000000 52304.26171875  4684086.00000000 3706508.50000000 
0.05400    103667704.00000000 64942852.00000000 164100736.00000000 51190.49609375  4596216.00000000 3637262.00000000 
0.05500    101979952.00000000 63895580.00000000 161442000.00000000 50081.78906250  4508568.50000000 3568163.00000000 
0.05600    100292656.00000000 62848120.00000000 158781888.00000000 48978.46093750  4421153.50000000 3499230.50000000 
0.05700    98605776.00000000 61801524.00000000 156125216.00000000 47882.38671875  4334055.00000000 3430553.75000000 
0.05800    96922264.00000000 60756292.00000000 153472768.00000000 46793.34765625  4247274.50000000 3362160.75000000 
0.05900    95242216.00000000 59713396.00000000 150825344.00000000 45712.71484375  4160954.25000000 3294078.00000000 
0.06000    93567024.00000000 58673156.00000000 148184512.00000000 44640.91406250  4075083.25000000 3226378.75000000 
0.06100    91897864.00000000 57636316.00000000 145553296.00000000 43579.35546875  3989781.75000000 3159094.75000000 
0.06200    90235720.00000000 56603656.00000000 142932624.00000000 42527.99609375  3905067.50000000 3092279.00000000 
0.06300    88581160.00000000 55575832.00000000 140325168.00000000 41487.60937500  3821025.75000000 3025976.50000000 
0.06400    86935624.00000000 54552868.00000000 137730320.00000000 40458.90234375  3737620.75000000 2960197.75000000 
0.06500    85299592.00000000 53536200.00000000 135150416.00000000 39442.54687500  3655001.50000000 2895016.25000000 
0.06600    83674328.00000000 52525836.00000000 132588000.00000000 38439.36718750  3573148.25000000 2830441.75000000 
0.06700    82060976.00000000 51522504.00000000 130043128.00000000 37448.99218750  3492155.25000000 2766528.75000000 
0.06800    80459144.00000000 50526772.00000000 127517448.00000000 36472.99609375  3412041.75000000 2703300.00000000 
0.06900    78871424.00000000 49539424.00000000 125012704.00000000 35511.32812500  3332838.25000000 2640790.75000000 
0.07000    77297312.00000000 48560280.00000000 122529960.00000000 34564.62890625  3254602.50000000 2579049.75000000 
0.07100    75738400.00000000 47590044.00000000 120070632.00000000 33632.92578125  3177336.75000000 2518072.50000000 
0.07200    74194984.00000000 46629484.00000000 117634792.00000000 32716.70507812  3101119.50000000 2457906.00000000 
0.07300    72667336.00000000 45678980.00000000 115225136.00000000 31816.93359375  3025949.00000000 2398573.50000000 
0.07400    71157832.00000000 44739084.00000000 112841696.00000000 30933.04492188  2951906.00000000 2340072.75000000 
0.07500    69665040.00000000 43809504.00000000 110486336.00000000 30066.05273438  2878955.50000000 2282508.50000000 
0.07600    68190256.00000000 42891220.00000000 108158880.00000000 29215.63085938  2807158.75000000 2225793.75000000 
0.07700    66734468.00000000 41984252.00000000 105860872.00000000 28382.42773438  2736554.00000000 2170024.00000000 
0.07800    65298432.00000000 41089376.00000000 103592920.00000000 27566.27929688  2667094.00000000 2115164.50000000 
0.07900    63881684.00000000 40206484.00000000 101355896.00000000 26767.60351562  2598874.75000000 2061266.75000000 
0.08000    62485172.00000000 39335860.00000000 99151032.00000000 25986.66015625  2531882.25000000 2008351.12500000 
0.08100    61109448.00000000 38478520.00000000 96978704.00000000 25223.19335938  2466133.25000000 1956393.12500000 
0.08200    59754632.00000000 37633772.00000000 94839400.00000000 24477.38671875  2401659.50000000 1905428.50000000 
0.08300    58421544.00000000 36802296.00000000 92733416.00000000 23749.26562500  2338428.50000000 1855463.75000000 
0.08400    57110344.00000000 35984072.00000000 90662008.00000000 23039.02539062  2276501.50000000 1806502.75000000 
0.08500    55821036.00000000 35179716.00000000 88624344.00000000 22346.59375000  2215848.00000000 1758555.25000000 
0.08600    54554168.00000000 34388964.00000000 86623296.00000000 21671.95898438  2156502.25000000 1711624.62500000 
0.08700    53309852.00000000 33612240.00000000 84657256.00000000 21014.73046875  2098438.50000000 1665716.25000000 
0.08800    52088412.00000000 32849550.00000000 82726808.00000000 20375.30273438  2041675.00000000 1620823.00000000 
0.08900    50889824.00000000 32101256.00000000 80832272.00000000 19753.38085938  1986229.75000000 1576952.62500000 
0.09000    49714648.00000000 31367088.00000000 78974704.00000000 19148.66406250  1932064.12500000 1534112.87500000 
0.09100    48562476.00000000 30647332.00000000 77153240.00000000 18561.27734375  1879198.62500000 1492293.12500000 
0.09200    47433928.00000000 29942044.00000000 75368584.00000000 17990.88476562  1827639.37500000 1451477.62500000 
0.09300    46328532.00000000 29251244.00000000 73621296.00000000 17437.41406250  1777345.25000000 1411684.50000000 
0.09400    45246680.00000000 28574972.00000000 71910512.00000000 16900.43359375  1728343.37500000 1372887.62500000 
0.09500    44188396.00000000 27913096.00000000 70236272.00000000 16380.05175781  1680596.12500000 1335095.12500000 
0.09600    43153240.00000000 27265794.00000000 68599240.00000000 15875.95996094  1634131.37500000 1298293.00000000 
0.09700    42141588.00000000 26633094.00000000 66999204.00000000 15387.70898438  1588904.12500000 1262472.37500000 
0.09800    41153424.00000000 26014850.00000000 65435644.00000000 14915.10449219  1544907.62500000 1227631.12500000 
0.09900    40188336.00000000 25411020.00000000 63908392.00000000 14457.97460938  1502134.87500000 1193749.37500000 
0.10000    39246224.00000000 24821292.00000000 62418016.00000000 14015.99511719  1460580.12500000 1160810.62500000 
0.10100    38326988.00000000 24246098.00000000 60963488.00000000 13588.68457031  1420196.00000000 1128814.75000000 
0.10200    37431056.00000000 23684966.00000000 59545176.00000000 13175.95214844  1380992.75000000 1097739.87500000 
0.10300    36557064.00000000 23137844.00000000 58162092.00000000 12777.33007812  1342942.87500000 1067579.75000000 
0.10400    35705756.00000000 22604762.00000000 56814564.00000000 12392.56054688  1306030.12500000 1038300.87500000 
0.10500    34876996.00000000 22085322.00000000 55501912.00000000 12021.37597656  1270242.87500000 1009918.68750000 
0.10600    34069276.00000000 21579452.00000000 54223780.00000000 11663.35644531  1235522.87500000 982389.87500000 
0.10700    33283872.00000000 21087314.00000000 52980208.00000000 11318.08691406  1201895.87500000 955704.81250000 
0.10800    32519550.00000000 20608316.00000000 51769752.00000000 10985.30468750  1169317.00000000 929858.06250000 
0.10900    31776594.00000000 20142508.00000000 50593152.00000000 10664.63867188  1137763.25000000 904813.00000000 
0.11000    31053902.00000000 19689656.00000000 49449144.00000000 10355.74023438  1107225.62500000 880566.81250000 
0.11100    30352218.00000000 19249524.00000000 48337264.00000000 10058.16699219  1077665.50000000 857097.25000000 
0.11200    29670042.00000000 18822074.00000000 47257608.00000000 9771.65234375   1049053.50000000 834379.50000000 
0.11300    29008148.00000000 18406850.00000000 46208660.00000000 9495.80273438   1021386.56250000 812399.31250000 
0.11400    28365594.00000000 18003832.00000000 45190900.00000000 9230.30957031   994630.31250000 791141.18750000 
0.11500    27742054.00000000 17612776.00000000 44202944.00000000 8974.69726562   968759.12500000 770585.37500000 
0.11600    27137000.00000000 17233216.00000000 43244724.00000000 8728.69238281   943745.62500000 750703.25000000 
0.11700    26550546.00000000 16865326.00000000 42315232.00000000 8491.97363281   919576.62500000 731488.62500000 
0.11800    25981600.00000000 16508527.00000000 41414264.00000000 8264.10742188   896204.75000000 712907.68750000 
0.11900    25430542.00000000 16162760.00000000 40540520.00000000 8044.75146484   873624.81250000 694950.62500000 
0.12000    24896226.00000000 15827489.00000000 39694524.00000000 7833.61718750   851803.50000000 677594.87500000 
0.12100    24378934.00000000 15502886.00000000 38874336.00000000 7630.38183594   830729.50000000 660828.06250000 
0.12200    23877724.00000000 15188367.00000000 38080080.00000000 7434.67187500   810354.68750000 644617.62500000 
0.12300    23392286.00000000 14883907.00000000 37311060.00000000 7246.21142578   790671.50000000 628948.75000000 
0.12400    22922248.00000000 14589068.00000000 36566536.00000000 7064.58251953   771647.87500000 613810.12500000 
0.12500    22467252.00000000 14303660.00000000 35845748.00000000 6889.56005859   753273.37500000 599169.81250000 
0.12600    22026962.00000000 14027527.00000000 35147940.00000000 6720.85546875   735509.68750000 585024.75000000 
0.12700    21600906.00000000 13760170.00000000 34473260.00000000 6558.16503906   718335.00000000 571346.87500000 
0.12800    21188574.00000000 13501564.00000000 33819520.00000000 6401.20605469   701727.68750000 558113.81250000 
0.12900    20789470.00000000 13251225.00000000 33187410.00000000 6249.64599609   685677.25000000 545318.81250000 
0.13000    20403380.00000000 13009175.00000000 32575684.00000000 6103.30712891   670145.06250000 532943.43750000 
0.13100    20029572.00000000 12774849.00000000 31983514.00000000 5961.86816406   655113.00000000 520961.03125000 
0.13200    19667874.00000000 12548152.00000000 31410734.00000000 5825.03906250   640562.93750000 509359.03125000 
0.13300    19318066.00000000 12328788.00000000 30856608.00000000 5692.67919922   626479.25000000 498126.25000000 
0.13400    18979404.00000000 12116616.00000000 30320224.00000000 5564.50683594   612827.00000000 487244.03125000 
0.13500    18651404.00000000 11911248.00000000 29801154.00000000 5440.34863281   599599.68750000 476691.31250000 
0.13600    18334196.00000000 11712461.00000000 29298632.00000000 5319.91113281   586777.43750000 466463.06250000 
0.13700    18026928.00000000 11520078.00000000 28812164.00000000 5203.02441406   574338.81250000 456534.15625000 
0.13800    17729268.00000000 11333745.00000000 28341080.00000000 5089.52929688   562256.75000000 446895.93750000 
0.13900    17441094.00000000 11153300.00000000 27884868.00000000 4979.23046875   550529.31250000 437535.18750000 
0.14000    17161752.00000000 10978597.00000000 27442748.00000000 4871.92480469   539131.06250000 428435.87500000 
0.14100    16890966.00000000 10809272.00000000 27014444.00000000 4767.50390625   528046.68750000 419588.68750000 
0.14200    16628365.00000000 10645129.00000000 26599044.00000000 4665.71484375   517262.84375000 410980.21875000 
0.14300    16373781.00000000 10485920.00000000 26196100.00000000 4566.49316406   506763.43750000 402596.53125000 
0.14400    16126545.00000000 10331484.00000000 25805224.00000000 4469.69238281   496533.37500000 394428.00000000 
0.14500    15886683.00000000 10181616.00000000 25425826.00000000 4375.17626953   486559.15625000 386462.87500000 
0.14600    15653634.00000000 10036120.00000000 25057146.00000000 4282.82617188   476828.78125000 378693.31250000 
0.14700    15427105.00000000 9894777.00000000 24699142.00000000 4192.55957031   467328.53125000 371106.53125000 
0.14800    15206785.00000000 9757293.00000000 24350976.00000000 4104.17187500   458048.37500000 363691.53125000 
0.14900    14992470.00000000 9623586.00000000 24012296.00000000 4017.64941406   448969.93750000 356440.71875000 
0.15000    14783772.00000000 9493400.00000000 23682624.00000000 3932.86743164   440090.40625000 349350.21875000 
0.15100    14580437.00000000 9366676.00000000 23361394.00000000 3849.76831055   431398.90625000 342406.21875000 
0.15200    14382326.00000000 9243225.00000000 23048458.00000000 3768.31176758   422884.90625000 335608.65625000 
0.15300    14188978.00000000 9122750.00000000 22743106.00000000 3688.35888672   414537.56250000 328939.46875000 
0.15400    14000183.00000000 9005147.00000000 22445078.00000000 3609.85717773   406348.18750000 322399.31250000 
0.15500    13815866.00000000 8890306.00000000 22153744.00000000 3532.79882812   398312.09375000 315979.03125000 
0.15600    13635462.00000000 8778067.00000000 21869102.00000000 3457.09619141   390416.28125000 309672.81250000 
0.15700    13459141.00000000 8668296.00000000 21590610.00000000 3382.72729492   382661.93750000 303479.65625000 
0.15800    13286295.00000000 8560753.00000000 21317788.00000000 3309.60278320   375032.21875000 297385.12500000 
0.15900    13117125.00000000 8455411.00000000 21050794.00000000 3237.74560547   367531.59375000 291392.71875000 
0.16000    12951051.00000000 8352138.50000000 20788592.00000000 3167.09838867   360147.06250000 285495.93750000 
0.16100    12788177.00000000 8250765.00000000 20531608.00000000 3097.65795898   352880.65625000 279690.03125000 
0.16200    12628105.00000000 8151148.50000000 20278956.00000000 3029.36694336   345719.50000000 273970.93750000 
0.16300    12470838.00000000 8053314.50000000 20030626.00000000 2962.23681641   338665.43750000 268335.84375000 
0.16400    12316102.00000000 7956984.00000000 19786324.00000000 2896.25097656   331711.00000000 262782.84375000 
0.16500    12163748.00000000 7862165.00000000 19545982.00000000 2831.35327148   324856.18750000 257307.37500000 
0.16600    12013676.00000000 7768798.50000000 19309032.00000000 2767.59643555   318095.03125000 251907.62500000 
0.16700    11865720.00000000 7676691.50000000 19075380.00000000 2704.91040039   311422.90625000 246578.51562500 
0.16800    11719750.00000000 7585732.50000000 18844902.00000000 2643.31787109   304840.50000000 241323.15625000 
0.16900    11575675.00000000 7496041.50000000 18617508.00000000 2582.85864258   298349.18750000 236137.67187500 
0.17000    11433389.00000000 7407344.50000000 18392618.00000000 2523.46923828   291939.53125000 231019.95312500 
0.17100    11292683.00000000 7319636.50000000 18170366.00000000 2465.16333008   285612.68750000 225966.85937500 
0.17200    11153592.00000000 7232856.00000000 17950558.00000000 2407.95434570   279372.03125000 220980.68750000 
0.17300    11015894.00000000 7146968.00000000 17733094.00000000 2351.84619141   273208.96875000 216060.01562500 
0.17400    10879682.00000000 7061884.50000000 17517712.00000000 2296.86328125   267128.46875000 211202.46875000 
0.17500    10744750.00000000 6977549.00000000 17304172.00000000 2242.93774414   261125.01562500 206408.85937500 
0.17600    10610898.00000000 6893931.00000000 17092600.00000000 2190.09716797   255198.10937500 201675.04687500 
0.17700    10478252.00000000 6810962.00000000 16882754.00000000 2138.39672852   249353.12500000 197005.40625000 
0.17800    10346734.00000000 6728600.00000000 16674526.00000000 2087.77880859   243582.56250000 192395.85937500 
0.17900    10216251.00000000 6646833.00000000 16467821.00000000 2038.27368164   237890.03125000 187849.79687500 
0.18000    10086706.00000000 6565636.00000000 16262570.00000000 1989.88964844   232276.45312500 183365.15625000 
0.18100    9958188.00000000 6484952.00000000 16058989.00000000 1942.63940430   226742.10937500 178943.51562500 
0.18200    9830435.00000000 6404710.50000000 15856485.00000000 1896.45886230   221279.96875000 174579.79687500 
0.18300    9703583.00000000 6325008.00000000 15655262.00000000 1851.39843750   215897.26562500 170280.01562500 
0.18400    9577420.00000000 6245652.00000000 15455263.00000000 1807.46166992   210591.75000000 166040.53125000 
0.18500    9452288.00000000 6166793.50000000 15256485.00000000 1764.66125488   205366.04687500 161864.14062500 
0.18600    9327744.00000000 6088325.50000000 15058793.00000000 1722.92419434   200215.59375000 157749.82812500 
0.18700    9204055.00000000 6010242.50000000 14862222.00000000 1682.31738281   195144.96875000 153697.00000000 
0.18800    9080977.00000000 5932548.00000000 14666605.00000000 1642.79492188   190151.04687500 149705.34375000 
0.18900    8958759.00000000 5855221.50000000 14472192.00000000 1604.39074707   185240.04687500 145779.59375000 
0.19000    8837050.00000000 5778212.50000000 14278522.00000000 1567.04089355   180402.43750000 141913.21875000 
0.19100    8716218.00000000 5701651.00000000 14086142.00000000 1530.81555176   175651.42187500 138114.48437500 
0.19200    8595992.00000000 5625380.00000000 13894592.00000000 1495.63415527   170973.59375000 134375.31250000 
0.19300    8476437.00000000 5549482.00000000 13704179.00000000 1461.53527832   166381.87500000 130703.20312500 
0.19400    8357591.50000000 5473905.00000000 13514550.00000000 1428.47424316   161866.18750000 127091.18750000 
0.19500    8239400.50000000 5398696.50000000 13326036.00000000 1396.46423340   157430.45312500 123544.82812500 
0.19600    8121873.00000000 5323837.00000000 13138497.00000000 1365.45458984   153076.20312500 120061.46875000 
0.19700    8005083.00000000 5249335.50000000 12951906.00000000 1335.47912598   148801.92187500 116642.62500000 
0.19800    7888921.50000000 5175222.50000000 12766339.00000000 1306.47070312   144607.53125000 113286.01562500 
0.19900    7773502.00000000 5101461.00000000 12581827.00000000 1278.47607422   140494.07812500 109996.13281250 
0.20000    7658786.00000000 5028031.00000000 12398247.00000000 1251.41198730   136460.37500000 106766.81250000 
0.20100    7544745.00000000 4955017.50000000 12215853.00000000 1225.30944824   132506.71875000 103603.18750000 
0.20200    7431499.00000000 4882360.50000000 12034381.00000000 1200.11462402   128633.25781250 100501.21875000 
0.20300    7318980.00000000 4810114.50000000 11854097.00000000 1175.84313965   124838.72656250 97463.83593750  
0.20400    7207164.00000000 4738279.00000000 11674958.00000000 1152.44738770   121122.87500000 94488.23437500  
0.20500    7096127.50000000 4666850.00000000 11496854.00000000 1129.91577148   117485.36718750 91576.00000000  
0.20600    6985834.50000000 4595822.50000000 11319858.00000000 1108.20495605   113925.51562500 88724.78906250  
0.20700    6876414.00000000 4525248.50000000 11144135.00000000 1087.33532715   110444.01562500 85935.91406250  
0.20800    6767676.00000000 4455113.00000000 10969497.00000000 1067.24145508   107037.58593750 83206.46093750  
0.20900    6659922.50000000 4385465.50000000 10796291.00000000 1047.97204590   103712.04687500 80541.95312500  
0.21000    6552840.50000000 4316221.00000000 10624110.00000000 1029.41223145   100456.83593750 77933.50000000  
0.21100    6446639.50000000 4247486.00000000 10453273.00000000 1011.58740234   97278.47656250  75386.07812500  
0.21200    6341311.50000000 4179210.50000000 10283754.00000000 994.46362305    94172.52343750  72896.28125000  
0.21300    6236825.50000000 4111446.50000000 10115480.00000000 978.01440430    91139.02343750  70464.98437500  
0.21400    6133244.50000000 4044189.25000000 9948579.00000000 962.24444580    88178.97656250  68090.63281250  
0.21500    6030621.50000000 3977472.25000000 9783128.00000000 947.12182617    85291.35156250  65774.74218750  
0.21600    5928828.00000000 3911257.75000000 9618965.00000000 932.60076904    82469.78906250  63512.42187500  
0.21700    5827968.50000000 3845585.50000000 9456217.00000000 918.66406250    79720.17968750  61305.97656250  
0.21800    5728041.50000000 3780443.00000000 9294942.00000000 905.30883789    77037.12500000  59152.98828125  
0.21900    5629044.50000000 3715855.50000000 9135033.00000000 892.48840332    74418.52343750  57051.60156250  
0.22000    5530994.00000000 3651817.25000000 8976613.00000000 880.20355225    71866.65625000  55003.55078125  
0.22100    5433960.00000000 3588424.75000000 8819819.00000000 868.44281006    69381.65625000  53008.09765625  
0.22200    5337902.00000000 3525584.75000000 8664440.00000000 857.16088867    66958.00781250  51062.06250000  
0.22300    5242785.50000000 3463317.50000000 8510575.00000000 846.34552002    64595.12500000  49164.75000000  
0.22400    5148645.00000000 3401632.25000000 8358225.50000000 835.97161865    62292.53125000  47315.12500000  
0.22500    5055605.50000000 3340611.75000000 8207548.50000000 826.07043457    60052.70703125  45515.35546875  
0.22600    4963501.50000000 3280187.00000000 8058360.50000000 816.54986572    57868.03906250  43760.03515625  
0.22700    4872479.50000000 3220378.25000000 7910888.50000000 807.45526123    55742.01953125  42051.12500000  
0.22800    4782440.50000000 3161210.00000000 7764927.00000000 798.72601318    53670.21875000  40386.40234375  
0.22900    4693429.50000000 3102659.00000000 7620588.00000000 790.37493896    51653.79296875  38764.39843750  
0.23000    4605465.00000000 3044784.75000000 7477929.00000000 782.38250732    49691.09765625  37186.14453125  
0.23100    4518603.00000000 2987547.25000000 7336920.00000000 774.74023438    47780.64062500  35649.46093750  
0.23200    4432752.00000000 2930940.00000000 7197526.50000000 767.41394043    45920.15234375  34152.05468750  
0.23300    4347940.00000000 2875015.25000000 7059817.00000000 760.41552734    44109.57812500  32695.14648438  
0.23400    4264220.00000000 2819749.25000000 6923815.50000000 753.73937988    42348.92187500  31277.84765625  
0.23500    4181505.25000000 2765122.25000000 6789393.50000000 747.33587646    40632.90625000  29895.67382812  
0.23600    4099899.75000000 2711188.25000000 6656778.00000000 741.23809814    38965.84375000  28552.74804688  
0.23700    4019363.50000000 2657919.75000000 6525777.00000000 735.43139648    37343.20312500  27245.28515625  
0.23800    3939891.00000000 2605354.50000000 6396552.50000000 729.89233398    35765.39453125  25973.74804688  
0.23900    3861461.75000000 2553430.50000000 6268968.50000000 724.61242676    34229.46875000  24735.26757812  
0.24000    3784123.25000000 2502199.00000000 6143092.00000000 719.60308838    32736.77343750  23531.05468750  
0.24100    3707908.75000000 2451680.75000000 6019014.50000000 714.85931396    31286.47070312  22360.56054688  
0.24200    3632752.75000000 2401835.25000000 5896622.50000000 710.37518311    29876.89843750  21222.75781250  
0.24300    3558664.25000000 2352668.00000000 5775929.50000000 706.12591553    28505.16796875  20115.36718750  
0.24400    3485614.00000000 2304184.75000000 5656941.00000000 702.12042236    27172.71484375  19038.91601562  
0.24500    3413645.25000000 2256384.00000000 5539649.50000000 698.35894775    25878.14257812  17992.11718750  
0.24600    3342773.75000000 2209296.75000000 5424128.00000000 694.84399414    24621.08007812  16975.63085938  
0.24700    3272979.00000000 2162887.50000000 5310297.50000000 691.56091309    23400.50976562  15987.89062500  
0.24800    3204231.00000000 2117166.00000000 5198214.50000000 688.51300049    22215.73437500  15028.64941406  
0.24900    3136540.75000000 2072120.12500000 5087778.50000000 685.69604492    21064.84179688  14096.68652344  
0.25000    3069919.00000000 2027770.62500000 4979072.00000000 683.11767578    19949.42773438  13192.17773438  
0.25100    3004338.50000000 1984093.12500000 4872036.50000000 680.75714111    18866.98828125  12314.06542969  
0.25200    2939890.75000000 1941139.37500000 4766810.00000000 678.65087891    17819.43359375  11463.92968750  
0.25300    2876448.25000000 1898846.12500000 4663241.00000000 676.76403809    16803.15625000  10638.45800781  
0.25400    2814044.25000000 1857242.50000000 4561358.00000000 675.10675049    15819.72167969  9839.05078125   
0.25500    2752680.25000000 1816294.50000000 4461108.00000000 673.67901611    14867.26464844  9064.05078125   
0.25600    2692389.25000000 1776037.00000000 4362578.50000000 672.48620605    13946.79687500  8314.28125000   
0.25700    2633106.50000000 1736460.00000000 4265690.00000000 671.51385498    13056.09179688  7588.80126953   
0.25800    2574872.50000000 1697549.75000000 4170497.50000000 670.78094482    12196.73828125  6887.58007812   
0.25900    2517663.50000000 1659307.75000000 4076946.75000000 670.26422119    11366.95214844  6209.98193359   
0.26000    2461500.00000000 1621743.37500000 3985060.00000000 669.98510742    10567.69335938  5556.30078125   
0.26100    2406299.50000000 1584812.37500000 3894786.50000000 669.92413330    9796.22363281   4924.96630859   
0.26200    2352158.75000000 1548582.87500000 3806202.00000000 670.09924316    9055.63183594   4318.09912109   
0.26300    2298970.75000000 1512974.12500000 3719148.00000000 670.48089600    8341.38378906   3732.25854492   
0.26400    2246804.50000000 1478033.75000000 3633729.50000000 671.09594727    7656.96044922   3169.59594727   
0.26500    2195647.75000000 1443746.25000000 3549971.00000000 671.92602539    7000.44726562   2629.27954102   
0.26600    2145453.25000000 1410081.00000000 3467754.00000000 672.97845459    6371.56396484   2111.17065430   
0.26700    2096258.37500000 1377070.75000000 3387122.50000000 674.24975586    5770.39306641   1615.02709961   
0.26800    2048045.75000000 1344714.62500000 3308150.75000000 675.73162842    5197.02148438   1141.05688477   
0.26900    2000761.50000000 1312958.37500000 3230599.75000000 677.41595459    4649.73486328   687.49053955    
0.27000    1954451.25000000 1281844.12500000 3154687.75000000 679.30761719    4130.11132812   256.03912354    
0.27100    1909078.37500000 1251341.62500000 3080301.50000000 681.39025879    3636.38354492   -154.58428955   
0.27200    1864713.00000000 1221492.50000000 3007469.25000000 683.69439697    3170.98217773   -542.75079346   
0.27300    1821228.12500000 1192218.50000000 2936100.50000000 686.17541504    2729.44238281   -911.47454834   
0.27400    1778612.37500000 1163525.75000000 2866167.25000000 688.81359863    2312.20874023   -1261.37072754  
0.27500    1737001.25000000 1135496.37500000 2797834.50000000 691.66979980    1923.86877441   -1587.68383789  
0.27600    1696241.00000000 1108001.12500000 2730855.75000000 694.66278076    1557.78857422   -1896.66735840  
0.27700    1656421.37500000 1081134.25000000 2665424.75000000 697.84576416    1218.93029785   -2183.21582031  
0.27800    1617477.75000000 1054840.37500000 2601384.75000000 701.17291260    903.50744629    -2451.27783203  
0.27900    1579414.62500000 1029122.00000000 2538798.25000000 704.65173340    612.96295166    -2699.22900391  
0.28000    1542222.00000000 1003978.43750000 2477613.25000000 708.27252197    346.22515869    -2927.92578125  
0.28100    1505894.37500000 979398.75000000 2417814.75000000 712.02111816    103.21114349    -3137.67382812  
0.28200    1470432.12500000 955385.00000000 2359435.25000000 715.89599609    -115.73809814   -3327.72607422  
0.28300    1435812.87500000 931923.31250000 2302414.25000000 719.88531494    -312.13781738   -3499.62744141  
0.28400    1402005.87500000 908994.93750000 2246692.50000000 723.97332764    -486.26086426   -3653.54931641  
0.28500    1369054.87500000 886627.18750000 2192364.25000000 728.16412354    -636.93597412   -3788.04028320  
0.28600    1336879.25000000 864774.00000000 2139316.75000000 732.42602539    -767.02978516   -3905.81225586  
0.28700    1305525.00000000 843461.87500000 2087589.87500000 736.76837158    -874.99841309   -4006.00805664  
0.28800    1274946.50000000 822647.37500000 2037089.87500000 741.16766357    -961.85266113   -4088.61450195  
0.28900    1245189.37500000 802371.18750000 1987933.25000000 745.61981201    -1027.78564453  -4153.73974609  
0.29000    1216156.50000000 782579.93750000 1939986.50000000 750.10931396    -1074.26342773  -4203.32324219  
0.29100    1187923.75000000 763308.37500000 1893305.12500000 754.63171387    -1100.25427246  -4235.73388672  
0.29200    1160407.62500000 744517.00000000 1847793.75000000 759.17028809    -1107.15161133  -4252.41357422  
0.29300    1133647.25000000 726225.56250000 1803513.25000000 763.71972656    -1094.65954590  -4252.96972656  
0.29400    1107579.50000000 708379.43750000 1760354.75000000 768.24707031    -1066.11108398  -4239.89453125  
0.29500    1082269.75000000 691033.50000000 1718413.75000000 772.77825928    -1017.59497070  -4210.54931641  
0.29600    1057620.25000000 674134.81250000 1677558.37500000 777.26831055    -953.36358643   -4167.75585938  
0.29700    1033668.18750000 657679.31250000 1637821.75000000 781.71508789    -872.72723389   -4111.23486328  
0.29800    1010397.06250000 641684.31250000 1599210.75000000 786.11791992    -775.51800537   -4040.68798828  
0.29900    987800.50000000 626140.31250000 1561698.37500000 790.46343994    -662.09332275   -3956.57055664  
0.30000    965836.12500000 611003.06250000 1525200.50000000 794.72253418    -535.51397705   -3860.96240234  
0.30100    944532.06250000 596311.56250000 1489788.75000000 798.91748047    -393.43072510   -3752.02929688  
0.30200    923821.87500000 582010.87500000 1455347.12500000 803.00128174    -238.88069153   -3632.60449219  
0.30300    903748.93750000 568142.00000000 1421939.37500000 806.99346924    -70.48992920    -3501.03515625  
0.30400    884281.93750000 554672.12500000 1389530.37500000 810.87567139    110.52384949    -3358.61230469  
0.30500    865377.68750000 541574.06250000 1358039.25000000 814.61877441    301.68975830    -3206.85791016  
0.30600    847042.56250000 528865.93750000 1327478.12500000 818.23870850    504.42840576    -3045.31835938  
0.30700    829300.25000000 516553.96875000 1297892.50000000 821.72784424    719.03399658    -2873.35668945  
0.30800    812087.18750000 504583.09375000 1269161.12500000 825.05828857    941.97961426    -2693.80566406  
0.30900    795430.93750000 492995.18750000 1241349.50000000 828.24420166    1174.93420410   -2504.94482422  
0.31000    779276.50000000 481756.56250000 1214381.75000000 831.26306152    1415.83581543   -2308.82666016  
0.31100    763638.25000000 470851.96875000 1188244.12500000 834.10894775    1664.76855469   -2105.37792969  
0.31200    748500.43750000 460288.96875000 1162931.50000000 836.78167725    1921.01721191   -1895.23852539  
0.31300    733847.12500000 450057.31250000 1138415.00000000 839.27825928    2183.64843750   -1678.69030762  
0.31400    719688.56250000 440160.62500000 1114721.62500000 841.58673096    2452.98168945   -1456.12915039  
0.31500    705963.75000000 430560.15625000 1091748.75000000 843.70446777    2727.01928711   -1228.63024902  
0.31600    692701.31250000 421275.21875000 1069531.50000000 845.62860107    3006.26489258   -995.97918701   
0.31700    679873.56250000 412290.90625000 1048051.93750000 847.36199951    3290.11352539   -758.72778320   
0.31800    667456.12500000 403587.62500000 1027245.87500000 848.88311768    3576.09277344   -518.60327148   
0.31900    655482.37500000 395188.15625000 1007175.87500000 850.22204590    3867.28686523   -273.52468872   
0.32000    643890.75000000 387062.90625000 987740.81250000 851.34259033    4159.83837891   -26.28584671    
0.32100    632679.75000000 379190.28125000 968957.93750000 852.25781250    4454.35791016   223.51052856    
0.32200    621870.75000000 371602.46875000 950826.18750000 852.97814941    4751.17919922   475.77600098    
0.32300    611389.62500000 364244.56250000 933262.81250000 853.48590088    5047.63525391   729.08215332    
0.32400    601274.12500000 357144.31250000 916307.93750000 853.77899170    5344.88720703   983.79882812    
0.32500    591504.43750000 350283.40625000 899929.56250000 853.88769531    5641.94726562   1239.31799316   
0.32600    582065.56250000 343663.28125000 884092.87500000 853.78314209    5938.77685547   1495.23303223   
0.32700    572952.00000000 337264.59375000 868832.62500000 853.48559570    6234.85058594   1751.65490723   
0.32800    564161.31250000 331103.68750000 854116.43750000 852.98999023    6530.16113281   2008.18078613   
0.32900    555650.62500000 325138.00000000 839868.81250000 852.30108643    6822.90869141   2263.36181641   
0.33000    547447.56250000 319392.78125000 826143.50000000 851.42498779    7113.98388672   2517.97851562   
0.33100    539479.25000000 313824.40625000 812821.75000000 850.35119629    7401.35888672   2770.39624023   
0.33200    531845.43750000 308489.96875000 800060.06250000 849.11444092    7688.17187500   3022.88159180   
0.33300    524440.50000000 303322.21875000 787704.06250000 847.68792725    7970.40136719   3272.41577148   
0.33400    517294.28125000 298351.90625000 775784.50000000 846.10113525    8249.88671875   3520.65258789   
0.33500    510385.12500000 293544.25000000 764266.87500000 844.33996582    8525.00781250   3765.55346680   
0.33600    503704.84375000 288915.09375000 753160.68750000 842.41760254    8796.44824219   4008.18188477   
0.33700    497252.65625000 284447.37500000 742429.12500000 840.34271240    9063.61816406   4247.80517578   
0.33800    491028.75000000 280152.34375000 732113.25000000 838.13360596    9327.00488281   4484.69335938   
0.33900    484989.68750000 275996.50000000 722094.62500000 835.76239014    9584.87304688   4717.75292969   
0.34000    479163.71875000 271997.65625000 712454.68750000 833.27069092    9838.33105469   4947.49755859   
0.34100    473527.15625000 268139.87500000 703153.56250000 830.64605713    10086.73339844  5173.60546875   
0.34200    468108.37500000 264445.96875000 694228.43750000 827.91754150    10331.26269531  5396.97705078   
0.34300    462831.84375000 260864.35937500 685544.12500000 825.06262207    10569.42871094  5615.35498047   
0.34400    457761.31250000 257437.37500000 677230.18750000 822.11358643    10803.65722656  5830.48779297   
0.34500    452833.53125000 254119.40625000 669165.68750000 819.06616211    11031.74804688  6041.16601562   
0.34600    448110.65625000 250949.84375000 661436.12500000 815.93103027    11255.83300781  6248.46337891   
0.34700    443485.84375000 247865.12500000 653903.81250000 812.70416260    11472.79687500  6450.25537109   
0.34800    439035.78125000 244911.39062500 646669.37500000 809.41076660    11685.11035156  6648.24804688   
0.34900    434734.15625000 242068.92187500 639700.18750000 806.04522705    11892.58496094  6841.96679688   
0.35000    430559.12500000 239330.32812500 632963.06250000 802.62518311    12093.82226562  7031.04980469   
0.35100    426550.25000000 236705.68750000 626503.25000000 799.15948486    12291.16210938  7216.63916016   
0.35200    422625.53125000 234159.60937500 620196.87500000 795.63409424    12481.73144531  7396.49804688   
0.35300    418840.84375000 231719.04687500 614130.43750000 792.07055664    12667.20703125  7572.13916016   
0.35400    415188.81250000 229379.76562500 608301.75000000 788.48498535    12848.14941406  7743.81591797   
0.35500    411646.15625000 227124.18750000 602671.62500000 784.86535645    13023.81250000  7910.85888672   
0.35600    408197.18750000 224943.37500000 597210.00000000 781.22753906    13193.89257812  8073.24902344   
0.35700    404874.21875000 222854.29687500 591947.12500000 777.58044434    13359.57617188  8231.42480469   
0.35800    401664.50000000 220851.73437500 586879.87500000 773.92974854    13520.51660156  8385.44726562   
0.35900    398544.78125000 218921.39062500 581995.75000000 770.26910400    13676.76757812  8535.19824219   
0.36000    395540.78125000 217079.17187500 577308.25000000 766.62255859    13828.89648438  8681.25390625   
0.36100    392609.96875000 215290.68750000 572738.62500000 762.97479248    13975.50390625  8822.19335938   
0.36200    389819.46875000 213602.14062500 568406.06250000 759.35772705    14119.77441406  8960.51464844   
0.36300    387066.71875000 211951.25000000 564148.31250000 755.73815918    14257.75878906  9093.29980469   
0.36400    384407.84375000 210365.68750000 560048.62500000 752.14477539    14391.89941406  9222.37109375   
0.36500    381830.53125000 208841.51562500 556098.00000000 748.57147217    14522.19628906  9347.60742188   
0.36600    379366.00000000 207400.53125000 552331.00000000 745.04785156    14649.54003906  9470.03808594   
0.36700    376948.25000000 205994.75000000 548641.81250000 741.53887939    14771.90625000  9587.43945312   
0.36800    374662.06250000 204675.31250000 545171.37500000 738.07635498    14892.54687500  9702.78906250   
0.36900    372439.46875000 203404.20312500 541803.25000000 734.65020752    15009.49121094  9814.39648438   
0.37000    370242.90625000 202157.81250000 538488.18750000 731.24786377    15121.41796875  9921.14355469   
0.37100    368140.96875000 200971.21875000 535322.31250000 727.88726807    15230.63085938  10025.08203125  
0.37200    366138.75000000 199856.17187500 532326.06250000 724.58416748    15338.20996094  10126.66796875  
0.37300    364184.06250000 198771.73437500 529396.31250000 721.31158447    15441.64648438  10224.35058594  
0.37400    362311.71875000 197743.20312500 526615.37500000 718.09100342    15543.45800781  10319.61328125  
0.37500    360511.31250000 196756.93750000 523937.50000000 714.91558838    15642.30175781  10411.98339844  
0.37600    358781.09375000 195822.78125000 521369.09375000 711.78100586    15738.39062500  10501.17382812  
0.37700    357093.62500000 194915.04687500 518874.03125000 708.68347168    15831.80957031  10587.35058594  
0.37800    355490.40625000 194055.25000000 516500.46875000 705.63610840    15923.52246094  10671.35644531  
0.37900    353967.90625000 193250.92187500 514268.37500000 702.64062500    16013.39160156  10753.16308594  
0.38000    352486.87500000 192466.67187500 512084.28125000 699.67608643    16100.29101562  10831.70898438  
0.38100    351050.62500000 191714.93750000 509976.40625000 696.74371338    16184.89941406  10907.51953125  
0.38200    349705.96875000 191011.62500000 508001.09375000 693.86828613    16268.51464844  10981.73632812  
0.38300    348388.28125000 190328.04687500 506077.31250000 691.01654053    16349.15625000  11052.93164062  
0.38400    347168.59375000 189700.00000000 504285.65625000 688.20721436    16429.09570312  11122.65136719  
0.38500    345965.87500000 189080.01562500 502525.87500000 685.42584229    16506.18164062  11189.48632812  
0.38600    344864.96875000 188517.23437500 500910.09375000 682.68676758    16583.00390625  11255.32226562  
0.38700    343777.46875000 187959.81250000 499316.78125000 679.96252441    16656.70312500  11317.87207031  
0.38800    342753.90625000 187438.12500000 497816.46875000 677.26678467    16728.95703125  11378.80859375  
0.38900    341780.93750000 186941.57812500 496382.37500000 674.59277344    16799.57226562  11437.48828125  
0.39000    340889.06250000 186493.76562500 495073.96875000 671.94976807    16869.45312500  11495.23730469  
0.39100    340026.40625000 186052.18750000 493799.09375000 669.32189941    16937.33789062  11550.55468750  
0.39200    339228.21875000 185645.39062500 492611.68750000 666.70690918    17003.95507812  11604.24902344  
0.39300    338467.34375000 185252.23437500 491474.37500000 664.10394287    17068.50195312  11655.75097656  
0.39400    337790.25000000 184909.59375000 490459.28125000 661.52014160    17132.55078125  11706.59179688  
0.39500    337114.93750000 184560.54687500 489443.43750000 658.92956543    17193.81640625  11754.47460938  
0.39600    336497.90625000 184239.45312500 488502.37500000 656.34216309    17253.80078125  11801.03320312  
0.39700    335927.00000000 183937.07812500 487625.06250000 653.75793457    17312.14062500  11845.77050781  
0.39800    335416.00000000 183667.35937500 486831.03125000 651.17938232    17369.73242188  11889.44726562  
0.39900    334939.40625000 183407.51562500 486071.18750000 648.59301758    17425.04296875  11931.04492188  
0.40000    334502.81250000 183168.42187500 485377.09375000 645.99713135    17478.70117188  11971.32910156  
0.40100    334101.59375000 182940.03125000 484715.09375000 643.38293457    17530.31640625  12009.33593750  
0.40200    333763.87500000 182743.51562500 484143.81250000 640.76837158    17580.95117188  12046.44042969  
0.40300    333437.09375000 182545.84375000 483585.12500000 638.13360596    17629.01171875  12081.22949219  
0.40400    333166.75000000 182375.06250000 483102.31250000 635.47595215    17675.92187500  12115.09277344  
0.40500    332926.53125000 182214.29687500 482653.78125000 632.81048584    17720.66796875  12147.09472656  
0.40600    332743.78125000 182082.06250000 482286.81250000 630.12811279    17764.61718750  12178.23535156  
0.40700    332577.56250000 181950.50000000 481933.62500000 627.41381836    17805.41796875  12207.08496094  
0.40800    332447.93750000 181831.57812500 481615.46875000 624.67144775    17844.51757812  12234.37695312  
0.40900    332341.59375000 181720.39062500 481337.59375000 621.90124512    17881.30273438  12259.96386719  
0.41000    332295.68750000 181639.62500000 481133.75000000 619.11804199    17917.09375000  12284.79199219  
0.41100    332259.87500000 181556.56250000 480948.18750000 616.30297852    17950.03710938  12307.47070312  
0.41200    332245.21875000 181478.45312500 480772.37500000 613.44067383    17980.44531250  12328.24414062  
0.41300    332278.78125000 181421.75000000 480670.21875000 610.57232666    18009.63085938  12348.02636719  
0.41400    332324.31250000 181363.81250000 480572.75000000 607.65368652    18035.51171875  12365.85253906  
0.41500    332416.09375000 181329.00000000 480541.34375000 604.71710205    18060.00390625  12382.56640625  
0.41600    332493.21875000 181277.00000000 480473.81250000 601.73559570    18081.07031250  12396.81835938  
0.41700    332629.21875000 181257.20312500 480494.50000000 598.73638916    18101.06640625  12410.50683594  
0.41800    332809.03125000 181253.81250000 480571.90625000 595.70788574    18118.93750000  12422.85937500  
0.41900    332943.40625000 181219.25000000 480573.71875000 592.62695312    18132.23242188  12431.98144531  
0.42000    333143.71875000 181216.64062500 480672.56250000 589.53338623    18144.66015625  12440.75390625  
0.42100    333372.75000000 181225.12500000 480802.50000000 586.41113281    18154.91992188  12448.37890625  
0.42200    333608.96875000 181235.10937500 480943.28125000 583.25854492    18162.39648438  12454.02636719  
0.42300    333849.46875000 181236.93750000 481078.12500000 580.07263184    18166.66210938  12457.70605469  
0.42400    334114.09375000 181254.90625000 481246.81250000 576.86193848    18168.69140625  12460.04687500  
0.42500    334394.84375000 181273.56250000 481440.43750000 573.62719727    18168.52734375  12461.07714844  
0.42600    334675.87500000 181283.82812500 481615.78125000 570.36340332    18164.78906250  12460.00488281  
0.42700    334997.75000000 181323.01562500 481868.96875000 567.09240723    18159.92382812  12458.29296875  
0.42800    335309.25000000 181346.18750000 482086.56250000 563.78741455    18151.40234375  12454.48632812  
0.42900    335664.25000000 181393.57812500 482374.68750000 560.47521973    18141.47851562  12449.96289062  
0.43000    336009.87500000 181431.12500000 482639.25000000 557.13867188    18128.19140625  12443.59863281  
0.43100    336338.75000000 181455.57812500 482883.18750000 553.78186035    18111.67968750  12434.92285156  
0.43200    336713.65625000 181505.35937500 483186.59375000 550.42687988    18093.96093750  12426.06542969  
0.43300    337078.56250000 181544.93750000 483475.71875000 547.04980469    18072.80468750  12415.02050781  
0.43400    337457.31250000 181589.28125000 483787.34375000 543.67346191    18049.32812500  12402.89160156  
0.43500    337832.00000000 181631.20312500 484085.12500000 540.28680420    18023.42382812  12389.06347656  
0.43600    338249.28125000 181693.73437500 484448.43750000 536.90966797    17995.93750000  12375.08203125  
0.43700    338632.28125000 181736.46875000 484762.37500000 533.51452637    17965.00390625  12358.67382812  
0.43800    339014.46875000 181776.37500000 485064.81250000 530.12506104    17931.63085938  12340.98828125  
0.43900    339416.40625000 181826.01562500 485413.84375000 526.74493408    17896.33007812  12322.53710938  
0.44000    339828.59375000 181879.34375000 485758.81250000 523.37139893    17858.82226562  12302.73730469  
0.44100    340232.15625000 181929.26562500 486106.65625000 520.01062012    17818.88281250  12281.67773438  
0.44200    340643.59375000 181982.12500000 486457.18750000 516.65313721    17776.96093750  12259.64746094  
0.44300    341056.68750000 182037.95312500 486816.43750000 513.31463623    17732.81054688  12236.48730469  
0.44400    341472.43750000 182091.60937500 487183.56250000 509.99789429    17686.80078125  12212.51464844  
0.44500    341851.56250000 182123.26562500 487490.81250000 506.68289185    17637.44531250  12186.35742188  
0.44600    342249.09375000 182166.21875000 487827.75000000 503.39962769    17586.86132812  12159.68359375  
0.44700    342662.12500000 182220.89062500 488194.43750000 500.14331055    17534.77929688  12132.45898438  
0.44800    343044.75000000 182255.50000000 488510.43750000 496.90292358    17480.02539062  12103.73925781  
0.44900    343455.25000000 182308.10937500 488872.71875000 493.69995117    17424.38476562  12074.63476562  
0.45000    343862.78125000 182359.48437500 489239.37500000 490.53073120    17367.08398438  12044.93457031  
0.45100    344224.81250000 182387.56250000 489541.56250000 487.37786865    17306.67187500  12013.21679688  
0.45200    344616.03125000 182430.32812500 489881.84375000 484.26556396    17245.70507812  11981.31445312  
0.45300    344979.00000000 182459.10937500 490181.90625000 481.18365479    17182.79296875  11948.34570312  
0.45400    345354.15625000 182495.67187500 490507.53125000 478.13839722    17118.28320312  11914.82031250  
0.45500    345720.62500000 182529.71875000 490824.21875000 475.13369751    17052.82226562  11880.67871094  
0.45600    346068.68750000 182553.59375000 491112.84375000 472.16256714    16985.06054688  11845.34570312  
0.45700    346420.06250000 182583.35937500 491411.81250000 469.23648071    16916.69140625  11809.64843750  
0.45800    346748.68750000 182599.67187500 491680.71875000 466.34948730    16846.79882812  11773.29003906  
0.45900    347068.56250000 182611.81250000 491937.84375000 463.49935913    16775.22851562  11735.72656250  
0.46000    347407.84375000 182641.21875000 492236.75000000 460.70278931    16703.76953125  11698.72558594  
0.46100    347688.31250000 182633.43750000 492437.03125000 457.93127441    16629.29687500  11659.67578125  
0.46200    348001.93750000 182650.75000000 492698.31250000 455.22097778    16555.36523438  11621.16113281  
0.46300    348285.06250000 182648.82812500 492915.03125000 452.54348755    16479.71484375  11581.56738281  
0.46400    348547.06250000 182637.95312500 493102.37500000 449.90905762    16402.89648438  11541.29296875  
0.46500    348815.40625000 182635.51562500 493308.09375000 447.32989502    16325.68261719  11501.00781250  
0.46600    349054.59375000 182618.39062500 493472.18750000 444.78341675    16247.30175781  11459.96093750  
0.46700    349266.75000000 182585.07812500 493602.59375000 442.27908325    16167.64746094  11417.82617188  
0.46800    349507.75000000 182573.73437500 493777.53125000 439.82812500    16088.17578125  11376.19628906  
0.46900    349691.06250000 182529.73437500 493869.37500000 437.41241455    16006.83007812  11333.18261719  
0.47000    349868.21875000 182485.76562500 493956.06250000 435.03970337    15925.17968750  11290.01464844  
0.47100    350041.40625000 182440.39062500 494034.06250000 432.71191406    15842.97167969  11246.48535156  
0.47200    350188.03125000 182383.10937500 494085.25000000 430.42578125    15760.01367188  11202.46777344  
0.47300    350329.62500000 182328.78125000 494133.75000000 428.18161011    15676.90039062  11158.32519531  
0.47400    350423.28125000 182245.79687500 494108.62500000 425.96875000    15592.08593750  11112.79687500  
0.47500    350516.84375000 182167.90625000 494087.31250000 423.79971313    15507.41601562  11067.55957031  
0.47600    350619.78125000 182094.10937500 494078.87500000 421.67626953    15423.07128906  11022.41601562  
0.47700    350639.96875000 181978.87500000 493959.37500000 419.57186890    15336.12304688  10975.23437500  
0.47800    350672.93750000 181872.87500000 493860.96875000 417.51367188    15249.98437500  10928.81933594  
0.47900    350698.31250000 181767.68750000 493751.68750000 415.49386597    15163.60253906  10882.06445312  
0.48000    350669.78125000 181629.96875000 493561.31250000 413.49841309    15075.95605469  10834.09863281  
0.48100    350663.28125000 181513.42187500 493424.18750000 411.54550171    14989.04687500  10786.80664062  
0.48200    350569.71875000 181344.76562500 493141.15625000 409.60040283    14899.68164062  10737.36523438  
0.48300    350472.96875000 181178.12500000 492865.68750000 407.69543457    14810.70214844  10688.25097656  
0.48400    350368.03125000 181010.25000000 492579.53125000 405.82168579    14721.81445312  10639.01855469  
0.48500    350228.59375000 180825.82812500 492240.06250000 403.97232056    14631.98925781  10589.12011719  
0.48600    350075.59375000 180637.35937500 491896.34375000 402.15048218    14542.50292969  10539.07714844  
0.48700    349885.50000000 180429.60937500 491486.71875000 400.34719849    14452.03027344  10488.27832031  
0.48800    349644.75000000 180193.70312500 491012.81250000 398.55685425    14360.48242188  10436.46875000  
0.48900    349390.65625000 179957.17187500 490518.25000000 396.79391479    14268.93457031  10384.41210938  
0.49000    349113.53125000 179710.84375000 489996.81250000 395.04846191    14177.26464844  10332.18652344  
0.49100    348821.68750000 179456.43750000 489454.46875000 393.33020020    14085.59472656  10279.91113281  
0.49200    348470.06250000 179173.35937500 488824.96875000 391.61886597    13992.63964844  10226.36523438  
0.49300    348104.40625000 178882.71875000 488174.40625000 389.92312622    13899.73925781  10172.61230469  
0.49400    347700.78125000 178578.89062500 487479.28125000 388.24124146    13806.27148438  10118.27343750  
0.49500    347262.00000000 178253.18750000 486728.31250000 386.57135010    13712.19433594  10063.34082031  
0.49600    346809.31250000 177925.62500000 485963.15625000 384.91729736    13618.48925781  10008.55175781  
0.49700    346303.40625000 177571.50000000 485117.59375000 383.26461792    13523.53125000  9952.51074219   
0.49800    345779.56250000 177209.15625000 484252.12500000 381.63104248    13428.79687500  9896.54980469   
0.49900    345204.40625000 176818.28125000 483303.78125000 379.99172974    13332.97753906  9839.43261719   
0.50000    344609.62500000 176425.85937500 482344.78125000 378.37368774    13237.28515625  9782.44140625   
