# SAXS profile: number of points = 501, q_min = 0, q_max = 0.5, delta_q = 0.001
#    q    intensity 
0.00000    162236192.00000000 101201568.00000000 256271648.00000000 105229.82031250 8263765.50000000 6526696.00000000 
0.00100    162208656.00000000 101183680.00000000 256226080.00000000 105202.93750000 8261914.50000000 6525267.50000000 
0.00200    162122784.00000000 101130072.00000000 256088768.00000000 105122.41406250 8256462.00000000 6521018.00000000 
0.00300    161978528.00000000 101040160.00000000 255858816.00000000 104988.00781250 8247416.50000000 6513855.50000000 
0.00400    161774480.00000000 100915256.00000000 255539088.00000000 104799.57812500 8234698.00000000 6503945.00000000 
0.00500    161511280.00000000 100753968.00000000 255127680.00000000 104559.41406250 8218400.50000000 6491149.00000000 
0.00600    161189968.00000000 100557936.00000000 254627104.00000000 104265.21093750 8198569.00000000 6475570.00000000 
0.00700    160812688.00000000 100325128.00000000 254034288.00000000 103918.94531250 8175152.50000000 6457200.50000000 
0.00800    160376192.00000000 100058800.00000000 253354752.00000000 103521.27343750 8148220.00000000 6436081.50000000 
0.00900    159883120.00000000 99758184.00000000 252585424.00000000 103073.17187500 8117812.50000000 6412241.00000000 
0.01000    159335392.00000000 99423680.00000000 251729888.00000000 102573.50781250 8083978.00000000 6385694.00000000 
0.01100    158733184.00000000 99055216.00000000 250787984.00000000 102024.84375000 8046788.00000000 6356525.50000000 
0.01200    158078640.00000000 98653688.00000000 249759552.00000000 101426.41406250 8006230.00000000 6324702.50000000 
0.01300    157370208.00000000 98218256.00000000 248647184.00000000 100781.75000000 7962427.00000000 6290331.50000000 
0.01400    156607136.00000000 97750408.00000000 247453264.00000000 100089.43750000 7915380.00000000 6253429.50000000 
0.01500    155791312.00000000 97251064.00000000 246178560.00000000 99351.49218750  7865195.00000000 6214039.00000000 
0.01600    154925216.00000000 96720304.00000000 244823024.00000000 98569.42968750  7811902.00000000 6172280.00000000 
0.01700    154010384.00000000 96158888.00000000 243389440.00000000 97743.52343750  7755592.50000000 6128110.00000000 
0.01800    153047056.00000000 95568264.00000000 241879904.00000000 96876.04687500  7696431.00000000 6081657.50000000 
0.01900    152036064.00000000 94947808.00000000 240294240.00000000 95967.74218750  7634399.00000000 6032955.00000000 
0.02000    150976640.00000000 94299072.00000000 238636752.00000000 95020.08593750  7569525.50000000 5982065.00000000 
0.02100    149873552.00000000 93621720.00000000 236908880.00000000 94034.51562500  7502021.00000000 5929098.00000000 
0.02200    148726272.00000000 92918512.00000000 235110912.00000000 93012.53906250  7431920.00000000 5874057.00000000 
0.02300    147536368.00000000 92187216.00000000 233246704.00000000 91955.59375000  7359323.00000000 5817081.00000000 
0.02400    146304128.00000000 91432120.00000000 231317664.00000000 90865.44531250  7284317.00000000 5758186.00000000 
0.02500    145033296.00000000 90652432.00000000 229325744.00000000 89743.69531250  7207011.00000000 5697545.00000000 
0.02600    143723248.00000000 89848128.00000000 227272192.00000000 88591.59375000  7127531.00000000 5635078.50000000 
0.02700    142376464.00000000 89021064.00000000 225161152.00000000 87411.37500000  7045908.00000000 5571040.50000000 
0.02800    140994464.00000000 88171760.00000000 222994784.00000000 86204.06250000  6962301.50000000 5505343.00000000 
0.02900    139578096.00000000 87302080.00000000 220774608.00000000 84972.39062500  6876797.50000000 5438243.50000000 
0.03000    138129456.00000000 86412064.00000000 218503760.00000000 83716.86718750  6789527.00000000 5369693.00000000 
0.03100    136650272.00000000 85502984.00000000 216184064.00000000 82440.75000000  6700529.50000000 5299787.50000000 
0.03200    135140800.00000000 84575368.00000000 213818000.00000000 81143.58593750  6610049.00000000 5228695.00000000 
0.03300    133604368.00000000 83630360.00000000 211408000.00000000 79830.21093750  6518061.00000000 5156421.50000000 
0.03400    132040824.00000000 82670016.00000000 208957952.00000000 78499.00000000  6424754.00000000 5083061.50000000 
0.03500    130454272.00000000 81693928.00000000 206467808.00000000 77154.10937500  6330212.50000000 5008795.50000000 
0.03600    128844072.00000000 80703472.00000000 203942416.00000000 75796.61718750  6234527.00000000 4933570.50000000 
0.03700    127213536.00000000 79699488.00000000 201383872.00000000 74428.02343750  6137804.00000000 4857598.50000000 
0.03800    125563336.00000000 78683864.00000000 198793216.00000000 73049.76562500  6040207.50000000 4780893.00000000 
0.03900    123894408.00000000 77656512.00000000 196175760.00000000 71665.12500000  5941852.00000000 4703529.50000000 
0.04000    122210112.00000000 76619568.00000000 193531968.00000000 70274.31250000  5842793.50000000 4625620.00000000 
0.04100    120511104.00000000 75573328.00000000 190863968.00000000 68879.45312500  5743199.50000000 4547313.00000000 
0.04200    118799056.00000000 74518512.00000000 188176976.00000000 67481.75781250  5643107.50000000 4468580.00000000 
0.04300    117076272.00000000 73456984.00000000 185471440.00000000 66083.75781250  5542702.00000000 4389609.00000000 
0.04400    115343080.00000000 72388352.00000000 182749776.00000000 64686.46484375  5441997.50000000 4310361.00000000 
0.04500    113602912.00000000 71314800.00000000 180015120.00000000 63291.70703125  5341176.00000000 4231016.00000000 
0.04600    111855240.00000000 70237000.00000000 177269216.00000000 61900.68750000  5240257.00000000 4151601.75000000 
0.04700    110103280.00000000 69155280.00000000 174517120.00000000 60514.89843750  5139444.50000000 4072226.75000000 
0.04800    108346944.00000000 68071040.00000000 171757008.00000000 59136.12500000  5038750.00000000 3992962.75000000 
0.04900    106589736.00000000 66985696.00000000 168994848.00000000 57765.42578125  4938326.00000000 3913876.00000000 
0.05000    104831232.00000000 65899704.00000000 166231968.00000000 56404.35546875  4838229.50000000 3835023.25000000 
0.05100    103074720.00000000 64814172.00000000 163468624.00000000 55054.26171875  4738569.50000000 3756538.75000000 
0.05200    101320528.00000000 63729476.00000000 160710144.00000000 53715.93359375  4639447.00000000 3678429.50000000 
0.05300    99570520.00000000 62647184.00000000 157957024.00000000 52391.20703125  4540867.50000000 3600757.25000000 
0.05400    97824840.00000000 61567296.00000000 155210704.00000000 51080.83593750  4443036.50000000 3523641.00000000 
0.05500    96086056.00000000 60491564.00000000 152475248.00000000 49785.90625000  4345915.50000000 3447089.50000000 
0.05600    94355336.00000000 59420036.00000000 149750704.00000000 48507.48437500  4249642.00000000 3371194.75000000 
0.05700    92634136.00000000 58353740.00000000 147040560.00000000 47246.46484375  4154322.25000000 3295994.75000000 
0.05800    90922608.00000000 57293220.00000000 144346896.00000000 46003.76562500  4059950.00000000 3221553.50000000 
0.05900    89222880.00000000 56239608.00000000 141669952.00000000 44780.75000000  3966623.25000000 3147923.75000000 
0.06000    87535560.00000000 55193496.00000000 139013088.00000000 43577.51171875  3874408.50000000 3075139.50000000 
0.06100    85862256.00000000 54155468.00000000 136376928.00000000 42395.16796875  3783370.75000000 3003263.00000000 
0.06200    84203360.00000000 53125892.00000000 133763688.00000000 41234.21875000  3693549.50000000 2932368.25000000 
0.06300    82560608.00000000 52105680.00000000 131174144.00000000 40095.46484375  3605017.00000000 2862435.00000000 
0.06400    80934368.00000000 51095064.00000000 128610824.00000000 38978.93750000  3517780.00000000 2793550.50000000 
0.06500    79325544.00000000 50095548.00000000 126074152.00000000 37885.69140625  3431924.00000000 2725710.00000000 
0.06600    77735664.00000000 49106704.00000000 123565464.00000000 36816.07031250  3347481.50000000 2658979.75000000 
0.06700    76164168.00000000 48129780.00000000 121087424.00000000 35770.27343750  3264483.00000000 2593354.00000000 
0.06800    74613176.00000000 47164416.00000000 118640328.00000000 34748.72265625  3182973.25000000 2528911.25000000 
0.06900    73083360.00000000 46211732.00000000 116225248.00000000 33751.35546875  3102990.50000000 2465659.75000000 
0.07000    71574424.00000000 45271604.00000000 113843288.00000000 32778.92968750  3024538.00000000 2403582.50000000 
0.07100    70087400.00000000 44344840.00000000 111495544.00000000 31831.16015625  2947638.50000000 2342731.25000000 
0.07200    68623176.00000000 43432060.00000000 109182824.00000000 30908.26953125  2872333.50000000 2283132.25000000 
0.07300    67182456.00000000 42532908.00000000 106906544.00000000 30010.53906250  2798648.50000000 2224793.00000000 
0.07400    65764636.00000000 41648480.00000000 104666312.00000000 29137.49609375  2726569.75000000 2167705.50000000 
0.07500    64371632.00000000 40778176.00000000 102464264.00000000 28289.47070312  2656126.75000000 2111899.50000000 
0.07600    63002352.00000000 39922776.00000000 100299600.00000000 27466.18554688  2587333.00000000 2057368.75000000 
0.07700    61657720.00000000 39082280.00000000 98173416.00000000 26667.64062500  2520143.50000000 2004141.25000000 
0.07800    60338572.00000000 38257080.00000000 96086008.00000000 25893.46679688  2454639.25000000 1952185.37500000 
0.07900    59044316.00000000 37447276.00000000 94038600.00000000 25143.47851562  2390749.75000000 1901523.62500000 
0.08000    57775640.00000000 36653360.00000000 92031120.00000000 24417.34765625  2328522.50000000 1852141.50000000 
0.08100    56532748.00000000 35874376.00000000 90063296.00000000 23715.04101562  2267919.00000000 1804059.87500000 
0.08200    55315640.00000000 35111592.00000000 88136000.00000000 23035.75390625  2208932.00000000 1757237.25000000 
0.08300    54124260.00000000 34364504.00000000 86248496.00000000 22379.77929688  2151578.75000000 1711692.75000000 
0.08400    52958648.00000000 33633036.00000000 84402048.00000000 21745.93554688  2095808.50000000 1667392.00000000 
0.08500    51818776.00000000 32917654.00000000 82596032.00000000 21134.45117188  2041636.00000000 1624352.75000000 
0.08600    50705344.00000000 32218108.00000000 80830144.00000000 20544.49218750  1989011.62500000 1582528.25000000 
0.08700    49617112.00000000 31534654.00000000 79105200.00000000 19975.63671875  1937941.00000000 1541932.00000000 
0.08800    48555028.00000000 30866634.00000000 77420376.00000000 19427.37109375  1888385.75000000 1502528.25000000 
0.08900    47517852.00000000 30214398.00000000 75775048.00000000 18899.25195312  1840351.62500000 1464304.87500000 
0.09000    46506532.00000000 29577770.00000000 74170512.00000000 18390.74414062  1793769.62500000 1427243.75000000 
0.09100    45519980.00000000 28956772.00000000 72604520.00000000 17901.06640625  1748639.25000000 1391326.75000000 
0.09200    44558584.00000000 28350932.00000000 71078072.00000000 17429.98828125  1704930.75000000 1356526.12500000 
0.09300    43621884.00000000 27760500.00000000 69590608.00000000 16976.80859375  1662611.00000000 1322818.62500000 
0.09400    42709484.00000000 27185126.00000000 68141320.00000000 16540.61328125  1621637.12500000 1290180.62500000 
0.09500    41820996.00000000 26624574.00000000 66729716.00000000 16121.29296875  1581999.25000000 1258602.50000000 
0.09600    40956432.00000000 26078738.00000000 65355492.00000000 15718.11425781  1543644.12500000 1228038.25000000 
0.09700    40115464.00000000 25547516.00000000 64018576.00000000 15330.20800781  1506561.00000000 1198456.62500000 
0.09800    39297024.00000000 25030530.00000000 62717580.00000000 14957.26660156  1470685.75000000 1169864.12500000 
0.09900    38501536.00000000 24527632.00000000 61452492.00000000 14598.64843750  1436013.00000000 1142203.62500000 
0.10000    37728108.00000000 24038436.00000000 60221948.00000000 14253.51757812  1402490.37500000 1115458.50000000 
0.10100    36976012.00000000 23562894.00000000 59025964.00000000 13921.40625000  1370073.87500000 1089590.00000000 
0.10200    36246036.00000000 23100662.00000000 57863868.00000000 13601.97070312  1338755.37500000 1064596.62500000 
0.10300    35536620.00000000 22651352.00000000 56734260.00000000 13294.12500000  1308454.87500000 1040422.12500000 
0.10400    34847084.00000000 22215020.00000000 55637304.00000000 12997.67089844  1279186.62500000 1017043.31250000 
0.10500    34178116.00000000 21791014.00000000 54572096.00000000 12712.02148438  1250886.50000000 994450.12500000 
0.10600    33528086.00000000 21379246.00000000 53537228.00000000 12436.56054688  1223504.50000000 972587.50000000 
0.10700    32897122.00000000 20979418.00000000 52532640.00000000 12170.71191406  1197032.00000000 951445.62500000 
0.10800    32284674.00000000 20591010.00000000 51556788.00000000 11913.98828125  1171410.62500000 930992.43750000 
0.10900    31690310.00000000 20213980.00000000 50609820.00000000 11665.77734375  1146636.37500000 911194.50000000 
0.11000    31112970.00000000 19847764.00000000 49690368.00000000 11425.69531250  1122641.50000000 892026.31250000 
0.11100    30553110.00000000 19492374.00000000 48797608.00000000 11193.17285156  1099398.62500000 873463.12500000 
0.11200    30009166.00000000 19147176.00000000 47931016.00000000 10967.90625000  1076892.37500000 855479.62500000 
0.11300    29481166.00000000 18812090.00000000 47090024.00000000 10749.20312500  1055065.37500000 838051.81250000 
0.11400    28968586.00000000 18486638.00000000 46273056.00000000 10536.90039062  1033899.06250000 821143.68750000 
0.11500    28470688.00000000 18170820.00000000 45479652.00000000 10330.39160156  1013356.62500000 804742.81250000 
0.11600    27987180.00000000 17863954.00000000 44709168.00000000 10129.26464844  993404.00000000 788812.00000000 
0.11700    27517680.00000000 17565882.00000000 43960948.00000000 9933.32421875   974021.12500000 773337.75000000 
0.11800    27061276.00000000 17276214.00000000 43233540.00000000 9742.05664062   955170.43750000 758286.50000000 
0.11900    26617788.00000000 16994694.00000000 42526964.00000000 9555.16601562   936821.87500000 743651.68750000 
0.12000    26186724.00000000 16721103.00000000 41839600.00000000 9372.28320312   918957.12500000 729393.93750000 
0.12100    25767278.00000000 16455149.00000000 41171740.00000000 9193.34375000   901547.50000000 715503.50000000 
0.12200    25359394.00000000 16196304.00000000 40522048.00000000 9017.83691406   884558.31250000 701956.37500000 
0.12300    24962278.00000000 15944465.00000000 39889516.00000000 8845.48339844   867973.93750000 688731.25000000 
0.12400    24575780.00000000 15699379.00000000 39273652.00000000 8676.21875000   851770.87500000 675814.62500000 
0.12500    24199268.00000000 15460755.00000000 38674216.00000000 8509.67382812   835920.00000000 663183.00000000 
0.12600    23832214.00000000 15228251.00000000 38090024.00000000 8345.77343750   820405.75000000 650827.31250000 
0.12700    23474344.00000000 15001583.00000000 37520184.00000000 8184.23144531   805207.00000000 638723.37500000 
0.12800    23125200.00000000 14780494.00000000 36964648.00000000 8024.82226562   790303.31250000 626862.37500000 
0.12900    22784506.00000000 14564833.00000000 36422188.00000000 7867.60205078   775684.37500000 615228.12500000 
0.13000    22451614.00000000 14354225.00000000 35892548.00000000 7712.30615234   761320.56250000 603805.31250000 
0.13100    22126142.00000000 14148502.00000000 35375316.00000000 7558.73876953   747204.00000000 592570.75000000 
0.13200    21808036.00000000 13947447.00000000 34869440.00000000 7406.89257812   733317.50000000 581535.43750000 
0.13300    21496770.00000000 13750795.00000000 34374540.00000000 7256.74169922   719652.62500000 570674.31250000 
0.13400    21191970.00000000 13558400.00000000 33890236.00000000 7108.07714844   706191.18750000 559976.75000000 
0.13500    20893400.00000000 13369953.00000000 33415476.00000000 6960.93359375   692915.37500000 549433.31250000 
0.13600    20600410.00000000 13185283.00000000 32950452.00000000 6815.19238281   679824.56250000 539040.50000000 
0.13700    20313324.00000000 13004190.00000000 32494130.00000000 6670.88623047   666906.50000000 528781.37500000 
0.13800    20031166.00000000 12826524.00000000 32046520.00000000 6527.87255859   654147.87500000 518656.65625000 
0.13900    19754182.00000000 12652065.00000000 31606738.00000000 6386.26220703   641544.31250000 508657.84375000 
0.14000    19481764.00000000 12480670.00000000 31174526.00000000 6245.99707031   629089.37500000 498775.56250000 
0.14100    19213862.00000000 12312030.00000000 30749506.00000000 6107.07324219   616775.00000000 489009.93750000 
0.14200    18950242.00000000 12146312.00000000 30331352.00000000 5969.50585938   604594.12500000 479349.75000000 
0.14300    18690526.00000000 11983115.00000000 29919736.00000000 5833.27343750   592540.25000000 469793.96875000 
0.14400    18434660.00000000 11822303.00000000 29513970.00000000 5698.44433594   580618.06250000 460338.25000000 
0.14500    18182332.00000000 11663921.00000000 29114142.00000000 5565.06445312   568813.06250000 450979.71875000 
0.14600    17933506.00000000 11507594.00000000 28719628.00000000 5433.14599609   557129.75000000 441719.93750000 
0.14700    17687918.00000000 11353474.00000000 28330342.00000000 5302.70996094   545563.50000000 432552.96875000 
0.14800    17445162.00000000 11201164.00000000 27945864.00000000 5173.79833984   534106.81250000 423473.96875000 
0.14900    17205378.00000000 11050865.00000000 27566072.00000000 5046.50341797   522767.68750000 414486.31250000 
0.15000    16968324.00000000 10902222.00000000 27190766.00000000 4920.81103516   511538.71875000 405586.62500000 
0.15100    16734016.00000000 10755219.00000000 26819462.00000000 4796.79052734   500422.28125000 396774.62500000 
0.15200    16502223.00000000 10609881.00000000 26452248.00000000 4674.52441406   489421.81250000 388054.53125000 
0.15300    16272674.00000000 10466071.00000000 26088860.00000000 4554.02490234   478534.25000000 379422.12500000 
0.15400    16045368.00000000 10323609.00000000 25728964.00000000 4435.32226562   467753.12500000 370876.81250000 
0.15500    15820371.00000000 10182521.00000000 25372720.00000000 4318.52001953   457093.00000000 362420.90625000 
0.15600    15597440.00000000 10042737.00000000 25019450.00000000 4203.66406250   446543.43750000 354056.06250000 
0.15700    15376540.00000000 9904270.00000000 24669772.00000000 4090.82519531   436116.59375000 345784.90625000 
0.15800    15157441.00000000 9766884.00000000 24322850.00000000 3979.93457031   425802.62500000 337603.25000000 
0.15900    14940380.00000000 9630759.00000000 23978930.00000000 3871.19531250   415617.71875000 329517.18750000 
0.16000    14725118.00000000 9495708.00000000 23638078.00000000 3764.50268555   405548.28125000 321527.53125000 
0.16100    14511781.00000000 9361854.00000000 23299880.00000000 3660.02050781   395611.00000000 313636.03125000 
0.16200    14299968.00000000 9228981.00000000 22964372.00000000 3557.71752930   385795.62500000 305842.25000000 
0.16300    14089997.00000000 9097169.00000000 22631624.00000000 3457.62841797   376112.15625000 298151.81250000 
0.16400    13881754.00000000 8966376.00000000 22301446.00000000 3359.85668945   366563.34375000 290563.37500000 
0.16500    13675178.00000000 8836545.00000000 21973682.00000000 3264.31640625   357148.59375000 283078.96875000 
0.16600    13470194.00000000 8707665.00000000 21648632.00000000 3171.11376953   347870.43750000 275701.43750000 
0.16700    13266794.00000000 8579749.00000000 21326196.00000000 3080.23657227   338730.31250000 268431.00000000 
0.16800    13065070.00000000 8452790.00000000 21006076.00000000 2991.67260742   329729.53125000 261269.42187500 
0.16900    12865028.00000000 8326823.50000000 20688596.00000000 2905.51782227   320875.56250000 254223.00000000 
0.17000    12666544.00000000 8201780.00000000 20373424.00000000 2821.70288086   312167.31250000 247288.25000000 
0.17100    12469649.00000000 8077669.50000000 20060814.00000000 2740.25708008   303605.37500000 240468.82812500 
0.17200    12274416.00000000 7954506.50000000 19750662.00000000 2661.18725586   295192.37500000 233765.95312500 
0.17300    12080795.00000000 7832312.00000000 19443076.00000000 2584.46557617   286929.78125000 227180.85937500 
0.17400    11888907.00000000 7711130.00000000 19137960.00000000 2510.12084961   278824.31250000 220715.84375000 
0.17500    11698698.00000000 7590796.00000000 18835382.00000000 2438.11401367   270867.71875000 214370.00000000 
0.17600    11510058.00000000 7471499.00000000 18535346.00000000 2368.39892578   263068.59375000 208143.34375000 
0.17700    11323097.00000000 7353192.00000000 18237946.00000000 2301.02441406   255425.42187500 202041.87500000 
0.17800    11137924.00000000 7235825.00000000 17943092.00000000 2235.94824219   247937.54687500 196061.54687500 
0.17900    10954460.00000000 7119526.50000000 17650892.00000000 2173.09350586   240609.25000000 190207.03125000 
0.18000    10772721.00000000 7004199.50000000 17361328.00000000 2112.47314453   233439.32812500 184475.54687500 
0.18100    10592833.00000000 6889979.00000000 17074668.00000000 2054.08862305   226429.73437500 178871.14062500 
0.18200    10414661.00000000 6776738.50000000 16790380.00000000 1997.80297852   219573.60937500 173385.59375000 
0.18300    10238270.00000000 6664548.50000000 16509118.00000000 1943.65087891   212878.79687500 168028.82812500 
0.18400    10063745.00000000 6553416.50000000 16230638.00000000 1891.57312012   206340.79687500 162794.23437500 
0.18500    9891041.00000000 6443434.50000000 15955003.00000000 1841.54101562   199962.18750000 157685.81250000 
0.18600    9720284.00000000 6334479.50000000 15682222.00000000 1793.47949219   193738.56250000 152701.04687500 
0.18700    9551372.00000000 6226689.00000000 15412237.00000000 1747.34741211   187671.89062500 147838.34375000 
0.18800    9384333.00000000 6119991.50000000 15145270.00000000 1703.11950684   181760.21875000 143098.60937500 
0.18900    9219314.00000000 6014525.00000000 14881381.00000000 1660.74328613   176003.87500000 138482.71875000 
0.19000    9056131.00000000 5910080.50000000 14620326.00000000 1620.10021973   170395.31250000 133984.64062500 
0.19100    8895048.00000000 5806924.00000000 14362482.00000000 1581.25476074   164944.07812500 129608.62500000 
0.19200    8735793.00000000 5704891.00000000 14107551.00000000 1544.04382324   159636.76562500 125349.42187500 
0.19300    8578696.00000000 5604112.00000000 13855878.00000000 1508.49084473   154482.03125000 121209.78906250 
0.19400    8423466.00000000 5504474.00000000 13607247.00000000 1474.47534180   149468.95312500 117183.24218750 
0.19500    8270323.00000000 5406078.00000000 13361743.00000000 1441.97607422   144601.56250000 113272.82812500 
0.19600    8119218.50000000 5308959.00000000 13119413.00000000 1410.93933105   139873.90625000 109474.24218750 
0.19700    7970188.50000000 5213029.00000000 12880319.00000000 1381.28747559   135285.56250000 105787.04687500 
0.19800    7823205.00000000 5118340.50000000 12644400.00000000 1352.98742676   130832.35156250 102207.64843750 
0.19900    7678285.50000000 5024953.00000000 12411756.00000000 1325.99365234   126514.45312500 98737.45312500  
0.20000    7535360.50000000 4932792.00000000 12182194.00000000 1300.20349121   122326.86718750 95370.16406250  
0.20100    7394585.00000000 4841922.00000000 11956028.00000000 1275.62023926   118268.57812500 92107.89062500  
0.20200    7255892.50000000 4752314.00000000 11733122.00000000 1252.14965820   114335.03125000 88945.13281250  
0.20300    7119253.00000000 4663983.00000000 11513493.00000000 1229.77368164   110525.95312500 85882.92968750  
0.20400    6984774.00000000 4576962.00000000 11297037.00000000 1208.40454102   106835.67187500 82916.65625000  
0.20500    6852315.00000000 4491212.50000000 11083907.00000000 1188.02832031   103264.12500000 80044.30468750  
0.20600    6721882.50000000 4406716.00000000 10874036.00000000 1168.55676270   99804.59375000  77262.79687500  
0.20700    6593598.50000000 4323555.00000000 10667452.00000000 1149.97827148   96457.69531250  74572.93750000  
0.20800    6467302.50000000 4241658.50000000 10464108.00000000 1132.22900391   93217.25781250  71969.18750000  
0.20900    6343250.50000000 4161106.75000000 10264270.00000000 1115.31311035   90086.74218750  69454.55468750  
0.21000    6221116.00000000 4081780.25000000 10067393.00000000 1099.10375977   87054.21875000  67017.93750000  
0.21100    6101034.00000000 4003763.25000000 9873766.00000000 1083.61254883   84121.78906250  64663.34375000  
0.21200    5982983.50000000 3927000.00000000 9683519.00000000 1068.79101562   81285.07812500  62386.77734375  
0.21300    5866987.00000000 3851527.25000000 9496436.00000000 1054.60095215   78542.28125000  60185.68750000  
0.21400    5753049.00000000 3777328.75000000 9312501.00000000 1041.01953125   75889.39062500  58057.43750000  
0.21500    5641082.50000000 3704440.75000000 9131926.00000000 1028.01135254   73326.08593750  56003.12500000  
0.21600    5531084.00000000 3632769.00000000 8954338.00000000 1015.51513672   70844.07031250  54014.40625000  
0.21700    5423036.50000000 3562336.25000000 8779922.00000000 1003.53210449   68445.04687500  52093.67187500  
0.21800    5316995.50000000 3493175.50000000 8608749.00000000 992.02386475    66125.17187500  50236.50781250  
0.21900    5212846.00000000 3425201.25000000 8440463.00000000 980.94757080    63879.71875000  48440.85937500  
0.22000    5110621.50000000 3358454.25000000 8275343.00000000 970.29321289    61708.29687500  46704.86328125  
0.22100    5010309.50000000 3292965.50000000 8113335.00000000 960.05358887    59609.19531250  45028.49609375  
0.22200    4911885.00000000 3228664.50000000 7954277.50000000 950.20306396    57577.77734375  43407.28125000  
0.22300    4815293.50000000 3165533.00000000 7798131.00000000 940.67382812    55611.17968750  41839.01171875  
0.22400    4720501.50000000 3103585.00000000 7644960.00000000 931.48889160    53707.35156250  40321.47265625  
0.22500    4627627.00000000 3042852.50000000 7494825.00000000 922.65289307    51867.43359375  38856.47265625  
0.22600    4536481.00000000 2983191.75000000 7347388.00000000 914.08782959    50082.75781250  37436.58203125  
0.22700    4447129.00000000 2924740.00000000 7202948.50000000 905.83923340    48357.48046875  36065.55468750  
0.22800    4359506.50000000 2867387.25000000 7061187.00000000 897.85333252    46684.39062500  34736.85937500  
0.22900    4273578.00000000 2811119.75000000 6922207.50000000 890.12640381    45063.71875000  33450.51562500  
0.23000    4189351.25000000 2755997.00000000 6785988.00000000 882.65771484    43493.42968750  32206.13671875  
0.23100    4106853.75000000 2701955.50000000 6652482.00000000 875.42987061    41971.89062500  31000.84960938  
0.23200    4025938.50000000 2648922.75000000 6521545.50000000 868.44079590    40495.72656250  29832.42187500  
0.23300    3946660.75000000 2596971.75000000 6393262.00000000 861.66412354    39064.38281250  28701.02343750  
0.23400    3868984.50000000 2546072.25000000 6267545.50000000 855.12628174    37676.97265625  27604.79687500  
0.23500    3792819.50000000 2496136.25000000 6144247.00000000 848.76922607    36328.76562500  26540.64453125  
0.23600    3718248.25000000 2447248.00000000 6023554.00000000 842.64727783    35022.10937500  25509.81640625  
0.23700    3645167.75000000 2399319.00000000 5905241.50000000 836.71270752    33752.50390625  24509.82812500  
0.23800    3573575.00000000 2352377.75000000 5789374.50000000 830.98187256    32521.20898438  23539.70703125  
0.23900    3503426.25000000 2306332.50000000 5675769.50000000 825.43310547    31322.84179688  22597.02148438  
0.24000    3434698.25000000 2261255.25000000 5564507.50000000 820.07885742    30160.28906250  21682.39257812  
0.24100    3367422.50000000 2217127.75000000 5455596.50000000 814.92944336    29031.98437500  20795.65234375  
0.24200    3301518.50000000 2173875.75000000 5348857.00000000 809.95599365    27934.69335938  19933.11914062  
0.24300    3236949.25000000 2131498.25000000 5244304.00000000 805.15673828    26867.88867188  19095.35351562  
0.24400    3173691.75000000 2089965.37500000 5141847.50000000 800.53973389    25830.41015625  18281.05859375  
0.24500    3111714.25000000 2049295.37500000 5041506.00000000 796.09210205    24821.28710938  17489.44726562  
0.24600    3051038.75000000 2009452.50000000 4943224.50000000 791.83850098    23841.20507812  16719.89843750  
0.24700    2991622.25000000 1970428.25000000 4846953.00000000 787.75415039    22887.68554688  15972.05371094  
0.24800    2933404.25000000 1932188.62500000 4752651.00000000 783.84637451    21960.57617188  15244.71875000  
0.24900    2876357.75000000 1894724.87500000 4660238.50000000 780.10754395    21057.91210938  14536.41503906  
0.25000    2820508.00000000 1858023.87500000 4569750.50000000 776.54199219    20180.73632812  13848.06347656  
0.25100    2765738.75000000 1822051.00000000 4481022.00000000 773.12573242    19326.90429688  13177.69140625  
0.25200    2712191.50000000 1786853.25000000 4394216.50000000 769.91558838    18498.02539062  12527.12207031  
0.25300    2659683.50000000 1752340.12500000 4309143.50000000 766.85839844    17690.91992188  11893.11621094  
0.25400    2608252.00000000 1718511.75000000 4225767.00000000 763.96386719    16906.43359375  11276.23925781  
0.25500    2557848.75000000 1685359.37500000 4144054.75000000 761.24261475    16143.03027344  10675.86718750  
0.25600    2508471.00000000 1652897.62500000 4064004.75000000 758.67687988    15401.36132812  10091.86328125  
0.25700    2460085.25000000 1621058.00000000 3985553.00000000 756.27539062    14680.53710938  9523.84082031   
0.25800    2412686.00000000 1589860.00000000 3908668.25000000 754.04162598    13979.79394531  8971.20996094   
0.25900    2366232.00000000 1559282.37500000 3833323.25000000 751.96411133    13299.55468750  8434.08398438   
0.26000    2320699.25000000 1529295.25000000 3759461.25000000 750.04388428    12639.10644531  7911.89355469   
0.26100    2276056.25000000 1499901.37500000 3687018.75000000 748.27697754    11996.78710938  7402.86230469   
0.26200    2232356.50000000 1471101.12500000 3616099.75000000 746.67846680    11375.23828125  6909.91064453   
0.26300    2189461.50000000 1442817.00000000 3546465.75000000 745.19732666    10770.34765625  6429.54052734   
0.26400    2147422.50000000 1415111.25000000 3478214.50000000 743.88513184    10184.93164062  5963.45605469   
0.26500    2106228.25000000 1387932.62500000 3411314.25000000 742.71270752    9618.01464844   5510.97900391   
0.26600    2065818.37500000 1361263.25000000 3345677.75000000 741.69671631    9068.05957031   5071.79248047   
0.26700    2026216.62500000 1335104.00000000 3281322.25000000 740.82031250    8536.76269531   4645.94531250   
0.26800    1987398.62500000 1309448.75000000 3218202.25000000 740.08282471    8023.20214844   4233.56494141   
0.26900    1949282.50000000 1284268.37500000 3156249.25000000 739.46820068    7525.41992188   3833.03295898   
0.27000    1911923.62500000 1259565.37500000 3095500.75000000 739.00042725    7045.78271484   3445.61718750   
0.27100    1875263.75000000 1235308.37500000 3035879.25000000 738.65283203    6582.61083984   3070.71679688   
0.27200    1839366.37500000 1211538.12500000 2977445.50000000 738.45690918    6138.46679688   2709.83715820   
0.27300    1804092.50000000 1188174.25000000 2920033.50000000 738.37139893    5708.03466797   2359.24633789   
0.27400    1769430.75000000 1165200.00000000 2863588.75000000 738.37670898    5293.06298828   2019.80676270   
0.27500    1735521.87500000 1142702.00000000 2808357.75000000 738.54144287    4897.51806641   1694.90356445   
0.27600    1702165.75000000 1120566.75000000 2753976.00000000 738.79345703    4515.22705078   1380.04589844   
0.27700    1669490.25000000 1098861.25000000 2700715.00000000 739.18267822    4151.04150391   1078.67822266   
0.27800    1637395.00000000 1077523.12500000 2648383.50000000 739.67626953    3801.37963867   788.05358887    
0.27900    1605907.25000000 1056574.12500000 2596985.50000000 740.25842285    3468.22338867   509.55316162    
0.28000    1574979.00000000 1035990.06250000 2546514.50000000 740.96343994    3150.09985352   242.75932312    
0.28100    1544646.87500000 1015776.43750000 2496963.00000000 741.76446533    2847.71191406   -12.78386688    
0.28200    1514885.37500000 995924.43750000 2448318.00000000 742.67095947    2561.03295898   -256.22433472   
0.28300    1485644.75000000 976406.93750000 2400540.00000000 743.66632080    2289.09228516   -488.50076294   
0.28400    1456930.75000000 957226.37500000 2353571.75000000 744.74621582    2032.09216309   -709.93005371   
0.28500    1428765.12500000 938397.68750000 2307488.00000000 745.93444824    1790.76416016   -918.93023682   
0.28600    1401094.37500000 919878.12500000 2262170.75000000 747.19519043    1563.38610840   -1117.79516602  
0.28700    1373944.87500000 901689.56250000 2217702.50000000 748.54418945    1351.13732910   -1305.07812500  
0.28800    1347272.37500000 883795.00000000 2174001.50000000 749.97332764    1153.57031250   -1481.13366699  
0.28900    1321106.75000000 866244.81250000 2131118.00000000 751.49029541    970.77386475    -1646.02062988  
0.29000    1295395.12500000 848968.06250000 2088917.50000000 753.07849121    801.99255371    -1800.46520996  
0.29100    1270186.50000000 832015.00000000 2047558.62500000 754.75061035    648.10729980    -1943.02416992  
0.29200    1245428.62500000 815336.87500000 2006863.00000000 756.48919678    507.63424683    -2075.27880859  
0.29300    1221142.50000000 798965.18750000 1966953.00000000 758.30810547    382.17199707    -2196.05688477  
0.29400    1197262.62500000 782857.87500000 1927691.00000000 760.16998291    269.09735107    -2307.61645508  
0.29500    1173870.87500000 767049.81250000 1889192.12500000 762.12335205    171.18612671    -2406.88330078  
0.29600    1150868.50000000 751508.31250000 1851330.25000000 764.13037109    85.93192291     -2496.69360352  
0.29700    1128303.00000000 736227.75000000 1814155.37500000 766.19531250    13.80821800     -2575.86816406  
0.29800    1106188.75000000 721232.31250000 1777678.50000000 768.32794189    -43.96819687    -2644.20263672  
0.29900    1084495.25000000 706508.37500000 1741894.25000000 770.51538086    -88.43508148    -2701.90820312  
0.30000    1063175.50000000 692029.37500000 1706717.87500000 772.74145508    -121.24148560   -2750.22949219  
0.30100    1042308.00000000 677831.12500000 1672224.37500000 775.03686523    -139.63623047   -2787.51928711  
0.30200    1021789.56250000 663864.25000000 1638336.00000000 777.38006592    -146.67308044   -2815.65380859  
0.30300    1001708.12500000 650170.06250000 1605113.00000000 779.77111816    -140.20065308   -2833.03222656  
0.30400    982025.43750000 636727.31250000 1572535.75000000 782.20770264    -121.26055145   -2840.51562500  
0.30500    962698.56250000 623512.87500000 1540528.62500000 784.67340088    -91.47058105    -2838.95166016  
0.30600    943762.43750000 610553.43750000 1509149.50000000 787.19018555    -49.39463806    -2827.92797852  
0.30700    925236.00000000 597854.62500000 1478409.00000000 789.73944092    5.97592497      -2806.25561523  
0.30800    907056.37500000 585374.06250000 1448226.12500000 792.33087158    71.36421967     -2776.29345703  
0.30900    889270.75000000 573153.18750000 1418706.25000000 794.95166016    149.25169373    -2736.43652344  
0.31000    871851.31250000 561166.18750000 1389745.12500000 797.59509277    237.90130615    -2687.71606445  
0.31100    854782.75000000 549401.00000000 1361353.12500000 800.26782227    337.18200684    -2630.16162109  
0.31200    838092.75000000 537884.06250000 1333554.00000000 802.95745850    447.66229248    -2563.73852539  
0.31300    821756.43750000 526593.18750000 1306350.00000000 805.68176270    568.68817139    -2488.47094727  
0.31400    805799.81250000 515549.40625000 1279738.37500000 808.41564941    700.07116699    -2404.62890625  
0.31500    790163.00000000 504715.68750000 1253664.37500000 811.16027832    841.16961670    -2313.19287109  
0.31600    774901.43750000 494123.81250000 1228180.75000000 813.91802979    992.23693848    -2212.84912109  
0.31700    759992.93750000 483754.31250000 1203242.25000000 816.67761230    1153.26782227   -2104.69995117  
0.31800    745408.12500000 473601.65625000 1178860.25000000 819.42889404    1322.53027344   -1989.36560059  
0.31900    731186.87500000 463691.31250000 1155059.62500000 822.20318604    1502.46191406   -1865.44299316  
0.32000    717308.68750000 453988.09375000 1131789.12500000 824.95587158    1690.26293945   -1734.85705566  
0.32100    703747.43750000 444512.03125000 1109049.25000000 827.70642090    1886.40209961   -1596.87097168  
0.32200    690553.75000000 435264.09375000 1086900.00000000 830.43780518    2091.60571289   -1451.58520508  
0.32300    677647.12500000 426202.50000000 1065225.25000000 833.15142822    2303.58862305   -1300.40783691  
0.32400    665083.06250000 417369.43750000 1044100.93750000 835.83447266    2523.43457031   -1142.17822266  
0.32500    652850.18750000 408750.43750000 1023498.62500000 838.50128174    2750.51220703   -978.08563232   
0.32600    640938.50000000 400346.62500000 1003422.68750000 841.13238525    2984.75122070   -807.85388184   
0.32700    629343.62500000 392153.53125000 983875.50000000 843.73089600    3225.77148438   -631.57531738   
0.32800    618091.37500000 384174.75000000 964867.06250000 846.29138184    3473.76928711   -449.44525146   
0.32900    607112.50000000 376392.96875000 946320.93750000 848.79626465    3726.97827148   -262.65612793   
0.33000    596475.62500000 368826.03125000 928320.75000000 851.26379395    3986.47973633   -70.14305878    
0.33100    586095.50000000 361436.68750000 910740.12500000 853.66607666    4250.20605469   125.91528320    
0.33200    576080.18750000 354286.75000000 893754.50000000 856.02062988    4520.91699219   328.44564819    
0.33300    566329.12500000 347314.09375000 877201.31250000 858.30041504    4795.07226562   534.07379150    
0.33400    556891.68750000 340543.90625000 861156.75000000 860.51788330    5074.25830078   744.22125244    
0.33500    547731.06250000 333965.87500000 845568.37500000 862.66094971    5356.92675781   957.64697266    
0.33600    538862.56250000 327578.71875000 830447.06250000 864.71966553    5643.25390625   1174.64196777   
0.33700    530269.31250000 321375.68750000 815785.81250000 866.69525146    5933.15087891   1394.91503906   
0.33800    521976.31250000 315376.18750000 801610.00000000 868.58795166    6226.45849609   1618.38610840   
0.33900    513931.96875000 309538.68750000 787852.87500000 870.38391113    6521.64257812   1843.99511719   
0.34000    506171.59375000 303895.31250000 774553.06250000 872.08618164    6819.33300781   2072.25952148   
0.34100    498674.75000000 298433.53125000 761690.62500000 873.68182373    7119.18750000   2302.43481445   
0.34200    491472.56250000 293164.62500000 749310.50000000 875.19604492    7421.60107422   2535.42919922   
0.34300    484493.46875000 288044.15625000 737294.43750000 876.57745361    7724.07128906   2769.06738281   
0.34400    477806.96875000 283124.90625000 725763.43750000 877.86059570    8028.82568359   3004.90136719   
0.34500    471337.28125000 278357.34375000 714597.00000000 879.01324463    8333.35253906   3241.21582031   
0.34600    465158.03125000 273780.65625000 703883.25000000 880.06445312    8639.40332031   3479.39355469   
0.34700    459173.21875000 269336.78125000 693507.93750000 880.97100830    8944.06640625   3716.75854492   
0.34800    453445.78125000 265071.12500000 683545.56250000 881.76757812    9248.80273438   3954.93798828   
0.34900    447948.75000000 260961.53125000 673984.31250000 882.42102051    9553.47070312   4193.57324219   
0.35000    442679.71875000 257006.40625000 664785.56250000 882.95660400    9856.62890625   4431.45556641   
0.35100    437657.78125000 253218.92187500 655998.56250000 883.35375977    10159.78222656  4669.94921875   
0.35200    432807.09375000 249552.39062500 647509.68750000 883.60113525    10459.79296875  4906.50244141   
0.35300    428181.31250000 246042.70312500 639385.06250000 883.72064209    10758.36425781  5142.45996094   
0.35400    423784.28125000 242687.28125000 631634.56250000 883.70727539    11055.81152344  5377.70019531   
0.35500    419582.62500000 239465.56250000 624212.87500000 883.53228760    11350.05761719  5611.46582031   
0.35600    415562.37500000 236368.28125000 617083.87500000 883.22326660    11641.63769531  5843.39648438   
0.35700    411741.56250000 233416.07812500 610306.75000000 882.76837158    11930.55859375  6073.82373047   
0.35800    408117.81250000 230597.60937500 603844.81250000 882.17065430    12216.54199219  6302.45605469   
0.35900    404671.40625000 227902.29687500 597686.31250000 881.42456055    12499.16015625  6528.76757812   
0.36000    401423.71875000 225344.39062500 591848.00000000 880.54339600    12778.70507812  6753.44726562   
0.36100    398311.75000000 222884.31250000 586252.75000000 879.49963379    13053.39941406  6974.54541016   
0.36200    395424.15625000 220577.70312500 581021.12500000 878.32861328    13326.17675781  7194.60937500   
0.36300    392643.59375000 218351.54687500 575972.87500000 877.00512695    13592.60742188  7410.35058594   
0.36400    390023.06250000 216236.64062500 571200.31250000 875.52923584    13855.06347656  7623.28369141   
0.36500    387558.84375000 214230.07812500 566682.68750000 873.91015625    14112.63867188  7833.06787109   
0.36600    385264.06250000 212348.32812500 562459.50000000 872.17071533    14367.04101562  8040.49755859   
0.36700    383077.59375000 210541.65625000 558416.81250000 870.26873779    14614.45800781  8243.33691406   
0.36800    381080.25000000 208867.14062500 554688.93750000 868.24792480    14859.09570312  8444.23535156   
0.36900    379196.78125000 207277.81250000 551156.18750000 866.09173584    15098.02929688  8641.07128906   
0.37000    377396.09375000 205752.23437500 547774.43750000 863.78497314    15330.25292969  8833.08789062   
0.37100    375730.18750000 204323.76562500 544624.43750000 861.35528564    15557.43750000  9021.63476562   
0.37200    374219.53125000 203002.21875000 541723.62500000 858.81030273    15780.02929688  9207.24511719   
0.37300    372784.25000000 201739.65625000 538970.50000000 856.12493896    15996.31738281  9388.00488281   
0.37400    371474.06250000 200570.34375000 536435.06250000 853.33581543    16207.74511719  9565.64453125   
0.37500    370270.03125000 199478.53125000 534064.12500000 850.42517090    16413.41992188  9739.06250000   
0.37600    369168.53125000 198463.93750000 531878.43750000 847.40270996    16612.64257812  9908.04394531   
0.37700    368136.81250000 197499.98437500 529816.93750000 844.26470947    16805.73437500  10072.62109375  
0.37800    367212.40625000 196612.76562500 527941.25000000 841.02593994    16993.59765625  10233.40820312  
0.37900    366385.40625000 195806.85937500 526238.62500000 837.69042969    17176.10742188  10390.48535156  
0.38000    365620.12500000 195045.79687500 524642.62500000 834.25097656    17351.67382812  10542.67285156  
0.38100    364915.78125000 194335.84375000 523163.87500000 830.71893311    17520.79296875  10690.15039062  
0.38200    364304.34375000 193693.79687500 521845.18750000 827.10192871    17684.82226562  10834.28027344  
0.38300    363739.50000000 193092.93750000 520605.84375000 823.39721680    17842.04882812  10973.27050781  
0.38400    363266.68750000 192560.98437500 519534.34375000 819.62298584    17994.24414062  11108.93261719  
0.38500    362820.25000000 192055.82812500 518522.56250000 815.76037598    18139.23828125  11239.27246094  
0.38600    362463.53125000 191618.43750000 517665.25000000 811.84442139    18279.91796875  11366.49316406  
0.38700    362123.18750000 191200.07812500 516837.50000000 807.84899902    18412.69335938  11488.34375000  
0.38800    361834.65625000 190827.90625000 516117.21875000 803.79583740    18540.27148438  11606.44628906  
0.38900    361584.96875000 190488.34375000 515476.09375000 799.68341064    18661.72656250  11719.85449219  
0.39000    361407.31250000 190208.04687500 514951.93750000 795.53387451    18778.24218750  11830.24023438  
0.39100    361238.15625000 189938.45312500 514459.37500000 791.32629395    18888.46679688  11935.79687500  
0.39200    361116.21875000 189710.26562500 514057.96875000 787.08428955    18992.89453125  12037.41503906  
0.39300    361001.71875000 189502.43750000 513688.37500000 782.80133057    19091.32617188  12134.68457031  
0.39400    360959.78125000 189341.00000000 513429.12500000 778.49395752    19185.15820312  12228.88671875  
0.39500    360889.87500000 189176.25000000 513148.81250000 774.14361572    19272.13671875  12317.85644531  
0.39600    360851.00000000 189041.65625000 512932.46875000 769.76898193    19353.97656250  12403.44238281  
0.39700    360827.90625000 188923.90625000 512749.40625000 765.38067627    19430.21289062  12484.85742188  
0.39800    360831.62500000 188835.39062500 512632.53125000 760.98187256    19501.62500000  12563.15527344  
0.39900    360831.90625000 188754.50000000 512518.81250000 756.56256104    19567.14843750  12637.21582031  
0.40000    360841.87500000 188686.62500000 512426.68750000 752.13690186    19627.68164062  12707.59277344  
0.40100    360845.50000000 188626.60937500 512348.37500000 747.69866943    19682.48632812  12773.99316406  
0.40200    360873.12500000 188591.03125000 512312.21875000 743.27386475    19733.12890625  12837.27539062  
0.40300    360875.31250000 188545.32812500 512249.03125000 738.83764648    19777.60546875  12896.21972656  
0.40400    360890.59375000 188521.00000000 512215.68750000 734.40203857    19818.00000000  12952.46289062  
0.40500    360893.40625000 188494.68750000 512182.25000000 729.97845459    19852.95898438  13004.73046875  
0.40600    360908.53125000 188485.45312500 512181.06250000 725.58361816    19884.24218750  13054.37207031  
0.40700    360897.71875000 188466.62500000 512143.96875000 721.18200684    19910.12695312  13100.00683594  
0.40800    360868.87500000 188448.54687500 512096.28125000 716.80181885    19931.05078125  13142.29101562  
0.40900    360821.28125000 188428.43750000 512035.59375000 712.43151855    19947.56250000  13181.20312500  
0.41000    360783.43750000 188419.39062500 511993.93750000 708.09484863    19960.37890625  13217.66406250  
0.41100    360715.00000000 188396.32812500 511909.28125000 703.77850342    19968.18554688  13250.39160156  
0.41200    360610.34375000 188363.60937500 511790.21875000 699.47052002    19971.07812500  13279.62988281  
0.41300    360510.50000000 188338.67187500 511680.12500000 695.20397949    19970.71484375  13306.47460938  
0.41400    360371.06250000 188292.32812500 511521.12500000 690.95996094    19965.49804688  13329.83886719  
0.41500    360221.65625000 188255.15625000 511361.34375000 686.74285889    19956.92382812  13350.61328125  
0.41600    360018.31250000 188185.43750000 511114.25000000 682.54669189    19942.97656250  13367.63574219  
0.41700    359817.84375000 188126.20312500 510890.53125000 678.39300537    19926.46875000  13382.68652344  
0.41800    359608.18750000 188067.84375000 510662.87500000 674.27557373    19906.60156250  13395.35546875  
0.41900    359303.96875000 187956.48437500 510293.90625000 670.16455078    19880.64257812  13403.38867188  
0.42000    359018.12500000 187860.37500000 509953.81250000 666.10223389    19852.78710938  13409.76171875  
0.42100    358707.90625000 187758.48437500 509590.34375000 662.08081055    19821.12304688  13413.82812500  
0.42200    358359.31250000 187637.20312500 509168.18750000 658.08624268    19785.91601562  13414.85644531  
0.42300    357960.87500000 187487.00000000 508681.90625000 654.11749268    19746.56640625  13412.55761719  
0.42400    357543.09375000 187331.57812500 508165.18750000 650.18975830    19703.89453125  13408.08398438  
0.42500    357092.06250000 187160.34375000 507606.59375000 646.29333496    19658.18554688  13401.05371094  
0.42600    356589.90625000 186960.03125000 506969.81250000 642.41290283    19608.58984375  13391.05664062  
0.42700    356083.28125000 186766.23437500 506338.46875000 638.59185791    19556.58593750  13379.33593750  
0.42800    355522.53125000 186535.67187500 505624.71875000 634.78924561    19500.80664062  13364.41113281  
0.42900    354959.71875000 186311.14062500 504908.53125000 631.02825928    19442.87109375  13347.79492188  
0.43000    354341.28125000 186054.54687500 504111.28125000 627.30169678    19381.43945312  13328.34765625  
0.43100    353665.34375000 185764.48437500 503223.28125000 623.58386230    19316.05273438  13305.75683594  
0.43200    352993.65625000 185479.60937500 502348.21875000 619.92327881    19249.11718750  13281.87988281  
0.43300    352267.31250000 185163.67187500 501389.53125000 616.27862549    19178.47460938  13255.08593750  
0.43400    351519.50000000 184834.71875000 500400.15625000 612.66363525    19105.39257812  13226.08300781  
0.43500    350727.00000000 184481.68750000 499340.78125000 609.08203125    19029.69921875  13194.68457031  
0.43600    349936.21875000 184130.43750000 498286.56250000 605.53851318    18952.07617188  13162.10644531  
0.43700    349076.84375000 183739.53125000 497133.18750000 602.01257324    18871.08007812  13126.26855469  
0.43800    348183.96875000 183325.89062500 495916.50000000 598.51452637    18787.33789062  13088.31250000  
0.43900    347283.15625000 182906.73437500 494683.75000000 595.05401611    18702.05273438  13048.58984375  
0.44000    346349.40625000 182467.39062500 493409.68750000 591.61523438    18614.15234375  13006.84667969  
0.44100    345384.93750000 182009.95312500 492080.40625000 588.20513916    18524.03906250  12963.04296875  
0.44200    344400.12500000 181538.12500000 490717.87500000 584.81713867    18432.03710938  12917.47363281  
0.44300    343388.87500000 181050.43750000 489309.34375000 581.46502686    18337.84375000  12869.74218750  
0.44400    342356.25000000 180548.01562500 487872.50000000 578.13793945    18241.98437500  12820.48535156  
0.44500    341264.81250000 180003.29687500 486324.37500000 574.82263184    18142.95898438  12768.41601562  
0.44600    340164.12500000 179454.78125000 484773.62500000 571.54028320    18042.68359375  12715.11914062  
0.44700    339070.03125000 178907.25000000 483220.15625000 568.29193115    17941.32812500  12660.50292969  
0.44800    337921.43750000 178322.89062500 481580.90625000 565.06121826    17837.61132812  12603.84179688  
0.44900    336785.78125000 177743.54687500 479953.71875000 561.86602783    17733.10742188  12546.02050781  
0.45000    335632.59375000 177152.82812500 478300.62500000 558.70568848    17627.43164062  12487.05859375  
0.45100    334428.56250000 176523.89062500 476551.25000000 555.55017090    17519.00390625  12425.35449219  
0.45200    333234.75000000 175901.85937500 474818.93750000 552.43811035    17410.29296875  12363.18261719  
0.45300    332011.93750000 175252.78125000 473035.00000000 549.34393311    17299.89843750  12299.39746094  
0.45400    330793.18750000 174605.40625000 471248.31250000 546.28344727    17188.75195312  12234.34570312  
0.45500    329564.00000000 173947.48437500 469432.81250000 543.25415039    17076.79101562  12168.30273438  
0.45600    328314.03125000 173271.09375000 467586.90625000 540.24371338    16963.42773438  12100.94335938  
0.45700    327069.00000000 172592.78125000 465733.56250000 537.27471924    16849.78710938  12032.83007812  
0.45800    325802.87500000 171896.70312500 463844.50000000 534.33666992    16735.26757812  11963.64550781  
0.45900    324533.46875000 171194.29687500 461941.00000000 531.42285156    16619.81054688  11893.17187500  
0.46000    323296.03125000 170502.40625000 460071.31250000 528.55657959    16505.21289062  11823.14062500  
0.46100    322001.12500000 169775.70312500 458115.34375000 525.70629883    16388.34375000  11750.94042969  
0.46200    320754.87500000 169068.51562500 456216.12500000 522.90698242    16272.74902344  11679.25976562  
0.46300    319491.00000000 168345.70312500 454281.84375000 520.13897705    16156.36035156  11606.53515625  
0.46400    318221.53125000 167615.37500000 452333.75000000 517.40521240    16039.91601562  11533.37792969  
0.46500    316978.96875000 166894.18750000 450413.56250000 514.71789551    15923.82910156  11460.13671875  
0.46600    315726.56250000 166162.40625000 448471.31250000 512.06689453    15807.57812500  11386.47167969  
0.46700    314470.18750000 165421.07812500 446511.93750000 509.45523071    15691.19726562  11312.30664062  
0.46800    313265.15625000 164706.15625000 444623.15625000 506.89617920    15576.21386719  11238.95703125  
0.46900    312033.21875000 163965.25000000 442677.53125000 504.37048340    15460.78906250  11164.74902344  
0.47000    310815.56250000 163233.50000000 440755.56250000 501.89706421    15346.05859375  11090.83105469  
0.47100    309625.68750000 162508.65625000 438860.25000000 499.47311401    15232.27343750  11017.44921875  
0.47200    308449.90625000 161785.26562500 436971.68750000 497.10009766    15119.22949219  10944.21875000  
0.47300    307295.68750000 161073.71875000 435124.93750000 494.77346802    15007.46875000  10871.65527344  
0.47400    306128.50000000 160344.92187500 433239.34375000 492.49685669    14895.60351562  10798.80761719  
0.47500    305005.87500000 159639.79687500 431416.03125000 490.27905273    14785.64453125  10727.19726562  
0.47600    303922.34375000 158949.23437500 429636.90625000 488.12216187    14677.39453125  10656.72949219  
0.47700    302805.65625000 158236.48437500 427803.78125000 486.00415039    14568.66210938  10585.49218750  
0.47800    301741.46875000 157549.10937500 426042.96875000 483.95266724    14462.35156250  10516.04296875  
0.47900    300716.18750000 156879.75000000 424334.34375000 481.96847534    14357.88281250  10447.91406250  
0.48000    299680.21875000 156199.26562500 422599.31250000 480.03259277    14253.86328125  10379.91113281  
0.48100    298719.43750000 155558.14062500 420974.09375000 478.17419434    14152.85937500  10314.10937500  
0.48200    297717.46875000 154888.96875000 419280.03125000 476.35806274    14051.61621094  10247.85351562  
0.48300    296761.28125000 154244.45312500 417650.25000000 474.61486816    13952.80761719  10183.42675781  
0.48400    295846.18750000 153617.96875000 416077.15625000 472.93188477    13856.11816406  10120.73828125  
0.48500    294952.09375000 153002.46875000 414526.03125000 471.31961060    13761.17871094  10059.05371094  
0.48600    294094.96875000 152405.29687500 413037.12500000 469.77633667    13668.43847656  9999.25195312   
0.48700    293255.56250000 151816.34375000 411563.59375000 468.30047607    13577.47851562  9940.63867188   
0.48800    292425.87500000 151226.07812500 410094.09375000 466.87881470    13487.79199219  9883.00390625   
0.48900    291637.87500000 150658.70312500 408690.50000000 465.53170776    13400.49511719  9827.16796875   
0.49000    290882.37500000 150111.56250000 407335.78125000 464.25329590    13315.56640625  9773.48339844   
0.49100    290169.75000000 149586.98437500 406038.21875000 463.04855347    13233.36816406  9721.58203125   
0.49200    289456.31250000 149058.18750000 404739.53125000 461.90341187    13152.43945312  9670.79687500   
0.49300    288781.90625000 148553.75000000 403501.93750000 460.83056641    13074.10644531  9622.09960938   
0.49400    288136.84375000 148062.65625000 402298.65625000 459.82458496    12997.87597656  9575.11425781   
0.49500    287511.87500000 147582.29687500 401130.84375000 458.88558960    12923.84082031  9529.87207031   
0.49600    286933.96875000 147132.70312500 400035.09375000 458.02307129    12852.67382812  9486.93066406   
0.49700    286358.90625000 146681.59375000 398941.37500000 457.21505737    12783.00000000  9445.19531250   
0.49800    285828.03125000 146255.85937500 397914.03125000 456.47998047    12716.21289062  9405.95117188   
0.49900    285303.90625000 145833.87500000 396893.81250000 455.80270386    12651.01074219  9367.84863281   
0.50000    284819.15625000 145440.39062500 395943.53125000 455.20019531    12588.61914062  9332.21875000   
