# SAXS profile: number of points = 501, q_min = 0, q_max = 0.5, delta_q = 0.001
#    q    intensity 
0.00000    162237312.00000000 101201496.00000000 256271760.00000000 106723.97656250 8322187.50000000 6572857.50000000 
0.00100    162204768.00000000 101180848.00000000 256217728.00000000 106696.89062500 8320267.50000000 6571324.00000000 
0.00200    162106032.00000000 101118224.00000000 256059184.00000000 106615.60937500 8314460.50000000 6566773.50000000 
0.00300    161937648.00000000 101013736.00000000 255795104.00000000 106480.89843750 8304860.50000000 6559177.50000000 
0.00400    161701200.00000000 100867552.00000000 255423424.00000000 106292.62500000 8291376.50000000 6548591.50000000 
0.00500    161396832.00000000 100679680.00000000 254944544.00000000 106050.74218750 8274047.00000000 6534982.00000000 
0.00600    161027008.00000000 100451432.00000000 254362848.00000000 105755.86718750 8252956.00000000 6518385.00000000 
0.00700    160590736.00000000 100181480.00000000 253675792.00000000 105408.64062500 8228085.50000000 6498816.00000000 
0.00800    160087728.00000000 99871744.00000000 252888928.00000000 105009.67187500 8199516.00000000 6476311.00000000 
0.00900    159519600.00000000 99521328.00000000 251998848.00000000 104559.28125000 8167268.50000000 6450967.50000000 
0.01000    158890432.00000000 99131840.00000000 251007472.00000000 104057.84375000 8131379.00000000 6422698.00000000 
0.01100    158196656.00000000 98704056.00000000 249918352.00000000 103507.04687500 8091877.00000000 6391633.00000000 
0.01200    157443328.00000000 98236792.00000000 248728864.00000000 102906.82812500 8048892.00000000 6357780.00000000 
0.01300    156627568.00000000 97732360.00000000 247446368.00000000 102258.26562500 8002366.00000000 6321215.00000000 
0.01400    155749584.00000000 97190112.00000000 246067824.00000000 101563.46093750 7952525.50000000 6281946.50000000 
0.01500    154813376.00000000 96612192.00000000 244596016.00000000 100821.88281250 7899302.00000000 6240138.50000000 
0.01600    153820592.00000000 95997536.00000000 243034352.00000000 100035.52343750 7842863.50000000 6195646.00000000 
0.01700    152772016.00000000 95349240.00000000 241384960.00000000 99205.54687500  7783205.50000000 6148785.50000000 
0.01800    151669152.00000000 94666400.00000000 239649184.00000000 98332.64062500  7720503.00000000 6099425.00000000 
0.01900    150510112.00000000 93950912.00000000 237827504.00000000 97418.55468750  7654833.00000000 6047724.50000000 
0.02000    149300848.00000000 93202824.00000000 235926576.00000000 96464.75781250  7586187.00000000 5993714.00000000 
0.02100    148042160.00000000 92424512.00000000 233945440.00000000 95472.40625000  7514755.50000000 5937495.50000000 
0.02200    146734656.00000000 91615288.00000000 231888720.00000000 94443.14062500  7440612.50000000 5879164.00000000 
0.02300    145378848.00000000 90777400.00000000 229757344.00000000 93378.73437500  7363872.50000000 5818746.50000000 
0.02400    143978272.00000000 89911376.00000000 227554240.00000000 92279.76562500  7284617.00000000 5756383.50000000 
0.02500    142535136.00000000 89018992.00000000 225285680.00000000 91148.28125000  7202992.00000000 5692100.50000000 
0.02600    141050528.00000000 88101088.00000000 222948384.00000000 89985.85156250  7119017.00000000 5626043.50000000 
0.02700    139525584.00000000 87157520.00000000 220551120.00000000 88794.98437500  7032928.00000000 5558247.50000000 
0.02800    137964224.00000000 86191552.00000000 218093456.00000000 87576.32812500  6944757.00000000 5488853.50000000 
0.02900    136366784.00000000 85203104.00000000 215579888.00000000 86331.52343750  6854607.50000000 5417901.50000000 
0.03000    134734576.00000000 84193376.00000000 213014544.00000000 85063.39843750  6762706.00000000 5345509.50000000 
0.03100    133071696.00000000 83164736.00000000 210397824.00000000 83771.56250000  6669044.00000000 5271826.50000000 
0.03200    131379008.00000000 82117128.00000000 207734832.00000000 82460.07812500  6573765.00000000 5196846.50000000 
0.03300    129658584.00000000 81052432.00000000 205026944.00000000 81129.16406250  6477119.00000000 5120691.00000000 
0.03400    127912936.00000000 79971400.00000000 202280656.00000000 79782.25781250  6379038.50000000 5043483.50000000 
0.03500    126142888.00000000 78876840.00000000 199496000.00000000 78418.87500000  6279803.50000000 4965336.00000000 
0.03600    124351768.00000000 77768744.00000000 196678368.00000000 77041.71093750  6179415.00000000 4886267.50000000 
0.03700    122540912.00000000 76647808.00000000 193829648.00000000 75653.03906250  6078047.00000000 4806472.00000000 
0.03800    120714208.00000000 75516256.00000000 190953840.00000000 74253.99218750  5975843.00000000 4725958.00000000 
0.03900    118871560.00000000 74374776.00000000 188052912.00000000 72846.67968750  5872883.50000000 4644898.50000000 
0.04000    117014560.00000000 73225992.00000000 185131712.00000000 71432.10156250  5769295.00000000 4563301.00000000 
0.04100    115147984.00000000 72070104.00000000 182194144.00000000 70013.13281250  5665238.00000000 4481348.50000000 
0.04200    113271848.00000000 70908760.00000000 179240832.00000000 68590.12500000  5560768.50000000 4399080.50000000 
0.04300    111388072.00000000 69742256.00000000 176276192.00000000 67166.03125000  5456016.50000000 4316541.50000000 
0.04400    109500096.00000000 68572624.00000000 173304080.00000000 65741.25781250  5351133.50000000 4233944.50000000 
0.04500    107607992.00000000 67400344.00000000 170326352.00000000 64317.67968750  5246199.00000000 4151248.75000000 
0.04600    105714768.00000000 66227768.00000000 167344944.00000000 62897.41796875  5141335.00000000 4068628.00000000 
0.04700    103822808.00000000 65055352.00000000 164365984.00000000 61481.36718750  5036624.50000000 3986116.25000000 
0.04800    101932968.00000000 63884112.00000000 161390160.00000000 60071.20312500  4932206.00000000 3903826.50000000 
0.04900    100047208.00000000 62715392.00000000 158421136.00000000 58668.64453125  4828187.00000000 3821860.75000000 
0.05000    98167128.00000000 61550480.00000000 155462256.00000000 57274.45312500  4724622.00000000 3740249.00000000 
0.05100    96295640.00000000 60390080.00000000 152515488.00000000 55890.43359375  4621658.50000000 3659084.75000000 
0.05200    94433720.00000000 59235468.00000000 149582000.00000000 54517.88671875  4519366.00000000 3578425.00000000 
0.05300    92582280.00000000 58087704.00000000 146665648.00000000 53157.01171875  4417796.00000000 3498381.00000000 
0.05400    90743056.00000000 56947404.00000000 143769776.00000000 51810.66015625  4317093.50000000 3418984.50000000 
0.05500    88918528.00000000 55815880.00000000 140895136.00000000 50478.80859375  4217321.00000000 3340312.50000000 
0.05600    87109880.00000000 54693524.00000000 138046480.00000000 49162.90625000  4118577.25000000 3262459.25000000 
0.05700    85318000.00000000 53581800.00000000 135223008.00000000 47864.13671875  4020908.00000000 3185438.50000000 
0.05800    83544808.00000000 52481372.00000000 132428640.00000000 46583.29687500  3924419.00000000 3109319.00000000 
0.05900    81789704.00000000 51392900.00000000 129665192.00000000 45320.73828125  3829144.75000000 3034162.00000000 
0.06000    80056152.00000000 50317148.00000000 126934304.00000000 44078.28515625  3735169.75000000 2960039.25000000 
0.06100    78345424.00000000 49254996.00000000 124237192.00000000 42856.43359375  3642545.75000000 2886963.50000000 
0.06200    76657056.00000000 48207088.00000000 121576816.00000000 41655.26562500  3551349.25000000 2815000.50000000 
0.06300    74992984.00000000 47173892.00000000 118954288.00000000 40476.36328125  3461599.25000000 2744187.75000000 
0.06400    73353640.00000000 46155632.00000000 116370816.00000000 39319.54687500  3373389.50000000 2674559.50000000 
0.06500    71740864.00000000 45153820.00000000 113827936.00000000 38185.89453125  3286729.50000000 2606166.00000000 
0.06600    70154424.00000000 44168548.00000000 111327744.00000000 37075.75390625  3201688.00000000 2539030.50000000 
0.06700    68595896.00000000 43200104.00000000 108870064.00000000 35989.67578125  3118286.50000000 2473171.00000000 
0.06800    67065028.00000000 42248988.00000000 106456576.00000000 34927.72265625  3036555.25000000 2408649.75000000 
0.06900    65564272.00000000 41315852.00000000 104089080.00000000 33890.88671875  2956536.50000000 2345454.00000000 
0.07000    64092212.00000000 40400496.00000000 101767880.00000000 32878.74609375  2878236.00000000 2283605.00000000 
0.07100    62650172.00000000 39503924.00000000 99493960.00000000 31891.71679688  2801698.75000000 2223153.25000000 
0.07200    61238740.00000000 38626200.00000000 97267088.00000000 30930.19921875  2726947.00000000 2164083.25000000 
0.07300    59858148.00000000 37767232.00000000 95089048.00000000 29994.09960938  2653960.25000000 2106417.75000000 
0.07400    58508532.00000000 36927460.00000000 92959568.00000000 29083.38671875  2582795.25000000 2050162.50000000 
0.07500    57190004.00000000 36106948.00000000 90879776.00000000 28198.29492188  2513417.25000000 1995333.12500000 
0.07600    55903128.00000000 35305836.00000000 88849072.00000000 27338.54296875  2445854.00000000 1941919.50000000 
0.07700    54648520.00000000 34524632.00000000 86868432.00000000 26504.51171875  2380108.00000000 1889933.00000000 
0.07800    53425240.00000000 33762840.00000000 84937464.00000000 25695.70117188  2316170.00000000 1839363.00000000 
0.07900    52233824.00000000 33020778.00000000 83056432.00000000 24911.81250000  2254028.50000000 1790220.00000000 
0.08000    51073836.00000000 32298064.00000000 81226112.00000000 24153.15234375  2193687.75000000 1742472.62500000 
0.08100    49945756.00000000 31594944.00000000 79443992.00000000 23418.87890625  2135127.50000000 1696147.12500000 
0.08200    48849080.00000000 30911292.00000000 77712272.00000000 22709.20507812  2078344.62500000 1651184.50000000 
0.08300    47783828.00000000 30247102.00000000 76029648.00000000 22023.48632812  2023289.00000000 1607628.25000000 
0.08400    46749460.00000000 29601910.00000000 74395984.00000000 21361.50781250  1969976.75000000 1565401.25000000 
0.08500    45745904.00000000 28976156.00000000 72810304.00000000 20722.85156250  1918392.62500000 1524554.25000000 
0.08600    44772816.00000000 28368712.00000000 71272736.00000000 20107.25976562  1868457.37500000 1485009.87500000 
0.08700    43829712.00000000 27780076.00000000 69782864.00000000 19513.94726562  1820194.00000000 1446781.12500000 
0.08800    42915972.00000000 27210028.00000000 68338912.00000000 18942.71093750  1773564.87500000 1409821.25000000 
0.08900    42031728.00000000 26657612.00000000 66941836.00000000 18392.97851562  1728527.87500000 1374121.62500000 
0.09000    41176232.00000000 26123222.00000000 65588752.00000000 17864.43359375  1685052.00000000 1339666.87500000 
0.09100    40348732.00000000 25606298.00000000 64280752.00000000 17356.20117188  1643119.62500000 1306407.87500000 
0.09200    39549044.00000000 25106320.00000000 63015672.00000000 16867.97656250  1602670.87500000 1274332.62500000 
0.09300    38776308.00000000 24623258.00000000 61793568.00000000 16399.10546875  1563685.75000000 1243404.00000000 
0.09400    38030004.00000000 24156652.00000000 60612712.00000000 15948.99804688  1526126.62500000 1213595.62500000 
0.09500    37309240.00000000 23705774.00000000 59473008.00000000 15517.17089844  1489933.37500000 1184874.87500000 
0.09600    36613936.00000000 23270634.00000000 58372844.00000000 15102.90625000  1455096.62500000 1157210.00000000 
0.09700    35942904.00000000 22850628.00000000 57310600.00000000 14705.82031250  1421551.87500000 1130571.62500000 
0.09800    35295516.00000000 22445342.00000000 56286360.00000000 14325.18066406  1389272.00000000 1104935.75000000 
0.09900    34671524.00000000 22054574.00000000 55298716.00000000 13960.24707031  1358209.50000000 1080253.37500000 
0.10000    34069664.00000000 21677614.00000000 54345560.00000000 13610.61816406  1328318.25000000 1056499.25000000 
0.10100    33489270.00000000 21313964.00000000 53426796.00000000 13275.55761719  1299549.62500000 1033636.12500000 
0.10200    32929830.00000000 20963432.00000000 52541076.00000000 12954.46972656  1271879.25000000 1011630.68750000 
0.10300    32390538.00000000 20625440.00000000 51686944.00000000 12646.98925781  1245256.12500000 990454.06250000 
0.10400    31870738.00000000 20299510.00000000 50863556.00000000 12352.02050781  1219635.37500000 970070.43750000 
0.10500    31369616.00000000 19985162.00000000 50069672.00000000 12069.56347656  1194975.00000000 950454.43750000 
0.10600    30886286.00000000 19681908.00000000 49303416.00000000 11798.63183594  1171226.25000000 931549.37500000 
0.10700    30419714.00000000 19389490.00000000 48564612.00000000 11538.75000000  1148361.00000000 913349.37500000 
0.10800    29969770.00000000 19107040.00000000 47851496.00000000 11289.29199219  1126323.75000000 895800.00000000 
0.10900    29535532.00000000 18834304.00000000 47163004.00000000 11049.86523438  1105075.87500000 878884.68750000 
0.11000    29115922.00000000 18570936.00000000 46498116.00000000 10819.87011719  1084583.50000000 862562.37500000 
0.11100    28710606.00000000 18316430.00000000 45855612.00000000 10598.75195312  1064812.50000000 846805.06250000 
0.11200    28318810.00000000 18070210.00000000 45234284.00000000 10385.99804688  1045712.37500000 831584.25000000 
0.11300    27939460.00000000 17831970.00000000 44633028.00000000 10181.15136719  1027246.25000000 816865.06250000 
0.11400    27572260.00000000 17601354.00000000 44050548.00000000 9983.69238281   1009374.18750000 802624.93750000 
0.11500    27216310.00000000 17377764.00000000 43486240.00000000 9793.15429688   992080.87500000 788832.12500000 
0.11600    26871050.00000000 17160828.00000000 42938876.00000000 9609.02832031   975299.00000000 775455.18750000 
0.11700    26535772.00000000 16950134.00000000 42407288.00000000 9431.04003906   959023.56250000 762475.43750000 
0.11800    26209734.00000000 16745335.00000000 41890296.00000000 9258.62597656   943202.50000000 749865.93750000 
0.11900    25892450.00000000 16545961.00000000 41387248.00000000 9091.54687500   927811.93750000 737592.62500000 
0.12000    25583360.00000000 16351667.00000000 40897068.00000000 8929.27734375   912824.75000000 725634.43750000 
0.12100    25281896.00000000 16162407.00000000 40418868.00000000 8771.51855469   898208.25000000 713982.18750000 
0.12200    24987238.00000000 15977187.00000000 39951848.00000000 8617.95507812   883940.50000000 702604.18750000 
0.12300    24699166.00000000 15796161.00000000 39494872.00000000 8468.19726562   869982.00000000 691474.12500000 
0.12400    24416922.00000000 15618862.00000000 39047600.00000000 8321.97265625   856315.81250000 680575.37500000 
0.12500    24140206.00000000 15444995.00000000 38608748.00000000 8178.98339844   842915.93750000 669894.56250000 
0.12600    23868298.00000000 15274266.00000000 38177756.00000000 8039.10449219   829774.18750000 659414.18750000 
0.12700    23600970.00000000 15106364.00000000 37753764.00000000 7901.90869141   816843.37500000 649108.68750000 
0.12800    23337696.00000000 14941143.00000000 37336416.00000000 7767.13037109   804122.68750000 638965.50000000 
0.12900    23078008.00000000 14778044.00000000 36924872.00000000 7634.75781250   791585.37500000 628978.43750000 
0.13000    22821660.00000000 14617139.00000000 36518732.00000000 7504.44824219   779219.62500000 619124.81250000 
0.13100    22568162.00000000 14458049.00000000 36116980.00000000 7376.01953125   767005.75000000 609396.62500000 
0.13200    22317394.00000000 14300520.00000000 35719468.00000000 7249.38085938   754927.68750000 599772.43750000 
0.13300    22068714.00000000 14144596.00000000 35325624.00000000 7124.36816406   742976.00000000 590259.18750000 
0.13400    21822172.00000000 13989818.00000000 34934796.00000000 7000.74365234   731136.75000000 580827.87500000 
0.13500    21577058.00000000 13836118.00000000 34546704.00000000 6878.53564453   719405.00000000 571480.93750000 
0.13600    21333674.00000000 13683335.00000000 34160524.00000000 6757.56298828   707751.43750000 562208.12500000 
0.13700    21091088.00000000 13531256.00000000 33776788.00000000 6637.73388672   696187.56250000 553002.31250000 
0.13800    20849876.00000000 13379976.00000000 33394310.00000000 6519.01416016   684695.93750000 543857.00000000 
0.13900    20609262.00000000 13229064.00000000 33013384.00000000 6401.23828125   673277.18750000 534766.93750000 
0.14000    20369530.00000000 13078688.00000000 32633458.00000000 6284.47363281   661914.12500000 525731.18750000 
0.14100    20130046.00000000 12928656.00000000 32254346.00000000 6168.66259766   650606.93750000 516741.09375000 
0.14200    19891066.00000000 12778678.00000000 31875606.00000000 6053.63476562   639358.56250000 507790.87500000 
0.14300    19652336.00000000 12628993.00000000 31497602.00000000 5939.54541016   628156.81250000 498883.59375000 
0.14400    19413832.00000000 12479284.00000000 31119602.00000000 5826.23144531   617001.00000000 490011.12500000 
0.14500    19175312.00000000 12329729.00000000 30741816.00000000 5713.75927734   605896.81250000 481179.37500000 
0.14600    18936934.00000000 12180237.00000000 30364204.00000000 5602.13378906   594831.50000000 472386.03125000 
0.14700    18698566.00000000 12030677.00000000 29986620.00000000 5491.37890625   583821.62500000 463629.68750000 
0.14800    18460116.00000000 11881114.00000000 29608744.00000000 5381.51464844   572849.43750000 454909.78125000 
0.14900    18221606.00000000 11731405.00000000 29230974.00000000 5272.40429688   561928.50000000 446228.53125000 
0.15000    17983096.00000000 11581735.00000000 28852922.00000000 5164.26318359   551054.75000000 437583.21875000 
0.15100    17744510.00000000 11431941.00000000 28474770.00000000 5057.02832031   540233.12500000 428982.15625000 
0.15200    17505932.00000000 11282147.00000000 28096896.00000000 4950.81054688   529466.37500000 420426.62500000 
0.15300    17267550.00000000 11132390.00000000 27718790.00000000 4845.53027344   518756.15625000 411910.90625000 
0.15400    17029054.00000000 10982643.00000000 27340814.00000000 4741.29052734   508103.09375000 403445.06250000 
0.15500    16790818.00000000 10832836.00000000 26963048.00000000 4638.19824219   497516.62500000 395028.46875000 
0.15600    16552714.00000000 10683097.00000000 26585482.00000000 4536.16064453   486995.75000000 386666.46875000 
0.15700    16314841.00000000 10533582.00000000 26208152.00000000 4435.28027344   476550.06250000 378360.34375000 
0.15800    16077305.00000000 10384160.00000000 25831420.00000000 4335.61425781   466176.37500000 370114.15625000 
0.15900    15840238.00000000 10235020.00000000 25455292.00000000 4237.24072266   455891.40625000 361932.46875000 
0.16000    15603725.00000000 10086033.00000000 25079820.00000000 4140.13037109   445685.46875000 353815.84375000 
0.16100    15367878.00000000 9937506.00000000 24705510.00000000 4044.43261719   435570.71875000 345771.84375000 
0.16200    15132638.00000000 9789238.00000000 24332048.00000000 3950.03710938   425553.15625000 337803.96875000 
0.16300    14898255.00000000 9641475.00000000 23959732.00000000 3857.10449219   415633.43750000 329911.93750000 
0.16400    14664706.00000000 9494198.00000000 23589006.00000000 3765.66186523   405821.56250000 322102.62500000 
0.16500    14432334.00000000 9347541.00000000 23219660.00000000 3675.69067383   396116.84375000 314379.34375000 
0.16600    14201033.00000000 9201431.00000000 22852028.00000000 3587.33666992   386524.50000000 306744.21875000 
0.16700    13970995.00000000 9056134.00000000 22486322.00000000 3500.49291992   377051.90625000 299201.40625000 
0.16800    13742134.00000000 8911522.00000000 22122536.00000000 3415.29882812   367698.75000000 291754.37500000 
0.16900    13514932.00000000 8767813.00000000 21761248.00000000 3331.74267578   358476.50000000 284407.75000000 
0.17000    13289302.00000000 8625009.00000000 21402164.00000000 3249.88867188   349382.56250000 277162.68750000 
0.17100    13065249.00000000 8483134.00000000 21045528.00000000 3169.69604492   340423.21875000 270021.46875000 
0.17200    12843022.00000000 8342266.00000000 20691726.00000000 3091.24023438   331602.71875000 262990.00000000 
0.17300    12622720.00000000 8202535.50000000 20340626.00000000 3014.54736328   322925.15625000 256069.76562500 
0.17400    12404395.00000000 8063961.00000000 19992904.00000000 2939.60839844   314391.84375000 249263.40625000 
0.17500    12188052.00000000 7926642.00000000 19648298.00000000 2866.42651367   306006.12500000 242572.00000000 
0.17600    11973946.00000000 7790536.00000000 19306708.00000000 2794.99340820   297769.25000000 235996.01562500 
0.17700    11762168.00000000 7655872.00000000 18968912.00000000 2725.38647461   289687.18750000 229543.17187500 
0.17800    11552681.00000000 7522507.50000000 18634618.00000000 2657.56054688   281758.25000000 223209.48437500 
0.17900    11345636.00000000 7390587.00000000 18304086.00000000 2591.55297852   273985.21875000 216997.90625000 
0.18000    11141094.00000000 7260224.50000000 17977596.00000000 2527.29296875   266373.53125000 210912.48437500 
0.18100    10939184.00000000 7131346.00000000 17654994.00000000 2464.86328125   258923.71875000 204954.28125000 
0.18200    10739830.00000000 7004070.00000000 17336348.00000000 2404.16040039   251628.65625000 199119.20312500 
0.18300    10543269.00000000 6878419.50000000 17022110.00000000 2345.24926758   244496.84375000 193409.92187500 
0.18400    10349404.00000000 6754428.50000000 16711976.00000000 2288.06762695   237528.12500000 187828.73437500 
0.18500    10158494.00000000 6632177.00000000 16406259.00000000 2232.65502930   230721.10937500 182374.68750000 
0.18600    9970353.00000000 6511566.50000000 16105077.00000000 2178.94506836   224075.64062500 177049.09375000 
0.18700    9785160.00000000 6392740.50000000 15808269.00000000 2126.92651367   217592.98437500 171848.90625000 
0.18800    9602741.00000000 6275692.50000000 15516155.00000000 2076.57299805   211268.45312500 166775.57812500 
0.18900    9423550.00000000 6160445.00000000 15228699.00000000 2027.89160156   205107.54687500 161830.95312500 
0.19000    9247169.00000000 6046976.00000000 14945722.00000000 1980.79638672   199102.59375000 157006.67187500 
0.19100    9073980.00000000 5935466.00000000 14667754.00000000 1935.34741211   193261.26562500 152312.20312500 
0.19200    8903649.00000000 5825679.00000000 14394287.00000000 1891.43041992   187569.92187500 147737.15625000 
0.19300    8736562.00000000 5717810.00000000 14125770.00000000 1849.04577637   182038.98437500 143287.60937500 
0.19400    8572427.00000000 5611801.00000000 13861871.00000000 1808.17602539   176656.06250000 138955.43750000 
0.19500    8411413.00000000 5507661.00000000 13602815.00000000 1768.75073242   171428.43750000 134743.81250000 
0.19600    8253344.00000000 5405355.50000000 13348542.00000000 1730.76367188   166346.96875000 130648.85937500 
0.19700    8098401.50000000 5304944.50000000 13099027.00000000 1694.16662598   161412.17187500 126670.53125000 
0.19800    7946498.50000000 5206364.50000000 12854202.00000000 1658.93017578   156620.18750000 122804.14843750 
0.19900    7797616.00000000 5109681.00000000 12614255.00000000 1625.03515625   151971.18750000 119051.61718750 
0.20000    7651660.00000000 5014793.50000000 12378862.00000000 1592.38342285   147458.57812500 115406.35937500 
0.20100    7508758.00000000 4921776.00000000 12148172.00000000 1560.98559570   143082.25000000 111868.92968750 
0.20200    7368765.50000000 4830492.50000000 11922052.00000000 1530.78979492   138836.71875000 108435.84375000 
0.20300    7231671.00000000 4741082.00000000 11700610.00000000 1501.78613281   134721.85937500 105105.96875000 
0.20400    7097500.00000000 4653431.00000000 11483601.00000000 1473.88635254   130732.14843750 101875.27343750 
0.20500    6966098.00000000 4567548.50000000 11271113.00000000 1447.08801270   126865.82812500 98742.76562500  
0.20600    6837450.50000000 4483343.50000000 11063023.00000000 1421.30603027   123116.50781250 95704.17968750  
0.20700    6711692.50000000 4400917.50000000 10859226.00000000 1396.56811523   119485.53125000 92758.53906250  
0.20800    6588561.50000000 4320106.50000000 10659735.00000000 1372.78723145   115965.09375000 89902.16406250  
0.20900    6468133.50000000 4241049.50000000 10464465.00000000 1349.98937988   112557.39062500 87135.62500000  
0.21000    6350270.50000000 4163535.75000000 10273274.00000000 1328.04248047   109252.57031250 84451.02343750  
0.21100    6234970.50000000 4087676.50000000 10086117.00000000 1306.97290039   106050.67187500 81848.69531250  
0.21200    6122127.50000000 4013346.00000000 9902902.00000000 1286.73535156   102947.01562500 79325.09375000  
0.21300    6011715.50000000 3940525.75000000 9723515.00000000 1267.27294922   99939.32812500  76878.11718750  
0.21400    5903756.00000000 3869241.50000000 9548010.00000000 1248.57165527   97023.46875000  74505.75000000  
0.21500    5798141.50000000 3799469.75000000 9376208.00000000 1230.63562012   94199.81250000  72206.54687500  
0.21600    5694700.00000000 3731074.00000000 9207981.00000000 1213.35375977   91457.36718750  69973.80468750  
0.21700    5593534.00000000 3664097.50000000 9043287.00000000 1196.75488281   88799.56250000  67808.46093750  
0.21800    5494531.50000000 3598516.00000000 8882011.00000000 1180.77954102   86220.85156250  65707.39843750  
0.21900    5397560.00000000 3534190.25000000 8724013.00000000 1165.38427734   83715.35937500  63666.08203125  
0.22000    5302643.50000000 3471183.50000000 8569306.00000000 1150.58435059   81284.51562500  61684.68750000  
0.22100    5209700.50000000 3409483.50000000 8417873.00000000 1136.33020020   78925.25000000  59761.98046875  
0.22200    5118685.00000000 3348995.00000000 8269412.00000000 1122.59582520   76632.81250000  57893.30859375  
0.22300    5029506.00000000 3289686.75000000 8123863.50000000 1109.33447266   74403.66406250  56075.90625000  
0.22400    4942107.50000000 3231520.50000000 7981220.00000000 1096.55090332   72235.00000000  54308.67187500  
0.22500    4856511.50000000 3174524.50000000 7841506.50000000 1084.23071289   70128.69531250  52591.86328125  
0.22600    4772537.50000000 3118572.50000000 7704300.00000000 1072.31005859   68075.48437500  50919.34375000  
0.22700    4690229.50000000 3063722.25000000 7569881.00000000 1060.80761719   66078.57812500  49292.76171875  
0.22800    4609483.50000000 3009893.00000000 7437899.00000000 1049.67236328   64131.77343750  47708.07812500  
0.22900    4530233.50000000 2957016.00000000 7308380.50000000 1038.88732910   62234.48828125  46163.41406250  
0.23000    4452472.00000000 2905135.75000000 7181306.50000000 1028.45336914   60384.78125000  44659.25000000  
0.23100    4376121.00000000 2854176.75000000 7056518.00000000 1018.35162354   58580.76953125  43191.82421875  
0.23200    4301094.00000000 2804110.25000000 6933889.50000000 1008.53063965   56818.58984375  41760.26562500  
0.23300    4227416.00000000 2754929.75000000 6813426.50000000 999.02191162    55097.13671875  40363.20312500  
0.23400    4154998.50000000 2706596.25000000 6695003.50000000 989.78778076    53416.85937500  38999.76562500  
0.23500    4083757.75000000 2659024.00000000 6578563.00000000 980.78552246    51771.80859375  37666.08984375  
0.23600    4013711.00000000 2612297.25000000 6464137.00000000 972.06475830    50164.58984375  36364.66406250  
0.23700    3944833.50000000 2566329.00000000 6351506.00000000 963.55224609    48591.60937500  35091.71484375  
0.23800    3877018.75000000 2521078.00000000 6240710.00000000 955.27691650    47051.97265625  33847.82031250  
0.23900    3810281.75000000 2476560.00000000 6131631.00000000 947.21038818    45543.43750000  32629.56835938  
0.24000    3744531.50000000 2432713.75000000 6024263.00000000 939.33764648    44065.83984375  31437.73828125  
0.24100    3679831.00000000 2389575.50000000 5918509.50000000 931.67773438    42619.25390625  30272.38085938  
0.24200    3616048.75000000 2347077.25000000 5814366.00000000 924.19250488    41200.13671875  29131.28125000  
0.24300    3553157.50000000 2305205.75000000 5711723.00000000 916.88885498    39808.65234375  28013.25390625  
0.24400    3491179.50000000 2263934.00000000 5610581.00000000 909.75091553    38443.47656250  26917.49218750  
0.24500    3430043.50000000 2223263.25000000 5510804.50000000 902.76910400    37103.41796875  25844.08007812  
0.24600    3369758.50000000 2183165.00000000 5412438.00000000 895.94805908    35788.88281250  24792.17968750  
0.24700    3310281.50000000 2143646.75000000 5315488.50000000 889.28216553    34499.70703125  23761.87500000  
0.24800    3251557.50000000 2104663.50000000 5219783.00000000 882.75891113    33233.00000000  22751.76953125  
0.24900    3193598.00000000 2066205.50000000 5125366.50000000 876.38378906    31989.49218750  21761.25390625  
0.25000    3136390.25000000 2028287.50000000 5032150.00000000 870.15020752    30768.86523438  20790.17578125  
0.25100    3079875.00000000 1990820.50000000 4940176.50000000 864.04174805    29569.84960938  19838.33984375  
0.25200    3024135.25000000 1953931.87500000 4849438.50000000 858.08886719    28394.72851562  18906.51757812  
0.25300    2969055.75000000 1917484.62500000 4759850.00000000 852.26403809    27239.80078125  17992.87695312  
0.25400    2914626.25000000 1881518.50000000 4671374.00000000 846.56390381    26106.66601562  17096.93164062  
0.25500    2860835.75000000 1846004.75000000 4584011.00000000 840.99444580    24993.80273438  16219.27539062  
0.25600    2807739.00000000 1810969.25000000 4497737.00000000 835.56011963    23902.54101562  15359.95117188  
0.25700    2755254.75000000 1776376.00000000 4412512.50000000 830.24603271    22831.73828125  14517.78906250  
0.25800    2703408.75000000 1742218.87500000 4328378.00000000 825.07861328    21782.18945312  13693.55761719  
0.25900    2652161.50000000 1708510.62500000 4245271.50000000 820.03540039    20752.97851562  12887.22070312  
0.26000    2601539.50000000 1675237.25000000 4163212.50000000 815.13885498    19744.64453125  12098.29785156  
0.26100    2551497.00000000 1642363.12500000 4082127.50000000 810.35089111    18755.65820312  11325.87011719  
0.26200    2502092.75000000 1609935.12500000 4002078.00000000 805.73071289    17789.12890625  10572.47753906  
0.26300    2453243.50000000 1577900.87500000 3923010.25000000 801.22015381    16841.84960938  9834.59765625   
0.26400    2404991.75000000 1546292.00000000 3844933.00000000 796.86749268    15915.94921875  9115.12011719   
0.26500    2357319.25000000 1515106.00000000 3767876.00000000 792.65374756    15010.78320312  8413.24902344   
0.26600    2310240.50000000 1484308.25000000 3691720.25000000 788.59149170    14126.22656250  7727.98291016   
0.26700    2263755.50000000 1453923.62500000 3616612.25000000 784.68194580    13263.47363281  7061.03808594   
0.26800    2217850.75000000 1423963.00000000 3542463.75000000 780.92846680    12422.25781250  6411.50000000   
0.26900    2172511.00000000 1394376.00000000 3469233.25000000 777.32556152    11601.21582031  5779.22900391   
0.27000    2127753.00000000 1365218.12500000 3397054.75000000 773.89270020    10802.61914062  5164.85888672   
0.27100    2083583.62500000 1336431.37500000 3325779.25000000 770.61065674    10025.32617188  4568.12939453   
0.27200    2040028.50000000 1308086.00000000 3255514.25000000 767.52532959    9271.68261719   3990.47290039   
0.27300    1997022.12500000 1280108.12500000 3186209.50000000 764.59466553    8538.46679688   3429.35913086   
0.27400    1954564.62500000 1252506.00000000 3117762.50000000 761.81274414    7825.35498047   2884.72265625   
0.27500    1912759.75000000 1225359.75000000 3050447.75000000 759.24786377    7138.45410156   2360.90551758   
0.27600    1871472.75000000 1198555.00000000 2983950.50000000 756.84368896    6470.77636719   1852.88708496   
0.27700    1830831.87500000 1172184.87500000 2918527.50000000 754.64764404    5828.25048828   1364.91821289   
0.27800    1790770.75000000 1146200.50000000 2854056.00000000 752.63305664    5207.56103516   894.18310547    
0.27900    1751301.75000000 1120626.37500000 2790556.75000000 750.81237793    4610.08544922   442.16186523    
0.28000    1712427.62500000 1095444.12500000 2728016.50000000 749.19500732    4035.69628906   8.40393925      
0.28100    1674155.75000000 1070660.62500000 2666481.75000000 747.77362061    3484.38012695   -406.99459839   
0.28200    1636509.25000000 1046295.87500000 2605948.00000000 746.56457520    2957.55615234   -803.34710693   
0.28300    1599465.75000000 1022320.00000000 2546386.00000000 745.55841064    2453.60913086   -1181.63793945  
0.28400    1563003.87500000 998724.25000000 2487788.50000000 744.76184082    1972.66015625   -1541.59631348  
0.28500    1527189.25000000 975571.56250000 2430239.00000000 744.18255615    1516.51721191   -1882.28027344  
0.28600    1491958.62500000 952791.12500000 2373638.50000000 743.80145264    1082.86560059   -2205.13891602  
0.28700    1457359.12500000 930428.75000000 2318044.50000000 743.64080811    673.72259521    -2509.19409180  
0.28800    1423358.12500000 908454.81250000 2263435.00000000 743.69586182    288.09524536    -2794.80712891  
0.28900    1390028.25000000 886914.56250000 2209882.25000000 743.97802734    -72.90203857    -3061.30102539  
0.29000    1357276.75000000 865748.62500000 2157254.25000000 744.46978760    -411.19357300   -3310.04248047  
0.29100    1325186.75000000 845004.18750000 2105713.50000000 745.18054199    -724.95837402   -3539.63281250  
0.29200    1293688.25000000 824652.50000000 2055102.37500000 746.11614990    -1015.02130127  -3751.35424805  
0.29300    1262849.50000000 804718.12500000 2005566.62500000 747.26196289    -1280.98657227  -3943.98999023  
0.29400    1232601.25000000 785162.75000000 1956958.75000000 748.60717773    -1525.05212402  -4120.40478516  
0.29500    1203016.50000000 766030.50000000 1909433.75000000 750.18457031    -1743.90991211  -4276.66259766  
0.29600    1174021.25000000 747282.93750000 1862849.12500000 751.96099854    -1940.57299805  -4416.32373047  
0.29700    1145670.12500000 728937.00000000 1817248.12500000 753.93432617    -2114.14208984  -4538.37011719  
0.29800    1117947.12500000 710995.06250000 1772700.25000000 756.12780762    -2264.36108398  -4642.20263672  
0.29900    1090863.00000000 693458.37500000 1729145.87500000 758.50811768    -2391.76245117  -4728.67773438  
0.30000    1064368.25000000 676295.12500000 1686530.12500000 761.07653809    -2497.66503906  -4798.67578125  
0.30100    1038535.43750000 659550.43750000 1644957.75000000 763.84796143    -2580.18115234  -4850.83154297  
0.30200    1013275.68750000 643169.50000000 1604327.50000000 766.78320312    -2641.91259766  -4887.21289062  
0.30300    988668.93750000 627202.75000000 1564706.25000000 769.91357422    -2681.35107422  -4906.48681641  
0.30400    964685.56250000 611623.00000000 1526069.75000000 773.20758057    -2699.15747070  -4909.34375000  
0.30500    941278.87500000 596414.87500000 1488366.50000000 776.65155029    -2697.70483398  -4897.46386719  
0.30600    918472.87500000 581579.87500000 1451610.00000000 780.25439453    -2675.34570312  -4869.84814453  
0.30700    896310.62500000 567149.12500000 1415871.25000000 784.01452637    -2632.05981445  -4826.04150391  
0.30800    874710.81250000 553070.68750000 1381018.37500000 787.89593506    -2570.09521484  -4768.08593750  
0.30900    853733.93750000 539382.56250000 1347152.37500000 791.91680908    -2488.17480469  -4695.14892578  
0.31000    833339.00000000 526059.81250000 1314205.25000000 796.04956055    -2387.91699219  -4608.27148438  
0.31100    813497.37500000 513091.68750000 1282139.62500000 800.28875732    -2269.80346680  -4507.74365234  
0.31200    794257.93750000 500494.03125000 1251020.62500000 804.62451172    -2133.86596680  -4393.81347656  
0.31300    775576.75000000 488253.40625000 1220778.87500000 809.04528809    -1980.80895996  -4266.89892578  
0.31400    757495.06250000 476374.68750000 1191498.25000000 813.55010986    -1810.85937500  -4126.90380859  
0.31500    739931.75000000 464826.53125000 1163032.00000000 818.11157227    -1625.72485352  -3975.81152344  
0.31600    722932.12500000 453637.34375000 1135444.50000000 822.73321533    -1424.73608398  -3812.29760742  
0.31700    706478.31250000 442784.03125000 1108736.25000000 827.39019775    -1208.54809570  -3637.61816406  
0.31800    690551.06250000 432259.53125000 1082847.00000000 832.06243896    -979.75531006   -3453.14233398  
0.31900    675172.18750000 422077.31250000 1057825.87500000 836.78149414    -735.49218750   -3256.98608398  
0.32000    660297.62500000 412217.71875000 1033610.93750000 841.48504639    -479.40176392   -3051.92504883  
0.32100    645916.50000000 402666.25000000 1010181.00000000 846.17724609    -211.03280640   -2837.60791016  
0.32200    632071.31250000 393447.15625000 987579.87500000 850.86352539    69.45073700     -2613.85839844  
0.32300    618679.00000000 384510.15625000 965691.25000000 855.50024414    359.64205933    -2383.08520508  
0.32400    605777.31250000 375884.37500000 944589.43750000 860.09484863    660.19976807    -2144.12890625  
0.32500    593345.00000000 367555.06250000 924240.56250000 864.63378906    970.05902100    -1898.18493652  
0.32600    581378.81250000 359517.40625000 904621.31250000 869.09844971    1289.13732910   -1645.46154785  
0.32700    569864.68750000 351768.18750000 885728.68750000 873.49114990    1616.25854492   -1386.35351562  
0.32800    558811.56250000 344301.65625000 867548.75000000 877.79272461    1951.25659180   -1121.23242188  
0.32900    548160.00000000 337095.75000000 850030.31250000 881.97296143    2291.84619141   -851.73162842   
0.33000    537951.37500000 330164.93750000 833191.68750000 886.05261230    2639.23999023   -577.29895020   
0.33100    528111.18750000 323466.71875000 816939.00000000 889.98889160    2990.76831055   -299.81570435   
0.33200    518724.87500000 317060.81250000 801416.50000000 893.80816650    3348.58422852   -16.95926666    
0.33300    509695.59375000 310883.75000000 786469.68750000 897.46282959    3709.30200195   267.85275269    
0.33400    501059.46875000 304951.12500000 772139.25000000 900.96954346    4073.69506836   555.56066895    
0.33500    492781.25000000 299247.53125000 758374.25000000 904.30133057    4440.25341797   844.90014648    
0.33600    484849.90625000 293767.84375000 745182.25000000 907.46160889    4808.60400391   1135.86987305   
0.33700    477264.25000000 288506.65625000 732520.93750000 910.43756104    5178.46582031   1428.03222656   
0.33800    470026.53125000 283471.65625000 720427.25000000 913.23028564    5549.44189453   1720.86218262   
0.33900    463085.37500000 278624.53125000 708803.50000000 915.80902100    5919.57617188   2013.37951660   
0.34000    456463.15625000 273984.50000000 697698.37500000 918.18695068    6289.32177734   2305.71166992   
0.34100    450143.25000000 269538.31250000 687074.62500000 920.35687256    6658.04296875   2597.32983398   
0.34200    444143.71875000 265303.15625000 676957.06250000 922.31762695    7026.16796875   2888.71704102   
0.34300    438377.18750000 261220.31250000 667232.68750000 924.04461670    7390.74951172   3177.34130859   
0.34400    432924.12500000 257336.01562500 658007.18750000 925.56219482    7754.05322266   3465.17749023   
0.34500    427697.15625000 253603.32812500 649152.81250000 926.83953857    8113.13720703   3749.90771484   
0.34600    422758.68750000 250058.54687500 640748.37500000 927.89318848    8469.87207031   4033.12402344   
0.34700    418010.21875000 246637.12500000 632660.68750000 928.70690918    8820.83007812   4311.88818359   
0.34800    413514.21875000 243382.62500000 624979.56250000 929.28930664    9167.96386719   4587.86718750   
0.34900    409231.37500000 240280.14062500 617649.87500000 929.63500977    9510.44531250   4860.66357422   
0.35000    405157.46875000 237304.43750000 610665.31250000 929.74499512    9847.24121094   5129.08886719   
0.35100    401308.34375000 234481.79687500 604041.37500000 929.62750244    10179.61914062  5394.26855469   
0.35200    397601.78125000 231759.46875000 597652.50000000 929.26043701    10504.44824219  5653.89648438   
0.35300    394094.09375000 229166.96875000 591590.12500000 928.66827393    10823.23828125  5909.03173828   
0.35400    390775.28125000 226703.42187500 585836.37500000 927.84429932    11136.12109375  6159.85937500   
0.35500    387612.15625000 224343.62500000 580343.75000000 926.79870605    11442.27832031  6405.49902344   
0.35600    384587.18750000 222080.82812500 575068.93750000 925.51940918    11740.71679688  6645.76562500   
0.35700    381721.06250000 219927.92187500 570068.00000000 924.01867676    12032.43750000  6880.60058594   
0.35800    379006.34375000 217876.65625000 565311.31250000 922.31756592    12316.98632812  7110.54638672   
0.35900    376417.87500000 215912.59375000 560770.62500000 920.39752197    12594.19531250  7334.59179688   
0.36000    373966.50000000 214050.35937500 556463.68750000 918.27600098    12864.32324219  7553.61328125   
0.36100    371613.68750000 212250.85937500 552306.81250000 915.94616699    13125.85546875  7766.04443359   
0.36200    369415.28125000 210561.90625000 548425.06250000 913.43847656    13381.38085938  7974.01367188   
0.36300    367275.50000000 208916.65625000 544634.68750000 910.73156738    13627.19140625  8174.81933594   
0.36400    365240.87500000 207344.51562500 541016.81250000 907.84185791    13865.48339844  8369.86816406   
0.36500    363300.18750000 205839.18750000 537565.00000000 904.78100586    14096.11816406  8559.01464844   
0.36600    361475.37500000 204416.17187500 534303.06250000 901.56414795    14320.00488281  8743.41503906   
0.36700    359701.62500000 203031.34375000 531131.87500000 898.17230225    14534.85058594  8920.71582031   
0.36800    358056.50000000 201735.57812500 528176.18750000 894.65527344    14743.92382812  9093.88183594   
0.36900    356464.18750000 200483.79687500 525318.93750000 890.98937988    14944.81250000  9260.89941406   
0.37000    354905.81250000 199259.84375000 522515.71875000 887.17041016    15136.76757812  9421.01660156   
0.37100    353430.12500000 198090.53125000 519849.31250000 883.24475098    15321.98144531  9576.02832031   
0.37200    352041.25000000 196987.82812500 517338.81250000 879.19921875    15500.95214844  9726.53027344   
0.37300    350685.09375000 195911.54687500 514890.03125000 875.03802490    15671.98437500  9870.70019531   
0.37400    349406.53125000 194886.87500000 512564.25000000 870.77807617    15837.04882812  10010.48144531  
0.37500    348174.56250000 193899.95312500 510315.59375000 866.44183350    15995.25683594  10144.97070312  
0.37600    347001.56250000 192954.50000000 508179.62500000 862.01025391    16146.72265625  10274.34179688  
0.37700    345850.37500000 192032.40625000 506074.65625000 857.49291992    16291.28515625  10398.57226562  
0.37800    344760.18750000 191149.07812500 504082.40625000 852.91339111    16430.26367188  10518.35351562  
0.37900    343733.81250000 190313.23437500 502190.50000000 848.28619385    16563.84179688  10634.03320312  
0.38000    342723.03125000 189488.92187500 500329.34375000 843.59399414    16690.85156250  10744.80859375  
0.38100    341745.31250000 188689.18750000 498521.15625000 838.84973145    16811.91210938  10850.89843750  
0.38200    340818.00000000 187931.89062500 496812.96875000 834.07641602    16928.38085938  10953.54589844  
0.38300    339918.46875000 187185.03125000 495129.59375000 829.26654053    17038.86718750  11051.44531250  
0.38400    339077.00000000 186483.76562500 493555.65625000 824.43048096    17145.59765625  11146.32519531  
0.38500    338233.71875000 185783.32812500 491984.31250000 819.57061768    17246.40039062  11236.97949219  
0.38600    337462.75000000 185131.42187500 490525.43750000 814.70800781    17343.89453125  11324.83105469  
0.38700    336687.21875000 184480.06250000 489068.71875000 809.81872559    17435.62695312  11408.31835938  
0.38800    335957.31250000 183854.64062500 487671.12500000 804.93469238    17523.74414062  11488.93750000  
0.38900    335246.84375000 183245.79687500 486324.93750000 800.05108643    17607.72265625  11566.16894531  
0.39000    334600.93750000 182680.56250000 485072.84375000 795.17486572    17688.62890625  11641.37500000  
0.39100    333957.06250000 182115.42187500 483825.56250000 790.30706787    17765.70507812  11713.16308594  
0.39200    333354.75000000 181577.67187500 482650.18750000 785.45520020    17839.29101562  11782.53027344  
0.39300    332766.09375000 181051.35937500 481494.84375000 780.61523438    17909.21484375  11848.94238281  
0.39400    332244.62500000 180564.01562500 480439.87500000 775.80456543    17977.31250000  11913.70703125  
0.39500    331707.68750000 180071.50000000 479370.90625000 771.00341797    18040.85351562  11975.20410156  
0.39600    331212.53125000 179599.42187500 478356.59375000 766.22296143    18102.03320312  12034.64746094  
0.39700    330739.87500000 179144.54687500 477386.37500000 761.47509766    18160.37500000  12091.94726562  
0.39800    330315.12500000 178718.45312500 476484.37500000 756.76116943    18216.87890625  12147.59765625  
0.39900    329899.87500000 178297.26562500 475602.87500000 752.06329346    18270.21093750  12200.97363281  
0.40000    329514.90625000 177893.71875000 474763.09375000 747.39453125    18321.38281250  12252.40234375  
0.40100    329148.65625000 177506.14062500 473962.59375000 742.75543213    18369.69531250  12301.78417969  
0.40200    328832.40625000 177144.46875000 473232.18750000 738.15283203    18416.48437500  12349.82910156  
0.40300    328514.40625000 176781.87500000 472494.37500000 733.57000732    18460.11914062  12395.62402344  
0.40400    328240.71875000 176444.35937500 471824.40625000 729.01715088    18502.40625000  12440.01464844  
0.40500    327991.09375000 176119.48437500 471193.06250000 724.49645996    18542.34960938  12482.74023438  
0.40600    327774.43750000 175820.29687500 470621.46875000 720.00842285    18580.62109375  12524.36328125  
0.40700    327575.68750000 175525.25000000 470071.15625000 715.54589844    18616.53710938  12563.87695312  
0.40800    327395.43750000 175243.68750000 469545.87500000 711.09680176    18650.21679688  12601.57812500  
0.40900    327236.68750000 174975.51562500 469057.34375000 706.67425537    18681.30664062  12637.71484375  
0.41000    327123.56250000 174734.00000000 468642.25000000 702.28918457    18711.76757812  12672.90820312  
0.41100    327016.40625000 174494.68750000 468232.71875000 697.91265869    18739.15429688  12705.92285156  
0.41200    326924.96875000 174261.17187500 467840.06250000 693.55181885    18764.11523438  12737.13964844  
0.41300    326874.53125000 174058.57812500 467518.62500000 689.21643066    18787.54492188  12767.16992188  
0.41400    326824.46875000 173852.96875000 467197.06250000 684.88775635    18808.49023438  12795.26855469  
0.41500    326817.65625000 173671.51562500 466941.31250000 680.58050537    18827.55078125  12821.98632812  
0.41600    326791.12500000 173480.03125000 466656.59375000 676.27111816    18843.33007812  12846.19433594  
0.41700    326814.31250000 173321.00000000 466456.09375000 671.98931885    18857.87695312  12869.62597656  
0.41800    326875.68750000 173182.10937500 466311.78125000 667.71557617    18870.61328125  12891.64648438  
0.41900    326889.62500000 173017.34375000 466089.84375000 663.42303467    18878.57031250  12909.92480469  
0.42000    326965.37500000 172884.62500000 465964.06250000 659.15325928    18885.70898438  12927.84472656  
0.42100    327054.56250000 172771.04687500 465874.53125000 654.88702393    18890.35937500  12943.98437500  
0.42200    327152.59375000 172661.92187500 465787.34375000 650.62457275    18892.50390625  12958.21484375  
0.42300    327246.15625000 172544.25000000 465696.65625000 646.34954834    18890.84570312  12969.64550781  
0.42400    327358.21875000 172444.25000000 465639.37500000 642.07409668    18887.03320312  12979.35351562  
0.42500    327486.00000000 172352.15625000 465605.78125000 637.79718018    18880.54492188  12987.05175781  
0.42600    327598.28125000 172256.34375000 465555.68750000 633.51306152    18870.35156250  12992.32617188  
0.42700    327747.34375000 172183.71875000 465569.15625000 629.23382568    18858.34960938  12996.33984375  
0.42800    327883.21875000 172102.79687500 465556.71875000 624.94415283    18842.64062500  12997.51367188  
0.42900    328052.03125000 172046.57812500 465606.50000000 620.65209961    18824.92773438  12997.13867188  
0.43000    328205.78125000 171982.90625000 465626.00000000 616.35430908    18803.52148438  12994.16113281  
0.43100    328333.18750000 171906.48437500 465616.96875000 612.03759766    18777.76562500  12988.21386719  
0.43200    328501.87500000 171857.51562500 465670.31250000 607.72424316    18750.69921875  12980.93750000  
0.43300    328646.59375000 171798.15625000 465696.87500000 603.40087891    18719.38281250  12970.90527344  
0.43400    328801.90625000 171748.62500000 465742.75000000 599.06915283    18684.92773438  12958.58398438  
0.43500    328941.53125000 171691.68750000 465763.90625000 594.73675537    18647.24609375  12943.85449219  
0.43600    329109.06250000 171657.76562500 465843.12500000 590.41033936    18607.50390625  12927.66503906  
0.43700    329236.12500000 171602.09375000 465866.06250000 586.06567383    18563.30859375  12908.24414062  
0.43800    329352.43750000 171544.56250000 465865.21875000 581.71630859    18515.72851562  12886.37109375  
0.43900    329481.62500000 171498.70312500 465894.75000000 577.37652588    18465.50781250  12862.65332031  
0.44000    329599.21875000 171449.04687500 465917.65625000 573.03387451    18412.09179688  12836.67675781  
0.44100    329708.81250000 171398.79687500 465927.09375000 568.69702148    18355.49804688  12808.30468750  
0.44200    329808.96875000 171348.48437500 465930.84375000 564.35913086    18296.00195312  12777.85351562  
0.44300    329898.12500000 171298.79687500 465928.56250000 560.03436279    18233.30859375  12745.30273438  
0.44400    329982.65625000 171250.62500000 465921.59375000 555.71923828    18167.83593750  12710.51464844  
0.44500    330015.06250000 171172.67187500 465840.09375000 551.39849854    18098.10937500  12672.66796875  
0.44600    330054.81250000 171104.76562500 465774.34375000 547.10235596    18026.41210938  12633.33300781  
0.44700    330097.34375000 171046.71875000 465725.34375000 542.82940674    17952.24023438  12592.33691406  
0.44800    330101.84375000 170965.85937500 465618.03125000 538.56341553    17874.61328125  12548.87597656  
0.44900    330118.03125000 170898.34375000 465536.56250000 534.32543945    17795.12500000  12503.95117188  
0.45000    330121.46875000 170829.82812500 465443.56250000 530.11523438    17713.54296875  12457.66503906  
0.45100    330074.09375000 170735.90625000 465276.78125000 525.92407227    17627.75195312  12408.25195312  
0.45200    330037.28125000 170652.79687500 465133.25000000 521.76464844    17540.84960938  12357.98535156  
0.45300    329967.12500000 170552.28125000 464937.65625000 517.63671875    17451.32617188  12305.71289062  
0.45400    329894.78125000 170457.37500000 464755.15625000 513.54302979    17359.69726562  12252.24609375  
0.45500    329806.06250000 170357.60937500 464550.62500000 509.49258423    17266.30468750  12197.18066406  
0.45600    329687.15625000 170244.62500000 464309.53125000 505.47180176    17170.47656250  12140.42871094  
0.45700    329567.00000000 170133.81250000 464067.43750000 501.49850464    17073.44335938  12082.84667969  
0.45800    329413.93750000 170008.79687500 463777.37500000 497.57406616    16974.41406250  12023.83691406  
0.45900    329243.71875000 169881.03125000 463467.43750000 493.69076538    16873.63476562  11963.27832031  
0.46000    329086.37500000 169762.60937500 463187.56250000 489.87564087    16772.81445312  11902.87890625  
0.46100    328867.21875000 169610.45312500 462809.50000000 486.09082031    16668.80664062  11840.00292969  
0.46200    328674.12500000 169475.71875000 462481.50000000 482.37399292    16565.18164062  11777.36425781  
0.46300    328441.96875000 169327.25000000 462105.90625000 478.70578003    16459.62890625  11713.59082031  
0.46400    328188.87500000 169165.07812500 461685.93750000 475.10119629    16353.26660156  11648.95019531  
0.46500    327938.81250000 169012.21875000 461288.09375000 471.56646729    16246.64453125  11584.04492188  
0.46600    327660.84375000 168842.07812500 460843.71875000 468.08465576    16138.93945312  11518.33789062  
0.46700    327356.96875000 168659.32812500 460361.50000000 464.66549683    16030.28613281  11451.91601562  
0.46800    327072.37500000 168498.17187500 459923.65625000 461.32138062    15922.39160156  11386.16210938  
0.46900    326740.03125000 168303.28125000 459405.81250000 458.03546143    15813.15039062  11319.04687500  
0.47000    326397.93750000 168110.98437500 458883.68750000 454.81558228    15703.62402344  11251.88085938  
0.47100    326056.21875000 167916.62500000 458355.12500000 451.67355347    15594.61914062  11185.00292969  
0.47200    325691.34375000 167715.21875000 457807.09375000 448.59878540    15485.55468750  11117.92089844  
0.47300    325329.59375000 167516.10937500 457254.09375000 445.60000610    15376.70703125  11051.13964844  
0.47400    324924.62500000 167290.62500000 456636.65625000 442.65942383    15267.11328125  10983.51464844  
0.47500    324525.90625000 167074.89062500 456038.15625000 439.80175781    15158.62207031  10916.82421875  
0.47600    324135.96875000 166864.04687500 455449.53125000 437.01800537    15051.00683594  10850.63867188  
0.47700    323686.00000000 166618.59375000 454775.37500000 434.29049683    14942.13476562  10783.26171875  
0.47800    323250.25000000 166381.54687500 454122.87500000 431.64462280    14834.83789062  10717.23339844  
0.47900    322818.59375000 166152.03125000 453472.71875000 429.07141113    14728.32128906  10651.62890625  
0.48000    322344.12500000 165894.07812500 452762.87500000 426.56652832    14621.52343750  10585.72949219  
0.48100    321906.00000000 165664.01562500 452107.40625000 424.14178467    14516.57519531  10521.16015625  
0.48200    321394.96875000 165386.85937500 451336.65625000 421.76257324    14410.45800781  10455.51171875  
0.48300    320894.93750000 165113.68750000 450585.84375000 419.46398926    14305.83789062  10390.83496094  
0.48400    320396.62500000 164845.73437500 449839.40625000 417.23379517    14202.14746094  10327.04296875  
0.48500    319880.06250000 164567.87500000 449061.65625000 415.06936646    14099.18066406  10263.41796875  
0.48600    319365.56250000 164291.03125000 448293.56250000 412.97857666    13997.20117188  10200.59863281  
0.48700    318828.00000000 164001.73437500 447487.28125000 410.94100952    13895.63574219  10137.97656250  
0.48800    318262.25000000 163692.31250000 446631.03125000 408.96240234    13794.17382812  10075.24902344  
0.48900    317699.03125000 163386.75000000 445783.75000000 407.04901123    13693.75781250  10013.37988281  
0.49000    317130.00000000 163077.79687500 444926.59375000 405.19546509    13594.47851562  9952.08789062   
0.49100    316562.50000000 162769.53125000 444070.34375000 403.40957642    13496.21289062  9891.76953125   
0.49200    315958.06250000 162438.76562500 443157.34375000 401.66659546    13397.63964844  9831.01953125   
0.49300    315351.46875000 162105.01562500 442236.84375000 399.98413086    13300.40820312  9771.07519531   
0.49400    314732.03125000 161766.59375000 441301.06250000 398.35281372    13203.63964844  9711.37988281   
0.49500    314090.37500000 161413.92187500 440331.00000000 396.77212524    13107.24121094  9652.01757812   
0.49600    313457.53125000 161065.73437500 439368.15625000 395.24850464    13012.11523438  9593.41992188   
0.49700    312787.46875000 160697.62500000 438352.46875000 393.76486206    12916.76562500  9534.53710938   
0.49800    312118.40625000 160328.03125000 437339.56250000 392.33184814    12822.43164062  9476.48242188   
0.49900    311416.78125000 159937.67187500 436270.87500000 390.93435669    12727.82519531  9418.09863281   
0.50000    310721.15625000 159551.53125000 435208.50000000 389.59176636    12634.32519531  9360.55566406   
