# SAXS profile: number of points = 501, q_min = 0, q_max = 0.5, delta_q = 0.001
#    q    intensity 
0.00000    162235776.00000000 101201944.00000000 256270944.00000000 100122.95312500 8060733.00000000 6366352.50000000 
0.00100    162203040.00000000 101180576.00000000 256217072.00000000 100095.58593750 8058791.50000000 6364795.50000000 
0.00200    162101600.00000000 101116248.00000000 256053952.00000000 100012.75000000 8052825.50000000 6360160.50000000 
0.00300    161930448.00000000 101010392.00000000 255781744.00000000 99876.14062500  8042940.00000000 6352361.00000000 
0.00400    161688544.00000000 100861256.00000000 255402752.00000000 99683.64843750  8029117.00000000 6341531.50000000 
0.00500    161378960.00000000 100669608.00000000 254916368.00000000 99438.00781250  8011472.00000000 6327599.50000000 
0.00600    160997568.00000000 100435784.00000000 254320832.00000000 99138.11718750  7989837.50000000 6310670.00000000 
0.00700    160552608.00000000 100161488.00000000 253622096.00000000 98784.85937500  7964444.00000000 6290698.00000000 
0.00800    160035024.00000000 99845584.00000000 252816784.00000000 98379.53125000  7935225.50000000 6267753.00000000 
0.00900    159455264.00000000 99489760.00000000 251907584.00000000 97922.25781250  7902254.00000000 6241838.00000000 
0.01000    158811920.00000000 99093656.00000000 250896976.00000000 97413.75781250  7865615.50000000 6213050.00000000 
0.01100    158104496.00000000 98657488.00000000 249785248.00000000 96855.62500000  7825265.50000000 6181431.50000000 
0.01200    157334208.00000000 98182320.00000000 248573424.00000000 96247.67968750  7781465.50000000 6146951.50000000 
0.01300    156499824.00000000 97668680.00000000 247264528.00000000 95592.44531250  7734130.00000000 6109776.50000000 
0.01400    155603520.00000000 97117864.00000000 245860944.00000000 94890.50781250  7683327.00000000 6069879.00000000 
0.01500    154650288.00000000 96529344.00000000 244363232.00000000 94143.31250000  7629262.50000000 6027371.00000000 
0.01600    153636768.00000000 95905984.00000000 242774976.00000000 93351.35937500  7571909.00000000 5982318.50000000 
0.01700    152570208.00000000 95248480.00000000 241097392.00000000 92516.62500000  7511430.00000000 5934781.00000000 
0.01800    151445104.00000000 94556432.00000000 239333040.00000000 91640.85937500  7447867.50000000 5884832.50000000 
0.01900    150266432.00000000 93830960.00000000 237484976.00000000 90725.47656250  7381383.50000000 5832571.50000000 
0.02000    149038400.00000000 93074144.00000000 235555104.00000000 89771.32812500  7312039.50000000 5778091.50000000 
0.02100    147758512.00000000 92285448.00000000 233545744.00000000 88780.89062500  7239958.50000000 5721424.00000000 
0.02200    146431712.00000000 91467392.00000000 231462656.00000000 87755.62500000  7165225.50000000 5662718.00000000 
0.02300    145057312.00000000 90621088.00000000 229305584.00000000 86697.60156250  7088026.50000000 5601992.00000000 
0.02400    143639056.00000000 89747008.00000000 227077808.00000000 85608.26562500  7008386.00000000 5539445.50000000 
0.02500    142178208.00000000 88846408.00000000 224783248.00000000 84489.01562500  6926556.50000000 5475030.50000000 
0.02600    140677408.00000000 87921008.00000000 222425616.00000000 83342.63281250  6842498.50000000 5408982.50000000 
0.02700    139137440.00000000 86971592.00000000 220007376.00000000 82169.85937500  6756470.00000000 5341313.00000000 
0.02800    137560880.00000000 85999104.00000000 217532096.00000000 80973.60156250  6668510.00000000 5272166.00000000 
0.02900    135951408.00000000 85005440.00000000 215002336.00000000 79754.46875000  6578854.50000000 5201626.50000000 
0.03000    134307984.00000000 83991712.00000000 212423040.00000000 78515.88281250  6487454.00000000 5129795.50000000 
0.03100    132636296.00000000 82959848.00000000 209794160.00000000 77258.96093750  6394682.50000000 5056777.50000000 
0.03200    130935872.00000000 81910168.00000000 207122816.00000000 75986.19531250  6300465.50000000 4982661.00000000 
0.03300    129210128.00000000 80845544.00000000 204410720.00000000 74698.79687500  6205003.50000000 4907598.50000000 
0.03400    127460392.00000000 79764864.00000000 201661248.00000000 73399.01562500  6108443.00000000 4831602.50000000 
0.03500    125690224.00000000 78670904.00000000 198879056.00000000 72088.78906250  6010919.50000000 4754855.00000000 
0.03600    123899872.00000000 77564904.00000000 196065504.00000000 70769.45312500  5912550.50000000 4677446.50000000 
0.03700    122093816.00000000 76449352.00000000 193224432.00000000 69443.78125000  5813424.50000000 4599465.00000000 
0.03800    120272544.00000000 75323744.00000000 190361312.00000000 68112.75000000  5713776.00000000 4521020.50000000 
0.03900    118438456.00000000 74190960.00000000 187477136.00000000 66779.08593750  5613678.00000000 4442190.50000000 
0.04000    116594144.00000000 73051056.00000000 184576016.00000000 65443.60937500  5513155.00000000 4363100.50000000 
0.04100    114741040.00000000 71904536.00000000 181661520.00000000 64108.44140625  5412464.50000000 4283811.00000000 
0.04200    112882576.00000000 70753840.00000000 178738592.00000000 62775.46093750  5311655.50000000 4204410.00000000 
0.04300    111018768.00000000 69600656.00000000 175805552.00000000 61445.94531250  5210902.50000000 4125046.50000000 
0.04400    109153240.00000000 68445944.00000000 172869840.00000000 60121.58593750  5110257.50000000 4045789.75000000 
0.04500    107286792.00000000 67290264.00000000 169933680.00000000 58803.60546875  5009869.00000000 3966721.75000000 
0.04600    105422976.00000000 66135600.00000000 166997360.00000000 57494.29687500  4909855.00000000 3887912.25000000 
0.04700    103561888.00000000 64983016.00000000 164068912.00000000 56194.42187500  4810269.00000000 3809459.00000000 
0.04800    101705768.00000000 63833192.00000000 161146816.00000000 54905.85156250  4711260.50000000 3731433.50000000 
0.04900    99858352.00000000 62687532.00000000 158237616.00000000 53629.31640625  4612966.50000000 3653923.50000000 
0.05000    98018680.00000000 61547076.00000000 155339680.00000000 52366.29687500  4515380.00000000 3577007.75000000 
0.05100    96189544.00000000 60412676.00000000 152458416.00000000 51117.78906250  4418641.50000000 3500733.75000000 
0.05200    94372424.00000000 59285460.00000000 149596448.00000000 49885.36718750  4322840.50000000 3425195.75000000 
0.05300    92569480.00000000 58166548.00000000 146755120.00000000 48669.77343750  4228056.50000000 3350457.75000000 
0.05400    90781464.00000000 57056144.00000000 143937040.00000000 47471.91796875  4134362.00000000 3276551.50000000 
0.05500    89009896.00000000 55956324.00000000 141146016.00000000 46292.91406250  4041844.75000000 3203566.75000000 
0.05600    87255848.00000000 54866936.00000000 138381168.00000000 45133.39843750  3950557.75000000 3131542.75000000 
0.05700    85521728.00000000 53789040.00000000 135646784.00000000 43994.11718750  3860575.75000000 3060541.25000000 
0.05800    83807576.00000000 52723904.00000000 132944520.00000000 42875.72656250  3771955.75000000 2990591.50000000 
0.05900    82114720.00000000 51671368.00000000 130275464.00000000 41779.09765625  3684742.00000000 2921747.50000000 
0.06000    80445064.00000000 50632840.00000000 127641160.00000000 40704.67968750  3599010.50000000 2854055.25000000 
0.06100    78798856.00000000 49608488.00000000 125044072.00000000 39652.69531250  3514777.00000000 2787542.75000000 
0.06200    77177816.00000000 48599492.00000000 122485448.00000000 38624.04296875  3432102.00000000 2722238.25000000 
0.06300    75581576.00000000 47605616.00000000 119966512.00000000 37618.76953125  3351018.75000000 2658180.00000000 
0.06400    74011432.00000000 46628048.00000000 117488832.00000000 36636.82812500  3271542.00000000 2595413.25000000 
0.06500    72468952.00000000 45666732.00000000 115053432.00000000 35679.08593750  3193726.00000000 2533916.50000000 
0.06600    70954096.00000000 44722656.00000000 112660672.00000000 34745.42578125  3117601.00000000 2473738.25000000 
0.06700    69467104.00000000 43795724.00000000 110312808.00000000 33835.82031250  3043128.75000000 2414904.25000000 
0.06800    68009240.00000000 42886224.00000000 108009040.00000000 32950.23828125  2970389.50000000 2357371.50000000 
0.06900    66579668.00000000 41994500.00000000 105751848.00000000 32088.89062500  2899381.25000000 2301219.25000000 
0.07000    65180184.00000000 41121404.00000000 103540168.00000000 31251.66796875  2830086.00000000 2246426.50000000 
0.07100    63810312.00000000 40266212.00000000 101375544.00000000 30438.61132812  2762524.75000000 2192982.00000000 
0.07200    62470684.00000000 39429476.00000000 99258784.00000000 29648.99218750  2696690.25000000 2140902.25000000 
0.07300    61161308.00000000 38612052.00000000 97188688.00000000 28883.06054688  2632597.00000000 2090176.25000000 
0.07400    59882440.00000000 37812448.00000000 95166224.00000000 28140.25000000  2570208.75000000 2040788.75000000 
0.07500    58633820.00000000 37032172.00000000 93192504.00000000 27420.36718750  2509539.75000000 1992762.25000000 
0.07600    57415656.00000000 36270348.00000000 91265424.00000000 26723.15039062  2450532.75000000 1946057.75000000 
0.07700    56228056.00000000 35527592.00000000 89387032.00000000 26048.15429688  2393208.75000000 1900668.37500000 
0.07800    55070352.00000000 34803724.00000000 87556192.00000000 25394.82226562  2337560.75000000 1856584.25000000 
0.07900    53942976.00000000 34097700.00000000 85771856.00000000 24762.78710938  2283514.75000000 1813796.25000000 
0.08000    52845248.00000000 33410992.00000000 84035104.00000000 24151.64453125  2231108.75000000 1772268.25000000 
0.08100    51777612.00000000 32742412.00000000 82345184.00000000 23560.71875000  2180272.25000000 1731992.00000000 
0.08200    50738884.00000000 32092064.00000000 80700736.00000000 22989.62695312  2130970.00000000 1692932.50000000 
0.08300    49729060.00000000 31459612.00000000 79102544.00000000 22437.66015625  2083215.37500000 1655070.12500000 
0.08400    48747908.00000000 30844854.00000000 77549144.00000000 21904.35742188  2036921.00000000 1618375.87500000 
0.08500    47795000.00000000 30247650.00000000 76039808.00000000 21389.11523438  1992071.75000000 1582829.50000000 
0.08600    46869268.00000000 29667616.00000000 74575320.00000000 20891.42382812  1948669.12500000 1548401.62500000 
0.08700    45971368.00000000 29104728.00000000 73152552.00000000 20410.17968750  1906603.75000000 1515049.75000000 
0.08800    45099276.00000000 28558214.00000000 71771712.00000000 19945.54492188  1865882.25000000 1482758.12500000 
0.08900    44253692.00000000 28028082.00000000 70432520.00000000 19496.23046875  1826461.25000000 1451495.00000000 
0.09000    43433440.00000000 27513788.00000000 69133280.00000000 19061.98632812  1788287.25000000 1421206.75000000 
0.09100    42638224.00000000 27015090.00000000 67873256.00000000 18642.09375000  1751331.12500000 1391896.62500000 
0.09200    41867244.00000000 26531558.00000000 66652076.00000000 18235.77539062  1715547.75000000 1363501.87500000 
0.09300    41119516.00000000 26062654.00000000 65468528.00000000 17842.65429688  1680881.75000000 1335997.12500000 
0.09400    40394432.00000000 25608230.00000000 64320136.00000000 17461.99804688  1647287.25000000 1309345.62500000 
0.09500    39692188.00000000 25167720.00000000 63207400.00000000 17093.19335938  1614747.75000000 1283516.62500000 
0.09600    39011236.00000000 24740826.00000000 62128776.00000000 16735.85546875  1583199.62500000 1258487.62500000 
0.09700    38350812.00000000 24327012.00000000 61083160.00000000 16389.18164062  1552613.12500000 1234219.37500000 
0.09800    37710844.00000000 23925764.00000000 60069684.00000000 16052.68457031  1522943.62500000 1210674.37500000 
0.09900    37090308.00000000 23536868.00000000 59086540.00000000 15725.70312500  1494141.12500000 1187815.50000000 
0.10000    36488120.00000000 23159528.00000000 58133448.00000000 15407.76464844  1466162.12500000 1165607.12500000 
0.10100    35904024.00000000 22793904.00000000 57208868.00000000 15098.49121094  1438989.25000000 1144042.25000000 
0.10200    35337176.00000000 22439090.00000000 56311444.00000000 14797.22167969  1412546.12500000 1123063.50000000 
0.10300    34786844.00000000 22094524.00000000 55440808.00000000 14503.51757812  1386822.50000000 1102647.00000000 
0.10400    34252728.00000000 21760038.00000000 54595284.00000000 14216.88671875  1361778.87500000 1082772.62500000 
0.10500    33733672.00000000 21435426.00000000 53773748.00000000 13937.00292969  1337368.87500000 1063405.00000000 
0.10600    33228966.00000000 21119730.00000000 52975408.00000000 13663.40136719  1313545.75000000 1044509.75000000 
0.10700    32738046.00000000 20812902.00000000 52198744.00000000 13395.60449219  1290311.62500000 1026060.06250000 
0.10800    32260322.00000000 20514286.00000000 51443280.00000000 13133.26074219  1267604.87500000 1008043.37500000 
0.10900    31795036.00000000 20223822.00000000 50707928.00000000 12876.09179688  1245380.25000000 990418.25000000 
0.11000    31341712.00000000 19940654.00000000 49991112.00000000 12623.77441406  1223649.87500000 973169.93750000 
0.11100    30899548.00000000 19664834.00000000 49292424.00000000 12375.93554688  1202348.50000000 956269.31250000 
0.11200    30467838.00000000 19395676.00000000 48610760.00000000 12132.25781250  1181462.87500000 939702.62500000 
0.11300    30046430.00000000 19132866.00000000 47944740.00000000 11892.62890625  1160972.87500000 923445.56250000 
0.11400    29634378.00000000 18876124.00000000 47294148.00000000 11656.72656250  1140833.00000000 907469.37500000 
0.11500    29231206.00000000 18625156.00000000 46657928.00000000 11424.27929688  1121030.12500000 891761.75000000 
0.11600    28836406.00000000 18379498.00000000 46034532.00000000 11195.14062500  1101558.62500000 876311.62500000 
0.11700    28449744.00000000 18138854.00000000 45424184.00000000 10969.14355469  1082374.12500000 861090.06250000 
0.11800    28070232.00000000 17902844.00000000 44825136.00000000 10745.98144531  1063461.12500000 846087.62500000 
0.11900    27697460.00000000 17671152.00000000 44237560.00000000 10525.80273438  1044815.62500000 831292.75000000 
0.12000    27331482.00000000 17443586.00000000 43659896.00000000 10308.17480469  1026399.62500000 816687.81250000 
0.12100    26971368.00000000 17219948.00000000 43092248.00000000 10093.28710938  1008220.31250000 802264.75000000 
0.12200    26617142.00000000 16999886.00000000 42533708.00000000 9880.82519531   990254.93750000 788003.00000000 
0.12300    26267892.00000000 16783080.00000000 41983264.00000000 9670.82812500   972485.06250000 773909.18750000 
0.12400    25923608.00000000 16569315.00000000 41440544.00000000 9463.17578125   954912.18750000 759957.56250000 
0.12500    25583924.00000000 16358504.00000000 40905012.00000000 9257.85644531   937507.31250000 746148.93750000 
0.12600    25248590.00000000 16150442.00000000 40376272.00000000 9054.85449219   920287.93750000 732474.81250000 
0.12700    24917042.00000000 15944832.00000000 39853948.00000000 8854.20117188   903225.31250000 718930.25000000 
0.12800    24589244.00000000 15741386.00000000 39337376.00000000 8655.70507812   886317.12500000 705506.25000000 
0.12900    24264902.00000000 15540208.00000000 38826372.00000000 8459.64550781   869564.56250000 692201.81250000 
0.13000    23943640.00000000 15340993.00000000 38319880.00000000 8265.79199219   852961.25000000 679011.12500000 
0.13100    23625248.00000000 15143450.00000000 37818264.00000000 8074.23095703   836497.93750000 665929.75000000 
0.13200    23309832.00000000 14947674.00000000 37321232.00000000 7885.06103516   820174.56250000 652964.00000000 
0.13300    22997036.00000000 14753437.00000000 36828008.00000000 7698.25585938   803997.31250000 640105.37500000 
0.13400    22686604.00000000 14560740.00000000 36338432.00000000 7513.84912109   787952.81250000 627353.75000000 
0.13500    22378494.00000000 14369381.00000000 35852720.00000000 7331.95068359   772049.56250000 614707.12500000 
0.13600    22072614.00000000 14179347.00000000 35370248.00000000 7152.49804688   756287.18750000 602170.62500000 
0.13700    21768656.00000000 13990333.00000000 34890716.00000000 6975.65039062   740664.06250000 589738.75000000 
0.13800    21466756.00000000 13802608.00000000 34414444.00000000 6801.37939453   725178.50000000 577422.93750000 
0.13900    21166700.00000000 13615955.00000000 33941016.00000000 6629.77392578   709842.81250000 565209.93750000 
0.14000    20868608.00000000 13430316.00000000 33470316.00000000 6460.87060547   694649.00000000 553112.75000000 
0.14100    20572304.00000000 13245767.00000000 33002502.00000000 6294.81103516   679607.87500000 541135.56250000 
0.14200    20277672.00000000 13062125.00000000 32537146.00000000 6131.50195312   664713.56250000 529272.81250000 
0.14300    19984856.00000000 12879469.00000000 32074356.00000000 5971.08740234   649981.87500000 517529.75000000 
0.14400    19693834.00000000 12697649.00000000 31614112.00000000 5813.55566406   635402.93750000 505905.62500000 
0.14500    19404298.00000000 12516957.00000000 31156370.00000000 5658.99755859   620992.56250000 494417.43750000 
0.14600    19116668.00000000 12337014.00000000 30701334.00000000 5507.46777344   606750.37500000 483053.68750000 
0.14700    18830818.00000000 12158148.00000000 30248974.00000000 5359.00927734   592677.75000000 471829.71875000 
0.14800    18546526.00000000 11980106.00000000 29798816.00000000 5213.57910156   578779.06250000 460737.34375000 
0.14900    18264096.00000000 11803148.00000000 29351428.00000000 5071.25488281   565063.18750000 449783.18750000 
0.15000    17983424.00000000 11627051.00000000 28906914.00000000 4932.11083984   551526.81250000 438972.93750000 
0.15100    17704756.00000000 11452092.00000000 28464964.00000000 4796.04541016   538176.87500000 428309.00000000 
0.15200    17427828.00000000 11278120.00000000 28025948.00000000 4663.24072266   525023.75000000 417799.09375000 
0.15300    17152912.00000000 11105299.00000000 27589882.00000000 4533.59619141   512064.62500000 407438.71875000 
0.15400    16880060.00000000 10933359.00000000 27156678.00000000 4407.11865234   499299.43750000 397234.25000000 
0.15500    16609297.00000000 10762722.00000000 26726650.00000000 4283.84570312   486742.81250000 387189.68750000 
0.15600    16340622.00000000 10593193.00000000 26299724.00000000 4163.75927734   474389.50000000 377304.43750000 
0.15700    16074244.00000000 10424901.00000000 25876252.00000000 4046.86987305   462246.37500000 367586.43750000 
0.15800    15809918.00000000 10257837.00000000 25455992.00000000 3933.10229492   450307.68750000 358030.62500000 
0.15900    15548093.00000000 10092132.00000000 25039214.00000000 3822.50366211   438586.43750000 348644.03125000 
0.16000    15288529.00000000 9927740.00000000 24625994.00000000 3715.03417969   427077.68750000 339426.90625000 
0.16100    15031576.00000000 9764798.00000000 24216670.00000000 3610.64111328   415791.00000000 330384.18750000 
0.16200    14776971.00000000 9603214.00000000 23811180.00000000 3509.32226562   404722.12500000 321509.93750000 
0.16300    14525112.00000000 9443107.00000000 23409290.00000000 3411.00805664   393867.28125000 312813.93750000 
0.16400    14275791.00000000 9284511.00000000 23011672.00000000 3315.65332031   383241.43750000 304294.81250000 
0.16500    14029132.00000000 9127595.00000000 22617982.00000000 3223.25878906   372831.90625000 295947.71875000 
0.16600    13785313.00000000 8972177.00000000 22228746.00000000 3133.73535156   362648.09375000 287777.59375000 
0.16700    13544301.00000000 8818422.00000000 21843590.00000000 3047.00561523   352679.50000000 279784.84375000 
0.16800    13305950.00000000 8666309.00000000 21462888.00000000 2963.05737305   342936.31250000 271963.75000000 
0.16900    13070737.00000000 8515888.00000000 21086800.00000000 2881.84375000   333411.75000000 264323.56250000 
0.17000    12838446.00000000 8367190.00000000 20715010.00000000 2803.25390625   324111.53125000 256856.68750000 
0.17100    12609083.00000000 8220451.50000000 20348082.00000000 2727.24243164   315024.15625000 249565.65625000 
0.17200    12382845.00000000 8075400.00000000 19985662.00000000 2653.74096680   306156.03125000 242445.79687500 
0.17300    12159599.00000000 7932191.00000000 19628220.00000000 2582.71972656   297504.09375000 235498.60937500 
0.17400    11939573.00000000 7790949.00000000 19275612.00000000 2514.06347656   289064.00000000 228723.26562500 
0.17500    11722709.00000000 7651506.00000000 18927876.00000000 2447.70263672   280834.37500000 222116.87500000 
0.17600    11508886.00000000 7514000.50000000 18584956.00000000 2383.57666016   272812.93750000 215675.98437500 
0.17700    11298359.00000000 7378426.00000000 18247154.00000000 2321.63012695   264996.34375000 209402.71875000 
0.17800    11090899.00000000 7244781.50000000 17914276.00000000 2261.75854492   257381.95312500 203290.04687500 
0.17900    10886795.00000000 7113183.50000000 17586338.00000000 2203.91479492   249970.20312500 197338.17187500 
0.18000    10685935.00000000 6983500.00000000 17263714.00000000 2148.03784180   242752.45312500 191544.68750000 
0.18100    10488363.00000000 6855932.50000000 16946270.00000000 2094.07885742   235732.06250000 185907.93750000 
0.18200    10293886.00000000 6730240.00000000 16633636.00000000 2041.87426758   228893.59375000 180422.32812500 
0.18300    10102747.00000000 6606586.00000000 16326127.00000000 1991.43225098   222243.48437500 175084.85937500 
0.18400    9914802.00000000 6484919.50000000 16023901.00000000 1942.67248535   215776.64062500 169896.31250000 
0.18500    9730171.00000000 6365357.00000000 15726871.00000000 1895.53417969   209487.46875000 164852.28125000 
0.18600    9548700.00000000 6247698.00000000 15434635.00000000 1849.93310547   203373.06250000 159946.14062500 
0.18700    9370486.00000000 6132119.00000000 15147600.00000000 1805.84704590   197426.31250000 155177.70312500 
0.18800    9195440.00000000 6018535.00000000 14865608.00000000 1763.15942383   191643.87500000 150542.15625000 
0.18900    9023636.00000000 5906905.50000000 14588829.00000000 1721.88610840   186027.00000000 146041.15625000 
0.19000    8854783.00000000 5797234.00000000 14316796.00000000 1681.88305664   180564.10937500 141662.20312500 
0.19100    8689336.00000000 5689638.00000000 14049977.00000000 1643.19946289   175258.87500000 137413.42187500 
0.19200    8526739.00000000 5583928.50000000 13787887.00000000 1605.67358398   170098.42187500 133280.15625000 
0.19300    8367415.00000000 5480232.50000000 13530855.00000000 1569.39465332   165087.85937500 129269.29687500 
0.19400    8211015.50000000 5378423.00000000 13278566.00000000 1534.17492676   160214.90625000 125367.57812500 
0.19500    8057626.50000000 5278481.50000000 13031064.00000000 1500.06066895   155479.76562500 121578.00000000 
0.19600    7907241.00000000 5180456.00000000 12788309.00000000 1466.97558594   150875.76562500 117897.59375000 
0.19700    7759804.00000000 5084331.00000000 12550246.00000000 1434.90466309   146404.85937500 114321.26562500 
0.19800    7615183.00000000 4990022.00000000 12316848.00000000 1403.79443359   142054.93750000 110844.25781250 
0.19900    7473492.50000000 4897566.50000000 12088054.00000000 1373.63500977   137829.46875000 107468.17968750 
0.20000    7334543.00000000 4806857.50000000 11863615.00000000 1344.35119629   133719.60937500 104184.15625000 
0.20100    7198411.50000000 4717978.00000000 11643675.00000000 1315.96337891   129725.11718750 100994.66406250 
0.20200    7064956.50000000 4630794.00000000 11428052.00000000 1288.41235352   125839.79687500 97892.00781250  
0.20300    6934193.50000000 4545387.00000000 11216758.00000000 1261.69543457   122063.46875000 94877.09375000  
0.20400    6806063.50000000 4461641.50000000 11009629.00000000 1235.79833984   118388.50781250 91945.52343750  
0.20500    6680432.50000000 4379553.50000000 10806702.00000000 1210.68090820   114815.07031250 89094.83593750  
0.20600    6557426.00000000 4299109.00000000 10607805.00000000 1186.31127930   111338.50000000 86320.89062500  
0.20700    6436855.50000000 4220234.50000000 10412915.00000000 1162.70996094   107956.75781250 83623.97656250  
0.20800    6318740.50000000 4142931.25000000 10221857.00000000 1139.83410645   104665.04687500 80997.92968750  
0.20900    6203040.50000000 4067286.50000000 10034810.00000000 1117.72888184   101466.17187500 78448.87500000  
0.21000    6089630.50000000 3993056.00000000 9851403.00000000 1096.29016113   98349.15625000  75963.41406250  
0.21100    5978534.50000000 3920323.75000000 9671716.00000000 1075.56347656   95316.69531250  73545.94531250  
0.21200    5869682.50000000 3849051.25000000 9495502.00000000 1055.52734375   92363.13281250  71192.49218750  
0.21300    5762918.00000000 3779159.50000000 9323029.00000000 1036.17480469   89489.40625000  68900.51562500  
0.21400    5658433.50000000 3710695.00000000 9153798.00000000 1017.49566650   86692.04687500  66669.77343750  
0.21500    5556023.00000000 3643605.50000000 8988165.00000000 999.51763916    83970.79687500  64499.82421875  
0.21600    5455617.00000000 3577827.25000000 8825621.00000000 982.17669678    81317.79687500  62384.38671875  
0.21700    5357209.50000000 3513346.25000000 8666391.00000000 965.49890137    78736.82812500  60325.15234375  
0.21800    5260796.00000000 3450116.25000000 8510329.00000000 949.47937012    76223.12500000  58319.42578125  
0.21900    5166268.50000000 3388134.75000000 8357297.00000000 934.08325195    73774.15625000  56364.33593750  
0.22000    5073561.50000000 3327358.75000000 8207184.00000000 919.34387207    71390.50781250  54461.14453125  
0.22100    4982791.50000000 3267789.00000000 8060183.50000000 905.25445557    69071.74218750  52608.83593750  
0.22200    4893727.00000000 3209362.75000000 7916022.50000000 891.79266357    66813.03125000  50803.51171875  
0.22300    4806355.00000000 3152051.00000000 7774519.50000000 878.93988037    64613.51171875  49044.92578125  
0.22400    4720756.50000000 3095825.00000000 7635723.50000000 866.71154785    62472.00390625  47331.22265625  
0.22500    4636805.00000000 3040670.25000000 7499773.00000000 855.13934326    60389.79687500  45664.63671875  
0.22600    4554430.50000000 2986571.75000000 7366232.50000000 844.13427734    58360.92968750  44038.64062500  
0.22700    4473652.50000000 2933529.25000000 7235308.00000000 833.76397705    56389.36328125  42457.63281250  
0.22800    4394396.50000000 2881423.75000000 7106830.00000000 823.96862793    54469.19531250  40917.31640625  
0.22900    4316598.00000000 2830266.25000000 6980716.00000000 814.75769043    52600.20703125  39416.51953125  
0.23000    4240301.50000000 2780093.00000000 6856985.50000000 806.14447021    50784.22656250  37957.35156250  
0.23100    4165440.50000000 2730839.50000000 6735533.00000000 798.10333252    49018.63281250  36536.28906250  
0.23200    4091911.75000000 2682456.00000000 6616281.50000000 790.60949707    47300.67578125  35153.17968750  
0.23300    4019801.25000000 2634949.25000000 6499177.50000000 783.66589355    45630.64453125  33807.90234375  
0.23400    3948969.75000000 2588302.75000000 6384270.50000000 777.28082275    44009.80078125  32499.25390625  
0.23500    3879390.75000000 2542446.50000000 6271303.50000000 771.39685059    42432.20703125  31224.72656250  
0.23600    3811119.25000000 2497422.00000000 6160431.50000000 766.05419922    40901.26562500  29986.93945312  
0.23700    3744039.75000000 2453182.25000000 6051485.00000000 761.20849609    39414.76171875  28783.96679688  
0.23800    3678190.50000000 2409729.50000000 5944454.50000000 756.85864258    37972.25781250  27615.03125000  
0.23900    3613454.25000000 2367003.25000000 5839260.50000000 752.97125244    36571.01171875  26478.05664062  
0.24000    3549864.25000000 2324989.75000000 5735942.00000000 749.55596924    35211.86718750  25374.08789062  
0.24100    3487467.50000000 2283735.75000000 5634385.50000000 746.60577393    33895.90234375  24303.66601562  
0.24200    3426076.75000000 2243149.00000000 5534568.50000000 744.07177734    32618.84375000  23263.80664062  
0.24300    3365771.25000000 2203255.50000000 5436424.00000000 741.94641113    31380.78320312  22254.46289062  
0.24400    3306488.50000000 2164000.00000000 5339983.00000000 740.22259521    30181.28906250  21275.49414062  
0.24500    3248172.75000000 2125399.25000000 5245070.00000000 738.88098145    29019.48242188  20326.20507812  
0.24600    3190890.00000000 2087427.37500000 5151805.50000000 737.90582275    27895.15820312  19406.11718750  
0.24700    3134554.75000000 2050096.12500000 5060052.00000000 737.28021240    26806.85546875  18514.84570312  
0.24800    3079150.00000000 2013358.50000000 4969792.50000000 736.98083496    25754.21875000  17651.66210938  
0.24900    3024664.75000000 1977200.00000000 4880981.00000000 736.98571777    24735.35546875  16815.22656250  
0.25000    2971091.00000000 1941628.12500000 4793629.50000000 737.28521729    23750.92578125  16006.18945312  
0.25100    2918360.75000000 1906582.12500000 4707662.50000000 737.85119629    22798.67578125  15223.12304688  
0.25200    2866532.25000000 1872151.25000000 4623148.50000000 738.69665527    21880.94335938  14467.13867188  
0.25300    2815535.75000000 1838242.50000000 4539940.50000000 739.75964355    20993.34960938  13735.60253906  
0.25400    2765346.75000000 1804855.37500000 4458041.50000000 741.05206299    20137.14453125  13028.87500000  
0.25500    2715934.25000000 1771986.37500000 4377442.00000000 742.53601074    19310.14648438  12346.42187500  
0.25600    2667342.75000000 1739629.87500000 4298120.50000000 744.19744873    18513.18164062  11687.45019531  
0.25700    2619516.25000000 1707780.37500000 4220023.50000000 746.02600098    17744.34960938  11051.48144531  
0.25800    2572444.75000000 1676413.62500000 4143130.25000000 748.00805664    17003.50390625  10438.63281250  
0.25900    2526115.75000000 1645541.75000000 4067503.25000000 750.11938477    16289.42675781  9847.53027344   
0.26000    2480499.75000000 1615139.37500000 3993002.25000000 752.35357666    15602.18750000  9278.45117188   
0.26100    2435588.75000000 1585184.75000000 3919603.50000000 754.66760254    14939.52636719  8729.34179688   
0.26200    2391386.25000000 1555718.37500000 3847420.75000000 757.08514404    14303.62695312  8202.31347656   
0.26300    2347854.50000000 1526677.00000000 3776299.50000000 759.54022217    13689.96875000  7693.37060547   
0.26400    2305024.00000000 1498083.75000000 3706286.00000000 762.05712891    13100.66796875  7205.15136719   
0.26500    2262851.25000000 1469932.37500000 3637349.25000000 764.61730957    12534.67382812  6735.89501953   
0.26600    2221295.00000000 1442198.12500000 3569455.50000000 767.20141602    11990.06835938  6284.70605469   
0.26700    2180420.00000000 1414913.87500000 3502612.25000000 769.79138184    11467.60253906  5852.17578125   
0.26800    2140168.50000000 1388035.75000000 3436849.25000000 772.38500977    10966.60644531  5437.21582031   
0.26900    2100498.25000000 1361560.12500000 3372010.25000000 774.96307373    10484.76074219  5038.46679688   
0.27000    2061474.25000000 1335513.12500000 3308220.00000000 777.51422119    10023.21386719  4656.95849609   
0.27100    2023025.00000000 1309843.00000000 3245395.75000000 780.02661133    9580.25878906   4291.54003906   
0.27200    1985228.62500000 1284606.12500000 3183626.75000000 782.52209473    9158.06738281   3942.80590820   
0.27300    1947970.00000000 1259729.75000000 3122723.75000000 784.94177246    8751.54394531   3607.97485352   
0.27400    1911239.37500000 1235217.50000000 3062700.00000000 787.27630615    8361.21484375   3286.82495117   
0.27500    1875155.62500000 1211140.62500000 3003770.25000000 789.57629395    7990.63916016   2982.74096680   
0.27600    1839564.00000000 1187395.87500000 2945622.75000000 791.76873779    7633.66259766   2690.15087891   
0.27700    1804571.00000000 1164067.25000000 2888462.50000000 793.90905762    7295.03027344   2413.34667969   
0.27800    1770113.62500000 1141074.37500000 2832177.75000000 795.94555664    6970.15820312   2148.05981445   
0.27900    1736210.12500000 1118462.25000000 2776809.00000000 797.88897705    6660.98974609   1896.63171387   
0.28000    1702828.62500000 1096210.87500000 2722310.25000000 799.73937988    6365.78662109   1657.18334961   
0.28100    1669956.00000000 1074326.62500000 2668689.00000000 801.47985840    6084.77001953   1429.79333496   
0.28200    1637650.12500000 1052790.00000000 2615938.25000000 803.12982178    5817.89892578   1214.79846191   
0.28300    1605855.25000000 1031610.75000000 2564038.50000000 804.66467285    5564.15576172   1010.97143555   
0.28400    1574549.50000000 1010773.68750000 2512971.75000000 806.09246826    5322.61230469   817.81500244    
0.28500    1543764.50000000 990306.43750000 2462782.75000000 807.41314697    5094.93994141   636.07458496    
0.28600    1513482.00000000 970162.37500000 2413397.75000000 808.61779785    4877.99267578   464.08056641    
0.28700    1483699.75000000 950356.81250000 2364844.00000000 809.71527100    4673.60498047   302.59368896    
0.28800    1454413.62500000 930890.06250000 2317095.75000000 810.69555664    4480.34521484   150.80125427    
0.28900    1425649.12500000 911783.37500000 2270220.75000000 811.57879639    4299.15576172   9.25463676      
0.29000    1397320.62500000 892980.93750000 2224078.75000000 812.33807373    4127.95800781   -123.75678253   
0.29100    1369534.50000000 874528.31250000 2178811.25000000 812.99920654    3968.70336914   -246.60636902   
0.29200    1342177.12500000 856386.75000000 2134271.25000000 813.55322266    3819.06201172   -361.19723511   
0.29300    1315338.75000000 838590.87500000 2090568.87500000 814.01470947    3680.51293945   -466.39453125   
0.29400    1288925.75000000 821090.12500000 2047598.50000000 814.35687256    3550.08789062   -564.59503174   
0.29500    1263034.62500000 803930.62500000 2005471.12500000 814.61566162    3431.54467773   -653.23059082   
0.29600    1237584.00000000 787077.25000000 1964032.37500000 814.76489258    3321.24560547   -734.54669189   
0.29700    1212578.75000000 770523.12500000 1923378.00000000 814.83312988    3219.80957031   -808.38598633   
0.29800    1188059.62500000 754302.06250000 1883517.25000000 814.81207275    3128.29980469   -874.12542725   
0.29900    1163995.75000000 738386.18750000 1844395.00000000 814.70611572    3046.54638672   -931.91943359   
0.30000    1140363.50000000 722767.62500000 1805974.12500000 814.51660156    2971.89355469   -983.65112305   
0.30100    1117225.12500000 707463.81250000 1768348.25000000 814.25354004    2907.15429688   -1027.11877441  
0.30200    1094481.37500000 692432.43750000 1731406.50000000 813.91577148    2849.61718750   -1064.85839844  
0.30300    1072213.62500000 677727.56250000 1695210.37500000 813.50695801    2801.40820312   -1095.08129883  
0.30400    1050386.25000000 663311.62500000 1659756.50000000 813.04071045    2761.55957031   -1118.50524902  
0.30500    1028966.06250000 649170.18750000 1624965.37500000 812.49914551    2728.32592773   -1136.52160645  
0.30600    1007978.06250000 635319.25000000 1590874.75000000 811.91033936    2702.95190430   -1147.94482422  
0.30700    987451.56250000 621776.31250000 1557540.25000000 811.27526855    2686.63330078   -1152.29748535  
0.30800    967324.93750000 608489.43750000 1524840.00000000 810.57366943    2676.77783203   -1151.65759277  
0.30900    947636.43750000 595502.25000000 1492867.62500000 809.84997559    2675.12792969   -1144.36059570  
0.31000    928356.87500000 582784.12500000 1461569.25000000 809.07623291    2680.31201172   -1131.74523926  
0.31100    909488.00000000 570330.43750000 1430908.00000000 808.26690674    2692.40087891   -1113.57263184  
0.31200    891028.31250000 558155.43750000 1400925.62500000 807.42999268    2711.87353516   -1089.74279785  
0.31300    872979.37500000 546245.37500000 1371595.87500000 806.55657959    2737.91357422   -1060.51879883  
0.31400    855349.56250000 534611.31250000 1342960.37500000 805.66253662    2771.48168945   -1025.82861328  
0.31500    838090.31250000 523218.06250000 1314915.87500000 804.75219727    2811.00585938   -986.43560791   
0.31600    821238.75000000 512093.81250000 1287526.37500000 803.82165527    2857.37500000   -941.44396973   
0.31700    804783.25000000 501228.81250000 1260771.75000000 802.88269043    2910.43603516   -891.28381348   
0.31800    788699.12500000 490601.65625000 1234619.00000000 801.91583252    2968.67602539   -837.53063965   
0.31900    773004.06250000 480238.96875000 1209111.75000000 800.96051025    3034.71948242   -777.51843262   
0.32000    757701.31250000 470116.56250000 1184200.50000000 799.98712158    3105.99804688   -713.48822021   
0.32100    742745.06250000 460224.87500000 1159871.00000000 799.01300049    3183.20849609   -645.00140381   
0.32200    728191.37500000 450588.78125000 1136173.50000000 798.04968262    3267.04199219   -571.45007324   
0.32300    713953.37500000 441163.00000000 1112979.87500000 797.07556152    3355.41992188   -494.50482178   
0.32400    700094.81250000 431978.03125000 1090393.37500000 796.10308838    3449.67773438   -412.97131348   
0.32500    686580.56250000 423021.78125000 1068375.75000000 795.14123535    3549.29199219   -327.38159180   
0.32600    673425.93750000 414292.12500000 1046921.37500000 794.18218994    3654.42993164   -237.59770203   
0.32700    660619.06250000 405783.96875000 1026021.12500000 793.23321533    3764.96191406   -143.65000916   
0.32800    648163.75000000 397501.21875000 1005687.56250000 792.30877686    3881.05639648   -45.47956848    
0.32900    636022.87500000 389421.12500000 985837.43750000 791.37475586    4001.22729492   55.81524658     
0.33000    624225.87500000 381563.65625000 966555.68750000 790.46911621    4127.22607422   161.34840393    
0.33100    612715.43750000 373884.21875000 947717.31250000 789.55590820    4256.41406250   269.43859863    
0.33200    601580.62500000 366451.53125000 929494.43750000 788.67303467    4392.30419922   382.93490601    
0.33300    590732.93750000 359194.25000000 911711.75000000 787.79492188    4531.49511719   498.64788818    
0.33400    580212.43750000 352146.71875000 894455.43750000 786.94580078    4675.58154297   618.34588623    
0.33500    569976.62500000 345288.25000000 877653.87500000 786.09204102    4823.59716797   740.78845215    
0.33600    560042.00000000 338618.09375000 861336.00000000 785.25286865    4975.59912109   866.42175293    
0.33700    550403.43750000 332130.40625000 845487.68750000 784.42828369    5131.44335938   995.18414307    
0.33800    541071.12500000 325845.37500000 830125.62500000 783.62011719    5291.88330078   1127.40527344   
0.33900    532000.25000000 319718.43750000 815170.68750000 782.81152344    5455.17724609   1261.61645508   
0.34000    523216.43750000 313785.06250000 800679.93750000 782.01196289    5622.29296875   1399.19836426   
0.34100    514710.09375000 308018.06250000 786625.31250000 781.22955322    5792.99511719   1539.46350098   
0.34200    506507.93750000 302449.90625000 773058.43750000 780.46417236    5967.85253906   1683.04846191   
0.34300    498521.00000000 297018.21875000 759837.75000000 779.68243408    6144.72509766   1828.26989746   
0.34400    490844.93750000 291782.71875000 747106.25000000 778.92431641    6326.25488281   1976.96069336   
0.34500    483399.00000000 286691.31250000 734742.56250000 778.15759277    6509.61572266   2127.23828125   
0.34600    476240.53125000 281785.25000000 722835.50000000 777.40307617    6697.11572266   2281.00976562   
0.34700    469278.87500000 277001.34375000 711244.81250000 776.63635254    6885.86279297   2435.61938477   
0.34800    462590.06250000 272395.37500000 700092.62500000 775.87622070    7077.54736328   2592.83984375   
0.34900    456142.53125000 267941.78125000 689310.00000000 775.10699463    7272.40039062   2752.32177734   
0.35000    449922.12500000 263633.25000000 678893.43750000 774.31964111    7468.59619141   2913.27270508   
0.35100    443954.50000000 259490.07812500 668902.68750000 773.54089355    7668.45556641   3077.09594727   
0.35200    438170.78125000 255456.70312500 659182.37500000 772.73822021    7868.66308594   3241.28002930   
0.35300    432622.53125000 251577.85937500 649850.12500000 771.91851807    8071.04736328   3407.48242188   
0.35400    427311.56250000 247850.17187500 640893.43750000 771.08776855    8275.71484375   3575.50708008   
0.35500    422207.81250000 244251.39062500 632260.81250000 770.23663330    8481.81835938   3744.80932617   
0.35600    417293.12500000 240780.15625000 623940.56250000 769.35424805    8688.99609375   3915.12500000   
0.35700    412593.59375000 237441.00000000 615958.68750000 768.46105957    8897.65820312   4086.73217773   
0.35800    408104.59375000 234240.14062500 608320.62500000 767.52886963    9107.55957031   4259.73925781   
0.35900    403808.96875000 231160.14062500 600990.18750000 766.57183838    9318.68261719   4433.44970703   
0.36000    399720.93750000 228219.56250000 593997.93750000 765.58471680    9530.95410156   4608.67724609   
0.36100    395793.50000000 225378.39062500 587252.00000000 764.54986572    9743.07714844   4783.60839844   
0.36200    392099.78125000 222691.43750000 580893.93750000 763.50366211    9957.19531250   4960.62402344   
0.36300    388536.15625000 220084.54687500 574738.87500000 762.38885498    10170.01269531  5136.63085938   
0.36400    385156.50000000 217597.62500000 568881.75000000 761.23175049    10383.22949219  5313.14746094   
0.36500    381948.09375000 215222.00000000 563297.62500000 760.03228760    10596.35644531  5489.92333984   
0.36600    378933.50000000 212973.28125000 558033.87500000 758.80175781    10810.42773438  5667.64160156   
0.36700    376056.40625000 210811.53125000 552987.06250000 757.49487305    11022.84472656  5844.14794922   
0.36800    373385.71875000 208785.35937500 548277.37500000 756.15277100    11236.61914062  6021.91845703   
0.36900    370859.09375000 206848.28125000 543792.06250000 754.76153564    11449.21289062  6199.18017578   
0.37000    368446.96875000 204991.00000000 539500.25000000 753.28082275    11659.37695312  6374.57812500   
0.37100    366194.62500000 203238.14062500 535467.68750000 751.75164795    11869.13671875  6549.85693359   
0.37200    364122.75000000 201601.09375000 531726.06250000 750.17327881    12078.59179688  6725.15771484   
0.37300    362165.37500000 200039.00000000 528171.18750000 748.51519775    12285.84863281  6899.02734375   
0.37400    360360.68750000 198582.78125000 524867.18750000 746.81292725    12492.53417969  7072.52832031   
0.37500    358691.00000000 197209.26562500 521782.68750000 745.03607178    12697.58789062  7244.97021484   
0.37600    357160.68750000 195927.09375000 518919.43750000 743.18554688    12900.22753906  7415.81103516   
0.37700    355736.00000000 194717.06250000 516236.71875000 741.26165771    13100.52343750  7584.87255859   
0.37800    354448.00000000 193595.82812500 513767.15625000 739.26593018    13299.13183594  7752.79589844   
0.37900    353298.56250000 192566.46875000 511538.93750000 737.20764160    13495.98730469  7919.65771484   
0.38000    352243.06250000 191601.40625000 509452.28125000 735.06628418    13689.36718750  8083.98876953   
0.38100    351283.31250000 190699.85937500 507537.71875000 732.84649658    13879.72167969  8245.99316406   
0.38200    350458.37500000 189886.03125000 505833.00000000 730.55816650    14067.90625000  8406.56542969   
0.38300    349712.59375000 189127.65625000 504264.56250000 728.18963623    14252.33593750  8564.34863281   
0.38400    349100.56250000 188455.79687500 502914.12500000 725.74127197    14434.29589844  8720.48437500   
0.38500    348551.12500000 187828.53125000 501660.43750000 723.21203613    14612.05664062  8873.41796875   
0.38600    348130.28125000 187286.73437500 500620.68750000 720.62121582    14787.55468750  9024.43847656   
0.38700    347757.93750000 186780.85937500 499674.43750000 717.94226074    14957.79101562  9171.75781250   
0.38800    347478.00000000 186338.32812500 498882.03125000 715.17871094    15124.56640625  9316.55957031   
0.38900    347278.71875000 185948.18750000 498209.59375000 712.34997559    15287.02246094  9458.24609375   
0.39000    347179.81250000 185628.28125000 497719.18750000 709.44104004    15446.50292969  9597.56835938   
0.39100    347131.81250000 185342.79687500 497305.93750000 706.45751953    15601.01855469  9733.04687500   
0.39200    347161.90625000 185110.34375000 497026.65625000 703.40362549    15751.32226562  9865.46582031   
0.39300    347245.25000000 184915.39062500 496831.46875000 700.27026367    15896.44726562  9994.09179688   
0.39400    347422.00000000 184785.04687500 496804.06250000 697.06726074    16038.12792969  10119.91601562  
0.39500    347611.87500000 184671.07812500 496803.71875000 693.78137207    16173.80273438  10241.26074219  
0.39600    347869.78125000 184598.64062500 496907.71875000 690.42858887    16304.85742188  10358.85742188  
0.39700    348164.81250000 184559.76562500 497085.68750000 687.00604248    16430.69726562  10472.89648438  
0.39800    348530.62500000 184565.39062500 497376.34375000 683.51702881    16552.25195312  10583.35449219  
0.39900    348914.59375000 184591.04687500 497703.87500000 679.95739746    16667.82421875  10689.33886719  
0.40000    349338.90625000 184644.71875000 498111.53125000 676.34039307    16778.54101562  10791.59570312  
0.40100    349790.93750000 184721.32812500 498563.46875000 672.65252686    16883.11328125  10889.38476562  
0.40200    350290.53125000 184834.07812500 499095.43750000 668.90863037    16983.15820312  10983.39843750  
0.40300    350787.46875000 184950.26562500 499635.71875000 665.09948730    17076.86914062  11072.51074219  
0.40400    351322.03125000 185095.56250000 500244.46875000 661.23547363    17165.61328125  11158.18554688  
0.40500    351875.46875000 185254.37500000 500883.09375000 657.31793213    17248.58203125  11239.10058594  
0.40600    352452.93750000 185437.68750000 501570.31250000 653.35400391    17326.66796875  11316.26269531  
0.40700    353033.18750000 185624.59375000 502267.25000000 649.33862305    17398.52929688  11388.71875000  
0.40800    353616.62500000 185818.82812500 502975.56250000 645.27124023    17464.47265625  11456.56835938  
0.40900    354199.18750000 186019.60937500 503693.06250000 641.15338135    17524.97265625  11520.12402344  
0.41000    354804.93750000 186239.82812500 504458.90625000 637.00628662    17580.33203125  11579.96093750  
0.41100    355393.96875000 186455.09375000 505195.56250000 632.81787109    17629.37109375  11634.76171875  
0.41200    355966.71875000 186666.85937500 505919.56250000 628.57855225    17672.46679688  11684.99316406  
0.41300    356552.90625000 186890.18750000 506675.43750000 624.31719971    17710.82617188  11731.51855469  
0.41400    357114.68750000 187100.71875000 507388.34375000 620.01654053    17742.88085938  11773.28808594  
0.41500    357677.21875000 187323.35937500 508119.78125000 615.69323730    17770.08007812  11811.25683594  
0.41600    358194.37500000 187517.00000000 508776.56250000 611.33410645    17790.75195312  11843.97851562  
0.41700    358719.31250000 187728.57812500 509464.71875000 606.96728516    17807.03515625  11873.44824219  
0.41800    359244.09375000 187941.40625000 510156.28125000 602.58142090    17818.57812500  11899.34375000  
0.41900    359686.25000000 188105.26562500 510718.06250000 598.15539551    17822.33398438  11919.18164062  
0.42000    360143.96875000 188288.78125000 511313.21875000 593.73089600    17822.69140625  11936.35937500  
0.42100    360581.53125000 188463.39062500 511883.96875000 589.29559326    17818.10742188  11949.54785156  
0.42200    360985.43750000 188620.31250000 512410.43750000 584.85571289    17808.41796875  11958.91308594  
0.42300    361340.62500000 188753.51562500 512860.71875000 580.39392090    17792.99414062  11963.89160156  
0.42400    361670.59375000 188879.79687500 513291.71875000 575.93475342    17773.08398438  11965.26464844  
0.42500    361976.18750000 188990.85937500 513670.65625000 571.47760010    17748.59960938  11963.05957031  
0.42600    362225.03125000 189073.98437500 513980.50000000 567.00671387    17718.97070312  11957.04785156  
0.42700    362467.21875000 189159.54687500 514286.93750000 562.56341553    17685.93359375  11948.21386719  
0.42800    362655.84375000 189215.01562500 514505.71875000 558.11346436    17647.65234375  11935.37109375  
0.42900    362828.34375000 189267.76562500 514716.62500000 553.68731689    17606.12500000  11920.07714844  
0.43000    362949.37500000 189292.07812500 514845.78125000 549.26562500    17560.02734375  11901.22363281  
0.43100    363005.75000000 189281.23437500 514876.96875000 544.84332275    17508.92773438  11878.52343750  
0.43200    363060.18750000 189274.10937500 514909.68750000 540.45886230    17455.58789062  11854.05468750  
0.43300    363052.71875000 189233.81250000 514855.81250000 536.08355713    17397.71289062  11826.00488281  
0.43400    363017.84375000 189179.32812500 514763.43750000 531.72692871    17336.55078125  11795.38378906  
0.43500    362926.15625000 189097.50000000 514582.65625000 527.39660645    17271.73046875  11762.06445312  
0.43600    362833.87500000 189016.78125000 514410.18750000 523.11077881    17205.00195312  11727.24511719  
0.43700    362664.68750000 188894.90625000 514120.65625000 518.83502197    17134.15820312  11689.15722656  
0.43800    362451.12500000 188748.28125000 513765.18750000 514.58593750    17060.11328125  11648.67089844  
0.43900    362215.84375000 188594.23437500 513384.00000000 510.37719727    16983.84765625  11606.55957031  
0.44000    361940.09375000 188420.23437500 512946.56250000 506.20281982    16905.13085938  11562.39941406  
0.44100    361629.93750000 188225.35937500 512452.65625000 502.06826782    16823.79882812  11516.20019531  
0.44200    361284.15625000 188013.53125000 511907.37500000 497.95999146    16740.38085938  11468.46386719  
0.44300    360902.03125000 187782.89062500 511305.00000000 493.90597534    16654.68945312  11419.00781250  
0.44400    360487.56250000 187538.96875000 510664.43750000 489.89410400    16567.39257812  11368.42871094  
0.44500    360003.34375000 187250.81250000 509909.65625000 485.90509033    16476.97460938  11315.36328125  
0.44600    359503.78125000 186956.73437500 509140.71875000 481.96984863    16385.51367188  11261.32714844  
0.44700    358993.87500000 186660.78125000 508356.71875000 478.09039307    16293.01855469  11206.79492188  
0.44800    358422.62500000 186330.39062500 507475.12500000 474.24725342    16198.51855469  11150.67382812  
0.44900    357847.12500000 186001.32812500 506596.40625000 470.46420288    16103.34179688  11093.91308594  
0.45000    357248.40625000 185658.51562500 505679.75000000 466.73355103    16007.53515625  11036.79003906  
0.45100    356581.18750000 185280.53125000 504663.56250000 463.03903198    15909.28417969  10977.72363281  
0.45200    355921.12500000 184903.79687500 503655.40625000 459.40872192    15811.15917969  10918.75000000  
0.45300    355214.96875000 184503.79687500 502582.09375000 455.82907104    15711.75097656  10858.98437500  
0.45400    354498.93750000 184099.82812500 501487.78125000 452.30233765    15612.11816406  10798.95214844  
0.45500    353761.93750000 183687.56250000 500369.90625000 448.83728027    15511.96191406  10738.61132812  
0.45600    352992.90625000 183253.54687500 499198.25000000 445.41860962    15410.96289062  10677.60937500  
0.45700    352214.25000000 182819.01562500 498029.25000000 442.06491089    15310.23632812  10616.90917969  
0.45800    351404.18750000 182365.54687500 496796.93750000 438.76928711    15209.04101562  10555.83886719  
0.45900    350581.96875000 181902.82812500 495548.81250000 435.52706909    15107.43359375  10494.48632812  
0.46000    349772.18750000 181453.15625000 494318.03125000 432.35644531    15007.27929688  10434.18457031  
0.46100    348896.46875000 180963.37500000 492990.06250000 429.23022461    14905.13671875  10372.68457031  
0.46200    348049.03125000 180496.09375000 491712.71875000 426.17309570    14804.82714844  10312.40039062  
0.46300    347176.78125000 180009.89062500 490390.78125000 423.17660522    14704.05371094  10251.87207031  
0.46400    346281.46875000 179511.40625000 489033.59375000 420.23361206    14603.58496094  10191.56250000  
0.46500    345402.25000000 179024.46875000 487700.68750000 417.36663818    14503.83007812  10132.03222656  
0.46600    344493.46875000 178522.67187500 486336.21875000 414.55145264    14404.21875000  10072.54003906  
0.46700    343570.71875000 178010.96875000 484936.21875000 411.79803467    14304.77734375  10013.10937500  
0.46800    342680.53125000 177520.35937500 483594.90625000 409.11013794    14207.09960938  9955.20800781   
0.46900    341749.56250000 177004.84375000 482182.06250000 406.48394775    14108.86328125  9896.91699219   
0.47000    340819.62500000 176491.62500000 480781.40625000 403.91516113    14011.44531250  9839.34765625   
0.47100    339901.37500000 175985.46875000 479389.37500000 401.41943359    13915.36425781  9782.61914062   
0.47200    338976.71875000 175476.48437500 477989.90625000 398.98083496    13819.65039062  9726.37890625   
0.47300    338060.37500000 174973.39062500 476611.21875000 396.60430908    13725.11230469  9671.17187500   
0.47400    337114.81250000 174451.17187500 475183.28125000 394.28060913    13630.34277344  9615.61621094   
0.47500    336190.18750000 173945.59375000 473784.12500000 392.03405762    13537.19531250  9561.61914062   
0.47600    335287.62500000 173452.15625000 472426.46875000 389.84664917    13445.65039062  9508.65625000   
0.47700    334339.34375000 172927.29687500 470991.03125000 387.70870972    13353.01757812  9454.99707031   
0.47800    333417.06250000 172424.84375000 469600.09375000 385.63592529    13262.46484375  9402.84472656   
0.47900    332516.81250000 171933.06250000 468245.96875000 383.63220215    13173.28710938  9351.90039062   
0.48000    331582.75000000 171423.45312500 466842.40625000 381.67755127    13083.72656250  9300.70410156   
0.48100    330704.31250000 170947.81250000 465521.87500000 379.79815674    12996.69628906  9251.44433594   
0.48200    329761.59375000 170433.15625000 464102.68750000 377.95370483    12908.34277344  9201.26757812   
0.48300    328850.53125000 169933.18750000 462728.18750000 376.18157959    12821.94726562  9152.42871094   
0.48400    327953.78125000 169447.98437500 461378.78125000 374.46316528    12736.64355469  9104.53515625   
0.48500    327050.18750000 168958.98437500 460026.81250000 372.80352783    12651.86230469  9057.13085938   
0.48600    326168.34375000 168483.28125000 458702.84375000 371.20681763    12568.50000000  9010.70117188   
0.48700    325274.53125000 168001.68750000 457364.75000000 369.65768433    12485.67773438  8964.62109375   
0.48800    324370.96875000 167510.04687500 456003.00000000 368.15725708    12402.74121094  8918.69433594   
0.48900    323482.56250000 167030.85937500 454670.78125000 366.71807861    12321.12011719  8873.57714844   
0.49000    322600.78125000 166558.73437500 453351.71875000 365.32968140    12240.78320312  8829.47070312   
0.49100    321736.46875000 166095.95312500 452062.56250000 364.00424194    12161.41894531  8786.14746094   
0.49200    320847.09375000 165617.67187500 450731.59375000 362.71786499    12082.01367188  8742.61816406   
0.49300    319970.00000000 165151.50000000 449424.06250000 361.48605347    12003.62792969  8700.00683594   
0.49400    319097.81250000 164685.28125000 448122.18750000 360.30389404    11925.88964844  8657.84375000   
0.49500    318215.68750000 164217.04687500 446812.90625000 359.17041016    11848.69921875  8615.99707031   
0.49600    317351.50000000 163761.12500000 445536.81250000 358.08773804    11772.79589844  8575.12988281   
0.49700    316468.28125000 163294.06250000 444223.62500000 357.04122925    11696.67480469  8533.99511719   
0.49800    315601.65625000 162835.06250000 442937.37500000 356.05172729    11621.90625000  8493.83984375   
0.49900    314713.00000000 162365.04687500 441617.68750000 355.09570312    11546.87011719  8453.40429688   
0.50000    313839.21875000 161907.95312500 440329.87500000 354.19229126    11473.03710938  8413.81054688   
