# SAXS profile: number of points = 501, q_min = 0, q_max = 0.5, delta_q = 0.001
#    q    intensity 
0.00000    162235584.00000000 101201888.00000000 256271184.00000000 102513.39062500 8156389.00000000 6441907.50000000 
0.00100    162199552.00000000 101179136.00000000 256212736.00000000 102482.34375000 8154203.00000000 6440193.00000000 
0.00200    162091184.00000000 101110088.00000000 256038176.00000000 102391.02343750 8147729.00000000 6435043.50000000 
0.00300    161908176.00000000 100996160.00000000 255747264.00000000 102239.33593750 8136822.50000000 6426505.00000000 
0.00400    161647888.00000000 100835824.00000000 255338512.00000000 102027.27343750 8121636.50000000 6414568.00000000 
0.00500    161313424.00000000 100630832.00000000 254816368.00000000 101755.16406250 8102180.50000000 6399263.00000000 
0.00600    160905808.00000000 100379504.00000000 254176368.00000000 101423.77343750 8078437.00000000 6380610.00000000 
0.00700    160427360.00000000 100084440.00000000 253425360.00000000 101034.35937500 8050510.50000000 6358662.00000000 
0.00800    159872320.00000000 99744792.00000000 252561680.00000000 100585.67968750 8018408.50000000 6333412.00000000 
0.00900    159250656.00000000 99363336.00000000 251585424.00000000 100081.18750000 7982208.00000000 6304924.00000000 
0.01000    158559088.00000000 98938224.00000000 250501376.00000000 99519.82031250  7941972.00000000 6273297.50000000 
0.01100    157800368.00000000 98470552.00000000 249308336.00000000 98903.93750000  7897731.00000000 6238527.00000000 
0.01200    156975664.00000000 97960480.00000000 248010192.00000000 98233.58593750  7849649.00000000 6200749.50000000 
0.01300    156080432.00000000 97409864.00000000 246605568.00000000 97510.99218750  7797735.50000000 6159925.00000000 
0.01400    155119760.00000000 96818872.00000000 245102400.00000000 96737.58593750  7742158.50000000 6116144.00000000 
0.01500    154097984.00000000 96189336.00000000 243496128.00000000 95914.03906250  7682860.00000000 6069582.00000000 
0.01600    153014608.00000000 95521744.00000000 241794880.00000000 95043.18750000  7620106.00000000 6020217.50000000 
0.01700    151871472.00000000 94817168.00000000 239999424.00000000 94125.28125000  7553961.50000000 5968193.50000000 
0.01800    150668000.00000000 94076088.00000000 238111520.00000000 93163.31250000  7484540.50000000 5913559.00000000 
0.01900    149408848.00000000 93300080.00000000 236133424.00000000 92158.04687500  7411840.00000000 5856430.50000000 
0.02000    148096320.00000000 92490344.00000000 234071040.00000000 91111.64062500  7336209.00000000 5796918.50000000 
0.02100    146728016.00000000 91648144.00000000 231924096.00000000 90026.44531250  7257652.50000000 5735117.50000000 
0.02200    145311536.00000000 90774232.00000000 229699360.00000000 88903.41406250  7176245.00000000 5671075.00000000 
0.02300    143845696.00000000 89870928.00000000 227398368.00000000 87746.13281250  7092203.00000000 5604964.50000000 
0.02400    142332784.00000000 88938008.00000000 225020816.00000000 86555.16406250  7005614.50000000 5536851.50000000 
0.02500    140776208.00000000 87977784.00000000 222575264.00000000 85333.07031250  6916682.00000000 5466864.00000000 
0.02600    139176912.00000000 86991168.00000000 220064592.00000000 84083.31250000  6825498.50000000 5395147.50000000 
0.02700    137539200.00000000 85980216.00000000 217490544.00000000 82806.18750000  6732268.00000000 5321757.50000000 
0.02800    135863296.00000000 84945296.00000000 214856672.00000000 81503.90625000  6637068.50000000 5246850.50000000 
0.02900    134151872.00000000 83888944.00000000 212168080.00000000 80180.40625000  6540081.50000000 5170493.00000000 
0.03000    132408352.00000000 82812152.00000000 209427728.00000000 78836.52343750  6441452.50000000 5092882.50000000 
0.03100    130634072.00000000 81716224.00000000 206638160.00000000 77474.37500000  6341333.50000000 5014075.50000000 
0.03200    128832024.00000000 80602944.00000000 203804656.00000000 76097.03125000  6239874.00000000 4934171.50000000 
0.03300    127004568.00000000 79473448.00000000 200932752.00000000 74705.46093750  6137197.50000000 4853349.50000000 
0.03400    125153768.00000000 78329912.00000000 198022112.00000000 73303.16406250  6033491.50000000 4771662.00000000 
0.03500    123282248.00000000 77171752.00000000 195077184.00000000 71891.83593750  5928892.00000000 4689340.50000000 
0.03600    121393128.00000000 76003216.00000000 192104816.00000000 70473.30468750  5823575.00000000 4606388.00000000 
0.03700    119487272.00000000 74824584.00000000 189108848.00000000 69050.03906250  5717591.00000000 4522951.00000000 
0.03800    117567680.00000000 73637952.00000000 186089920.00000000 67623.45312500  5611216.50000000 4439139.00000000 
0.03900    115637544.00000000 72442736.00000000 183051744.00000000 66196.34375000  5504526.50000000 4355072.50000000 
0.04000    113697720.00000000 71242032.00000000 179998224.00000000 64770.26953125  5397645.50000000 4270864.50000000 
0.04100    111752576.00000000 70036944.00000000 176935184.00000000 63347.27734375  5290708.00000000 4186620.25000000 
0.04200    109802552.00000000 68828088.00000000 173866960.00000000 61929.01562500  5183896.50000000 4102440.00000000 
0.04300    107850136.00000000 67617672.00000000 170791920.00000000 60517.41796875  5077311.50000000 4018427.75000000 
0.04400    105897592.00000000 66407788.00000000 167717552.00000000 59114.23437500  4971013.00000000 3934681.00000000 
0.04500    103947904.00000000 65198312.00000000 164646576.00000000 57721.51953125  4865251.00000000 3851291.00000000 
0.04600    102001624.00000000 63991460.00000000 161580288.00000000 56339.87109375  4760092.50000000 3768360.75000000 
0.04700    100062672.00000000 62787880.00000000 158526256.00000000 54972.01953125  4655612.50000000 3686008.75000000 
0.04800    98131824.00000000 61588828.00000000 155482768.00000000 53618.89843750  4551934.00000000 3604233.50000000 
0.04900    96210792.00000000 60396280.00000000 152454144.00000000 52281.39843750  4449208.00000000 3523204.75000000 
0.05000    94302208.00000000 59210200.00000000 149446032.00000000 50961.70703125  4347498.00000000 3442967.00000000 
0.05100    92407616.00000000 58032544.00000000 146457488.00000000 49660.15234375  4246879.00000000 3363591.00000000 
0.05200    90527432.00000000 56863976.00000000 143494048.00000000 48378.57421875  4147494.75000000 3285182.75000000 
0.05300    88664552.00000000 55705964.00000000 140555280.00000000 47117.79687500  4049400.00000000 3207769.50000000 
0.05400    86821656.00000000 54558780.00000000 137647616.00000000 45879.26562500  3952662.25000000 3131417.50000000 
0.05500    84997624.00000000 53423920.00000000 134770448.00000000 44662.87890625  3857389.50000000 3056205.75000000 
0.05600    83195496.00000000 52301924.00000000 131927160.00000000 43470.28125000  3763603.50000000 2982193.50000000 
0.05700    81417104.00000000 51194020.00000000 129119416.00000000 42301.95312500  3671430.50000000 2909404.75000000 
0.05800    79661592.00000000 50100340.00000000 126348352.00000000 41158.74218750  3580893.25000000 2837883.50000000 
0.05900    77932216.00000000 49022476.00000000 123617288.00000000 40040.75000000  3492045.50000000 2767709.25000000 
0.06000    76228800.00000000 47960268.00000000 120928064.00000000 38948.56640625  3404942.50000000 2698878.25000000 
0.06100    74553504.00000000 46915176.00000000 118280496.00000000 37882.66015625  3319600.50000000 2631462.25000000 
0.06200    72906248.00000000 45887712.00000000 115678488.00000000 36843.73828125  3236067.75000000 2565447.25000000 
0.06300    71288816.00000000 44877608.00000000 113122416.00000000 35831.51953125  3154426.75000000 2500941.50000000 
0.06400    69700904.00000000 43886156.00000000 110612208.00000000 34846.62890625  3074616.25000000 2437847.75000000 
0.06500    68143688.00000000 42913692.00000000 108151728.00000000 33888.61328125  2996722.00000000 2376261.75000000 
0.06600    66617708.00000000 41959972.00000000 105738760.00000000 32958.31250000  2920770.75000000 2316183.00000000 
0.06700    65123824.00000000 41026012.00000000 103376672.00000000 32054.33984375  2846684.75000000 2257616.25000000 
0.06800    63662536.00000000 40112236.00000000 101065096.00000000 31178.13671875  2774578.75000000 2200558.50000000 
0.06900    62233796.00000000 39218596.00000000 98805200.00000000 30328.62304688  2704393.50000000 2145046.75000000 
0.07000    60837832.00000000 38345332.00000000 96596672.00000000 29505.75976562  2636129.50000000 2091034.87500000 
0.07100    59475428.00000000 37492452.00000000 94441256.00000000 28709.46484375  2569812.50000000 2038539.00000000 
0.07200    58146332.00000000 36660300.00000000 92337648.00000000 27939.10742188  2505384.25000000 1987532.12500000 
0.07300    56851208.00000000 35848716.00000000 90287432.00000000 27194.70117188  2442873.00000000 1938042.12500000 
0.07400    55589316.00000000 35058140.00000000 88289312.00000000 26475.24023438  2382251.25000000 1890058.25000000 
0.07500    54360800.00000000 34288500.00000000 86344504.00000000 25780.55664062  2323488.00000000 1843511.00000000 
0.07600    53165876.00000000 33539446.00000000 84452704.00000000 25110.30664062  2266544.25000000 1798421.37500000 
0.07700    52004428.00000000 32811300.00000000 82613160.00000000 24463.69140625  2211448.75000000 1754757.75000000 
0.07800    50875984.00000000 32103668.00000000 80825880.00000000 23840.13671875  2158085.00000000 1712494.62500000 
0.07900    49780372.00000000 31416846.00000000 79091112.00000000 23239.17968750  2106493.50000000 1671606.87500000 
0.08000    48717396.00000000 30750010.00000000 77406248.00000000 22659.95703125  2056616.00000000 1632076.00000000 
0.08100    47686564.00000000 30103280.00000000 75773464.00000000 22102.08398438  2008402.37500000 1593860.25000000 
0.08200    46687220.00000000 29476414.00000000 74190688.00000000 21564.69531250  1961817.00000000 1556938.37500000 
0.08300    45719156.00000000 28869292.00000000 72657456.00000000 21047.13476562  1916813.62500000 1521252.37500000 
0.08400    44782300.00000000 28281290.00000000 71172560.00000000 20548.62890625  1873368.25000000 1486811.75000000 
0.08500    43875188.00000000 27712356.00000000 69735632.00000000 20068.67187500  1831435.00000000 1453547.75000000 
0.08600    42998308.00000000 27161930.00000000 68346272.00000000 19606.25000000  1790942.75000000 1421443.25000000 
0.08700    42150208.00000000 26630002.00000000 67002760.00000000 19160.75585938  1751849.75000000 1390437.75000000 
0.08800    41330284.00000000 26115732.00000000 65703888.00000000 18731.50976562  1714115.37500000 1360516.87500000 
0.08900    40538608.00000000 25619130.00000000 64449348.00000000 18317.66992188  1677702.00000000 1331619.37500000 
0.09000    39773824.00000000 25139680.00000000 63237888.00000000 17918.55273438  1642549.75000000 1303736.25000000 
0.09100    39034908.00000000 24676720.00000000 62068640.00000000 17533.56835938  1608617.00000000 1276823.37500000 
0.09200    38322284.00000000 24230056.00000000 60939828.00000000 17161.87304688  1575830.12500000 1250815.00000000 
0.09300    37634344.00000000 23799212.00000000 59850680.00000000 16802.86132812  1544162.75000000 1225702.62500000 
0.09400    36970020.00000000 23383820.00000000 58800032.00000000 16455.67578125  1513563.25000000 1201429.87500000 
0.09500    36329648.00000000 22982918.00000000 57786380.00000000 16119.84765625  1483977.87500000 1177946.87500000 
0.09600    35711560.00000000 22596684.00000000 56808640.00000000 15794.50195312  1455369.25000000 1155266.00000000 
0.09700    35115160.00000000 22224030.00000000 55866292.00000000 15479.39648438  1427680.37500000 1133290.00000000 
0.09800    34540408.00000000 21864938.00000000 54957204.00000000 15173.53222656  1400857.87500000 1112023.50000000 
0.09900    33985352.00000000 21518530.00000000 54080408.00000000 14876.58886719  1374874.75000000 1091418.75000000 
0.10000    33449832.00000000 21184992.00000000 53234492.00000000 14587.82128906  1349670.00000000 1071433.62500000 
0.10100    32932890.00000000 20863000.00000000 52418436.00000000 14306.83496094  1325202.50000000 1052035.75000000 
0.10200    32434044.00000000 20552700.00000000 51631060.00000000 14032.89843750  1301446.62500000 1033202.87500000 
0.10300    31952150.00000000 20253018.00000000 50870944.00000000 13765.79296875  1278356.37500000 1014894.81250000 
0.10400    31486768.00000000 19963926.00000000 50136984.00000000 13504.90917969  1255872.62500000 997075.68750000 
0.10500    31036728.00000000 19684876.00000000 49428348.00000000 13249.93457031  1233977.25000000 979727.81250000 
0.10600    30601582.00000000 19415384.00000000 48742780.00000000 13000.22265625  1212629.87500000 962812.12500000 
0.10700    30180624.00000000 19154868.00000000 48080440.00000000 12755.50390625  1191786.75000000 946302.43750000 
0.10800    29773076.00000000 18902954.00000000 47438924.00000000 12515.61914062  1171425.00000000 930177.43750000 
0.10900    29377950.00000000 18659166.00000000 46818356.00000000 12279.93261719  1151519.62500000 914410.56250000 
0.11000    28994862.00000000 18423180.00000000 46216652.00000000 12048.35742188  1132025.50000000 898976.62500000 
0.11100    28623268.00000000 18194562.00000000 45633188.00000000 11820.53710938  1112921.50000000 883854.25000000 
0.11200    28262224.00000000 17972554.00000000 45066924.00000000 11596.15722656  1094179.62500000 869022.75000000 
0.11300    27911376.00000000 17757116.00000000 44516400.00000000 11375.10937500  1075779.25000000 854460.50000000 
0.11400    27569806.00000000 17547846.00000000 43981908.00000000 11157.11132812  1057691.50000000 840154.06250000 
0.11500    27237050.00000000 17344192.00000000 43460588.00000000 10942.04492188  1039906.00000000 826078.87500000 
0.11600    26912770.00000000 17145892.00000000 42953296.00000000 10729.74218750  1022392.68750000 812229.75000000 
0.11700    26596054.00000000 16952594.00000000 42458092.00000000 10520.05859375  1005141.12500000 798579.43750000 
0.11800    26286604.00000000 16763776.00000000 41974372.00000000 10312.72558594  988118.62500000 785127.93750000 
0.11900    25983978.00000000 16579297.00000000 41501404.00000000 10107.85937500  971328.00000000 771843.62500000 
0.12000    25687394.00000000 16398716.00000000 41038316.00000000 9905.22753906   954749.25000000 758738.31250000 
0.12100    25396698.00000000 16221949.00000000 40584876.00000000 9704.92675781   938373.75000000 745791.00000000 
0.12200    25111486.00000000 16048608.00000000 40139776.00000000 9506.86132812   922189.37500000 732996.25000000 
0.12300    24830992.00000000 15878366.00000000 39702316.00000000 9310.96289062   906178.06250000 720344.12500000 
0.12400    24555042.00000000 15710949.00000000 39272304.00000000 9117.17285156   890345.06250000 707816.75000000 
0.12500    24283586.00000000 15545985.00000000 38848772.00000000 8925.56152344   874667.87500000 695427.75000000 
0.12600    24015672.00000000 15383717.00000000 38431504.00000000 8736.07519531   859160.68750000 683165.56250000 
0.12700    23751298.00000000 15223324.00000000 38019352.00000000 8548.76269531   843805.50000000 671028.37500000 
0.12800    23490300.00000000 15065044.00000000 37612496.00000000 8363.64843750   828597.81250000 659000.50000000 
0.12900    23232032.00000000 14908459.00000000 37209948.00000000 8180.84814453   813539.43750000 647095.18750000 
0.13000    22976612.00000000 14753501.00000000 36811896.00000000 8000.16357422   798631.93750000 635300.62500000 
0.13100    22723514.00000000 14599926.00000000 36417464.00000000 7821.88574219   783860.81250000 623620.25000000 
0.13200    22472722.00000000 14447628.00000000 36025892.00000000 7645.91455078   769232.50000000 612048.12500000 
0.13300    22223772.00000000 14296427.00000000 35637880.00000000 7472.38476562   754751.93750000 600596.31250000 
0.13400    21976748.00000000 14146200.00000000 35252308.00000000 7301.33349609   740421.31250000 589255.87500000 
0.13500    21731272.00000000 13996871.00000000 34869284.00000000 7132.77490234   726225.25000000 578024.75000000 
0.13600    21487478.00000000 13848285.00000000 34488332.00000000 6966.78613281   712188.06250000 566909.75000000 
0.13700    21244984.00000000 13700311.00000000 34109308.00000000 6803.42773438   698298.75000000 555911.93750000 
0.13800    21003638.00000000 13552967.00000000 33731624.00000000 6642.79541016   684560.68750000 545028.25000000 
0.13900    20763300.00000000 13406082.00000000 33355868.00000000 6484.84277344   670980.06250000 534270.18750000 
0.14000    20524136.00000000 13259498.00000000 32981364.00000000 6329.70263672   657551.43750000 523632.81250000 
0.14100    20285846.00000000 13113482.00000000 32607866.00000000 6177.42626953   644290.00000000 513120.37500000 
0.14200    20048546.00000000 12967656.00000000 32235746.00000000 6027.99218750   631186.37500000 502733.78125000 
0.14300    19811980.00000000 12822125.00000000 31864706.00000000 5881.50000000   618256.31250000 492474.68750000 
0.14400    19575944.00000000 12676734.00000000 31494106.00000000 5737.91503906   605485.75000000 482347.96875000 
0.14500    19341194.00000000 12531540.00000000 31124446.00000000 5597.34082031   592891.37500000 472357.15625000 
0.14600    19106578.00000000 12386655.00000000 30755654.00000000 5459.79199219   580484.18750000 462505.31250000 
0.14700    18872906.00000000 12241826.00000000 30387756.00000000 5325.27832031   568246.00000000 452786.31250000 
0.14800    18639744.00000000 12097141.00000000 30020488.00000000 5193.76416016   556189.62500000 443211.93750000 
0.14900    18407400.00000000 11952623.00000000 29653608.00000000 5065.26660156   544315.62500000 433778.62500000 
0.15000    18175610.00000000 11808090.00000000 29287772.00000000 4939.86572266   532630.62500000 424489.09375000 
0.15100    17944486.00000000 11663841.00000000 28922390.00000000 4817.52832031   521136.15625000 415345.21875000 
0.15200    17714002.00000000 11519704.00000000 28557986.00000000 4698.24902344   509827.90625000 406357.81250000 
0.15300    17484388.00000000 11375705.00000000 28194252.00000000 4581.97216797   498711.28125000 397511.84375000 
0.15400    17255458.00000000 11231885.00000000 27831046.00000000 4468.64550781   487787.43750000 388815.18750000 
0.15500    17027168.00000000 11088197.00000000 27468976.00000000 4358.36962891   477060.15625000 380271.12500000 
0.15600    16799576.00000000 10944775.00000000 27107690.00000000 4251.05908203   466521.40625000 371874.56250000 
0.15700    16572914.00000000 10801671.00000000 26747452.00000000 4146.66601562   456183.90625000 363633.28125000 
0.15800    16347026.00000000 10658655.00000000 26388078.00000000 4045.10717773   446033.78125000 355546.00000000 
0.15900    16122147.00000000 10516015.00000000 26029642.00000000 3946.44360352   436080.53125000 347605.18750000 
0.16000    15898114.00000000 10373632.00000000 25672678.00000000 3850.53344727   426321.50000000 339816.71875000 
0.16100    15675091.00000000 10231766.00000000 25316728.00000000 3757.38574219   416758.40625000 332184.96875000 
0.16200    15453050.00000000 10090098.00000000 24962272.00000000 3666.90405273   407380.68750000 324695.00000000 
0.16300    15231963.00000000 9948971.00000000 24608952.00000000 3579.03442383   398194.34375000 317357.34375000 
0.16400    15012093.00000000 9808138.00000000 24257124.00000000 3493.78588867   389194.34375000 310165.78125000 
0.16500    14793344.00000000 9668016.00000000 23906742.00000000 3411.00976562   380384.59375000 303122.15625000 
0.16600    14575821.00000000 9528295.00000000 23558152.00000000 3330.68774414   371755.87500000 296221.18750000 
0.16700    14359399.00000000 9389179.00000000 23211038.00000000 3252.73461914   363307.62500000 289461.06250000 
0.16800    14144350.00000000 9250591.00000000 22865848.00000000 3177.07177734   355036.28125000 282840.96875000 
0.16900    13930545.00000000 9112681.00000000 22522554.00000000 3103.70507812   346944.65625000 276361.25000000 
0.17000    13718155.00000000 8975492.00000000 22181278.00000000 3032.49438477   339020.00000000 270015.56250000 
0.17100    13507154.00000000 8838954.00000000 21841662.00000000 2963.38867188   331268.90625000 263801.40625000 
0.17200    13297570.00000000 8703256.00000000 21504536.00000000 2896.31518555   323680.50000000 257720.10937500 
0.17300    13089487.00000000 8568268.00000000 21169464.00000000 2831.22070312   316259.21875000 251763.79687500 
0.17400    12883032.00000000 8434223.00000000 20836650.00000000 2768.04125977   308989.00000000 245933.68750000 
0.17500    12678068.00000000 8300835.00000000 20506154.00000000 2706.72705078   301879.00000000 240225.98437500 
0.17600    12474745.00000000 8168442.00000000 20178088.00000000 2647.14306641   294916.06250000 234634.45312500 
0.17700    12273035.00000000 8037012.50000000 19852532.00000000 2589.29223633   288103.90625000 229163.20312500 
0.17800    12072976.00000000 7906471.00000000 19529338.00000000 2533.07788086   281431.40625000 223803.34375000 
0.17900    11874755.00000000 7777001.00000000 19208898.00000000 2478.48168945   274900.31250000 218553.96875000 
0.18000    11678285.00000000 7648498.00000000 18891200.00000000 2425.42114258   268504.37500000 213410.23437500 
0.18100    11483627.00000000 7521129.00000000 18576370.00000000 2373.84985352   262243.15625000 208373.95312500 
0.18200    11290652.00000000 7394751.50000000 18264156.00000000 2323.69531250   256105.62500000 203435.53125000 
0.18300    11099662.00000000 7269551.00000000 17954818.00000000 2274.91650391   250093.95312500 198595.59375000 
0.18400    10910449.00000000 7145442.50000000 17648326.00000000 2227.50073242   244202.32812500 193852.26562500 
0.18500    10723228.00000000 7022529.00000000 17345016.00000000 2181.35571289   238428.85937500 189202.51562500 
0.18600    10537926.00000000 6900871.00000000 17044764.00000000 2136.45385742   232767.04687500 184640.10937500 
0.18700    10354662.00000000 6780322.50000000 16747531.00000000 2092.77636719   227216.71875000 180166.81250000 
0.18800    10173247.00000000 6661062.50000000 16453457.00000000 2050.22558594   221772.64062500 175776.17187500 
0.18900    9993979.00000000 6543148.00000000 16162547.00000000 2008.87341309   216435.35937500 171472.92187500 
0.19000    9816643.00000000 6426400.00000000 15874938.00000000 1968.54992676   211192.34375000 167243.98437500 
0.19100    9641529.00000000 6311050.00000000 15590756.00000000 1929.36242676   206054.71875000 163097.31250000 
0.19200    9468367.00000000 6196955.50000000 15309551.00000000 1891.20642090   201007.46875000 159022.89062500 
0.19300    9297324.00000000 6084275.50000000 15032011.00000000 1854.07910156   196055.79687500 155025.67187500 
0.19400    9128398.00000000 5972940.00000000 14757761.00000000 1817.90722656   191194.62500000 151096.65625000 
0.19500    8961618.00000000 5863008.50000000 14486936.00000000 1782.74438477   186420.59375000 147241.04687500 
0.19600    8797041.00000000 5754454.00000000 14219608.00000000 1748.52758789   181731.65625000 143451.87500000 
0.19700    8634598.00000000 5647273.00000000 13955691.00000000 1715.25903320   177128.03125000 139730.15625000 
0.19800    8474324.00000000 5541548.00000000 13695398.00000000 1682.89770508   172605.92187500 136072.50000000 
0.19900    8316314.00000000 5437289.50000000 13438707.00000000 1651.44653320   168165.65625000 132482.09375000 
0.20000    8160302.00000000 5334430.50000000 13185409.00000000 1620.88012695   163802.78125000 128951.61718750 
0.20100    8006680.50000000 5233104.00000000 12935920.00000000 1591.20629883   159520.51562500 125484.42187500 
0.20200    7855262.00000000 5133147.00000000 12689841.00000000 1562.38952637   155309.54687500 122077.50781250 
0.20300    7706048.50000000 5034702.00000000 12447509.00000000 1534.43786621   151179.23437500 118731.87500000 
0.20400    7559141.50000000 4937784.00000000 12208813.00000000 1507.31823730   147119.50000000 115444.09375000 
0.20500    7414376.50000000 4842307.50000000 11973742.00000000 1481.03247070   143135.09375000 112215.76562500 
0.20600    7271934.50000000 4748322.50000000 11742355.00000000 1455.57055664   139220.25000000 109043.44531250 
0.20700    7131709.00000000 4655846.00000000 11514574.00000000 1430.92297363   135379.78125000 105930.85937500 
0.20800    6993718.00000000 4564854.00000000 11290433.00000000 1407.06262207   131609.64062500 102873.32031250 
0.20900    6858134.50000000 4475418.00000000 11070245.00000000 1384.02355957   127912.96093750 99875.89062500  
0.21000    6724627.50000000 4387456.50000000 10853493.00000000 1361.72692871   124282.53906250 96931.56250000  
0.21100    6593443.50000000 4300961.00000000 10640437.00000000 1340.24853516   120724.00781250 94044.09375000  
0.21200    6464477.50000000 4215946.50000000 10431117.00000000 1319.48449707   117233.89843750 91211.36718750  
0.21300    6337805.50000000 4132471.75000000 10225410.00000000 1299.47558594   113812.13281250 88434.56250000  
0.21400    6213315.00000000 4050490.00000000 10023361.00000000 1280.19714355   110461.25000000 85713.52343750  
0.21500    6091131.50000000 3969989.50000000 9824943.00000000 1261.65295410   107179.53125000 83049.30468750  
0.21600    5971134.00000000 3890965.75000000 9630211.00000000 1243.79235840   103963.71093750 80437.82812500  
0.21700    5853292.50000000 3813398.25000000 9439071.00000000 1226.62597656   100817.34375000 77882.50781250  
0.21800    5737723.50000000 3737303.75000000 9251433.00000000 1210.12585449   97738.98437500  75381.66406250  
0.21900    5624279.50000000 3662649.75000000 9067392.00000000 1194.26965332   94726.75000000  72934.35156250  
0.22000    5513001.50000000 3589401.50000000 8886844.00000000 1179.05444336   91782.71875000  70542.47656250  
0.22100    5403886.50000000 3517658.00000000 8709932.00000000 1164.46765137   88907.88281250  68205.89843750  
0.22200    5297023.00000000 3447332.25000000 8536453.00000000 1150.47937012   86098.82812500  65923.41406250  
0.22300    5192129.00000000 3378396.50000000 8366455.00000000 1137.07067871   83356.06250000  63694.31640625  
0.22400    5089372.00000000 3310809.25000000 8199771.50000000 1124.18737793   80679.54687500  61518.74609375  
0.22500    4988775.00000000 3244697.50000000 8036586.00000000 1111.87451172   78070.69531250  59399.78125000  
0.22600    4890153.00000000 3179854.75000000 7876679.00000000 1100.05700684   75526.53906250  57331.85546875  
0.22700    4793618.00000000 3116448.50000000 7720113.00000000 1088.73510742   73048.40625000  55318.37500000  
0.22800    4699027.00000000 3054288.50000000 7566884.50000000 1077.87500000   70634.24218750  53357.07812500  
0.22900    4606437.00000000 2993458.00000000 7416700.00000000 1067.45153809   68284.53906250  51448.13281250  
0.23000    4515849.50000000 2933937.50000000 7269863.50000000 1057.46020508   65998.67187500  49591.87500000  
0.23100    4427184.00000000 2875692.75000000 7126141.50000000 1047.86584473   63776.54296875  47787.30078125  
0.23200    4340341.50000000 2818674.50000000 6985428.00000000 1038.62487793   61616.28125000  46032.82421875  
0.23300    4255449.00000000 2762900.25000000 6847737.00000000 1029.73059082   59517.46093750  44329.79687500  
0.23400    4172334.25000000 2708369.25000000 6713071.50000000 1021.17736816   57479.78906250  42677.07031250  
0.23500    4091031.50000000 2654942.75000000 6581308.50000000 1012.88977051   55500.06640625  41071.52734375  
0.23600    4011539.25000000 2602755.25000000 6452415.00000000 1004.90301514   53582.08593750  39516.85937500  
0.23700    3933734.50000000 2551666.00000000 6326361.00000000 997.16650391    51721.28125000  38008.66015625  
0.23800    3857670.75000000 2501722.25000000 6203079.50000000 989.65625000    49917.65234375  36548.76562500  
0.23900    3783230.75000000 2452845.50000000 6082447.00000000 982.34887695    48168.75390625  35133.76953125  
0.24000    3710426.25000000 2405043.00000000 5964450.50000000 975.23364258    46476.56640625  33764.64453125  
0.24100    3639269.00000000 2358320.75000000 5849133.50000000 968.29742432    44839.09375000  32441.54296875  
0.24200    3569620.75000000 2312614.50000000 5736336.50000000 961.50830078    43253.17968750  31161.12695312  
0.24300    3501539.25000000 2267888.25000000 5625896.50000000 954.84088135    41719.46093750  29923.08007812  
0.24400    3434927.25000000 2224137.25000000 5517953.50000000 948.29315186    40235.57421875  28726.87109375  
0.24500    3369744.50000000 2181340.75000000 5412278.00000000 941.83776855    38800.00000000  27571.03906250  
0.24600    3305978.75000000 2139457.50000000 5308929.00000000 935.47106934    37413.32031250  26455.23046875  
0.24700    3243608.25000000 2098483.00000000 5207818.00000000 929.17492676    36072.85546875  25378.08398438  
0.24800    3182547.25000000 2058378.87500000 5108866.00000000 922.93469238    34778.16015625  24338.63867188  
0.24900    3122793.50000000 2019110.25000000 5011954.00000000 916.74615479    33526.43750000  23334.81835938  
0.25000    3064305.75000000 1980665.00000000 4917168.50000000 910.59808350    32317.94140625  22366.93359375  
0.25100    3007028.50000000 1943038.87500000 4824256.50000000 904.47039795    31149.91992188  21432.57617188  
0.25200    2950992.50000000 1906194.50000000 4733416.00000000 898.38238525    30023.68945312  20533.03320312  
0.25300    2896086.00000000 1870100.12500000 4644365.00000000 892.31280518    28935.41210938  19664.60351562  
0.25400    2842304.75000000 1834739.12500000 4557124.50000000 886.25244141    27884.29882812  18827.48437500  
0.25500    2789583.75000000 1800054.12500000 4471658.50000000 880.21276855    26869.10351562  18019.68359375  
0.25600    2737918.75000000 1766080.37500000 4387846.50000000 874.18695068    25889.09570312  17241.21289062  
0.25700    2687278.25000000 1732758.62500000 4305669.50000000 868.16888428    24942.61523438  16490.26367188  
0.25800    2637618.25000000 1700090.00000000 4225168.50000000 862.16870117    24029.00390625  15766.13085938  
0.25900    2588936.00000000 1668046.87500000 4146125.50000000 856.19213867    23146.00000000  15068.04199219  
0.26000    2541162.50000000 1636586.87500000 4068593.00000000 850.24230957    22294.07031250  14394.90527344  
0.26100    2494247.25000000 1605709.00000000 3992452.25000000 844.30523682    21469.64648438  13744.57421875  
0.26200    2448238.25000000 1575407.37500000 3917796.75000000 838.42755127    20674.76757812  13118.53125000  
0.26300    2402999.50000000 1545625.62500000 3844356.50000000 832.55938721    19905.25585938  12512.57714844  
0.26400    2358620.75000000 1516364.12500000 3772274.75000000 826.75823975    19162.35546875  11928.64355469  
0.26500    2315002.00000000 1487638.37500000 3701467.50000000 821.01385498    18444.43554688  11364.97070312  
0.26600    2272103.25000000 1459362.25000000 3631839.75000000 815.33715820    17749.72460938  10820.13769531  
0.26700    2229977.50000000 1431610.12500000 3563432.75000000 809.74432373    17079.10351562  10294.62695312  
0.26800    2188560.75000000 1404284.75000000 3496127.00000000 804.22796631    16430.74804688  9787.14160156   
0.26900    2147780.75000000 1377407.25000000 3429915.75000000 798.81634521    15802.98632812  9295.70800781   
0.27000    2107700.00000000 1350970.37500000 3364772.00000000 793.51855469    15196.67968750  8821.69921875   
0.27100    2068223.50000000 1324937.37500000 3300671.25000000 788.33123779    14609.28320312  8362.74218750   
0.27200    2029424.00000000 1299336.75000000 3237621.50000000 783.30816650    14043.78808594  7920.71582031   
0.27300    1991164.12500000 1274100.00000000 3175468.25000000 778.41088867    13494.96679688  7491.89208984   
0.27400    1953457.75000000 1249222.62500000 3114199.25000000 773.64355469    12962.25390625  7075.59228516   
0.27500    1916406.37500000 1224770.50000000 3053979.00000000 769.07922363    12450.70898438  6675.59326172   
0.27600    1879819.00000000 1200626.62500000 2994518.25000000 764.66473389    11953.31152344  6286.71582031   
0.27700    1843832.00000000 1176864.75000000 2936023.25000000 760.46405029    11474.51757812  5911.85644531   
0.27800    1808349.62500000 1153437.87500000 2878324.75000000 756.44512939    11010.99023438  5548.63964844   
0.27900    1773375.37500000 1130351.12500000 2821494.75000000 752.64080811    10563.68847656  5197.95654297   
0.28000    1738896.62500000 1107588.87500000 2765431.25000000 749.06243896    10131.63574219  4858.61425781   
0.28100    1704907.87500000 1085147.37500000 2710176.50000000 745.70300293    9714.44531250   4530.53906250   
0.28200    1671433.62500000 1063040.12500000 2655716.00000000 742.57019043    9312.55175781   4214.06298828   
0.28300    1638405.00000000 1041228.12500000 2602014.00000000 739.68194580    8925.24316406   3908.34521484   
0.28400    1605825.62500000 1019708.37500000 2549049.25000000 737.03912354    8551.54003906   3612.40209961   
0.28500    1573716.12500000 998517.06250000 2496852.50000000 734.65515137    8193.25488281   3328.44897461   
0.28600    1542050.00000000 977594.25000000 2445343.50000000 732.50909424    7847.80419922   3053.45654297   
0.28700    1510842.50000000 956979.87500000 2394577.00000000 730.63079834    7516.30810547   2789.31176758   
0.28800    1480064.37500000 936647.37500000 2344518.00000000 729.00781250    7198.35937500   2534.96069336   
0.28900    1449745.87500000 916625.25000000 2295197.00000000 727.65344238    6895.02197266   2291.27636719   
0.29000    1419828.12500000 896871.62500000 2246542.25000000 726.55505371    6603.75537109   2056.61108398   
0.29100    1390375.12500000 877421.25000000 2198636.00000000 725.71984863    6327.05078125   1832.70874023   
0.29200    1361323.50000000 858239.43750000 2151396.50000000 725.14556885    6062.99121094   1618.16357422   
0.29300    1332726.25000000 839361.81250000 2104876.75000000 724.83105469    5812.95800781   1414.01562500   
0.29400    1304517.25000000 820737.68750000 2058988.62500000 724.75640869    5574.04980469   1218.29455566   
0.29500    1276772.50000000 802425.25000000 2013869.62500000 724.94488525    5350.20507812   1033.83068848   
0.29600    1249426.00000000 784370.62500000 1969395.12500000 725.36383057    5138.52783203   858.15051270    
0.29700    1222502.50000000 766597.06250000 1925595.75000000 726.01831055    4939.30175781   691.90338135    
0.29800    1196015.50000000 749120.56250000 1882533.00000000 726.90710449    4753.91845703   536.09527588    
0.29900    1169955.62500000 731936.06250000 1840158.75000000 728.01861572    4581.52197266   390.40817261    
0.30000    1144311.87500000 715019.81250000 1798466.75000000 729.33276367    4421.08105469   253.44418335    
0.30100    1119106.00000000 698400.75000000 1757496.00000000 730.86163330    4274.63085938   127.42337036    
0.30200    1094308.75000000 682049.12500000 1717176.25000000 732.57177734    4139.34472656   10.26533985     
0.30300    1069958.50000000 666003.75000000 1677596.75000000 734.46466064    4017.96752930   -96.51078796    
0.30400    1046051.68750000 650245.81250000 1638747.87500000 736.53344727    3909.55834961   -193.07525635   
0.30500    1022546.00000000 634769.00000000 1600560.00000000 738.75659180    3812.45288086   -280.60748291   
0.30600    999472.62500000 619574.68750000 1563059.37500000 741.12200928    3727.88696289   -358.37326050   
0.30700    976876.87500000 604699.00000000 1526349.50000000 743.63598633    3657.32666016   -425.07672119   
0.30800    954672.56250000 590087.37500000 1490293.75000000 746.25317383    3597.63061523   -482.97296143   
0.30900    932937.31250000 575794.00000000 1454997.87500000 748.99987793    3551.24804688   -530.17871094   
0.31000    911640.75000000 561790.62500000 1420438.25000000 751.83166504    3516.56958008   -567.70379639   
0.31100    890773.81250000 548069.68750000 1386535.25000000 754.74645996    3494.22753906   -595.58850098   
0.31200    870359.50000000 534663.00000000 1353426.12500000 757.73309326    3483.52661133   -613.61352539   
0.31300    850380.87500000 521548.12500000 1321005.37500000 760.78302002    3485.02783203   -621.76007080   
0.31400    830882.31250000 508749.46875000 1289386.87500000 763.87408447    3498.55664062   -619.50457764   
0.31500    811800.43750000 496228.25000000 1258430.50000000 766.98846436    3523.35424805   -608.30358887   
0.31600    793171.12500000 484021.59375000 1228242.62500000 770.14208984    3559.94702148   -586.93804932   
0.31700    774999.93750000 472116.90625000 1198796.12500000 773.29553223    3608.18920898   -555.59912109   
0.31800    757264.18750000 460508.87500000 1170084.62500000 776.43975830    3666.58203125   -515.72442627   
0.31900    740013.87500000 449212.59375000 1142125.25000000 779.59149170    3737.79467773   -464.90615845   
0.32000    723190.25000000 438214.78125000 1114912.50000000 782.70141602    3819.03564453   -405.38507080   
0.32100    706817.87500000 427511.09375000 1088403.75000000 785.77978516    3911.01806641   -336.53958130   
0.32200    690918.68750000 417136.78125000 1062697.37500000 788.81622314    4014.36035156   -257.90063477   
0.32300    675430.12500000 407024.37500000 1037651.00000000 791.78631592    4126.66699219   -171.09686279   
0.32400    660409.31250000 397229.43750000 1013366.75000000 794.70001221    4250.09521484   -74.99468231    
0.32500    645823.37500000 387730.59375000 989825.00000000 797.54296875    4382.98974609   30.00708771     
0.32600    631702.50000000 378533.81250000 967001.37500000 800.30621338    4526.01953125   143.76930237    
0.32700    618013.68750000 369625.81250000 944917.75000000 802.98583984    4678.92578125   266.29479980    
0.32800    604793.75000000 361032.25000000 923584.25000000 805.58123779    4841.59619141   397.44485474    
0.32900    591986.12500000 352713.06250000 902920.75000000 808.05822754    5012.71533203   536.33911133    
0.33000    579634.62500000 344691.62500000 883019.06250000 810.45812988    5193.33886719   683.91180420    
0.33100    567676.43750000 336938.06250000 863754.68750000 812.72943115    5381.37646484   838.16375732    
0.33200    556208.87500000 329507.03125000 845300.37500000 814.91253662    5580.26855469   1002.00366211   
0.33300    545140.56250000 322338.03125000 827481.62500000 816.96087646    5785.72314453   1171.93310547   
0.33400    534506.93750000 315461.56250000 810370.31250000 818.90588379    5999.83398438   1349.97338867   
0.33500    524285.59375000 308846.31250000 793927.00000000 820.72113037    6221.24462891   1534.41064453   
0.33600    514478.18750000 302508.50000000 778162.31250000 822.41815186    6450.09472656   1725.68920898   
0.33700    505071.71875000 296437.46875000 763064.87500000 823.98919678    6686.25878906   1923.76879883   
0.33800    496096.53125000 290643.37500000 748646.37500000 825.45111084    6929.61376953   2128.44775391   
0.33900    487485.90625000 285089.34375000 734825.75000000 826.77325439    7178.92431641   2338.62670898   
0.34000    479285.68750000 279804.03125000 721672.12500000 827.97918701    7434.65039062   2554.86523438   
0.34100    471473.43750000 274766.50000000 709130.93750000 829.05963135    7696.48437500   2776.33642578   
0.34200    464076.00000000 270000.28125000 697269.25000000 830.03326416    7965.07714844   3004.15014648   
0.34300    457007.00000000 265445.62500000 685943.43750000 830.86743164    8237.51757812   3235.83349609   
0.34400    450348.59375000 261161.07812500 675271.25000000 831.59741211    8516.72363281   3473.31787109   
0.34500    444030.31250000 257087.92187500 665137.06250000 832.21276855    8799.62207031   3714.38525391   
0.34600    438093.12500000 253265.21875000 655633.56250000 832.71563721    9088.15625000   3960.52954102   
0.34700    432460.62500000 249633.01562500 646610.00000000 833.09197998    9379.36718750   4209.12207031   
0.34800    427190.59375000 246233.67187500 638156.81250000 833.36077881    9674.86816406   4461.77197266   
0.34900    422250.28125000 243047.53125000 630242.87500000 833.53649902    9974.28027344   4717.73144531   
0.35000    417631.78125000 240059.46875000 622836.62500000 833.59558105    10276.08691406  4976.14062500   
0.35100    413355.34375000 237284.70312500 615968.25000000 833.56054688    10581.76660156  5238.03369141   
0.35200    409338.03125000 234678.20312500 609509.12500000 833.42047119    10888.50878906  5500.74169922   
0.35300    405630.71875000 232261.82812500 603545.81250000 833.18066406    11197.17480469  5765.45361328   
0.35400    402220.96875000 230037.79687500 598066.31250000 832.86260986    11508.14062500  6032.12158203   
0.35500    399092.56250000 227980.60937500 593007.68750000 832.43695068    11820.35546875  6299.50878906   
0.35600    396208.43750000 226079.01562500 588343.12500000 831.93243408    12132.69726562  6567.40234375   
0.35700    393595.90625000 224342.82812500 584108.12500000 831.33294678    12445.87207031  6835.97949219   
0.35800    391245.46875000 222767.34375000 580274.37500000 830.66180420    12759.32324219  7104.59423828   
0.35900    389121.21875000 221332.25000000 576804.37500000 829.90380859    13072.51855469  7372.98291016   
0.36000    387248.71875000 220046.51562500 573713.75000000 829.07922363    13385.29785156  7641.01757812   
0.36100    385565.34375000 218877.70312500 570923.31250000 828.16119385    13696.22558594  7907.11718750   
0.36200    384140.87500000 217863.78125000 568540.31250000 827.18750000    14007.28808594  8173.49462891   
0.36300    382864.59375000 216937.87500000 566376.37500000 826.13061523    14314.73046875  8436.49121094   
0.36400    381782.65625000 216124.53125000 564514.43750000 824.99029541    14620.00585938  8697.54980469   
0.36500    380879.37500000 215418.15625000 562913.37500000 823.78765869    14922.39746094  8956.25488281   
0.36600    380167.40625000 214825.54687500 561620.06250000 822.53094482    15223.05371094  9213.07812500   
0.36700    379584.53125000 214306.62500000 560518.00000000 821.18542480    15518.97949219  9465.74023438   
0.36800    379198.28125000 213902.57812500 559719.12500000 819.79309082    15812.79394531  9716.40039062   
0.36900    378932.62500000 213566.96875000 559093.18750000 818.33374023    16101.93164062  9963.05664062   
0.37000    378755.84375000 213281.90625000 558609.00000000 816.79309082    16384.89648438  10204.38671875  
0.37100    378710.87500000 213068.43750000 558312.68750000 815.19482422    16663.74414062  10441.79980469  
0.37200    378807.56250000 212936.67187500 558223.18750000 813.53930664    16938.42382812  10675.55761719  
0.37300    378970.68750000 212841.50000000 558239.31250000 811.81042480    17206.57421875  10903.66015625  
0.37400    379243.09375000 212805.54687500 558418.75000000 810.02923584    17469.65039062  11127.25683594  
0.37500    379594.46875000 212806.96875000 558708.81250000 808.18389893    17726.64257812  11345.53515625  
0.37600    380027.71875000 212858.70312500 559115.18750000 806.27087402    17976.69921875  11557.82421875  
0.37700    380496.84375000 212924.39062500 559569.37500000 804.29956055    18219.82421875  11764.22656250  
0.37800    381032.93750000 213024.09375000 560117.00000000 802.25524902    18456.34960938  11964.77929688  
0.37900    381639.06250000 213158.62500000 560765.50000000 800.16027832    18686.16210938  12159.77636719  
0.38000    382257.56250000 213296.42187500 561429.12500000 797.99719238    18907.80078125  12347.67480469  
0.38100    382891.71875000 213435.67187500 562102.81250000 795.76397705    19121.35742188  12528.60839844  
0.38200    383574.96875000 213601.45312500 562840.56250000 793.47705078    19327.86523438  12703.70605469  
0.38300    384246.37500000 213753.15625000 563565.68750000 791.11743164    19525.58007812  12871.23535156  
0.38400    384958.84375000 213926.07812500 564334.87500000 788.69647217    19715.96679688  13032.68457031  
0.38500    385640.09375000 214073.42187500 565048.68750000 786.21063232    19896.80468750  13186.09375000  
0.38600    386348.93750000 214234.17187500 565800.37500000 783.67138672    20070.64453125  13333.52929688  
0.38700    387013.43750000 214364.17187500 566476.68750000 781.05175781    20234.36523438  13472.67871094  
0.38800    387668.84375000 214483.29687500 567135.12500000 778.37152100    20389.83984375  13604.92285156  
0.38900    388299.34375000 214584.56250000 567743.31250000 775.62951660    20536.37109375  13729.81835938  
0.39000    388934.65625000 214683.43750000 568356.56250000 772.83258057    20675.14843750  13848.26367188  
0.39100    389510.87500000 214745.14062500 568870.06250000 769.96307373    20804.34179688  13958.77832031  
0.39200    390057.75000000 214789.60937500 569350.62500000 767.03784180    20925.17382812  14062.47265625  
0.39300    390558.28125000 214803.10937500 569733.68750000 764.04840088    21036.68554688  14158.58984375  
0.39400    391050.40625000 214807.54687500 570113.25000000 761.00579834    21140.61523438  14248.53710938  
0.39500    391454.75000000 214760.75000000 570351.43750000 757.89245605    21234.53906250  14330.30664062  
0.39600    391821.06250000 214689.85937500 570525.81250000 754.72204590    21320.19726562  14405.43847656  
0.39700    392138.03125000 214582.98437500 570616.18750000 751.49804688    21397.20898438  14473.73046875  
0.39800    392411.21875000 214456.31250000 570651.37500000 748.21112061    21466.68750000  14535.78222656  
0.39900    392622.09375000 214288.62500000 570582.37500000 744.87365723    21527.16210938  14590.86230469  
0.40000    392775.84375000 214088.54687500 570426.31250000 741.48413086    21579.82226562  14639.62402344  
0.40100    392868.46875000 213856.18750000 570177.87500000 738.02770996    21623.76562500  14681.81933594  
0.40200    392919.78125000 213598.04687500 569863.93750000 734.53436279    21661.04101562  14718.42675781  
0.40300    392899.53125000 213296.12500000 569432.37500000 730.98510742    21689.73632812  14748.28808594  
0.40400    392824.25000000 212969.32812500 568934.56250000 727.39013672    21711.61914062  14773.10156250  
0.40500    392694.71875000 212609.68750000 568347.00000000 723.75115967    21726.33007812  14791.94335938  
0.40600    392521.87500000 212227.00000000 567706.75000000 720.07342529    21734.63085938  14806.21484375  
0.40700    392280.87500000 211808.82812500 566956.12500000 716.34240723    21735.40820312  14814.70214844  
0.40800    391979.34375000 211359.93750000 566126.00000000 712.57281494    21729.87695312  14818.35449219  
0.40900    391628.00000000 210880.40625000 565214.87500000 708.76794434    21717.77148438  14817.07519531  
0.41000    391244.81250000 210391.17187500 564264.06250000 704.93194580    21700.96093750  14811.98144531  
0.41100    390795.59375000 209865.14062500 563215.12500000 701.06182861    21677.39648438  14802.16015625  
0.41200    390289.34375000 209308.06250000 562084.25000000 697.14483643    21648.23437500  14788.03125000  
0.41300    389761.93750000 208748.17187500 560931.12500000 693.21093750    21614.65039062  14770.62207031  
0.41400    389170.09375000 208153.51562500 559688.43750000 689.23840332    21575.40429688  14749.25390625  
0.41500    388560.59375000 207554.34375000 558419.37500000 685.25378418    21532.23437500  14724.78320312  
0.41600    387880.71875000 206915.01562500 557050.06250000 681.22149658    21483.52148438  14696.39355469  
0.41700    387196.87500000 206283.57812500 555678.12500000 677.18762207    21431.96289062  14666.01269531  
0.41800    386498.40625000 205648.89062500 554301.87500000 673.13201904    21376.76562500  14633.31445312  
0.41900    385706.87500000 204965.37500000 552790.31250000 669.03698730    21315.97656250  14596.25683594  
0.42000    384934.71875000 204300.81250000 551315.68750000 664.93615723    21253.18554688  14558.16015625  
0.42100    384147.06250000 203631.65625000 549823.25000000 660.82476807    21187.38085938  14518.09863281  
0.42200    383332.00000000 202955.60937500 548300.18750000 656.69818115    21118.69726562  14476.07812500  
0.42300    382481.56250000 202261.70312500 546727.56250000 652.54675293    21046.33593750  14431.46289062  
0.42400    381626.37500000 201574.48437500 545163.75000000 648.38671875    20971.89453125  14385.65527344  
0.42500    380764.81250000 200888.18750000 543592.62500000 644.22607422    20895.38476562  14338.52441406  
0.42600    379873.87500000 200190.82812500 541985.56250000 640.03057861    20816.08203125  14289.49707031  
0.42700    379006.53125000 199517.25000000 540429.18750000 635.85003662    20735.95117188  14240.21289062  
0.42800    378112.93750000 198833.95312500 538837.93750000 631.65472412    20652.93554688  14189.17968750  
0.42900    377250.81250000 198173.73437500 537305.18750000 627.45758057    20569.28906250  14138.01269531  
0.43000    376371.15625000 197511.89062500 535755.81250000 623.25683594    20483.70312500  14085.60546875  
0.43100    375469.06250000 196839.92187500 534177.68750000 619.02947998    20396.01562500  14031.71093750  
0.43200    374609.15625000 196203.43750000 532679.37500000 614.81719971    20308.08984375  13978.24804688  
0.43300    373737.96875000 195565.04687500 531168.06250000 610.59802246    20218.17382812  13923.62500000  
0.43400    372884.28125000 194946.37500000 529694.06250000 606.37109375    20127.49218750  13868.59863281  
0.43500    372028.84375000 194328.84375000 528230.18750000 602.14282227    20035.58984375  13812.92675781  
0.43600    371226.50000000 193747.45312500 526842.00000000 597.92431641    19943.85742188  13757.80957031  
0.43700    370397.37500000 193159.60937500 525434.68750000 593.69244385    19850.06835938  13701.28027344  
0.43800    369578.18750000 192581.10937500 524049.71875000 589.46588135    19755.25000000  13644.35937500  
0.43900    368797.06250000 192030.82812500 522723.59375000 585.23614502    19660.06835938  13587.61035156  
0.44000    368031.96875000 191495.56250000 521432.21875000 581.00958252    19564.17773438  13530.36718750  
0.44100    367280.68750000 190973.70312500 520171.40625000 576.78704834    19467.35937500  13472.75390625  
0.44200    366555.65625000 190469.81250000 518945.65625000 572.56475830    19369.79687500  13414.88964844  
0.44300    365841.90625000 189983.85937500 517766.00000000 568.34948730    19271.57812500  13356.79003906  
0.44400    365159.96875000 189516.40625000 516621.31250000 564.14086914    19172.58984375  13298.22265625  
0.44500    364451.65625000 189039.03125000 515452.71875000 559.92230225    19071.51562500  13238.31542969  
0.44600    363783.34375000 188586.84375000 514350.50000000 555.72009277    18970.08398438  13178.53125000  
0.44700    363153.06250000 188164.95312500 513311.59375000 551.52990723    18868.24414062  13118.49316406  
0.44800    362511.96875000 187737.51562500 512259.40625000 547.34063721    18764.63867188  13057.50488281  
0.44900    361909.81250000 187341.18750000 511277.96875000 543.16510010    18660.88281250  12996.38085938  
0.45000    361330.84375000 186958.07812500 510325.87500000 539.00946045    18556.32031250  12934.93847656  
0.45100    360729.09375000 186564.09375000 509352.71875000 534.85162354    18449.11523438  12871.61328125  
0.45200    360167.84375000 186198.42187500 508438.34375000 530.71917725    18341.74609375  12808.16210938  
0.45300    359598.12500000 185831.98437500 507520.00000000 526.59088135    18232.62109375  12743.81054688  
0.45400    359054.84375000 185483.96875000 506643.53125000 522.48651123    18122.49218750  12678.60644531  
0.45500    358518.84375000 185141.92187500 505790.87500000 518.40209961    18011.17968750  12612.70996094  
0.45600    357979.84375000 184803.32812500 504929.87500000 514.33447266    17897.73632812  12545.48242188  
0.45700    357458.15625000 184475.50000000 504102.90625000 510.29409790    17783.63671875  12477.59277344  
0.45800    356926.25000000 184141.68750000 503260.21875000 506.28106689    17667.60156250  12408.44628906  
0.45900    356395.87500000 183815.89062500 502418.09375000 502.28524780    17549.74218750  12337.91210938  
0.46000    355895.09375000 183506.35937500 501628.90625000 498.33834839    17431.64453125  12267.28417969  
0.46100    355345.21875000 183169.96875000 500769.75000000 494.40734863    17310.00195312  12194.16113281  
0.46200    354834.09375000 182859.40625000 499968.21875000 490.52096558    17188.38671875  12120.88476562  
0.46300    354297.62500000 182537.43750000 499131.65625000 486.66970825    17064.50781250  12046.03710938  
0.46400    353745.37500000 182204.95312500 498276.28125000 482.85931396    16938.70312500  11969.89746094  
0.46500    353209.56250000 181884.09375000 497439.43750000 479.09478760    16811.80664062  11892.68847656  
0.46600    352639.25000000 181547.35937500 496565.34375000 475.37344360    16682.90625000  11814.18750000  
0.46700    352049.53125000 181199.71875000 495656.40625000 471.69491577    16551.98046875  11734.13964844  
0.46800    351484.34375000 180867.79687500 494779.56250000 468.07998657    16420.71679688  11653.78906250  
0.46900    350864.09375000 180505.32812500 493829.93750000 464.50677490    16286.82226562  11571.30664062  
0.47000    350233.90625000 180139.60937500 492864.46875000 460.99856567    16151.56640625  11487.92382812  
0.47100    349596.00000000 179770.04687500 491886.96875000 457.54873657    16015.09960938  11403.72949219  
0.47200    348934.50000000 179385.82812500 490874.18750000 454.16470337    15877.29492188  11318.28027344  
0.47300    348263.46875000 178999.26562500 489850.34375000 450.84378052    15738.37988281  11232.13476562  
0.47400    347535.75000000 178580.87500000 488741.50000000 447.58303833    15597.41699219  11144.02636719  
0.47500    346807.50000000 178163.50000000 487633.06250000 444.40551758    15455.92675781  11055.83886719  
0.47600    346072.34375000 177745.00000000 486514.34375000 441.29507446    15314.12597656  10967.25488281  
0.47700    345266.06250000 177282.60937500 485286.65625000 438.25341797    15169.42285156  10876.31640625  
0.47800    344454.96875000 176822.12500000 484059.06250000 435.28903198    15025.39648438  10785.72656250  
0.47900    343636.12500000 176357.84375000 482816.12500000 432.41580200    14880.64160156  10694.83203125  
0.48000    342756.25000000 175859.12500000 481486.31250000 429.60995483    14734.51660156  10602.59960938  
0.48100    341896.37500000 175375.56250000 480187.37500000 426.90615845    14588.99804688  10510.87402344  
0.48200    340944.65625000 174836.39062500 478747.03125000 424.25674438    14441.36914062  10417.39257812  
0.48300    339988.12500000 174295.01562500 477292.34375000 421.70599365    14294.33691406  10324.23730469  
0.48400    339014.21875000 173746.65625000 475820.81250000 419.24353027    14147.50000000  10231.30664062  
0.48500    338003.62500000 173178.71875000 474302.68750000 416.86425781    14000.51171875  10137.94433594  
0.48600    336978.62500000 172604.20312500 472752.59375000 414.57891846    13854.11621094  10045.06250000  
0.48700    335914.81250000 172007.09375000 471150.46875000 412.37722778    13707.66699219  9952.03906250   
0.48800    334804.28125000 171383.26562500 469473.75000000 410.25177002    13561.14257812  9858.71582031   
0.48900    333684.28125000 170755.04687500 467783.03125000 408.22360229    13415.56640625  9766.01464844   
0.49000    332535.71875000 170115.53125000 466056.25000000 406.28494263    13271.09472656  9674.04882812   
0.49100    331377.65625000 169469.84375000 464321.15625000 404.43307495    13127.86816406  9583.05371094   
0.49200    330173.28125000 168795.50000000 462500.84375000 402.66265869    12984.80371094  9491.87988281   
0.49300    328948.71875000 168114.67187500 460664.71875000 400.97836304    12843.38085938  9401.79882812   
0.49400    327706.34375000 167421.17187500 458792.75000000 399.37533569    12703.07128906  9312.61425781   
0.49500    326429.71875000 166712.29687500 456878.75000000 397.85418701    12564.10351562  9224.05371094   
0.49600    325155.50000000 166007.39062500 454966.90625000 396.42044067    12427.19335938  9137.19726562   
0.49700    323834.03125000 165273.67187500 452984.03125000 395.04965210    12291.20703125  9050.72851562   
0.49800    322515.43750000 164544.20312500 451005.96875000 393.76843262    12157.64453125  8965.97949219   
0.49900    321156.87500000 163790.64062500 448970.46875000 392.54824829    12025.26562500  8882.01074219   
0.50000    319804.71875000 163041.75000000 446941.37500000 391.40963745    11895.37597656  8799.73730469   
