# SAXS profile: number of points = 501, q_min = 0, q_max = 0.5, delta_q = 0.001
#    q    intensity 
0.00000    162237392.00000000 101201896.00000000 256271696.00000000 110271.50781250 8459404.00000000 6681196.00000000 
0.00100    162206640.00000000 101181784.00000000 256220512.00000000 110244.68750000 8457541.00000000 6679738.00000000 
0.00200    162110816.00000000 101121776.00000000 256069408.00000000 110163.50000000 8451891.00000000 6675307.00000000 
0.00300    161951040.00000000 101022032.00000000 255815328.00000000 110029.50000000 8442508.00000000 6667914.00000000 
0.00400    161725808.00000000 100882656.00000000 255461776.00000000 109842.17968750 8429361.00000000 6657595.50000000 
0.00500    161435840.00000000 100704192.00000000 255006352.00000000 109601.15625000 8412527.00000000 6644331.00000000 
0.00600    161082480.00000000 100485656.00000000 254451520.00000000 109307.36718750 8391983.00000000 6628164.50000000 
0.00700    160665680.00000000 100227904.00000000 253795088.00000000 108961.44531250 8367765.50000000 6609125.50000000 
0.00800    160187152.00000000 99931968.00000000 253043024.00000000 108563.71093750 8339932.00000000 6587214.00000000 
0.00900    159644240.00000000 99597232.00000000 252192816.00000000 108114.63281250 8308511.50000000 6562477.50000000 
0.01000    159041904.00000000 99225656.00000000 251246224.00000000 107614.81250000 8273516.50000000 6534975.00000000 
0.01100    158378528.00000000 98816504.00000000 250204112.00000000 107064.60156250 8235027.50000000 6504658.50000000 
0.01200    157656992.00000000 98370016.00000000 249069152.00000000 106465.76562500 8193076.50000000 6471643.00000000 
0.01300    156876928.00000000 97887056.00000000 247840064.00000000 105818.38281250 8147694.50000000 6435970.00000000 
0.01400    156037936.00000000 97367704.00000000 246519504.00000000 105124.07812500 8099000.00000000 6397604.00000000 
0.01500    155141200.00000000 96813792.00000000 245110368.00000000 104383.38281250 8047022.00000000 6356755.50000000 
0.01600    154188544.00000000 96225264.00000000 243613568.00000000 103596.69531250 7991819.00000000 6313287.50000000 
0.01700    153183088.00000000 95603144.00000000 242030176.00000000 102765.72656250 7933510.50000000 6267374.50000000 
0.01800    152122320.00000000 94947600.00000000 240364912.00000000 101892.25781250 7872107.00000000 6219078.00000000 
0.01900    151011952.00000000 94259984.00000000 238616016.00000000 100976.96093750 7807747.00000000 6168446.50000000 
0.02000    149849792.00000000 93541672.00000000 236787584.00000000 100020.78906250 7740515.50000000 6115494.50000000 
0.02100    148636960.00000000 92792368.00000000 234881936.00000000 99025.42187500  7670453.50000000 6060380.00000000 
0.02200    147378096.00000000 92013144.00000000 232901344.00000000 97992.10156250  7597675.00000000 6003095.00000000 
0.02300    146072112.00000000 91205328.00000000 230846576.00000000 96922.70312500  7522306.00000000 5943740.00000000 
0.02400    144722064.00000000 90370280.00000000 228721952.00000000 95817.75781250  7444333.50000000 5882377.50000000 
0.02500    143327504.00000000 89508208.00000000 226530496.00000000 94679.18750000  7363997.00000000 5819157.50000000 
0.02600    141892192.00000000 88620392.00000000 224272848.00000000 93509.28906250  7281304.00000000 5754066.50000000 
0.02700    140418704.00000000 87708248.00000000 221953584.00000000 92308.74218750  7196424.00000000 5687223.50000000 
0.02800    138905248.00000000 86771656.00000000 219571648.00000000 91079.53125000  7109400.50000000 5618700.00000000 
0.02900    137355904.00000000 85813624.00000000 217134992.00000000 89822.12500000  7020355.00000000 5548618.50000000 
0.03000    135771632.00000000 84833152.00000000 214642640.00000000 88539.90625000  6929435.50000000 5477033.50000000 
0.03100    134155304.00000000 83832552.00000000 212099856.00000000 87233.38281250  6836690.50000000 5404025.50000000 
0.03200    132507736.00000000 82813160.00000000 209507632.00000000 85904.85937500  6742255.50000000 5329679.50000000 
0.03300    130831496.00000000 81775648.00000000 206869312.00000000 84556.21093750  6646276.50000000 5254139.00000000 
0.03400    129127512.00000000 80720712.00000000 204189200.00000000 83187.89843750  6548895.50000000 5177438.00000000 
0.03500    127398472.00000000 79650504.00000000 201468368.00000000 81802.77343750  6450106.50000000 5099667.00000000 
0.03600    125645752.00000000 78565408.00000000 198709824.00000000 80401.82812500  6350118.50000000 5020920.00000000 
0.03700    123872360.00000000 77466992.00000000 195919008.00000000 78987.40625000  6249029.50000000 4941300.50000000 
0.03800    122078984.00000000 76356784.00000000 193096112.00000000 77561.00000000  6146930.00000000 4860915.50000000 
0.03900    120267304.00000000 75235208.00000000 190245408.00000000 76124.03906250  6043977.00000000 4779804.00000000 
0.04000    118440296.00000000 74103408.00000000 187369824.00000000 74678.35937500  5940241.00000000 4698079.00000000 
0.04100    116599424.00000000 72963432.00000000 184471248.00000000 73225.69531250  5835869.50000000 4615854.50000000 
0.04200    114746352.00000000 71815440.00000000 181554800.00000000 71767.86718750  5730931.00000000 4533200.50000000 
0.04300    112883616.00000000 70661304.00000000 178622656.00000000 70306.27343750  5625558.00000000 4450199.50000000 
0.04400    111012816.00000000 69502656.00000000 175677888.00000000 68841.96093750  5519911.00000000 4366955.50000000 
0.04500    109135240.00000000 68338680.00000000 172720720.00000000 67377.74218750  5414022.50000000 4283568.00000000 
0.04600    107252816.00000000 67172400.00000000 169756608.00000000 65914.71093750  5308067.50000000 4200051.00000000 
0.04700    105367832.00000000 66003636.00000000 166788112.00000000 64453.73437500  5202106.00000000 4116545.75000000 
0.04800    103482272.00000000 64834660.00000000 163817904.00000000 62996.91406250  5096249.00000000 4033139.50000000 
0.04900    101596776.00000000 63665836.00000000 160849536.00000000 61545.70312500  4990599.50000000 3949871.50000000 
0.05000    99714160.00000000 62498492.00000000 157884912.00000000 60101.41406250  4885287.00000000 3866865.50000000 
0.05100    97835504.00000000 61333652.00000000 154926288.00000000 58665.44531250  4780368.00000000 3784159.25000000 
0.05200    95963144.00000000 60172128.00000000 151975744.00000000 57238.84375000  4675972.00000000 3701854.25000000 
0.05300    94097528.00000000 59014852.00000000 149038560.00000000 55823.29296875  4572157.50000000 3620012.00000000 
0.05400    92241392.00000000 57863276.00000000 146114096.00000000 54420.29296875  4469063.00000000 3538708.00000000 
0.05500    90395576.00000000 56718040.00000000 143205728.00000000 53030.48828125  4366673.00000000 3458007.75000000 
0.05600    88561536.00000000 55580008.00000000 140316816.00000000 51655.46875000  4265205.00000000 3377988.75000000 
0.05700    86741520.00000000 54450264.00000000 137448240.00000000 50296.15625000  4164664.00000000 3298704.75000000 
0.05800    84936264.00000000 53329472.00000000 134602736.00000000 48953.49609375  4065129.00000000 3220199.75000000 
0.05900    83146408.00000000 52218508.00000000 131783448.00000000 47628.65625000  3966714.25000000 3142560.00000000 
0.06000    81374576.00000000 51118200.00000000 128991144.00000000 46322.45703125  3869427.50000000 3065821.50000000 
0.06100    79621944.00000000 50029524.00000000 126228256.00000000 45036.16796875  3773390.50000000 2990062.00000000 
0.06200    77888336.00000000 48952980.00000000 123495848.00000000 43770.12109375  3678659.75000000 2915312.75000000 
0.06300    76176208.00000000 47889428.00000000 120796352.00000000 42525.41406250  3585280.75000000 2841640.75000000 
0.06400    74486384.00000000 46839068.00000000 118131936.00000000 41302.89843750  3493316.75000000 2769043.00000000 
0.06500    72819336.00000000 45803056.00000000 115503680.00000000 40102.97265625  3402808.75000000 2697626.00000000 
0.06600    71176464.00000000 44781936.00000000 112913024.00000000 38926.48828125  3313821.50000000 2627369.75000000 
0.06700    69558512.00000000 43775828.00000000 110361216.00000000 37773.78125000  3226400.50000000 2558358.50000000 
0.06800    67966464.00000000 42785928.00000000 107849800.00000000 36645.49609375  3140580.50000000 2490626.00000000 
0.06900    66400864.00000000 41812440.00000000 105381080.00000000 35541.83984375  3056428.50000000 2424169.50000000 
0.07000    64862932.00000000 40855616.00000000 102954728.00000000 34463.94921875  2973928.50000000 2359028.75000000 
0.07100    63353216.00000000 39916416.00000000 100572200.00000000 33411.58203125  2893145.50000000 2295212.00000000 
0.07200    61871312.00000000 38994296.00000000 98235224.00000000 32384.86328125  2814111.75000000 2232791.00000000 
0.07300    60419544.00000000 38090524.00000000 95943808.00000000 31384.59765625  2736864.00000000 2171761.00000000 
0.07400    58996892.00000000 37205252.00000000 93699016.00000000 30410.55468750  2661374.25000000 2112114.00000000 
0.07500    57604464.00000000 36338216.00000000 91501320.00000000 29462.98632812  2587706.75000000 2053893.37500000 
0.07600    56242448.00000000 35490156.00000000 89352392.00000000 28541.91796875  2515839.50000000 1997098.87500000 
0.07700    54911620.00000000 34661284.00000000 87251152.00000000 27647.65625000  2445799.25000000 1941737.75000000 
0.07800    53611656.00000000 33851120.00000000 85199024.00000000 26779.84960938  2377608.75000000 1887825.37500000 
0.07900    52343100.00000000 33060580.00000000 83195752.00000000 25938.58203125  2311251.75000000 1835358.25000000 
0.08000    51106108.00000000 32289504.00000000 81242640.00000000 25123.79101562  2246732.50000000 1784334.87500000 
0.08100    49900472.00000000 31538106.00000000 79338880.00000000 24335.31445312  2184071.50000000 1734766.62500000 
0.08200    48726696.00000000 30806074.00000000 77484608.00000000 23572.69531250  2123208.50000000 1686623.87500000 
0.08300    47584436.00000000 30093678.00000000 75680424.00000000 22836.05468750  2064183.12500000 1639924.12500000 
0.08400    46473612.00000000 29400826.00000000 73925928.00000000 22125.16796875  2006971.00000000 1594642.75000000 
0.08500    45394620.00000000 28727394.00000000 72221304.00000000 21439.35156250  1951551.75000000 1550783.37500000 
0.08600    44346656.00000000 28073554.00000000 70564824.00000000 20778.48046875  1897914.00000000 1508329.37500000 
0.08700    43329880.00000000 27438840.00000000 68958392.00000000 20142.06640625  1846063.12500000 1467264.37500000 
0.08800    42344332.00000000 26823178.00000000 67400088.00000000 19529.89062500  1795926.50000000 1427556.75000000 
0.08900    41388988.00000000 26226752.00000000 65890596.00000000 18941.41210938  1747517.00000000 1389215.50000000 
0.09000    40464288.00000000 25649044.00000000 64428396.00000000 18376.08398438  1700800.50000000 1352198.62500000 
0.09100    39569396.00000000 25089974.00000000 63013696.00000000 17833.58203125  1655738.50000000 1316489.75000000 
0.09200    38703904.00000000 24549258.00000000 61645220.00000000 17313.11718750  1612310.37500000 1282081.25000000 
0.09300    37867808.00000000 24026708.00000000 60323024.00000000 16814.46093750  1570486.00000000 1248926.12500000 
0.09400    37060356.00000000 23521654.00000000 59045860.00000000 16336.71093750  1530229.50000000 1216996.62500000 
0.09500    36280900.00000000 23034402.00000000 57812988.00000000 15879.53320312  1491492.75000000 1186285.00000000 
0.09600    35529224.00000000 22564188.00000000 56623924.00000000 15442.34472656  1454265.12500000 1156743.12500000 
0.09700    34804772.00000000 22110946.00000000 55477432.00000000 15024.45312500  1418487.75000000 1128361.12500000 
0.09800    34106668.00000000 21674184.00000000 54372960.00000000 14625.20800781  1384132.62500000 1101091.50000000 
0.09900    33434490.00000000 21253392.00000000 53309368.00000000 14244.05664062  1351163.87500000 1074915.00000000 
0.10000    32787622.00000000 20848588.00000000 52285584.00000000 13880.23925781  1319524.37500000 1049783.25000000 
0.10100    32165184.00000000 20458956.00000000 51300552.00000000 13533.12890625  1289171.87500000 1025683.00000000 
0.10200    31567040.00000000 20084224.00000000 50353372.00000000 13202.09179688  1260076.00000000 1002560.75000000 
0.10300    30991900.00000000 19724118.00000000 49443120.00000000 12886.63671875  1232194.75000000 980404.87500000 
0.10400    30439526.00000000 19377978.00000000 48568484.00000000 12585.93945312  1205472.00000000 959161.56250000 
0.10500    29909124.00000000 19045626.00000000 47728496.00000000 12299.40820312  1179871.62500000 938807.50000000 
0.10600    29399562.00000000 18726316.00000000 46921788.00000000 12026.20410156  1155347.25000000 919296.18750000 
0.10700    28910516.00000000 18419978.00000000 46147736.00000000 11765.92578125  1131859.25000000 900606.50000000 
0.10800    28441416.00000000 18125852.00000000 45404548.00000000 11517.81054688  1109349.25000000 882697.31250000 
0.10900    27991088.00000000 17843570.00000000 44691164.00000000 11281.18359375  1087791.37500000 865533.12500000 
0.11000    27559038.00000000 17572782.00000000 44006684.00000000 11055.59960938  1067130.87500000 849079.31250000 
0.11100    27144416.00000000 17312870.00000000 43350192.00000000 10840.21191406  1047327.56250000 833310.00000000 
0.11200    26746466.00000000 17063332.00000000 42719660.00000000 10634.50488281  1028329.75000000 818174.50000000 
0.11300    26364496.00000000 16823740.00000000 42114448.00000000 10437.91601562  1010112.06250000 803650.75000000 
0.11400    25997958.00000000 16593976.00000000 41533444.00000000 10249.79687500  992613.68750000 789700.56250000 
0.11500    25645748.00000000 16373124.00000000 40975696.00000000 10069.66992188  975799.81250000 776296.75000000 
0.11600    25307330.00000000 16160866.00000000 40439424.00000000 9896.87500000   959629.62500000 763405.18750000 
0.11700    24981734.00000000 15956975.00000000 39924264.00000000 9730.94824219   944073.43750000 750993.18750000 
0.11800    24668738.00000000 15760539.00000000 39427944.00000000 9571.26269531   929078.37500000 739021.93750000 
0.11900    24367316.00000000 15571692.00000000 38950396.00000000 9417.35253906   914605.18750000 727472.50000000 
0.12000    24076666.00000000 15389505.00000000 38489944.00000000 9268.87011719   900627.68750000 716308.93750000 
0.12100    23796526.00000000 15213936.00000000 38046348.00000000 9125.27441406   887100.81250000 705508.06250000 
0.12200    23525690.00000000 15044287.00000000 37617560.00000000 8985.99218750   873989.18750000 695042.62500000 
0.12300    23263990.00000000 14880282.00000000 37202852.00000000 8850.71777344   861272.62500000 684880.62500000 
0.12400    23010576.00000000 14721512.00000000 36801680.00000000 8719.00683594   848899.37500000 675000.87500000 
0.12500    22764698.00000000 14567549.00000000 36412116.00000000 8590.49804688   836845.81250000 665367.62500000 
0.12600    22525972.00000000 14418284.00000000 36034484.00000000 8464.87011719   825091.62500000 655976.06250000 
0.12700    22293860.00000000 14272885.00000000 35666884.00000000 8341.64453125   813591.00000000 646788.25000000 
0.12800    22067486.00000000 14131334.00000000 35308748.00000000 8220.57910156   802327.37500000 637793.56250000 
0.12900    21846622.00000000 13993188.00000000 34959240.00000000 8101.36425781   791275.87500000 628957.25000000 
0.13000    21630574.00000000 13858045.00000000 34617072.00000000 7983.79931641   780403.93750000 620270.87500000 
0.13100    21418874.00000000 13725755.00000000 34282372.00000000 7867.41259766   769691.75000000 611711.31250000 
0.13200    21211034.00000000 13595796.00000000 33953496.00000000 7752.18066406   759116.25000000 603263.81250000 
0.13300    21006654.00000000 13468131.00000000 33630088.00000000 7637.72802734   748665.25000000 594909.25000000 
0.13400    20805222.00000000 13342321.00000000 33311724.00000000 7523.95458984   738305.68750000 586637.75000000 
0.13500    20606282.00000000 13218164.00000000 32997292.00000000 7410.63964844   728031.12500000 578425.75000000 
0.13600    20409646.00000000 13095343.00000000 32686224.00000000 7297.61767578   717821.25000000 570267.62500000 
0.13700    20214858.00000000 12973688.00000000 32377984.00000000 7184.74365234   707657.62500000 562151.75000000 
0.13800    20021356.00000000 12852901.00000000 32072088.00000000 7071.89111328   697527.00000000 554065.62500000 
0.13900    19828970.00000000 12732906.00000000 31767960.00000000 6958.96826172   687427.06250000 545995.75000000 
0.14000    19637384.00000000 12613373.00000000 31465252.00000000 6845.92871094   677334.50000000 537935.68750000 
0.14100    19446450.00000000 12494203.00000000 31163314.00000000 6732.58886719   667240.43750000 529882.93750000 
0.14200    19255780.00000000 12375174.00000000 30861802.00000000 6618.97900391   657143.81250000 521819.62500000 
0.14300    19064940.00000000 12256192.00000000 30560368.00000000 6505.04882812   647030.00000000 513748.65625000 
0.14400    18873902.00000000 12137028.00000000 30258268.00000000 6390.69726562   636895.31250000 505659.09375000 
0.14500    18682624.00000000 12017676.00000000 29955926.00000000 6276.00878906   626734.93750000 497553.56250000 
0.14600    18490726.00000000 11897810.00000000 29652572.00000000 6160.94628906   616546.43750000 489423.62500000 
0.14700    18298044.00000000 11777655.00000000 29347996.00000000 6045.56494141   606321.18750000 481270.78125000 
0.14800    18104598.00000000 11656761.00000000 29042044.00000000 5929.72705078   596066.87500000 473085.21875000 
0.14900    17910064.00000000 11535336.00000000 28734476.00000000 5813.66259766   585768.37500000 464875.21875000 
0.15000    17714424.00000000 11413200.00000000 28425146.00000000 5697.26708984   575437.81250000 456637.03125000 
0.15100    17517588.00000000 11290216.00000000 28113834.00000000 5580.70458984   565075.56250000 448368.34375000 
0.15200    17319606.00000000 11166432.00000000 27800676.00000000 5464.02832031   554675.06250000 440076.21875000 
0.15300    17120310.00000000 11041875.00000000 27485482.00000000 5347.23730469   544243.06250000 431758.65625000 
0.15400    16919588.00000000 10916389.00000000 27167766.00000000 5230.38867188   533783.06250000 423419.06250000 
0.15500    16717597.00000000 10790010.00000000 26848192.00000000 5113.69531250   523296.93750000 415059.37500000 
0.15600    16514269.00000000 10662717.00000000 26526426.00000000 4997.11767578   512785.71875000 406677.84375000 
0.15700    16309706.00000000 10534610.00000000 26202474.00000000 4880.87109375   502268.37500000 398291.37500000 
0.15800    16103729.00000000 10405530.00000000 25876180.00000000 4764.93017578   491731.90625000 389891.75000000 
0.15900    15896594.00000000 10275614.00000000 25548106.00000000 4649.48974609   481195.12500000 381490.00000000 
0.16000    15688139.00000000 10144957.00000000 25217780.00000000 4534.53710938   470658.75000000 373090.50000000 
0.16100    15478545.00000000 10013466.00000000 24885774.00000000 4420.33203125   460133.21875000 364698.56250000 
0.16200    15267969.00000000 9881221.00000000 24551776.00000000 4306.90966797   449620.40625000 356318.65625000 
0.16300    15056305.00000000 9748252.00000000 24216344.00000000 4194.31982422   439132.68750000 347955.18750000 
0.16400    14843834.00000000 9614718.00000000 23879208.00000000 4082.71752930   428674.09375000 339616.21875000 
0.16500    14630474.00000000 9480545.00000000 23540776.00000000 3972.23559570   418252.37500000 331309.46875000 
0.16600    14416444.00000000 9345812.00000000 23201152.00000000 3862.94628906   407880.34375000 323035.71875000 
0.16700    14201853.00000000 9210689.00000000 22860402.00000000 3754.92749023   397558.90625000 314804.90625000 
0.16800    13986688.00000000 9075166.00000000 22518802.00000000 3648.28808594   387300.28125000 306623.71875000 
0.16900    13771241.00000000 8939358.00000000 22176626.00000000 3543.20703125   377113.84375000 298500.75000000 
0.17000    13555624.00000000 8803310.00000000 21834090.00000000 3439.69165039   367001.75000000 290433.78125000 
0.17100    13339889.00000000 8667094.00000000 21491254.00000000 3337.81884766   356977.09375000 282437.65625000 
0.17200    13124172.00000000 8530834.00000000 21148234.00000000 3237.75927734   347045.59375000 274516.84375000 
0.17300    12908722.00000000 8394640.00000000 20805548.00000000 3139.54052734   337217.03125000 266675.40625000 
0.17400    12693571.00000000 8258505.50000000 20463448.00000000 3043.27368164   327499.56250000 258922.79687500 
0.17500    12478911.00000000 8122633.00000000 20121586.00000000 2948.98583984   317895.21875000 251259.93750000 
0.17600    12264764.00000000 7986935.50000000 19780722.00000000 2856.73559570   308414.12500000 243693.84375000 
0.17700    12051514.00000000 7851739.50000000 19441104.00000000 2766.67944336   299068.43750000 236232.90625000 
0.17800    11839012.00000000 7716911.00000000 19102562.00000000 2678.76611328   289853.12500000 228879.18750000 
0.17900    11627730.00000000 7582699.00000000 18765744.00000000 2593.12622070   280784.53125000 221642.76562500 
0.18000    11417490.00000000 7449102.00000000 18430506.00000000 2509.76000977   271865.43750000 214521.31250000 
0.18100    11208666.00000000 7316314.00000000 18097342.00000000 2428.77636719   263108.43750000 207526.96875000 
0.18200    11001176.00000000 7184237.50000000 17766466.00000000 2350.07958984   254503.50000000 200657.21875000 
0.18300    10795333.00000000 7053073.00000000 17437768.00000000 2273.80639648   246067.45312500 193921.12500000 
0.18400    10591102.00000000 6922873.50000000 17111700.00000000 2199.94750977   237802.56250000 187318.10937500 
0.18500    10388789.00000000 6793801.00000000 16788524.00000000 2128.52929688   229711.46875000 180855.42187500 
0.18600    10188344.00000000 6665811.00000000 16468123.00000000 2059.55493164   221798.92187500 174535.39062500 
0.18700    9990020.00000000 6539065.50000000 16151101.00000000 1993.02636719   214069.03125000 168358.14062500 
0.18800    9793829.00000000 6413565.50000000 15837279.00000000 1928.93078613   206523.59375000 162328.85937500 
0.18900    9599959.00000000 6289428.00000000 15527010.00000000 1867.34082031   199167.76562500 156450.32812500 
0.19000    9408360.00000000 6166670.00000000 15220303.00000000 1808.09179688   191997.40625000 150719.01562500 
0.19100    9219399.00000000 6045449.50000000 14917683.00000000 1751.33007812   185027.90625000 145146.07812500 
0.19200    9032875.00000000 5925727.50000000 14618770.00000000 1696.92053223   178243.59375000 139723.64062500 
0.19300    8849118.00000000 5807577.50000000 14324183.00000000 1644.92932129   171658.09375000 134459.23437500 
0.19400    8667933.00000000 5691081.50000000 14033664.00000000 1595.25061035   165264.46875000 129346.95312500 
0.19500    8489588.00000000 5576311.00000000 13747553.00000000 1547.86987305   159068.98437500 124391.18750000 
0.19600    8314082.00000000 5463223.50000000 13465851.00000000 1502.75720215   153068.45312500 119590.96875000 
0.19700    8141577.50000000 5351939.00000000 13188843.00000000 1459.87573242   147262.84375000 114946.44531250 
0.19800    7971999.00000000 5242441.50000000 12916281.00000000 1419.14611816   141649.93750000 110456.38281250 
0.19900    7805477.50000000 5134800.50000000 12648615.00000000 1380.56982422   136232.67187500 106120.91406250 
0.20000    7642014.00000000 5028999.50000000 12385673.00000000 1344.03698730   131002.61718750 101936.11718750 
0.20100    7481593.50000000 4925177.00000000 12127645.00000000 1309.52722168   125964.56250000 97903.91406250  
0.20200    7324312.50000000 4823207.00000000 11874352.00000000 1276.99084473   121112.09375000 94019.39843750  
0.20300    7170219.50000000 4723209.00000000 11626128.00000000 1246.33630371   116446.50000000 90284.05468750  
0.20400    7019270.50000000 4625145.50000000 11382845.00000000 1217.51538086   111960.82812500 86693.18750000  
0.20500    6871501.00000000 4529032.50000000 11144665.00000000 1190.46057129   107654.33593750 83246.42187500  
0.20600    6726904.50000000 4434900.50000000 10911259.00000000 1165.09277344   103522.22656250 79937.90625000  
0.20700    6585485.00000000 4342719.50000000 10683109.00000000 1141.36303711   99564.00781250  76768.18750000  
0.20800    6447257.50000000 4252488.00000000 10459804.00000000 1119.18969727   95771.17968750  73730.98437500  
0.20900    6312255.50000000 4164336.00000000 10241638.00000000 1098.55297852   92147.46875000  70829.14062500  
0.21000    6180312.50000000 4078049.25000000 10028310.00000000 1079.30554199   88679.09375000  68051.25000000  
0.21100    6051567.00000000 3993745.00000000 9820007.00000000 1061.41357422   85368.56250000  65400.03125000  
0.21200    5925897.00000000 3911393.25000000 9616594.00000000 1044.80456543   82207.79687500  62868.78906250  
0.21300    5803259.50000000 3830941.50000000 9418009.00000000 1029.39843750   79193.26562500  60454.87500000  
0.21400    5683747.00000000 3752448.75000000 9224371.00000000 1015.14855957   76321.91406250  58155.30468750  
0.21500    5567216.50000000 3675795.50000000 9035443.00000000 1002.00061035   73588.78906250  55967.08984375  
0.21600    5453626.00000000 3600993.25000000 8851208.00000000 989.82208252    70984.67968750  53882.56250000  
0.21700    5342991.00000000 3528085.00000000 8671559.00000000 978.60772705    68510.18750000  51901.25000000  
0.21800    5235244.50000000 3456945.25000000 8496637.00000000 968.27270508    66156.15625000  50017.11718750  
0.21900    5130209.50000000 3387576.00000000 8325899.50000000 958.73742676    63918.76953125  48226.00000000  
0.22000    5028026.00000000 3319991.50000000 8159758.00000000 949.94787598    61792.81640625  46525.26953125  
0.22100    4928594.50000000 3254132.50000000 7997965.00000000 941.87963867    59775.77734375  44912.01562500  
0.22200    4831749.00000000 3189954.50000000 7840410.00000000 934.42523193    57860.67578125  43379.90625000  
0.22300    4737502.00000000 3127400.75000000 7686895.50000000 927.54089355    56040.44140625  41924.84765625  
0.22400    4645749.00000000 3066453.25000000 7537457.00000000 921.17242432    54312.37109375  40543.67968750  
0.22500    4556535.50000000 3007143.50000000 7392005.50000000 915.31677246    52673.73046875  39234.26953125  
0.22600    4469672.00000000 2949296.25000000 7250279.50000000 909.84735107    51114.57812500  37988.72656250  
0.22700    4385145.00000000 2892996.25000000 7112431.50000000 904.77124023    49635.24218750  36807.43750000  
0.22800    4302896.50000000 2838120.25000000 6978147.00000000 900.02575684    48226.58593750  35683.70703125  
0.22900    4222789.00000000 2784664.25000000 6847282.50000000 895.55645752    46885.94140625  34614.38281250  
0.23000    4144867.75000000 2732571.00000000 6719922.50000000 891.35510254    45609.92968750  33597.26953125  
0.23100    4069017.00000000 2681826.25000000 6595884.50000000 887.36602783    44393.37500000  32628.08007812  
0.23200    3995110.75000000 2632348.50000000 6475011.50000000 883.54858398    43230.41796875  31702.77148438  
0.23300    3923119.50000000 2584116.50000000 6357206.50000000 879.87420654    42119.53906250  30819.15429688  
0.23400    3852992.75000000 2537095.50000000 6242428.50000000 876.33728027    41056.03515625  29973.58007812  
0.23500    3784599.25000000 2491202.25000000 6130411.00000000 872.86486816    40034.14453125  29161.54882812  
0.23600    3717939.25000000 2446460.75000000 6021275.50000000 869.48455811    39053.42187500  28383.28515625  
0.23700    3652929.50000000 2402787.50000000 5914782.50000000 866.15100098    38109.12109375  27633.57812500  
0.23800    3589527.75000000 2360148.75000000 5810812.50000000 862.84027100    37197.66796875  26911.36132812  
0.23900    3527567.75000000 2318504.50000000 5709318.50000000 859.54064941    36315.09765625  26212.09570312  
0.24000    3467111.50000000 2277814.50000000 5610097.50000000 856.23883057    35460.27734375  25535.15039062  
0.24100    3408035.50000000 2238055.50000000 5513283.00000000 852.95288086    34630.51953125  24878.66210938  
0.24200    3350290.25000000 2199181.25000000 5418532.00000000 849.62677002    33821.95703125  24238.89257812  
0.24300    3293819.75000000 2161143.00000000 5325866.00000000 846.26947021    33031.81640625  23614.83398438  
0.24400    3238515.00000000 2123905.50000000 5235171.50000000 842.88024902    32258.71875000  23004.46679688  
0.24500    3184386.75000000 2087427.87500000 5146376.50000000 839.44653320    31499.92968750  22405.10742188  
0.24600    3131332.00000000 2051694.87500000 5059320.00000000 835.97894287    30754.25976562  21816.89648438  
0.24700    3079371.75000000 2016685.50000000 4974060.50000000 832.47149658    30020.44921875  21237.67773438  
0.24800    3028393.75000000 1982356.50000000 4890403.50000000 828.92486572    29295.56640625  20665.80273438  
0.24900    2978338.25000000 1948640.37500000 4808277.50000000 825.33337402    28578.13671875  20100.14648438  
0.25000    2929184.00000000 1915549.37500000 4727670.50000000 821.72668457    27868.28320312  19540.34960938  
0.25100    2880874.00000000 1883028.12500000 4648405.50000000 818.07775879    27162.92578125  18984.20117188  
0.25200    2833458.25000000 1851104.00000000 4570655.50000000 814.43322754    26464.82031250  18433.52734375  
0.25300    2786767.25000000 1819685.87500000 4494069.50000000 810.76977539    25769.29687500  17884.48632812  
0.25400    2740822.75000000 1788802.50000000 4418753.50000000 807.10314941    25077.06054688  17338.10156250  
0.25500    2695554.75000000 1758366.12500000 4344581.50000000 803.43798828    24387.35351562  16793.51953125  
0.25600    2650983.00000000 1728421.25000000 4271534.00000000 799.79547119    23700.25976562  16251.13574219  
0.25700    2607034.00000000 1698912.50000000 4199550.00000000 796.18115234    23014.52734375  15709.31640625  
0.25800    2563708.50000000 1669846.62500000 4128562.00000000 792.61273193    22331.46875000  15169.54980469  
0.25900    2520964.75000000 1641176.25000000 4058588.75000000 789.08959961    21649.84570312  14630.73730469  
0.26000    2478790.00000000 1612892.37500000 3989536.50000000 785.63677979    20970.63476562  14092.86328125  
0.26100    2437099.50000000 1584975.50000000 3921313.25000000 782.24603271    20291.77929688  13555.44531250  
0.26200    2395974.50000000 1557452.50000000 3854070.75000000 778.96740723    19617.42578125  13021.40136719  
0.26300    2355308.25000000 1530244.25000000 3787536.25000000 775.76550293    18943.20312500  12486.97851562  
0.26400    2315134.25000000 1503389.75000000 3721858.75000000 772.68475342    18273.36328125  11955.24414062  
0.26500    2275440.25000000 1476853.62500000 3656987.00000000 769.72723389    17606.71289062  11425.99023438  
0.26600    2236162.75000000 1450636.25000000 3592802.25000000 766.90673828    16943.62109375  10898.81054688  
0.26700    2197362.75000000 1424733.87500000 3529405.25000000 764.23876953    16285.59082031  10375.68066406  
0.26800    2158969.25000000 1399129.00000000 3466720.00000000 761.73028564    15632.75292969  9855.96582031   
0.26900    2120965.50000000 1373821.12500000 3404679.00000000 759.37762451    14984.94433594  9339.58691406   
0.27000    2083403.37500000 1348792.50000000 3343375.25000000 757.21350098    14344.61328125  8828.96386719   
0.27100    2046236.25000000 1324062.62500000 3282712.75000000 755.21868896    13710.57617188  8323.06933594   
0.27200    2009511.25000000 1299610.75000000 3222808.25000000 753.44982910    13086.87109375  7824.45507812   
0.27300    1973119.25000000 1275432.87500000 3163463.75000000 751.86645508    12470.28906250  7330.91845703   
0.27400    1937085.50000000 1251486.00000000 3104736.50000000 750.47027588    11861.70996094  6843.43603516   
0.27500    1901538.75000000 1227870.37500000 3046758.75000000 749.31579590    11266.37890625  6366.20556641   
0.27600    1866293.50000000 1204476.12500000 2989333.25000000 748.35961914    10679.70214844  5895.22998047   
0.27700    1831505.37500000 1181389.62500000 2932639.50000000 747.65734863    10107.14160156  5435.17822266   
0.27800    1797075.75000000 1158542.87500000 2876549.00000000 747.16778564    9546.58105469   4983.76708984   
0.27900    1763054.87500000 1135981.37500000 2821120.25000000 746.91198730    9000.20117188   4543.24755859   
0.28000    1729417.12500000 1113688.37500000 2766349.25000000 746.89721680    8467.81250000   4113.60595703   
0.28100    1696194.25000000 1091660.37500000 2712232.50000000 747.11187744    7950.45312500   3695.46386719   
0.28200    1663380.62500000 1069923.12500000 2658784.75000000 747.56433105    7449.78613281   3289.91479492   
0.28300    1630960.12500000 1048456.81250000 2606005.25000000 748.24768066    6965.22509766   2896.77172852   
0.28400    1598956.87500000 1027251.37500000 2553880.00000000 749.16235352    6497.72558594   2516.65185547   
0.28500    1567384.87500000 1006344.31250000 2502490.50000000 750.32080078    6048.92578125   2151.14770508   
0.28600    1536219.37500000 985698.25000000 2451718.00000000 751.69177246    5617.23583984   1798.91821289   
0.28700    1505493.62500000 965351.12500000 2401684.25000000 753.29064941    5205.29296875   1462.09191895   
0.28800    1475182.25000000 945279.37500000 2352333.25000000 755.11718750    4812.81054688   1139.79602051   
0.28900    1445348.12500000 925526.93750000 2303745.25000000 757.14965820    4440.81152344   833.86572266    
0.29000    1415926.00000000 906036.62500000 2255827.00000000 759.38800049    4088.29394531   542.90570068    
0.29100    1386997.37500000 886863.12500000 2208692.00000000 761.84106445    3757.36547852   269.13934326    
0.29200    1358496.75000000 867983.06250000 2162257.00000000 764.47863770    3447.29809570   11.37019157     
0.29300    1330477.00000000 849411.12500000 2116605.25000000 767.30798340    3159.34033203   -228.89424133   
0.29400    1302891.62500000 831122.87500000 2071645.50000000 770.29919434    2891.17553711   -453.93237305   
0.29500    1275815.25000000 813167.93750000 2027513.12500000 773.47558594    2646.67626953   -660.30462646   
0.29600    1249190.00000000 795499.62500000 1984109.37500000 776.79870605    2422.76245117   -850.36779785   
0.29700    1223041.12500000 778150.68750000 1941450.12500000 780.26721191    2220.41650391   -1023.72930908  
0.29800    1197390.75000000 761112.68750000 1899619.62500000 783.88146973    2040.90124512   -1178.88708496  
0.29900    1172245.62500000 744406.37500000 1858570.00000000 787.62683105    1883.80310059   -1316.57543945  
0.30000    1147555.25000000 728002.31250000 1818284.62500000 791.47082520    1747.10607910   -1437.97045898  
0.30100    1123396.62500000 711929.06250000 1778829.87500000 795.42742920    1633.27587891   -1541.31152344  
0.30200    1099689.62500000 696153.06250000 1740115.00000000 799.47723389    1539.81787109   -1628.48693848  
0.30300    1076519.37500000 680717.06250000 1702242.00000000 803.61096191    1468.77685547   -1697.92956543  
0.30400    1053858.25000000 665608.18750000 1665187.37500000 807.81854248    1418.86340332   -1750.63403320  
0.30500    1031658.56250000 650800.81250000 1628876.87500000 812.06756592    1388.38586426   -1787.83007812  
0.30600    1009955.43750000 636319.50000000 1593372.12500000 816.35650635    1378.45300293   -1808.72949219  
0.30700    988794.43750000 622175.75000000 1558725.50000000 820.69299316    1389.87451172   -1812.53039551  
0.30800    968087.43750000 608328.75000000 1524822.12500000 825.04248047    1419.46704102   -1801.96032715  
0.30900    947916.50000000 594821.50000000 1491748.25000000 829.41217041    1469.18957520   -1775.25537109  
0.31000    928231.50000000 581634.37500000 1459486.75000000 833.76751709    1536.87707520   -1733.76892090  
0.31100    909018.81250000 568748.43750000 1427958.75000000 838.10906982    1622.62133789   -1678.10876465  
0.31200    890310.87500000 556186.06250000 1397259.62500000 842.42907715    1726.11035156   -1608.25280762  
0.31300    872082.68750000 543938.68750000 1367316.50000000 846.69860840    1846.23132324   -1524.88256836  
0.31400    854367.25000000 532013.93750000 1338198.25000000 850.93658447    1983.46008301   -1427.61889648  
0.31500    837101.37500000 520381.68750000 1309806.12500000 855.10266113    2135.50756836   -1318.36914062  
0.31600    820320.93750000 509061.18750000 1282196.50000000 859.20336914    2303.15576172   -1196.55065918  
0.31700    804013.68750000 498052.43750000 1255343.62500000 863.23468018    2485.53027344   -1062.72155762  
0.31800    788158.12500000 487329.93750000 1229211.00000000 867.15472412    2680.12939453   -918.71685791   
0.31900    772785.87500000 476921.81250000 1203868.12500000 871.00231934    2889.62939453   -762.40594482   
0.32000    757860.18750000 466799.53125000 1179223.37500000 874.73040771    3110.69628906   -597.05731201   
0.32100    743361.18750000 456959.03125000 1155282.62500000 878.34320068    3343.19970703   -421.77111816   
0.32200    729326.75000000 447420.40625000 1132102.62500000 881.83496094    3587.33300781   -236.84880066   
0.32300    715689.68750000 438138.06250000 1109545.87500000 885.18829346    3840.70727539   -44.77461243    
0.32400    702485.81250000 429136.84375000 1087694.37500000 888.40283203    4103.72509766   155.96345520    
0.32500    689698.06250000 420409.46875000 1066517.12500000 891.47875977    4375.12255859   363.57608032    
0.32600    677311.68750000 411949.68750000 1045984.00000000 894.39666748    4654.85253906   578.36749268    
0.32700    665330.31250000 403751.90625000 1026113.50000000 897.15911865    4942.04394531   799.39337158    
0.32800    653761.43750000 395821.56250000 1006906.50000000 899.77239990    5236.11279297   1026.69750977   
0.32900    642535.62500000 388122.34375000 988266.31250000 902.20739746    5535.45312500   1258.37622070   
0.33000    631704.06250000 380674.81250000 970258.37500000 904.48101807    5840.36279297   1495.12036133   
0.33100    621195.68750000 373451.84375000 952787.93750000 906.56274414    6148.60839844   1734.91394043   
0.33200    611097.25000000 366493.96875000 935976.50000000 908.49261475    6462.95898438   1980.00598145   
0.33300    601315.50000000 359742.28125000 919679.12500000 910.22003174    6778.78173828   2227.09423828   
0.33400    591868.06250000 353222.46875000 903938.43750000 911.77136230    7097.69189453   2476.95800781   
0.33500    582741.06250000 346911.75000000 888706.62500000 913.14025879    7418.12060547   2728.67138672   
0.33600    573924.68750000 340811.78125000 874011.56250000 914.32440186    7739.64843750   2981.89135742   
0.33700    565411.25000000 334917.87500000 859795.75000000 915.31835938    8062.02783203   3236.28686523   
0.33800    557208.87500000 329229.78125000 846093.43750000 916.13507080    8384.81542969   3491.54638672   
0.33900    549265.18750000 323719.78125000 832812.50000000 916.74957275    8706.27734375   3746.34130859   
0.34000    541611.68750000 318401.31250000 820018.37500000 917.18176270    9027.08886719   4001.21240234   
0.34100    534220.25000000 313265.59375000 807660.87500000 917.42962646    9346.38671875   4255.23242188   
0.34200    527110.06250000 308324.68750000 795769.50000000 917.50207520    9664.63671875   4509.22265625   
0.34300    520214.81250000 303530.93750000 784225.81250000 917.37597656    9979.20996094   4760.66796875   
0.34400    513589.46875000 298919.21875000 773146.56250000 917.08471680    10291.93847656  5011.45898438   
0.34500    507174.65625000 294452.53125000 762402.87500000 916.60546875    10600.59863281  5259.45703125   
0.34600    501014.12500000 290167.15625000 752091.87500000 915.95697021    10906.75585938  5506.03857422   
0.34700    495019.81250000 285994.09375000 742057.68750000 915.11999512    11207.05078125  5748.78173828   
0.34800    489249.46875000 281983.90625000 732407.68750000 914.12042236    11503.67480469  5988.71093750   
0.34900    483681.50000000 278111.84375000 723096.75000000 912.95574951    11795.93750000  6225.92089844   
0.35000    478298.43750000 274370.87500000 714085.68750000 911.61810303    12082.69042969  6459.02001953   
0.35100    473118.96875000 270773.90625000 705419.81250000 910.13195801    12364.99511719  6689.47753906   
0.35200    468064.65625000 267269.03125000 696982.68750000 908.47979736    12640.28417969  6914.55712891   
0.35300    463191.06250000 263895.96875000 688852.56250000 906.66931152    12910.06835938  7135.89599609   
0.35400    458494.90625000 260645.98437500 681009.62500000 904.72668457    13174.32617188  7353.35400391   
0.35500    453941.81250000 257501.46875000 673421.56250000 902.62670898    13432.00878906  7566.09326172   
0.35600    449514.56250000 254450.07812500 666049.81250000 900.38604736    13683.04296875  7773.90380859   
0.35700    445239.90625000 251507.00000000 658936.31250000 898.01147461    13927.80859375  7977.14697266   
0.35800    441104.25000000 248669.29687500 652065.75000000 895.51116943    14166.08007812  8175.87451172   
0.35900    437088.62500000 245921.82812500 645404.43750000 892.87841797    14397.41503906  8369.16601562   
0.36000    433211.84375000 243272.17187500 638976.93750000 890.13952637    14622.59277344  8558.13574219   
0.36100    429425.37500000 240692.85937500 632714.31250000 887.26574707    14839.75000000  8741.10253906   
0.36200    425798.53125000 238227.56250000 626718.25000000 884.30090332    15051.66308594  8920.20410156   
0.36300    422224.40625000 235806.31250000 620819.06250000 881.20629883    15254.76660156  9092.78906250   
0.36400    418754.68750000 233469.82812500 615111.00000000 878.01202393    15451.13769531  9260.19140625   
0.36500    415383.50000000 231201.70312500 609562.68750000 874.72192383    15640.48632812  9422.36132812   
0.36600    412135.96875000 229022.31250000 604232.56250000 871.35137939    15823.83105469  9580.07031250   
0.36700    408936.96875000 226888.06250000 599001.93750000 867.87152100    15998.83105469  9731.37304688   
0.36800    405879.87500000 224853.20312500 594002.50000000 864.33898926    16169.03710938  9879.06250000   
0.36900    402885.90625000 222867.12500000 589113.81250000 860.71484375    16331.65136719  10020.98046875  
0.37000    399933.62500000 220921.15625000 584304.18750000 856.99517822    16485.96093750  10156.50195312  
0.37100    397067.68750000 219036.85937500 579652.68750000 853.21295166    16634.03125000  10287.23828125  
0.37200    394309.37500000 217226.85937500 575180.00000000 849.38488770    16776.76953125  10414.01171875  
0.37300    391594.59375000 215455.10937500 570783.18750000 845.47851562    16911.81250000  10534.77539062  
0.37400    388964.65625000 213746.84375000 566536.87500000 841.52423096    17041.71093750  10651.31835938  
0.37500    386403.25000000 212086.14062500 562403.68750000 837.51708984    17165.07031250  10762.96484375  
0.37600    383911.71875000 210480.31250000 558396.00000000 833.46014404    17282.10937500  10869.73144531  
0.37700    381465.09375000 208907.85937500 554461.18750000 829.34918213    17392.60742188  10971.19238281  
0.37800    379093.21875000 207388.00000000 550661.06250000 825.19799805    17497.99218750  11068.76660156  
0.37900    376800.62500000 205926.56250000 546992.43750000 821.01666260    17598.23437500  11162.26562500  
0.38000    374548.90625000 204493.06250000 543392.81250000 816.79559326    17692.07812500  11250.71777344  
0.38100    372343.03125000 203092.12500000 539871.50000000 812.53833008    17779.96093750  11334.51171875  
0.38200    370215.06250000 201746.59375000 536481.50000000 808.26458740    17863.68359375  11414.79296875  
0.38300    368125.18750000 200428.78125000 533154.87500000 803.94830322    17941.56640625  11490.35937500  
0.38400    366120.75000000 199167.12500000 529966.31250000 799.62420654    18015.25195312  11562.79199219  
0.38500    364138.62500000 197923.75000000 526812.00000000 795.26837158    18083.46875000  11630.62304688  
0.38600    362252.15625000 196734.03125000 523815.62500000 790.90826416    18148.02539062  11695.63476562  
0.38700    360379.12500000 195562.73437500 520847.59375000 786.51843262    18207.09570312  11755.88574219  
0.38800    358575.84375000 194433.21875000 517980.00000000 782.12500000    18262.09765625  11813.09570312  
0.38900    356816.00000000 193333.04687500 515193.84375000 777.71319580    18312.76757812  11866.65527344  
0.39000    355142.37500000 192287.35937500 512537.81250000 773.30413818    18360.60546875  11917.86035156  
0.39100    353494.31250000 191257.46875000 509925.21875000 768.88800049    18403.97851562  11965.40039062  
0.39200    351917.06250000 190268.20312500 507420.75000000 764.46356201    18443.97656250  12010.01757812  
0.39300    350377.34375000 189303.68750000 504967.46875000 760.03582764    18479.95703125  12051.32128906  
0.39400    348923.31250000 188391.57812500 502664.15625000 755.61676025    18513.76757812  12090.87011719  
0.39500    347484.43750000 187485.81250000 500371.12500000 751.18627930    18542.79882812  12126.53906250  
0.39600    346111.71875000 186617.70312500 498177.75000000 746.76245117    18569.30078125  12159.85839844  
0.39700    344783.65625000 185774.18750000 496049.96875000 742.34295654    18592.80859375  12190.76562500  
0.39800    343529.18750000 184973.73437500 494039.68750000 737.93048096    18614.06835938  12219.74414062  
0.39900    342312.12500000 184194.46875000 492077.65625000 733.52233887    18632.04492188  12246.06542969  
0.40000    341146.59375000 183442.39062500 490196.81250000 729.12573242    18647.66210938  12270.25488281  
0.40100    340026.62500000 182718.12500000 488389.96875000 724.72546387    18660.54687500  12292.05273438  
0.40200    338978.56250000 182031.93750000 486683.93750000 720.34771729    18671.71484375  12312.34082031  
0.40300    337966.65625000 181359.96875000 485013.56250000 715.97039795    18679.74804688  12330.08496094  
0.40400    337010.03125000 180721.23437500 483449.12500000 711.60974121    18686.35156250  12346.60156250  
0.40500    336104.00000000 180108.09375000 481951.25000000 707.25903320    18690.56250000  12361.05273438  
0.40600    335267.40625000 179532.75000000 480542.84375000 702.93792725    18693.79882812  12374.42675781  
0.40700    334466.43750000 178974.07812500 479193.78125000 698.61450195    18694.26953125  12385.86816406  
0.40800    333709.62500000 178439.87500000 477911.50000000 694.30200195    18692.89843750  12395.58398438  
0.40900    332999.31250000 177928.59375000 476692.09375000 690.00885010    18689.86718750  12403.84863281  
0.41000    332359.96875000 177453.39062500 475576.62500000 685.74206543    18685.88671875  12411.42773438  
0.41100    331757.09375000 176995.43750000 474506.25000000 681.48748779    18679.91406250  12417.20507812  
0.41200    331189.40625000 176553.39062500 473490.71875000 677.24176025    18671.70117188  12421.35742188  
0.41300    330686.46875000 176148.53125000 472569.12500000 673.02612305    18663.11914062  12425.10156250  
0.41400    330216.75000000 175754.39062500 471685.75000000 668.81677246    18652.41992188  12427.09277344  
0.41500    329807.96875000 175395.17187500 470897.18750000 664.64111328    18640.84375000  12428.50390625  
0.41600    329410.15625000 175035.48437500 470114.90625000 660.46881104    18626.96875000  12428.12890625  
0.41700    329086.12500000 174717.40625000 469443.81250000 656.33288574    18613.00585938  12427.54882812  
0.41800    328822.03125000 174430.18750000 468862.75000000 652.22583008    18598.20703125  12426.39941406  
0.41900    328537.06250000 174124.01562500 468240.62500000 648.11059570    18580.06445312  12422.60839844  
0.42000    328335.12500000 173865.39062500 467739.78125000 644.04058838    18562.11523438  12419.27246094  
0.42100    328176.93750000 173630.76562500 467310.46875000 639.99645996    18543.46875000  12415.33984375  
0.42200    328053.15625000 173406.17187500 466911.75000000 635.97253418    18523.30078125  12410.32128906  
0.42300    327939.93750000 173189.01562500 466539.68750000 631.97241211    18501.24023438  12404.01367188  
0.42400    327874.75000000 172997.34375000 466232.18750000 627.99737549    18478.50000000  12397.15625000  
0.42500    327845.18750000 172821.25000000 465978.81250000 624.05090332    18454.58789062  12389.74804688  
0.42600    327830.65625000 172651.84375000 465734.12500000 620.12518311    18429.31250000  12381.19921875  
0.42700    327870.87500000 172513.40625000 465584.87500000 616.24401855    18403.45703125  12372.61718750  
0.42800    327920.18750000 172373.90625000 465432.90625000 612.38287354    18376.10351562  12362.92480469  
0.42900    328022.87500000 172269.31250000 465367.43750000 608.56427002    18348.37890625  12353.25000000  
0.43000    328134.09375000 172163.18750000 465313.18750000 604.77203369    18319.01757812  12342.61621094  
0.43100    328237.65625000 172053.93750000 465246.87500000 600.99542236    18287.63085938  12330.45410156  
0.43200    328405.81250000 171981.26562500 465274.25000000 597.27563477    18256.40820312  12318.81542969  
0.43300    328568.71875000 171902.98437500 465292.15625000 593.58441162    18223.41601562  12305.99316406  
0.43400    328757.53125000 171841.43750000 465356.62500000 589.92480469    18189.47265625  12292.72460938  
0.43500    328952.28125000 171780.84375000 465425.46875000 586.30535889    18154.08398438  12278.53808594  
0.43600    329195.90625000 171746.81250000 465563.12500000 582.73602295    18118.78515625  12264.91015625  
0.43700    329414.96875000 171703.56250000 465670.03125000 579.19036865    18081.06640625  12249.55664062  
0.43800    329638.90625000 171658.96875000 465785.68750000 575.68829346    18042.02929688  12233.65429688  
0.43900    329891.40625000 171633.57812500 465940.65625000 572.23736572    18002.44531250  12217.49609375  
0.44000    330149.75000000 171614.82812500 466110.87500000 568.82165527    17961.76171875  12201.02343750  
0.44100    330408.31250000 171595.79687500 466278.93750000 565.45758057    17919.61132812  12183.61230469  
0.44200    330678.78125000 171583.57812500 466471.40625000 562.13647461    17876.71875000  12165.87500000  
0.44300    330947.68750000 171575.23437500 466661.56250000 558.86499023    17832.59179688  12147.67773438  
0.44400    331220.06250000 171572.45312500 466863.34375000 555.64447021    17787.40625000  12129.08789062  
0.44500    331453.90625000 171547.20312500 467006.09375000 552.45947266    17740.00000000  12108.87304688  
0.44600    331702.75000000 171531.25000000 467177.87500000 549.33374023    17691.82812500  12088.52246094  
0.44700    331965.43750000 171529.81250000 467378.40625000 546.27001953    17643.09570312  12068.14550781  
0.44800    332193.43750000 171509.85937500 467518.56250000 543.24182129    17592.45117188  12046.63769531  
0.44900    332439.84375000 171506.57812500 467703.87500000 540.28460693    17541.58398438  12025.18750000  
0.45000    332677.28125000 171501.51562500 467880.09375000 537.38708496    17489.88281250  12003.47363281  
0.45100    332870.31250000 171471.07812500 467985.78125000 534.52642822    17435.49414062  11979.93359375  
0.45200    333072.34375000 171453.93750000 468115.12500000 531.73468018    17381.00781250  11956.71972656  
0.45300    333246.37500000 171421.10937500 468203.21875000 528.99438477    17324.84765625  11932.65722656  
0.45400    333416.53125000 171395.04687500 468297.71875000 526.31872559    17268.03320312  11908.23828125  
0.45500    333569.18750000 171362.07812500 468369.18750000 523.71209717    17210.31445312  11883.28515625  
0.45600    333693.75000000 171316.79687500 468401.15625000 521.15209961    17150.92382812  11857.44921875  
0.45700    333807.84375000 171271.26562500 468427.21875000 518.66027832    17091.05273438  11831.51757812  
0.45800    333885.50000000 171209.21875000 468403.62500000 516.22723389    17029.86718750  11804.83398438  
0.45900    333944.81250000 171141.09375000 468363.31250000 513.85528564    16967.27539062  11777.31054688  
0.46000    334007.21875000 171082.37500000 468330.59375000 511.55773926    16905.22265625  11750.35742188  
0.46100    333997.12500000 170986.42187500 468191.96875000 509.30694580    16840.38281250  11721.43847656  
0.46200    334007.25000000 170905.85937500 468095.21875000 507.13088989    16775.94335938  11693.15722656  
0.46300    333971.46875000 170806.35937500 467932.75000000 505.01367188    16709.93750000  11663.80175781  
0.46400    333897.21875000 170690.53125000 467722.34375000 502.96237183    16643.12304688  11633.88867188  
0.46500    333819.25000000 170578.59375000 467511.43750000 500.97900391    16575.88281250  11603.85937500  
0.46600    333698.75000000 170445.54687500 467239.34375000 499.05072021    16507.33593750  11573.05273438  
0.46700    333536.50000000 170295.64062500 466918.21875000 497.17898560    16437.92382812  11541.40136719  
0.46800    333385.40625000 170157.12500000 466615.00000000 495.38861084    16368.79980469  11510.21386719  
0.46900    333165.25000000 169983.85937500 466219.15625000 493.64285278    16297.67382812  11477.59375000  
0.47000    332925.09375000 169804.93750000 465798.03125000 491.96188354    16226.27050781  11444.73339844  
0.47100    332660.96875000 169619.51562500 465350.37500000 490.34472656    16154.65917969  11411.71777344  
0.47200    332368.40625000 169421.32812500 464860.06250000 488.78424072    16082.25097656  11378.13574219  
0.47300    332055.37500000 169216.76562500 464351.43750000 487.28619385    16009.68261719  11344.35742188  
0.47400    331678.96875000 168980.64062500 463749.87500000 485.83139038    15935.43554688  11309.22949219  
0.47500    331296.34375000 168747.21875000 463145.81250000 484.44506836    15861.55175781  11274.54394531  
0.47600    330901.18750000 168512.29687500 462529.59375000 483.11245728    15787.89746094  11239.77539062  
0.47700    330427.71875000 168235.21875000 461802.18750000 481.82180786    15712.01757812  11203.09277344  
0.47800    329952.06250000 167962.34375000 461075.46875000 480.58367920    15637.11523438  11166.99511719  
0.47900    329460.78125000 167686.51562500 460331.90625000 479.40203857    15561.81738281  11130.69140625  
0.48000    328906.25000000 167379.45312500 459502.31250000 478.25711060    15485.37597656  11093.34179688  
0.48100    328376.31250000 167088.43750000 458711.00000000 477.17175293    15410.15722656  11056.64453125  
0.48200    327750.56250000 166746.39062500 457779.50000000 476.10531616    15332.50097656  11017.89648438  
0.48300    327118.65625000 166403.79687500 456842.12500000 475.08917236    15255.45605469  10979.51464844  
0.48400    326470.84375000 166058.90625000 455887.90625000 474.10739136    15178.73242188  10940.98730469  
0.48500    325792.75000000 165698.37500000 454890.25000000 473.16464233    15101.38671875  10901.87597656  
0.48600    325095.06250000 165333.04687500 453878.25000000 472.25793457    15024.41015625  10862.77441406  
0.48700    324364.06250000 164950.17187500 452810.56250000 471.37362671    14946.86914062  10822.91210938  
0.48800    323589.87500000 164540.06250000 451673.09375000 470.50961304    14868.46191406  10782.14160156  
0.48900    322805.31250000 164132.04687500 450534.03125000 469.67559814    14790.50195312  10741.37207031  
0.49000    321997.03125000 163714.45312500 449365.28125000 468.85919189    14712.68457031  10700.56347656  
0.49100    321179.37500000 163294.89062500 448181.43750000 468.07150269    14635.20996094  10659.58398438  
0.49200    320314.90625000 162847.31250000 446930.50000000 467.28576660    14556.73828125  10617.48828125  
0.49300    319437.59375000 162395.15625000 445661.56250000 466.51278687    14478.50781250  10575.41894531  
0.49400    318540.65625000 161936.04687500 444365.90625000 465.75585938    14400.29492188  10532.93750000  
0.49500    317613.90625000 161458.92187500 443028.12500000 464.99194336    14321.83984375  10489.87207031  
0.49600    316686.37500000 160987.09375000 441697.40625000 464.24560547    14244.09277344  10447.12792969  
0.49700    315716.62500000 160489.59375000 440295.43750000 463.48254395    14165.26464844  10403.23437500  
0.49800    314748.43750000 159993.95312500 438903.09375000 462.72906494    14087.30078125  10359.46386719  
0.49900    313744.18750000 159476.60937500 437449.25000000 461.95782471    14008.35546875  10314.62988281  
0.50000    312737.00000000 158963.04687500 436001.87500000 461.18249512    13930.05957031  10270.10937500  
