# SAXS profile: number of points = 501, q_min = 0, q_max = 0.5, delta_q = 0.001
#    q    intensity 
0.00000    162234064.00000000 101201872.00000000 256271840.00000000 113733.25000000 8591146.00000000 6785240.00000000 
0.00100    162205488.00000000 101181976.00000000 256221920.00000000 113702.80468750 8589149.00000000 6783691.50000000 
0.00200    162116032.00000000 101125728.00000000 256077648.00000000 113609.64843750 8583145.00000000 6779014.50000000 
0.00300    161963216.00000000 101030976.00000000 255835792.00000000 113456.71093750 8573181.00000000 6771153.50000000 
0.00400    161747408.00000000 100898376.00000000 255497344.00000000 113241.92187500 8559180.00000000 6760248.00000000 
0.00500    161468816.00000000 100728448.00000000 255062144.00000000 112966.60156250 8541281.00000000 6746169.00000000 
0.00600    161129488.00000000 100519784.00000000 254530480.00000000 112630.85937500 8519498.00000000 6729013.00000000 
0.00700    160730016.00000000 100275296.00000000 253905504.00000000 112235.80468750 8493775.00000000 6708839.00000000 
0.00800    160268608.00000000 99993008.00000000 253186160.00000000 111781.24218750 8464208.00000000 6685607.50000000 
0.00900    159748368.00000000 99675080.00000000 252374176.00000000 111269.36718750 8430860.00000000 6659431.50000000 
0.01000    159170736.00000000 99321024.00000000 251469504.00000000 110699.71093750 8393751.00000000 6630285.50000000 
0.01100    158536272.00000000 98932656.00000000 250474080.00000000 110074.03125000 8352932.00000000 6598296.50000000 
0.01200    157845536.00000000 98507312.00000000 249390256.00000000 109393.42187500 8308515.50000000 6563403.50000000 
0.01300    157096928.00000000 98047824.00000000 248216288.00000000 108658.18750000 8260496.00000000 6525700.00000000 
0.01400    156291792.00000000 97554488.00000000 246957024.00000000 107871.25781250 8209010.00000000 6485255.50000000 
0.01500    155433200.00000000 97027336.00000000 245612768.00000000 107031.81250000 8154116.00000000 6442178.00000000 
0.01600    154521792.00000000 96468848.00000000 244183808.00000000 106142.84375000 8095873.50000000 6396466.50000000 
0.01700    153559120.00000000 95877288.00000000 242676512.00000000 105205.67968750 8034404.00000000 6348143.00000000 
0.01800    152546320.00000000 95255112.00000000 241086672.00000000 104221.87500000 7969782.50000000 6297426.50000000 
0.01900    151480768.00000000 94602480.00000000 239419840.00000000 103192.30468750 7902105.00000000 6244247.50000000 
0.02000    150370208.00000000 93920264.00000000 237678272.00000000 102119.53906250 7831458.00000000 6188797.00000000 
0.02100    149213776.00000000 93209176.00000000 235863552.00000000 101004.90625000 7757965.50000000 6131051.00000000 
0.02200    148009600.00000000 92470016.00000000 233977376.00000000 99850.13281250  7681707.50000000 6071161.50000000 
0.02300    146762048.00000000 91704248.00000000 232022992.00000000 98657.70312500  7602816.00000000 6009232.50000000 
0.02400    145472976.00000000 90911720.00000000 230001872.00000000 97428.94531250  7521429.00000000 5945241.00000000 
0.02500    144143472.00000000 90095040.00000000 227915760.00000000 96165.82031250  7437648.50000000 5879410.50000000 
0.02600    142774896.00000000 89252896.00000000 225769744.00000000 94871.60156250  7351541.00000000 5811730.50000000 
0.02700    141368448.00000000 88389264.00000000 223563600.00000000 93545.96093750  7263261.50000000 5742412.50000000 
0.02800    139926704.00000000 87502304.00000000 221302624.00000000 92192.91406250  7172996.00000000 5671426.00000000 
0.02900    138451456.00000000 86595184.00000000 218988832.00000000 90813.86718750  7080746.50000000 5598937.50000000 
0.03000    136944160.00000000 85666392.00000000 216622720.00000000 89410.17187500  6986741.00000000 5524996.00000000 
0.03100    135404912.00000000 84719024.00000000 214209216.00000000 87985.60937500  6890991.50000000 5449789.50000000 
0.03200    133837832.00000000 83754672.00000000 211749584.00000000 86540.77343750  6793752.50000000 5373278.50000000 
0.03300    132244136.00000000 82773408.00000000 209247536.00000000 85078.79687500  6695063.00000000 5295713.00000000 
0.03400    130625016.00000000 81775936.00000000 206705888.00000000 83600.97656250  6595111.00000000 5217116.50000000 
0.03500    128982680.00000000 80763464.00000000 204127072.00000000 82110.07812500  6494003.00000000 5137565.50000000 
0.03600    127318368.00000000 79738296.00000000 201513376.00000000 80607.40625000  6391805.50000000 5057168.00000000 
0.03700    125634440.00000000 78699096.00000000 198869440.00000000 79095.22656250  6288725.00000000 4976073.50000000 
0.03800    123933152.00000000 77650304.00000000 196195280.00000000 77575.82812500  6184850.00000000 4894332.00000000 
0.03900    122215200.00000000 76590608.00000000 193498080.00000000 76051.49218750  6080294.50000000 4812077.00000000 
0.04000    120482776.00000000 75521968.00000000 190777360.00000000 74523.03906250  5975243.00000000 4729354.50000000 
0.04100    118738072.00000000 74445336.00000000 188034864.00000000 72994.25000000  5869717.00000000 4646309.00000000 
0.04200    116982152.00000000 73360856.00000000 185274704.00000000 71465.39843750  5763914.00000000 4563016.00000000 
0.04300    115218032.00000000 72269896.00000000 182499904.00000000 69938.95312500  5657921.00000000 4479570.00000000 
0.04400    113445264.00000000 71174904.00000000 179715024.00000000 68416.03125000  5551852.50000000 4396029.50000000 
0.04500    111667800.00000000 70075184.00000000 176917808.00000000 66899.58593750  5445829.00000000 4312481.00000000 
0.04600    109886064.00000000 68973112.00000000 174114832.00000000 65389.88281250  5339974.00000000 4229077.00000000 
0.04700    108101328.00000000 67868768.00000000 171306896.00000000 63889.71484375  5234337.50000000 4145877.50000000 
0.04800    106316544.00000000 66764196.00000000 168498720.00000000 62399.86718750  5129038.00000000 4062906.75000000 
0.04900    104532032.00000000 65659180.00000000 165690592.00000000 60922.82421875  5024251.00000000 3980318.50000000 
0.05000    102750440.00000000 64555080.00000000 162885296.00000000 59459.07421875  4919986.50000000 3898139.50000000 
0.05100    100972488.00000000 63452968.00000000 160085360.00000000 58010.34765625  4816423.50000000 3816457.50000000 
0.05200    99198912.00000000 62353560.00000000 157291968.00000000 56578.02734375  4713567.00000000 3735346.50000000 
0.05300    97433184.00000000 61258032.00000000 154509216.00000000 55162.88281250  4611554.00000000 3654889.75000000 
0.05400    95674768.00000000 60167048.00000000 151739744.00000000 53766.53515625  4510432.50000000 3575108.50000000 
0.05500    93925520.00000000 59080968.00000000 148982880.00000000 52390.37109375  4410289.50000000 3496103.50000000 
0.05600    92187072.00000000 58001520.00000000 146242480.00000000 51034.29296875  4311248.50000000 3417888.75000000 
0.05700    90460704.00000000 56928380.00000000 143520656.00000000 49700.36718750  4213307.50000000 3340619.50000000 
0.05800    88746536.00000000 55863428.00000000 140817920.00000000 48388.66406250  4116588.75000000 3264237.75000000 
0.05900    87046880.00000000 54806336.00000000 138137888.00000000 47100.70703125  4021113.25000000 3188841.75000000 
0.06000    85363016.00000000 53758232.00000000 135480688.00000000 45836.54296875  3926972.50000000 3114486.25000000 
0.06100    83695840.00000000 52719848.00000000 132849168.00000000 44597.12500000  3834192.25000000 3041182.00000000 
0.06200    82044416.00000000 51691892.00000000 130243920.00000000 43382.97265625  3742858.00000000 2969011.25000000 
0.06300    80412376.00000000 50674660.00000000 127666520.00000000 42194.48437500  3652983.50000000 2897978.50000000 
0.06400    78798720.00000000 49669020.00000000 125118616.00000000 41032.39843750  3564623.00000000 2828127.75000000 
0.06500    77204504.00000000 48675044.00000000 122601288.00000000 39896.68750000  3477806.75000000 2759473.00000000 
0.06600    75631704.00000000 47693696.00000000 120115848.00000000 38787.54687500  3392583.75000000 2692078.50000000 
0.06700    74080080.00000000 46724852.00000000 117662992.00000000 37705.79296875  3308973.00000000 2625915.75000000 
0.06800    72549920.00000000 45769208.00000000 115245256.00000000 36650.99609375  3226981.50000000 2561049.75000000 
0.06900    71042976.00000000 44827584.00000000 112862016.00000000 35623.90625000  3146659.75000000 2497508.00000000 
0.07000    69558472.00000000 43899612.00000000 110515232.00000000 34623.48437500  3068025.25000000 2435230.25000000 
0.07100    68097520.00000000 42986216.00000000 108205176.00000000 33650.71093750  2991103.50000000 2374294.50000000 
0.07200    66661264.00000000 42087620.00000000 105931936.00000000 32705.16601562  2915841.75000000 2314719.50000000 
0.07300    65249092.00000000 41203676.00000000 103697920.00000000 31786.40039062  2842319.75000000 2256442.75000000 
0.07400    63862072.00000000 40334840.00000000 101502040.00000000 30894.56835938  2770487.00000000 2199520.25000000 
0.07500    62499588.00000000 39481328.00000000 99345344.00000000 30029.07031250  2700381.00000000 2143964.50000000 
0.07600    61162628.00000000 38643448.00000000 97228656.00000000 29190.17187500  2631953.75000000 2089746.75000000 
0.07700    59851384.00000000 37821308.00000000 95151624.00000000 28376.95898438  2565264.75000000 2036862.87500000 
0.07800    58565612.00000000 37014652.00000000 93114464.00000000 27589.28515625  2500283.00000000 1985297.50000000 
0.07900    57306084.00000000 36223692.00000000 91118608.00000000 26826.74609375  2436958.50000000 1935063.87500000 
0.08000    56071952.00000000 35449108.00000000 89163712.00000000 26089.07421875  2375302.50000000 1886139.25000000 
0.08100    54864268.00000000 34690556.00000000 87248976.00000000 25375.52148438  2315293.50000000 1838543.12500000 
0.08200    53682348.00000000 33947896.00000000 85375264.00000000 24685.58984375  2256936.50000000 1792213.25000000 
0.08300    52526416.00000000 33221664.00000000 83541848.00000000 24018.72070312  2200188.50000000 1747151.50000000 
0.08400    51395752.00000000 32511114.00000000 81749448.00000000 23374.47265625  2145007.50000000 1703345.87500000 
0.08500    50291408.00000000 31816396.00000000 79997296.00000000 22752.10546875  2091400.75000000 1660767.87500000 
0.08600    49212252.00000000 31137584.00000000 78285608.00000000 22151.18554688  2039337.50000000 1619410.50000000 
0.08700    48158280.00000000 30474552.00000000 76613632.00000000 21570.93750000  1988783.87500000 1579238.87500000 
0.08800    47129744.00000000 29827146.00000000 74981752.00000000 21010.70312500  1939705.75000000 1540228.00000000 
0.08900    46126456.00000000 29195484.00000000 73389096.00000000 20470.04296875  1892065.75000000 1502362.87500000 
0.09000    45147096.00000000 28578996.00000000 71834648.00000000 19948.07031250  1845836.37500000 1465621.12500000 
0.09100    44192784.00000000 27977790.00000000 70319688.00000000 19444.21289062  1800996.37500000 1429969.00000000 
0.09200    43262204.00000000 27391360.00000000 68842224.00000000 18957.77148438  1757491.62500000 1395374.50000000 
0.09300    42355200.00000000 26820096.00000000 67402128.00000000 18488.21679688  1715285.87500000 1361824.37500000 
0.09400    41471536.00000000 26263430.00000000 65999172.00000000 18034.66210938  1674354.75000000 1329274.75000000 
0.09500    40610892.00000000 25720990.00000000 64632912.00000000 17596.49414062  1634688.25000000 1297714.25000000 
0.09600    39772620.00000000 25192866.00000000 63301936.00000000 17173.28125000  1596191.87500000 1267099.87500000 
0.09700    38956864.00000000 24678852.00000000 62006360.00000000 16764.35546875  1558870.75000000 1237406.50000000 
0.09800    38162388.00000000 24178444.00000000 60745088.00000000 16368.75390625  1522667.75000000 1208616.75000000 
0.09900    37389668.00000000 23691334.00000000 59518116.00000000 15986.10742188  1487566.87500000 1180684.00000000 
0.10000    36637320.00000000 23217550.00000000 58323484.00000000 15615.88964844  1453506.00000000 1153585.62500000 
0.10100    35905464.00000000 22756492.00000000 57162072.00000000 15257.24609375  1420456.62500000 1127305.37500000 
0.10200    35193748.00000000 22308252.00000000 56032056.00000000 14909.66406250  1388388.37500000 1101799.00000000 
0.10300    34501096.00000000 21872072.00000000 54932948.00000000 14572.72070312  1357274.50000000 1077037.25000000 
0.10400    33827768.00000000 21448098.00000000 53863980.00000000 14245.85742188  1327054.75000000 1053008.75000000 
0.10500    33172934.00000000 21035934.00000000 52824796.00000000 13928.38476562  1297706.12500000 1029658.25000000 
0.10600    32535764.00000000 20635164.00000000 51814096.00000000 13620.03027344  1269198.37500000 1006994.37500000 
0.10700    31916570.00000000 20245852.00000000 50831564.00000000 13320.07519531  1241487.75000000 984963.87500000 
0.10800    31314280.00000000 19866986.00000000 49876012.00000000 13028.04492188  1214548.12500000 963549.56250000 
0.10900    30728338.00000000 19498660.00000000 48946900.00000000 12743.67578125  1188353.25000000 942721.25000000 
0.11000    30158620.00000000 19141004.00000000 48043736.00000000 12466.51074219  1162861.37500000 922463.18750000 
0.11100    29604516.00000000 18793010.00000000 47165296.00000000 12196.07128906  1138051.75000000 902741.25000000 
0.11200    29065294.00000000 18454788.00000000 46311312.00000000 11932.10937500  1113882.75000000 883541.18750000 
0.11300    28541066.00000000 18125890.00000000 45480424.00000000 11674.12304688  1090328.87500000 864836.00000000 
0.11400    28030576.00000000 17806158.00000000 44672712.00000000 11421.87011719  1067383.87500000 846605.25000000 
0.11500    27534214.00000000 17495060.00000000 43886380.00000000 11174.88378906  1044991.31250000 828830.06250000 
0.11600    27050860.00000000 17192830.00000000 43121556.00000000 10933.12500000  1023141.06250000 811485.75000000 
0.11700    26580512.00000000 16898442.00000000 42377232.00000000 10696.25097656  1001816.68750000 794553.25000000 
0.11800    26122274.00000000 16612098.00000000 41652912.00000000 10463.85546875  980963.37500000 778021.62500000 
0.11900    25676236.00000000 16333550.00000000 40947452.00000000 10235.87500000  960596.50000000 761858.62500000 
0.12000    25241492.00000000 16062234.00000000 40260256.00000000 10011.94042969  940676.62500000 746063.37500000 
0.12100    24817970.00000000 15798185.00000000 39591292.00000000 9792.13476562   921193.81250000 730617.56250000 
0.12200    24405332.00000000 15540996.00000000 38939184.00000000 9576.02539062   902114.56250000 715495.18750000 
0.12300    24002726.00000000 15290379.00000000 38303636.00000000 9363.65625000   883436.56250000 700689.18750000 
0.12400    23610044.00000000 15046208.00000000 37684452.00000000 9154.71191406   865130.75000000 686187.25000000 
0.12500    23226952.00000000 14808002.00000000 37080116.00000000 8949.25000000   847190.00000000 671974.43750000 
0.12600    22853210.00000000 14575831.00000000 36490908.00000000 8747.07226562   829599.31250000 658042.25000000 
0.12700    22488300.00000000 14349286.00000000 35915552.00000000 8548.05566406   812337.25000000 644375.93750000 
0.12800    22131714.00000000 14128160.00000000 35353952.00000000 8352.18457031   795405.18750000 630968.25000000 
0.12900    21783330.00000000 13912371.00000000 34805436.00000000 8159.45947266   778778.06250000 617807.06250000 
0.13000    21442992.00000000 13701461.00000000 34269352.00000000 7969.69042969   762445.93750000 604882.43750000 
0.13100    21110022.00000000 13495470.00000000 33745364.00000000 7782.87695312   746403.68750000 592189.93750000 
0.13200    20784460.00000000 13294004.00000000 33232760.00000000 7599.05371094   730641.00000000 579717.06250000 
0.13300    20465664.00000000 13097060.00000000 32731586.00000000 7418.16015625   715151.12500000 567461.50000000 
0.13400    20153708.00000000 12904316.00000000 32240616.00000000 7240.18164062   699921.50000000 555415.43750000 
0.13500    19848228.00000000 12715661.00000000 31760566.00000000 7065.08837891   684953.12500000 543573.43750000 
0.13600    19548728.00000000 12530927.00000000 31289796.00000000 6892.96093750   670228.81250000 531927.31250000 
0.13700    19255192.00000000 12349840.00000000 30828666.00000000 6723.71484375   655748.81250000 520467.71875000 
0.13800    18967302.00000000 12172334.00000000 30376440.00000000 6557.36621094   641508.00000000 509201.34375000 
0.13900    18685012.00000000 11998285.00000000 29932794.00000000 6393.99414062   627502.31250000 498119.65625000 
0.14000    18407874.00000000 11827516.00000000 29497696.00000000 6233.53710938   613723.18750000 487219.12500000 
0.14100    18135964.00000000 11659861.00000000 29070532.00000000 6076.07714844   600169.12500000 476496.96875000 
0.14200    17868910.00000000 11495163.00000000 28650824.00000000 5921.60839844   586836.12500000 465947.34375000 
0.14300    17606492.00000000 11333384.00000000 28238572.00000000 5770.09716797   573727.62500000 455573.96875000 
0.14400    17348318.00000000 11174487.00000000 27833212.00000000 5621.63671875   560827.43750000 445360.28125000 
0.14500    17094814.00000000 11018035.00000000 27434932.00000000 5476.16748047   548145.00000000 435322.31250000 
0.14600    16845214.00000000 10864193.00000000 27042864.00000000 5333.82324219   535676.68750000 425445.93750000 
0.14700    16599759.00000000 10712737.00000000 26657096.00000000 5194.53076172   523413.37500000 415735.15625000 
0.14800    16358071.00000000 10563660.00000000 26277236.00000000 5058.29687500   511357.59375000 406185.21875000 
0.14900    16120175.00000000 10416741.00000000 25903352.00000000 4925.13232422   499506.81250000 396792.87500000 
0.15000    15885782.00000000 10271978.00000000 25534718.00000000 4795.12011719   487861.09375000 387562.56250000 
0.15100    15654894.00000000 10129275.00000000 25171688.00000000 4668.17041016   476417.12500000 378490.81250000 
0.15200    15427385.00000000 9988506.00000000 24813700.00000000 4544.37353516   465177.81250000 369577.18750000 
0.15300    15203027.00000000 9849725.00000000 24460502.00000000 4423.64013672   454137.59375000 360817.09375000 
0.15400    14981841.00000000 9712672.00000000 24112346.00000000 4306.02880859   443293.46875000 352209.09375000 
0.15500    14763748.00000000 9577356.00000000 23768642.00000000 4191.45556641   432649.37500000 343761.21875000 
0.15600    14548421.00000000 9443752.00000000 23429492.00000000 4079.97119141   422198.43750000 335461.37500000 
0.15700    14336162.00000000 9311808.00000000 23094478.00000000 3971.51635742   411948.84375000 327316.31250000 
0.15800    14126406.00000000 9181347.00000000 22763618.00000000 3866.09838867   401883.93750000 319318.87500000 
0.15900    13919486.00000000 9052412.00000000 22436900.00000000 3763.70092773   392017.96875000 311471.90625000 
0.16000    13715012.00000000 8924970.00000000 22113872.00000000 3664.22631836   382338.43750000 303770.75000000 
0.16100    13513106.00000000 8798983.00000000 21794830.00000000 3567.69189453   372856.46875000 296222.68750000 
0.16200    13313701.00000000 8674287.00000000 21479384.00000000 3474.09277344   363554.84375000 288819.06250000 
0.16300    13116640.00000000 8550914.00000000 21167628.00000000 3383.28857422   354442.00000000 281557.87500000 
0.16400    12921947.00000000 8428862.00000000 20859242.00000000 3295.30297852   345512.18750000 274441.78125000 
0.16500    12729461.00000000 8307985.50000000 20554102.00000000 3210.06469727   336768.87500000 267468.96875000 
0.16600    12539388.00000000 8188405.00000000 20252504.00000000 3127.52905273   328202.25000000 260636.65625000 
0.16700    12351187.00000000 8069988.00000000 19953850.00000000 3047.60083008   319812.28125000 253942.85937500 
0.16800    12165157.00000000 7952702.00000000 19658476.00000000 2970.25390625   311598.81250000 247385.84375000 
0.16900    11981339.00000000 7836577.00000000 19366326.00000000 2895.48876953   303564.25000000 240966.89062500 
0.17000    11799461.00000000 7721523.00000000 19076946.00000000 2823.11108398   295699.84375000 234682.09375000 
0.17100    11619570.00000000 7607627.00000000 18790696.00000000 2753.18579102   288004.46875000 228530.17187500 
0.17200    11441683.00000000 7494755.00000000 18507222.00000000 2685.53295898   280475.84375000 222508.03125000 
0.17300    11265616.00000000 7382926.50000000 18226578.00000000 2620.16845703   273113.25000000 216614.87500000 
0.17400    11091580.00000000 7272102.00000000 17948990.00000000 2556.98193359   265913.81250000 210850.68750000 
0.17500    10919346.00000000 7162354.00000000 17674166.00000000 2495.93554688   258871.89062500 205210.81250000 
0.17600    10748943.00000000 7053532.50000000 17401574.00000000 2436.87866211   251984.71875000 199691.35937500 
0.17700    10580313.00000000 6945744.00000000 17132122.00000000 2379.85644531   245251.28125000 194296.20312500 
0.17800    10413561.00000000 6838933.00000000 16865104.00000000 2324.69531250   238668.57812500 189017.76562500 
0.17900    10248480.00000000 6733144.50000000 16600806.00000000 2271.41381836   232238.60937500 183857.29687500 
0.18000    10085206.00000000 6628304.00000000 16339205.00000000 2219.89086914   225948.89062500 178812.01562500 
0.18100    9923665.00000000 6524461.00000000 16080197.00000000 2170.09082031   219808.46875000 173883.15625000 
0.18200    9763853.00000000 6421478.00000000 15823710.00000000 2121.87475586   213800.26562500 169056.98437500 
0.18300    9605678.00000000 6319495.00000000 15569712.00000000 2075.26000977   207931.09375000 164343.00000000 
0.18400    9449213.00000000 6218459.00000000 15318294.00000000 2030.13562012   202196.98437500 159734.09375000 
0.18500    9294506.00000000 6118444.50000000 15069503.00000000 1986.47436523   196594.96875000 155230.28125000 
0.18600    9141311.00000000 6019274.50000000 14823167.00000000 1944.17687988   191117.57812500 150828.32812500 
0.18700    8989898.00000000 5921144.00000000 14579282.00000000 1903.22534180   185767.50000000 146525.54687500 
0.18800    8840130.00000000 5823898.50000000 14337980.00000000 1863.51293945   180538.89062500 142319.17187500 
0.18900    8692005.00000000 5727730.50000000 14099315.00000000 1825.05639648   175432.71875000 138211.26562500 
0.19000    8545392.00000000 5632353.00000000 13863022.00000000 1787.70043945   170438.76562500 134194.32812500 
0.19100    8400687.00000000 5538085.00000000 13629439.00000000 1751.53491211   165566.82812500 130273.23437500 
0.19200    8257422.00000000 5444719.50000000 13398133.00000000 1716.36743164   160799.92187500 126436.60156250 
0.19300    8115928.50000000 5352396.00000000 13169548.00000000 1682.28283691   156147.67187500 122691.67968750 
0.19400    7975992.00000000 5260968.00000000 12943441.00000000 1649.14672852   151599.89062500 119030.89062500 
0.19500    7837688.50000000 5170600.00000000 12719886.00000000 1616.98486328   147158.57812500 115454.57031250 
0.19600    7701089.00000000 5081191.50000000 12498899.00000000 1585.68518066   142819.28125000 111960.85156250 
0.19700    7566118.00000000 4992775.00000000 12280445.00000000 1555.29858398   138580.32812500 108548.52343750 
0.19800    7432725.50000000 4905378.00000000 12064601.00000000 1525.73510742   134437.50000000 105213.23437500 
0.19900    7301084.50000000 4819013.50000000 11851383.00000000 1497.00891113   130396.13281250 101958.54687500 
0.20000    7171033.00000000 4733619.50000000 11640728.00000000 1469.05346680   126444.77343750 98778.07812500  
0.20100    7042669.50000000 4649300.00000000 11432705.00000000 1441.88024902   122587.57031250 95672.22656250  
0.20200    6915973.50000000 4565956.50000000 11227229.00000000 1415.42443848   118821.00781250 92639.94531250  
0.20300    6790957.00000000 4483742.50000000 11024553.00000000 1389.71813965   115143.67968750 89680.32031250  
0.20400    6667567.00000000 4402518.00000000 10824390.00000000 1364.71386719   111552.89062500 86790.75000000  
0.20500    6545925.00000000 4322393.00000000 10627008.00000000 1340.40405273   108048.70312500 83970.42187500  
0.20600    6425903.50000000 4243323.50000000 10432219.00000000 1316.75695801   104627.28906250 81217.80468750  
0.20700    6307592.00000000 4165344.00000000 10240147.00000000 1293.78674316   101290.40625000 78532.85156250  
0.20800    6190966.00000000 4088381.50000000 10050699.00000000 1271.46838379   98033.36718750  75912.82812500  
0.20900    6076137.00000000 4012591.75000000 9864217.00000000 1249.83410645   94860.81250000  73360.76562500  
0.21000    5962852.00000000 3937839.75000000 9680215.00000000 1228.79833984   91762.74218750  70869.60156250  
0.21100    5851377.50000000 3864199.00000000 9499076.00000000 1208.41308594   88744.67187500  68442.57812500  
0.21200    5741589.50000000 3791652.25000000 9320634.00000000 1188.64306641   85801.78906250  66077.33593750  
0.21300    5633490.50000000 3720216.00000000 9144943.00000000 1169.49194336   82934.54687500  63772.32812500  
0.21400    5527116.00000000 3649890.00000000 8972046.00000000 1150.97924805   80142.67968750  61528.41796875  
0.21500    5422500.00000000 3580716.00000000 8801959.00000000 1133.07116699   77425.93750000  59345.39062500  
0.21600    5319567.50000000 3512593.50000000 8634567.00000000 1115.77575684   74778.10937500  57218.78906250  
0.21700    5218373.50000000 3445654.25000000 8469999.00000000 1099.09497070   72204.64062500  55150.82031250  
0.21800    5118881.50000000 3379807.50000000 8308155.50000000 1083.00671387   69699.79687500  53139.70703125  
0.21900    5021058.00000000 3315055.75000000 8149037.50000000 1067.51391602   67264.18750000  51183.88671875  
0.22000    4924945.50000000 3251427.00000000 7992733.00000000 1052.63647461   64896.61328125  49283.81640625  
0.22100    4830659.00000000 3188957.50000000 7839275.00000000 1038.36071777   62600.49609375  47439.56640625  
0.22200    4737997.00000000 3127590.25000000 7688543.50000000 1024.67529297   60369.16015625  45648.95312500  
0.22300    4647010.50000000 3067321.25000000 7540415.50000000 1011.57250977   58203.05468750  43910.63281250  
0.22400    4557754.00000000 3008163.75000000 7395148.00000000 999.03649902    56100.97656250  42224.30468750  
0.22500    4470245.50000000 2950153.00000000 7252701.00000000 987.13305664    54066.34375000  40592.45703125  
0.22600    4384296.00000000 2893196.50000000 7112866.50000000 975.76293945    52092.34765625  39008.43750000  
0.22700    4300090.00000000 2837382.75000000 6975798.50000000 964.99145508    50182.66406250  37477.12890625  
0.22800    4217534.00000000 2782627.75000000 6841380.50000000 954.77270508    48333.31250000  35993.57031250  
0.22900    4136583.75000000 2728977.75000000 6709603.50000000 945.10784912    46543.58593750  34557.85546875  
0.23000    4057308.75000000 2676384.50000000 6580484.00000000 936.00573730    44814.69531250  33171.73828125  
0.23100    3979641.00000000 2624894.00000000 6454045.50000000 927.43420410    43143.91406250  31832.44726562  
0.23200    3903546.25000000 2574410.00000000 6330149.50000000 919.39569092    41529.28125000  30537.54101562  
0.23300    3829050.00000000 2524994.25000000 6208827.00000000 911.88897705    39972.24218750  29289.14843750  
0.23400    3756140.75000000 2476634.50000000 6090122.50000000 904.90093994    38470.99218750  28084.98242188  
0.23500    3684705.75000000 2429229.25000000 5973795.50000000 898.37915039    37021.75781250  26923.10156250  
0.23600    3614857.25000000 2382887.50000000 5860106.50000000 892.37316895    35627.29687500  25804.71679688  
0.23700    3546515.50000000 2337533.00000000 5748713.00000000 886.84454346    34283.87109375  24727.96875000  
0.23800    3479651.50000000 2293158.50000000 5639823.00000000 881.77136230    32992.49218750  23692.16992188  
0.23900    3414218.75000000 2249712.25000000 5533231.00000000 877.14556885    31749.04882812  22695.05468750  
0.24000    3350228.00000000 2207254.50000000 5429013.50000000 872.95666504    30554.51757812  21737.14453125  
0.24100    3287709.75000000 2165744.75000000 5327203.50000000 869.20849609    29409.51953125  20818.36523438  
0.24200    3226544.25000000 2125129.50000000 5227530.00000000 865.84503174    28308.64648438  19935.89453125  
0.24300    3166739.00000000 2085420.12500000 5130104.50000000 862.87664795    27253.77343750  19088.69921875  
0.24400    3108261.25000000 2046593.62500000 5034840.50000000 860.26928711    26241.22460938  18276.12695312  
0.24500    3051067.75000000 2008620.00000000 4941658.50000000 858.02075195    25270.75976562  17497.40234375  
0.24600    2995197.25000000 1971510.25000000 4850602.00000000 856.11584473    24342.04101562  16751.91406250  
0.24700    2940574.50000000 1935224.00000000 4761643.50000000 854.53863525    23453.66015625  16038.03808594  
0.24800    2887172.50000000 1899746.87500000 4674550.00000000 853.27258301    22603.20703125  15355.30761719  
0.24900    2834924.25000000 1865034.37500000 4589420.50000000 852.28131104    21789.69140625  14701.24023438  
0.25000    2783886.75000000 1831110.87500000 4506221.00000000 851.57135010    21012.65039062  14076.74707031  
0.25100    2733926.00000000 1797929.25000000 4424804.00000000 851.09844971    20269.21484375  13479.03125000  
0.25200    2685159.25000000 1765505.37500000 4345326.00000000 850.89617920    19561.67382812  12909.73046875  
0.25300    2637423.25000000 1733774.50000000 4267498.50000000 850.90283203    18884.59375000  12364.90820312  
0.25400    2590712.25000000 1702735.62500000 4191380.25000000 851.12359619    18239.25195312  11845.19335938  
0.25500    2545009.25000000 1672358.00000000 4116843.25000000 851.52679443    17623.11914062  11349.09863281  
0.25600    2500354.75000000 1642641.00000000 4043987.75000000 852.11810303    17036.67968750  10875.79980469  
0.25700    2456573.75000000 1613542.00000000 3972674.00000000 852.85284424    16476.33984375  10424.24023438  
0.25800    2413785.50000000 1585069.75000000 3902812.50000000 853.74914551    15943.44335938  9993.92382812   
0.25900    2371857.75000000 1557192.87500000 3834460.00000000 854.77978516    15435.51660156  9583.94531250   
0.26000    2330819.75000000 1529895.12500000 3767535.00000000 855.92846680    14951.92675781  9193.17382812   
0.26100    2290582.75000000 1503123.00000000 3701900.50000000 857.18652344    14490.68164062  8819.85644531   
0.26200    2251210.75000000 1476917.50000000 3637689.00000000 858.54986572    14053.22558594  8465.52148438   
0.26300    2212569.75000000 1451210.62500000 3574654.25000000 859.97509766    13634.53027344  8126.58642578   
0.26400    2174715.00000000 1426016.12500000 3512892.25000000 861.49420166    13237.64843750  7804.56982422   
0.26500    2137597.25000000 1401317.00000000 3452321.50000000 863.07696533    12860.22363281  7497.70947266   
0.26600    2101176.50000000 1377066.75000000 3392885.75000000 864.71209717    12500.46679688  7205.12255859   
0.26700    2065460.37500000 1353279.25000000 3334587.75000000 866.39837646    12158.98437500  6927.11523438   
0.26800    2030400.25000000 1329928.00000000 3277364.00000000 868.12078857    11835.16406250  6662.62890625   
0.26900    1995970.12500000 1306980.87500000 3221139.25000000 869.86669922    11525.68066406  6410.07714844   
0.27000    1962170.87500000 1284461.87500000 3165934.25000000 871.64648438    11233.19238281  6170.48046875   
0.27100    1928938.12500000 1262312.87500000 3111689.25000000 873.43133545    10954.43261719  5941.95068359   
0.27200    1896339.62500000 1240588.12500000 3058449.00000000 875.26531982    10692.50292969  5726.64160156   
0.27300    1864249.37500000 1219186.50000000 3006016.00000000 877.08337402    10441.61230469  5520.18115234   
0.27400    1832639.50000000 1198114.50000000 2954401.50000000 878.87322998    10202.67187500  5322.96728516   
0.27500    1801645.87500000 1177431.62500000 2903757.00000000 880.71209717    9979.69042969   5138.06494141   
0.27600    1771062.75000000 1157041.12500000 2853785.75000000 882.50860596    9765.78710938   4960.58007812   
0.27700    1741035.37500000 1136992.25000000 2804706.25000000 884.33551025    9565.85253906   4794.25390625   
0.27800    1711441.25000000 1117233.62500000 2756326.00000000 886.13269043    9376.24804688   4635.80029297   
0.27900    1682326.25000000 1097791.87500000 2708710.75000000 887.92712402    9198.43945312   4486.30419922   
0.28000    1653638.12500000 1078625.12500000 2661804.75000000 889.70294189    9030.97070312   4345.14990234   
0.28100    1625391.87500000 1059743.87500000 2615594.50000000 891.46179199    8874.05664062   4212.11669922   
0.28200    1597574.87500000 1041140.50000000 2570054.00000000 893.21331787    8727.77441406   4087.73852539   
0.28300    1570163.62500000 1022807.37500000 2525201.75000000 894.95550537    8591.27929688   3970.67138672   
0.28400    1543129.00000000 1004717.68750000 2480945.50000000 896.67285156    8464.67285156   3861.05004883   
0.28500    1516507.87500000 986903.37500000 2437372.25000000 898.38006592    8348.28320312   3760.10839844   
0.28600    1490248.87500000 969312.81250000 2394373.00000000 900.06152344    8240.45507812   3665.28515625   
0.28700    1464395.12500000 951985.56250000 2351974.25000000 901.72247314    8142.75146484   3578.43920898   
0.28800    1438866.62500000 934877.43750000 2310162.75000000 903.37457275    8053.87646484   3498.70166016   
0.28900    1413745.12500000 918028.56250000 2268975.75000000 905.01104736    7975.08935547   3426.58935547   
0.29000    1388958.87500000 901380.93750000 2228319.25000000 906.61840820    7904.24511719   3360.81176758   
0.29100    1364545.12500000 884986.50000000 2188272.00000000 908.22082520    7843.93408203   3303.27758789   
0.29200    1340458.25000000 868800.87500000 2148728.00000000 909.79595947    7791.67578125   3252.18164062   
0.29300    1316750.87500000 852846.18750000 2109801.25000000 911.36206055    7749.56445312   3208.71630859   
0.29400    1293343.62500000 837088.25000000 2071328.62500000 912.89141846    7714.50781250   3170.86816406   
0.29500    1270308.87500000 821582.68750000 2033499.62500000 914.42126465    7690.23193359   3141.66333008   
0.29600    1247581.37500000 806271.87500000 1996148.87500000 915.91961670    7673.29394531   3118.24169922   
0.29700    1225199.00000000 791166.56250000 1959336.62500000 917.38525391    7665.15039062   3101.62402344   
0.29800    1203164.62500000 776287.50000000 1923064.50000000 918.84790039    7666.44824219   3092.65844727   
0.29900    1181462.62500000 761629.37500000 1887373.50000000 920.28216553    7676.91699219   3090.51562500   
0.30000    1160078.62500000 747170.68750000 1852149.50000000 921.68261719    7694.20849609   3094.40234375   
0.30100    1139053.12500000 732932.18750000 1817484.62500000 923.05310059    7721.60351562   3105.90747070   
0.30200    1118328.50000000 718890.37500000 1783325.37500000 924.40704346    7756.14160156   3123.36669922   
0.30300    1097965.50000000 705078.50000000 1749726.37500000 925.72369385    7799.85107422   3148.05517578   
0.30400    1077928.25000000 691476.06250000 1716656.62500000 927.01354980    7852.21240234   3179.57910156   
0.30500    1058200.62500000 678075.00000000 1684088.12500000 928.24884033    7910.73095703   3216.58154297   
0.30600    1038809.87500000 664877.93750000 1652029.12500000 929.45190430    7977.83837891   3260.27636719   
0.30700    1019771.31250000 651911.75000000 1620569.00000000 930.62322998    8053.80419922   3311.16625977   
0.30800    1001030.75000000 639141.56250000 1589580.37500000 931.74633789    8135.97607422   3367.32250977   
0.30900    982662.68750000 626603.12500000 1559152.75000000 932.82623291    8226.81347656   3430.21826172   
0.31000    964608.37500000 614266.56250000 1529270.12500000 933.85430908    8324.28613281   3498.95605469   
0.31100    946872.25000000 602138.93750000 1499876.75000000 934.82501221    8428.52246094   3573.30371094   
0.31200    929476.00000000 590231.37500000 1471041.75000000 935.73968506    8539.62500000   3653.46557617   
0.31300    912410.43750000 578532.06250000 1442726.87500000 936.60845947    8657.20703125   3739.04321289   
0.31400    895703.00000000 567062.25000000 1414972.87500000 937.40509033    8781.98730469   3830.55957031   
0.31500    879289.68750000 555788.25000000 1387728.37500000 938.13311768    8911.85058594   3926.51513672   
0.31600    863231.37500000 544735.75000000 1361013.62500000 938.80633545    9047.81445312   4027.75756836   
0.31700    847489.00000000 533897.75000000 1334834.62500000 939.40905762    9189.80371094   4134.20214844   
0.31800    832064.68750000 523259.81250000 1309164.87500000 939.91650391    9335.75488281   4244.36767578   
0.31900    817000.62500000 512859.62500000 1284072.75000000 940.37768555    9488.23339844   4360.27734375   
0.32000    802234.50000000 502658.00000000 1259474.00000000 940.74865723    9644.67578125   4479.47705078   
0.32100    787795.62500000 492666.93750000 1235398.12500000 941.03460693    9805.25000000   4602.72460938   
0.32200    773702.12500000 482901.00000000 1211881.75000000 941.25000000    9970.58886719   4730.28320312   
0.32300    759882.68750000 473319.93750000 1188816.75000000 941.37237549    10138.81542969  4860.16992188   
0.32400    746408.75000000 463958.25000000 1166291.75000000 941.40722656    10310.54296875  4994.12695312   
0.32500    733231.75000000 454799.65625000 1144282.25000000 941.35449219    10485.05859375  5130.50927734   
0.32600    720369.87500000 445853.00000000 1122775.62500000 941.21228027    10662.26757812  5269.83349609   
0.32700    707822.93750000 437112.78125000 1101777.50000000 940.99108887    10842.55761719  5411.89746094   
0.32800    695600.50000000 428590.34375000 1081317.12500000 940.67773438    11025.29101562  5556.71923828   
0.32900    683649.50000000 420248.87500000 1061302.37500000 940.27215576    11208.87890625  5702.85302734   
0.33000    672016.12500000 412121.75000000 1041810.50000000 939.77923584    11394.61914062  5851.38671875   
0.33100    660636.87500000 404164.84375000 1022736.43750000 939.18255615    11580.40625000  6000.38671875   
0.33200    649604.00000000 396447.00000000 1004234.81250000 938.52478027    11769.00292969  6152.46923828   
0.33300    638829.06250000 388895.78125000 986153.06250000 937.76690674    11957.09960938  6304.66259766   
0.33400    628345.18750000 381545.25000000 968567.06250000 936.92413330    12145.95703125  6458.11621094   
0.33500    618131.68750000 374380.71875000 951410.87500000 935.99670410    12334.44628906  6611.87792969   
0.33600    608189.43750000 367399.93750000 934717.31250000 934.97552490    12522.90722656  6766.29101562   
0.33700    598515.50000000 360603.93750000 918455.00000000 933.89227295    12710.94628906  6920.94580078   
0.33800    589116.75000000 354001.00000000 902669.12500000 932.72778320    12898.81445312  7076.17822266   
0.33900    579954.87500000 347555.65625000 887270.87500000 931.47802734    13084.95898438  7230.52685547   
0.34000    571058.06250000 341296.43750000 872308.93750000 930.15814209    13270.37695312  7384.83496094   
0.34100    562403.62500000 335209.50000000 857773.43750000 928.77203369    13454.72460938  7538.98144531   
0.34200    554034.06250000 329311.75000000 843693.87500000 927.33221436    13638.66015625  7693.35791016   
0.34300    545854.56250000 323560.50000000 829951.68750000 925.80657959    13819.68847656  7845.93994141   
0.34400    537957.37500000 317993.12500000 816661.50000000 924.24914551    14000.51367188  7998.65820312   
0.34500    530258.37500000 312574.68750000 803723.50000000 922.61877441    14178.65722656  8150.03027344   
0.34600    522825.34375000 307333.90625000 791221.31250000 920.96179199    14356.19628906  8301.31152344   
0.34700    515565.09375000 302224.43750000 779027.00000000 919.23413086    14530.48535156  8450.28125000   
0.34800    508552.18750000 297279.03125000 767228.62500000 917.46942139    14702.93652344  8598.40039062   
0.34900    501739.37500000 292487.50000000 755794.56250000 915.67333984    14873.91796875  8745.65332031   
0.35000    495134.56250000 287841.12500000 744696.62500000 913.82550049    15042.16308594  8891.12597656   
0.35100    488765.34375000 283349.96875000 734001.06250000 911.97113037    15209.69921875  9036.55859375   
0.35200    482546.37500000 278978.25000000 723554.81250000 910.07006836    15373.58300781  9179.09960938   
0.35300    476542.40625000 274751.21875000 713465.50000000 908.14862061    15535.39648438  9320.39257812   
0.35400    470731.18750000 270672.65625000 703733.31250000 906.21728516    15695.63476562  9460.77929688   
0.35500    465109.59375000 266720.78125000 694296.62500000 904.25988770    15853.83984375  9599.50683594   
0.35600    459653.28125000 262887.96875000 685144.06250000 902.29473877    16009.43359375  9736.37109375   
0.35700    454382.09375000 259188.51562500 676312.00000000 900.31347656    16163.08496094  9872.04003906   
0.35800    449294.18750000 255621.35937500 667794.18750000 898.33557129    16315.30175781  10006.63671875  
0.35900    444376.90625000 252171.64062500 659555.81250000 896.34533691    16465.35156250  10139.53808594  
0.36000    439638.25000000 248855.06250000 651625.68750000 894.36547852    16613.90234375  10271.60644531  
0.36100    435037.12500000 245633.68750000 643934.37500000 892.37109375    16759.90625000  10401.20312500  
0.36200    430652.53125000 242560.01562500 636593.37500000 890.40032959    16905.77148438  10531.05761719  
0.36300    426367.15625000 239565.35937500 629426.50000000 888.40917969    17048.12500000  10657.93945312  
0.36400    422238.56250000 236681.67187500 622539.62500000 886.42230225    17189.08984375  10783.72265625  
0.36500    418268.03125000 233905.39062500 615899.37500000 884.44665527    17328.49804688  10908.29882812  
0.36600    414467.34375000 231251.48437500 609561.56250000 882.48773193    17467.70507812  11032.55664062  
0.36700    410776.59375000 228675.93750000 603406.12500000 880.51184082    17603.88085938  11154.25488281  
0.36800    407284.90625000 226236.68750000 597571.00000000 878.56707764    17740.70898438  11276.22265625  
0.36900    403912.87500000 223882.07812500 591940.75000000 876.62316895    17875.57226562  11396.99023438  
0.37000    400638.93750000 221596.35937500 586476.06250000 874.66119385    18007.94531250  11514.95410156  
0.37100    397511.40625000 219414.50000000 581264.25000000 872.70654297    18139.37500000  11632.50000000  
0.37200    394545.90625000 217341.76562500 576316.68750000 870.77142334    18271.12695312  11749.79296875  
0.37300    391683.65625000 215340.64062500 571538.43750000 868.82189941    18400.40429688  11865.12304688  
0.37400    388968.03125000 213442.85937500 567004.81250000 866.87854004    18529.83007812  11980.25488281  
0.37500    386372.06250000 211625.64062500 562672.75000000 864.93457031    18658.14257812  12094.32226562  
0.37600    383906.96875000 209895.20312500 558549.25000000 862.97290039    18784.98242188  12207.06738281  
0.37700    381545.43750000 208235.40625000 554587.00000000 860.99774170    18910.68359375  12318.46484375  
0.37800    379310.56250000 206661.84375000 550845.81250000 859.01385498    19035.70898438  12429.34472656  
0.37900    377213.96875000 205176.73437500 547330.25000000 857.01672363    19160.54101562  12539.66601562  
0.38000    375206.03125000 203757.17187500 543956.81250000 854.99267578    19283.42578125  12648.40136719  
0.38100    373301.65625000 202401.87500000 540743.37500000 852.93402100    19404.80859375  12755.64453125  
0.38200    371524.21875000 201134.90625000 537749.37500000 850.86541748    19526.08007812  12862.68750000  
0.38300    369831.93750000 199920.15625000 534890.06250000 848.74176025    19645.15625000  12967.52441406  
0.38400    368279.21875000 198799.06250000 532244.81250000 846.59582520    19764.09179688  13072.21875000  
0.38500    366791.59375000 197720.07812500 529713.62500000 844.40106201    19880.79492188  13174.92968750  
0.38600    365439.15625000 196729.20312500 527404.06250000 842.17156982    19997.20312500  13277.48828125  
0.38700    364151.43750000 195778.84375000 525188.93750000 839.88256836    20110.89062500  13377.52343750  
0.38800    362970.56250000 194898.35937500 523141.28125000 837.53424072    20223.53125000  13476.55566406  
0.38900    361872.96875000 194068.10937500 521223.96875000 835.12817383    20334.00976562  13573.96386719  
0.39000    360895.84375000 193320.43750000 519508.40625000 832.67327881    20443.90234375  13670.61523438  
0.39100    359982.87500000 192610.48437500 517890.84375000 830.14477539    20551.26171875  13765.13085938  
0.39200    359165.65625000 191962.34375000 516421.87500000 827.55023193    20656.68554688  13858.25097656  
0.39300    358416.87500000 191357.92187500 515065.93750000 824.87371826    20759.11328125  13949.22070312  
0.39400    357783.78125000 190823.65625000 513890.37500000 822.13171387    20860.86523438  14039.18457031  
0.39500    357187.59375000 190315.50000000 512773.53125000 819.29095459    20958.58593750  14126.18847656  
0.39600    356676.00000000 189859.35937500 511784.09375000 816.37890625    21053.84179688  14211.49023438  
0.39700    356232.03125000 189445.92187500 510907.25000000 813.37683105    21146.41601562  14294.59082031  
0.39800    355871.56250000 189087.45312500 510161.71875000 810.29290771    21236.89843750  14375.84960938  
0.39900    355565.59375000 188760.56250000 509497.59375000 807.11260986    21323.59765625  14454.55957031  
0.40000    355322.65625000 188472.64062500 508932.78125000 803.83581543    21406.90820312  14530.87597656  
0.40100    355133.21875000 188220.09375000 508452.59375000 800.46606445    21486.60156250  14604.38476562  
0.40200    355019.87500000 188016.71875000 508092.50000000 797.00891113    21563.64648438  14675.76074219  
0.40300    354938.31250000 187828.43750000 507779.28125000 793.44464111    21635.75390625  14743.81250000  
0.40400    354918.65625000 187684.39062500 507566.46875000 789.78643799    21704.96093750  14809.66015625  
0.40500    354946.40625000 187566.06250000 507420.93750000 786.03247070    21769.49218750  14872.12304688  
0.40600    355031.53125000 187487.10937500 507377.62500000 782.19256592    21831.09765625  14932.70214844  
0.40700    355146.90625000 187427.15625000 507369.15625000 778.24383545    21887.36132812  14989.37304688  
0.40800    355297.34375000 187390.00000000 507427.06250000 774.20196533    21939.67187500  15042.77636719  
0.40900    355475.31250000 187372.57812500 507528.56250000 770.06091309    21986.81054688  15093.20214844  
0.41000    355714.75000000 187392.85937500 507713.25000000 765.84472656    22030.19726562  15140.81347656  
0.41100    355970.00000000 187421.70312500 507928.18750000 761.52947998    22068.58789062  15184.66699219  
0.41200    356235.93750000 187460.76562500 508168.96875000 757.11810303    22101.48242188  15224.64746094  
0.41300    356545.78125000 187532.04687500 508482.28125000 752.63873291    22130.24414062  15262.01660156  
0.41400    356862.96875000 187606.14062500 508799.18750000 748.06561279    22153.69140625  15295.27929688  
0.41500    357214.56250000 187704.78125000 509180.34375000 743.42425537    22172.40234375  15325.58398438  
0.41600    357544.93750000 187793.92187500 509526.71875000 738.69360352    22184.93945312  15351.27246094  
0.41700    357921.96875000 187914.50000000 509951.06250000 733.90637207    22193.63671875  15374.50976562  
0.41800    358327.53125000 188053.62500000 510417.68750000 729.06091309    22197.58789062  15394.47753906  
0.41900    358677.87500000 188161.04687500 510798.12500000 724.12231445    22194.11523438  15408.72851562  
0.42000    359070.40625000 188299.78125000 511261.78125000 719.15374756    22187.07617188  15420.96093750  
0.42100    359477.31250000 188449.54687500 511740.25000000 714.13287354    22174.93750000  15429.65625000  
0.42200    359873.56250000 188594.89062500 512206.96875000 709.05950928    22157.65625000  15434.62792969  
0.42300    360250.50000000 188733.64062500 512649.21875000 703.93927002    22134.34765625  15435.31738281  
0.42400    360626.75000000 188878.06250000 513101.18750000 698.78448486    22106.14062500  15432.75878906  
0.42500    361006.28125000 189021.40625000 513550.75000000 693.60406494    22073.30468750  15426.57421875  
0.42600    361356.00000000 189152.26562500 513959.71875000 688.38043213    22034.76171875  15416.55957031  
0.42700    361721.21875000 189300.26562500 514399.90625000 683.16094971    21992.21875000  15403.78125000  
0.42800    362051.87500000 189430.21875000 514790.59375000 677.91314697    21943.96289062  15386.88281250  
0.42900    362393.78125000 189570.93750000 515209.21875000 672.66827393    21892.07617188  15367.44140625  
0.43000    362704.28125000 189695.50000000 515578.71875000 667.41082764    21834.51367188  15344.09472656  
0.43100    362966.21875000 189794.98437500 515879.53125000 662.14929199    21771.62109375  15316.78613281  
0.43200    363248.21875000 189912.17187500 516219.00000000 656.90716553    21705.74218750  15287.23339844  
0.43300    363487.68750000 190005.89062500 516486.62500000 651.66986084    21634.64648438  15254.06347656  
0.43400    363710.31250000 190094.98437500 516751.25000000 646.44989014    21559.42578125  15217.68457031  
0.43500    363900.40625000 190166.87500000 516956.12500000 641.25891113    21480.04492188  15178.29394531  
0.43600    364099.21875000 190248.31250000 517181.87500000 636.10729980    21397.75390625  15137.03222656  
0.43700    364237.87500000 190299.59375000 517322.31250000 630.97174072    21310.44921875  15091.75683594  
0.43800    364340.65625000 190332.37500000 517411.12500000 625.87097168    21219.24609375  15043.73339844  
0.43900    364434.31250000 190362.39062500 517495.84375000 620.82226562    21125.05859375  14993.39843750  
0.44000    364499.53125000 190380.03125000 517534.09375000 615.81445312    21027.46679688  14940.48828125  
0.44100    364532.03125000 190382.43750000 517529.15625000 610.85852051    20926.80468750  14885.03906250  
0.44200    364540.75000000 190371.71875000 517491.06250000 605.95416260    20823.07031250  14827.34179688  
0.44300    364520.62500000 190349.18750000 517413.15625000 601.11114502    20716.32421875  14767.43457031  
0.44400    364473.46875000 190312.89062500 517298.71875000 596.32910156    20607.13476562  14705.26464844  
0.44500    364355.59375000 190237.06250000 517077.75000000 591.59191895    20493.83203125  14639.99218750  
0.44600    364225.87500000 190157.73437500 516841.87500000 586.92968750    20378.97265625  14573.18066406  
0.44700    364086.62500000 190075.56250000 516601.84375000 582.34619141    20262.28906250  14504.75683594  
0.44800    363884.21875000 189958.31250000 516259.00000000 577.81866455    20142.58984375  14434.13574219  
0.44900    363683.00000000 189843.62500000 515927.56250000 573.36993408    20021.74414062  14362.24804688  
0.45000    363450.06250000 189713.12500000 515544.81250000 569.00213623    19899.41015625  14289.00683594  
0.45100    363150.90625000 189546.09375000 515069.25000000 564.68865967    19773.73632812  14212.61523438  
0.45200    362850.31250000 189374.78125000 514579.68750000 560.46936035    19647.62500000  14135.80371094  
0.45300    362496.81250000 189177.46875000 514026.34375000 556.31298828    19519.53125000  14057.21289062  
0.45400    362124.78125000 188972.34375000 513445.09375000 552.24005127    19390.21289062  13977.31445312  
0.45500    361730.18750000 188753.15625000 512823.28125000 548.24340820    19260.02929688  13896.25000000  
0.45600    361289.12500000 188506.09375000 512137.25000000 544.31695557    19128.11914062  13813.50097656  
0.45700    360831.87500000 188252.00000000 511428.84375000 540.47869873    18995.78710938  13729.96191406  
0.45800    360329.78125000 187971.17187500 510647.68750000 536.70666504    18862.27148438  13645.21191406  
0.45900    359803.53125000 187675.18750000 509825.25000000 533.01287842    18727.73046875  13559.14453125  
0.46000    359276.28125000 187378.71875000 509008.56250000 529.40270996    18593.84570312  13473.18554688  
0.46100    358667.37500000 187036.25000000 508071.87500000 525.84967041    18457.22851562  13384.78515625  
0.46200    358077.37500000 186704.78125000 507155.53125000 522.38006592    18321.64062500  13296.58398438  
0.46300    357442.18750000 186343.57812500 506175.78125000 518.97723389    18184.96289062  13207.06445312  
0.46400    356771.75000000 185961.71875000 505134.43750000 515.64337158    18048.08593750  13116.80078125  
0.46500    356092.68750000 185575.51562500 504088.40625000 512.38684082    17910.92578125  13026.20800781  
0.46600    355375.78125000 185164.70312500 502974.75000000 509.18756104    17773.41796875  12934.53515625  
0.46700    354620.34375000 184729.42187500 501804.21875000 506.05465698    17635.35156250  12841.89355469  
0.46800    353884.00000000 184304.42187500 500653.87500000 502.98855591    17498.11914062  12749.63671875  
0.46900    353077.46875000 183838.51562500 499412.31250000 499.98065186    17359.61132812  12655.88183594  
0.47000    352261.75000000 183363.71875000 498139.87500000 497.03341675    17221.34765625  12561.70800781  
0.47100    351430.06250000 182878.81250000 496843.62500000 494.14974976    17083.45312500  12467.43261719  
0.47200    350573.81250000 182376.62500000 495507.71875000 491.31732178    16945.45312500  12372.62597656  
0.47300    349705.31250000 181867.65625000 494155.78125000 488.54220581    16807.66210938  12277.66796875  
0.47400    348784.68750000 181324.67187500 492720.71875000 485.81167603    16669.00195312  12181.48339844  
0.47500    347865.93750000 180781.35937500 491286.50000000 483.14163208    16531.26562500  12085.57421875  
0.47600    346946.06250000 180236.37500000 489846.00000000 480.52944946    16394.16210938  11989.83105469  
0.47700    345957.93750000 179646.53125000 488298.78125000 477.94317627    16255.42578125  11892.46484375  
0.47800    344974.18750000 179061.96875000 486760.46875000 475.41333008    16117.94531250  11795.74707031  
0.47900    343987.87500000 178473.31250000 485213.78125000 472.93374634    15981.01953125  11699.01269531  
0.48000    342955.65625000 177852.85937500 483588.81250000 470.48931885    15843.24316406  11601.38183594  
0.48100    341945.21875000 177247.92187500 482005.59375000 468.10256958    15707.12011719  11504.76269531  
0.48200    340860.93750000 176592.06250000 480296.15625000 465.73083496    15569.08789062  11406.28808594  
0.48300    339774.71875000 175937.87500000 478589.84375000 463.41082764    15432.02148438  11308.46777344  
0.48400    338690.12500000 175280.71875000 476880.81250000 461.13125610    15295.71386719  11211.02832031  
0.48500    337577.53125000 174608.35937500 475127.18750000 458.89001465    15159.29003906  11113.25097656  
0.48600    336464.81250000 173935.09375000 473383.18750000 456.69271851    15023.69531250  11015.92285156  
0.48700    335323.18750000 173243.26562500 471581.37500000 454.52227783    14887.82812500  10918.30371094  
0.48800    334152.25000000 172529.75000000 469725.21875000 452.38000488    14751.65722656  10820.36523438  
0.48900    332975.12500000 171815.42187500 467876.21875000 450.28729248    14616.09375000  10722.88671875  
0.49000    331792.56250000 171095.67187500 466012.12500000 448.22186279    14481.20214844  10625.87695312  
0.49100    330608.46875000 170376.12500000 464144.65625000 446.20370483    14347.14843750  10529.43359375  
0.49200    329383.53125000 169630.79687500 462213.25000000 444.20950317    14212.57421875  10432.63476562  
0.49300    328158.00000000 168885.92187500 460282.25000000 442.25350952    14078.79101562  10336.58105469  
0.49400    326918.75000000 168132.89062500 458331.18750000 440.33303833    13945.45800781  10240.84472656  
0.49500    325660.06250000 167369.31250000 456349.90625000 438.44625854    13812.45996094  10145.34863281  
0.49600    324412.40625000 166611.50000000 454382.09375000 436.60382080    13680.45117188  10051.00781250  
0.49700    323124.65625000 165835.70312500 452363.75000000 434.78536987    13548.49023438  9956.70507812   
0.49800    321847.31250000 165063.15625000 450356.28125000 433.01171875    13417.61132812  9863.37792969   
0.49900    320541.18750000 164274.76562500 448303.71875000 431.26440430    13286.81738281  9770.30468750   
0.50000    319242.12500000 163492.20312500 446268.09375000 429.56491089    13157.18554688  9678.56640625   
