# SAXS profile: number of points = 501, q_min = 0, q_max = 0.5, delta_q = 0.001
#    q    intensity 
0.00000    162235312.00000000 101202104.00000000 256270080.00000000 100936.93750000 8093449.50000000 6392195.50000000 
0.00100    162206848.00000000 101183248.00000000 256221984.00000000 100910.87500000 8091620.50000000 6390736.00000000 
0.00200    162118000.00000000 101127496.00000000 256079920.00000000 100831.46875000 8086170.00000000 6386447.00000000 
0.00300    161968384.00000000 101033768.00000000 255839520.00000000 100699.27343750 8077023.00000000 6379305.00000000 
0.00400    161755216.00000000 100902560.00000000 255505424.00000000 100515.60156250 8064270.00000000 6369286.00000000 
0.00500    161479696.00000000 100734728.00000000 255077936.00000000 100279.49218750 8047908.00000000 6356469.50000000 
0.00600    161144256.00000000 100528064.00000000 254552848.00000000 99991.32031250  8027974.00000000 6340829.50000000 
0.00700    160749616.00000000 100286776.00000000 253936656.00000000 99653.39062500  8004490.00000000 6322385.50000000 
0.00800    160292576.00000000 100009024.00000000 253227408.00000000 99263.78125000  7977457.50000000 6301260.00000000 
0.00900    159780272.00000000 99695720.00000000 252426224.00000000 98824.74218750  7946988.00000000 6277326.50000000 
0.01000    159211168.00000000 99347872.00000000 251533216.00000000 98336.85156250  7913129.50000000 6250752.00000000 
0.01100    158586240.00000000 98963232.00000000 250552608.00000000 97800.69531250  7875849.00000000 6221540.00000000 
0.01200    157904704.00000000 98544928.00000000 249483824.00000000 97217.52343750  7835323.00000000 6189712.50000000 
0.01300    157165552.00000000 98091992.00000000 248326656.00000000 96588.00000000  7791493.50000000 6155315.00000000 
0.01400    156371424.00000000 97605504.00000000 247085936.00000000 95914.21093750  7744475.00000000 6118478.50000000 
0.01500    155526480.00000000 97086536.00000000 245762416.00000000 95196.37500000  7694416.50000000 6079182.50000000 
0.01600    154629328.00000000 96536536.00000000 244356992.00000000 94435.71875000  7641307.50000000 6037499.00000000 
0.01700    153681312.00000000 95954848.00000000 242870640.00000000 93633.65625000  7585228.50000000 5993504.50000000 
0.01800    152683296.00000000 95342848.00000000 241306880.00000000 92792.17187500  7526296.50000000 5947284.50000000 
0.01900    151637136.00000000 94700968.00000000 239667424.00000000 91912.71875000  7464656.50000000 5898860.50000000 
0.02000    150544416.00000000 94029904.00000000 237955616.00000000 90995.62500000  7400244.00000000 5848354.00000000 
0.02100    149406864.00000000 93331360.00000000 236171136.00000000 90043.32031250  7333343.00000000 5795812.00000000 
0.02200    148223984.00000000 92606136.00000000 234318048.00000000 89057.69531250  7263914.50000000 5741297.00000000 
0.02300    146999600.00000000 91853832.00000000 232399552.00000000 88039.57031250  7192118.50000000 5684945.50000000 
0.02400    145733280.00000000 91075944.00000000 230415680.00000000 86991.24218750  7118083.50000000 5626799.00000000 
0.02500    144428688.00000000 90274816.00000000 228369888.00000000 85913.39843750  7041810.00000000 5566940.50000000 
0.02600    143085952.00000000 89449784.00000000 226264400.00000000 84809.03906250  6963509.00000000 5505455.00000000 
0.02700    141707872.00000000 88602456.00000000 224103984.00000000 83679.67187500  6883282.00000000 5442466.50000000 
0.02800    140295440.00000000 87734240.00000000 221887920.00000000 82526.77343750  6801199.50000000 5377984.00000000 
0.02900    138849472.00000000 86845512.00000000 219622208.00000000 81351.32812500  6717384.50000000 5312150.00000000 
0.03000    137374016.00000000 85937208.00000000 217306528.00000000 80156.90625000  6632012.50000000 5245054.00000000 
0.03100    135868656.00000000 85011560.00000000 214946528.00000000 78943.78125000  6545136.00000000 5176803.00000000 
0.03200    134336624.00000000 84068776.00000000 212542608.00000000 77714.35156250  6456875.50000000 5107430.00000000 
0.03300    132779440.00000000 83109800.00000000 210098064.00000000 76470.10156250  6367358.00000000 5037055.00000000 
0.03400    131199080.00000000 82136192.00000000 207616000.00000000 75213.16406250  6276687.00000000 4965791.00000000 
0.03500    129595520.00000000 81148760.00000000 205099856.00000000 73945.67968750  6184973.00000000 4893679.50000000 
0.03600    127972856.00000000 80149280.00000000 202551456.00000000 72668.24218750  6092370.50000000 4820868.00000000 
0.03700    126331760.00000000 79138168.00000000 199975952.00000000 71383.72656250  5998983.00000000 4747461.00000000 
0.03800    124673224.00000000 78116016.00000000 197371472.00000000 70092.60937500  5904908.50000000 4673427.50000000 
0.03900    123001320.00000000 77084976.00000000 194745872.00000000 68797.58593750  5810229.00000000 4598979.50000000 
0.04000    121315416.00000000 76045696.00000000 192097936.00000000 67500.27343750  5715069.00000000 4524158.50000000 
0.04100    119619120.00000000 74998440.00000000 189431440.00000000 66201.57031250  5619600.00000000 4448976.50000000 
0.04200    117913032.00000000 73945160.00000000 186750016.00000000 64903.21093750  5523842.00000000 4373622.00000000 
0.04300    116199136.00000000 72885880.00000000 184056656.00000000 63606.92578125  5427964.50000000 4298125.50000000 
0.04400    114478928.00000000 71823384.00000000 181351312.00000000 62314.15625000  5331998.50000000 4222612.50000000 
0.04500    112754544.00000000 70757792.00000000 178640528.00000000 61026.14062500  5236106.50000000 4147053.75000000 
0.04600    111026840.00000000 69689808.00000000 175923904.00000000 59744.25781250  5140354.00000000 4071666.25000000 
0.04700    109298224.00000000 68620488.00000000 173204240.00000000 58470.27734375  5044858.00000000 3996439.50000000 
0.04800    107569824.00000000 67550920.00000000 170484208.00000000 57204.83984375  4949691.50000000 3921435.00000000 
0.04900    105842952.00000000 66482040.00000000 167767392.00000000 55949.53515625  4854941.00000000 3846791.00000000 
0.05000    104120024.00000000 65415064.00000000 165054512.00000000 54704.80859375  4760688.50000000 3772500.50000000 
0.05100    102401440.00000000 64349828.00000000 162349056.00000000 53473.05468750  4667025.00000000 3698661.50000000 
0.05200    100687544.00000000 63288088.00000000 159651904.00000000 52254.00781250  4574003.50000000 3625308.50000000 
0.05300    98981768.00000000 62230884.00000000 156964800.00000000 51049.53515625  4481764.50000000 3552543.50000000 
0.05400    97284984.00000000 61178028.00000000 154292496.00000000 49859.68359375  4390282.50000000 3480393.25000000 
0.05500    95597176.00000000 60131136.00000000 151633632.00000000 48685.69531250  4299665.00000000 3408924.50000000 
0.05600    93921320.00000000 59090328.00000000 148992064.00000000 47528.61718750  4210013.50000000 3338164.25000000 
0.05700    92256816.00000000 58057076.00000000 146369280.00000000 46389.05859375  4121341.75000000 3268174.00000000 
0.05800    90605192.00000000 57030904.00000000 143765616.00000000 45266.92578125  4033718.75000000 3199010.25000000 
0.05900    88968352.00000000 56013452.00000000 141185504.00000000 44163.47656250  3947175.50000000 3130679.25000000 
0.06000    87346232.00000000 55004892.00000000 138626400.00000000 43079.55859375  3861808.75000000 3063261.75000000 
0.06100    85740440.00000000 54006068.00000000 136092944.00000000 42014.76562500  3777607.50000000 2996751.75000000 
0.06200    84152040.00000000 53017204.00000000 133586632.00000000 40969.85937500  3694658.25000000 2931221.75000000 
0.06300    82581096.00000000 52039128.00000000 131107624.00000000 39945.73437500  3612968.75000000 2866656.50000000 
0.06400    81028424.00000000 51071976.00000000 128655968.00000000 38941.61718750  3532543.00000000 2803103.75000000 
0.06500    79494744.00000000 50116704.00000000 126235824.00000000 37958.33984375  3453495.00000000 2740593.50000000 
0.06600    77981696.00000000 49173200.00000000 123845120.00000000 36996.32421875  3375787.50000000 2679142.75000000 
0.06700    76488616.00000000 48241980.00000000 121487368.00000000 36055.07031250  3299414.25000000 2618767.00000000 
0.06800    75016280.00000000 47323388.00000000 119161600.00000000 35134.74609375  3224465.75000000 2559484.00000000 
0.06900    73564960.00000000 46418108.00000000 116869128.00000000 34235.96093750  3150930.75000000 2501290.50000000 
0.07000    72136528.00000000 45525680.00000000 114610560.00000000 33358.82031250  3078832.50000000 2444223.75000000 
0.07100    70730624.00000000 44647044.00000000 112387552.00000000 32502.38867188  3008126.00000000 2388269.25000000 
0.07200    69346376.00000000 43782080.00000000 110199344.00000000 31666.72656250  2938878.00000000 2333440.25000000 
0.07300    67984928.00000000 42931580.00000000 108047408.00000000 30852.15625000  2871044.50000000 2279737.25000000 
0.07400    66647692.00000000 42094560.00000000 105931584.00000000 30057.83593750  2804675.25000000 2227189.75000000 
0.07500    65333392.00000000 41272196.00000000 103851992.00000000 29284.35742188  2739735.25000000 2175725.25000000 
0.07600    64042328.00000000 40463840.00000000 101808440.00000000 28530.74804688  2676217.25000000 2125409.00000000 
0.07700    62775092.00000000 39670732.00000000 99803144.00000000 27797.16015625  2614114.75000000 2076208.25000000 
0.07800    61531772.00000000 38891684.00000000 97834696.00000000 27083.20898438  2553443.50000000 2028110.37500000 
0.07900    60311908.00000000 38127136.00000000 95903488.00000000 26388.58984375  2494169.50000000 1981123.37500000 
0.08000    59115696.00000000 37377632.00000000 94009824.00000000 25713.01757812  2436244.25000000 1935224.62500000 
0.08100    57943428.00000000 36642608.00000000 92153352.00000000 25055.66601562  2379735.75000000 1890419.50000000 
0.08200    56794952.00000000 35921852.00000000 90333720.00000000 24416.73242188  2324555.00000000 1846660.37500000 
0.08300    55669364.00000000 35216080.00000000 88550272.00000000 23795.30859375  2270730.75000000 1803972.62500000 
0.08400    54567392.00000000 34524540.00000000 86804600.00000000 23191.21093750  2218195.75000000 1762312.00000000 
0.08500    53488792.00000000 33847352.00000000 85095352.00000000 22604.12695312  2166970.00000000 1721673.75000000 
0.08600    52432664.00000000 33184852.00000000 83422152.00000000 22033.46093750  2117007.75000000 1682031.87500000 
0.08700    51400084.00000000 32536248.00000000 81784776.00000000 21478.86132812  2068291.50000000 1643362.87500000 
0.08800    50389592.00000000 31901322.00000000 80182560.00000000 20939.58984375  2020779.12500000 1605668.75000000 
0.08900    49400912.00000000 31280542.00000000 78615888.00000000 20415.64648438  1974464.00000000 1568921.87500000 
0.09000    48434620.00000000 30673448.00000000 77083536.00000000 19906.17187500  1929322.00000000 1533086.00000000 
0.09100    47489928.00000000 30079562.00000000 75585920.00000000 19411.08398438  1885303.00000000 1498152.75000000 
0.09200    46566244.00000000 29499104.00000000 74121024.00000000 18929.49609375  1842395.50000000 1464098.87500000 
0.09300    45663656.00000000 28931924.00000000 72690168.00000000 18461.29296875  1800580.62500000 1430901.75000000 
0.09400    44781836.00000000 28377434.00000000 71291032.00000000 18005.86718750  1759808.87500000 1398536.50000000 
0.09500    43920060.00000000 27835598.00000000 69924624.00000000 17562.83789062  1720056.50000000 1366973.00000000 
0.09600    43077672.00000000 27306180.00000000 68588896.00000000 17131.62890625  1681293.87500000 1336203.75000000 
0.09700    42254876.00000000 26789056.00000000 67284216.00000000 16712.35742188  1643516.37500000 1306208.25000000 
0.09800    41451280.00000000 26283880.00000000 66010340.00000000 16303.92187500  1606669.12500000 1276956.75000000 
0.09900    40666308.00000000 25790464.00000000 64765384.00000000 15906.33886719  1570724.12500000 1248427.50000000 
0.10000    39899216.00000000 25308380.00000000 63549272.00000000 15518.87792969  1535664.25000000 1220586.37500000 
0.10100    39150276.00000000 24837248.00000000 62361320.00000000 15141.56933594  1501451.50000000 1193437.00000000 
0.10200    38418456.00000000 24377396.00000000 61200676.00000000 14773.78125000  1468075.87500000 1166934.12500000 
0.10300    37703468.00000000 23928196.00000000 60067224.00000000 14415.35449219  1435494.00000000 1141066.25000000 
0.10400    37004976.00000000 23489414.00000000 58959832.00000000 14065.66503906  1403684.37500000 1115810.25000000 
0.10500    36322788.00000000 23060698.00000000 57878048.00000000 13724.63085938  1372631.50000000 1091154.25000000 
0.10600    35655996.00000000 22641912.00000000 56821360.00000000 13391.82421875  1342286.50000000 1067079.37500000 
0.10700    35004524.00000000 22232686.00000000 55788292.00000000 13067.00585938  1312643.50000000 1043543.75000000 
0.10800    34367872.00000000 21832884.00000000 54779352.00000000 12749.82714844  1283678.75000000 1020549.68750000 
0.10900    33745128.00000000 21442146.00000000 53792936.00000000 12440.04882812  1255373.87500000 998072.75000000 
0.11000    33137110.00000000 21060410.00000000 52829020.00000000 12137.59277344  1227683.62500000 976097.37500000 
0.11100    32542506.00000000 20687228.00000000 51886296.00000000 11841.90527344  1200611.37500000 954605.43750000 
0.11200    31960870.00000000 20322330.00000000 50965456.00000000 11552.96191406  1174126.37500000 933583.68750000 
0.11300    31392148.00000000 19965580.00000000 50064348.00000000 11270.42285156  1148204.25000000 913011.50000000 
0.11400    30836002.00000000 19616844.00000000 49183156.00000000 10994.25585938  1122833.75000000 892874.56250000 
0.11500    30291784.00000000 19275702.00000000 48321348.00000000 10724.21972656  1098001.37500000 873158.56250000 
0.11600    29759024.00000000 18941900.00000000 47477760.00000000 10459.92773438  1073684.25000000 853851.37500000 
0.11700    29238016.00000000 18615306.00000000 46652600.00000000 10201.52050781  1049862.62500000 834949.06250000 
0.11800    28727508.00000000 18295514.00000000 45844820.00000000 9948.68554688   1026523.00000000 816417.68750000 
0.11900    28228032.00000000 17982770.00000000 45054128.00000000 9701.29589844   1003644.62500000 798261.12500000 
0.12000    27738760.00000000 17676440.00000000 44279488.00000000 9459.12695312   981226.68750000 780457.37500000 
0.12100    27259454.00000000 17376450.00000000 43520800.00000000 9222.33789062   959259.62500000 763014.68750000 
0.12200    26790012.00000000 17082606.00000000 42778148.00000000 8990.51757812   937708.81250000 745906.56250000 
0.12300    26330016.00000000 16794732.00000000 42049928.00000000 8763.60449219   916576.12500000 729132.00000000 
0.12400    25879030.00000000 16512591.00000000 41336552.00000000 8541.67089844   895851.50000000 712674.37500000 
0.12500    25436894.00000000 16235929.00000000 40637044.00000000 8324.48925781   875527.50000000 696527.81250000 
0.12600    25003390.00000000 15964923.00000000 39951272.00000000 8112.08593750   855584.43750000 680687.75000000 
0.12700    24578290.00000000 15698990.00000000 39278828.00000000 7904.20800781   836025.31250000 665149.81250000 
0.12800    24161224.00000000 15438263.00000000 38618952.00000000 7700.91113281   816828.31250000 649897.81250000 
0.12900    23752088.00000000 15182395.00000000 37972012.00000000 7502.10449219   797999.87500000 634932.62500000 
0.13000    23350502.00000000 14931310.00000000 37336500.00000000 7307.62646484   779518.18750000 620240.25000000 
0.13100    22956430.00000000 14684845.00000000 36713052.00000000 7117.60742188   761382.56250000 605828.00000000 
0.13200    22569512.00000000 14442956.00000000 36101212.00000000 6931.83496094   743591.87500000 591675.37500000 
0.13300    22189730.00000000 14205409.00000000 35500084.00000000 6750.31787109   726131.12500000 577794.81250000 
0.13400    21816622.00000000 13972088.00000000 34910016.00000000 6573.00439453   709003.06250000 564163.06250000 
0.13500    21450326.00000000 13742979.00000000 34330212.00000000 6399.82226562   692195.50000000 550793.37500000 
0.13600    21090272.00000000 13517741.00000000 33761060.00000000 6230.63134766   675708.25000000 537669.81250000 
0.13700    20736760.00000000 13296535.00000000 33201080.00000000 6065.57861328   659534.25000000 524794.75000000 
0.13800    20389200.00000000 13079006.00000000 32651258.00000000 5904.50244141   643669.62500000 512160.71875000 
0.13900    20047664.00000000 12865305.00000000 32110670.00000000 5747.35058594   628107.25000000 499767.37500000 
0.14000    19712070.00000000 12655066.00000000 31579314.00000000 5594.12792969   612851.81250000 487611.65625000 
0.14100    19382244.00000000 12448500.00000000 31057062.00000000 5444.73291016   597892.87500000 475687.06250000 
0.14200    19057974.00000000 12245295.00000000 30543420.00000000 5299.12744141   583228.18750000 463995.75000000 
0.14300    18738936.00000000 12045402.00000000 30038408.00000000 5157.30908203   568852.43750000 452534.53125000 
0.14400    18425498.00000000 11848682.00000000 29541450.00000000 5019.09912109   554764.18750000 441293.21875000 
0.14500    18117090.00000000 11655273.00000000 29052872.00000000 4884.55078125   540962.81250000 430279.28125000 
0.14600    17813996.00000000 11464940.00000000 28572384.00000000 4753.67773438   527442.37500000 419484.03125000 
0.14700    17515902.00000000 11277692.00000000 28099532.00000000 4626.30371094   514200.37500000 408912.50000000 
0.14800    17222598.00000000 11093409.00000000 27634486.00000000 4502.42724609   501232.81250000 398554.25000000 
0.14900    16934072.00000000 10911931.00000000 27176794.00000000 4382.00683594   488536.96875000 388409.56250000 
0.15000    16650381.00000000 10733335.00000000 26726550.00000000 4264.91015625   476112.31250000 378474.87500000 
0.15100    16371201.00000000 10557587.00000000 26283200.00000000 4151.19970703   463952.40625000 368751.56250000 
0.15200    16096768.00000000 10384637.00000000 25847370.00000000 4040.72216797   452058.37500000 359236.18750000 
0.15300    15826573.00000000 10214372.00000000 25418218.00000000 3933.44726562   440421.34375000 349925.62500000 
0.15400    15560811.00000000 10046594.00000000 24995744.00000000 3829.30541992   429040.12500000 340814.09375000 
0.15500    15299471.00000000 9881609.00000000 24580270.00000000 3728.26831055   417913.71875000 331907.71875000 
0.15600    15042159.00000000 9719003.00000000 24170998.00000000 3630.21923828   407037.96875000 323196.25000000 
0.15700    14789182.00000000 9558965.00000000 23768514.00000000 3535.16772461   396409.75000000 314681.68750000 
0.15800    14540101.00000000 9401323.00000000 23372066.00000000 3442.94921875   386025.06250000 306356.56250000 
0.15900    14295128.00000000 9246132.00000000 22981990.00000000 3353.61108398   375880.78125000 298225.75000000 
0.16000    14054020.00000000 9093327.00000000 22597982.00000000 3266.99145508   365972.59375000 290281.09375000 
0.16100    13816903.00000000 8942844.00000000 22220066.00000000 3183.09448242   356300.00000000 282522.00000000 
0.16200    13583666.00000000 8794633.00000000 21847966.00000000 3101.81909180   346856.81250000 274945.15625000 
0.16300    13353966.00000000 8648748.00000000 21481832.00000000 3023.11254883   337636.21875000 267545.25000000 
0.16400    13128077.00000000 8505063.00000000 21121322.00000000 2946.89428711   328642.71875000 260325.60937500 
0.16500    12905835.00000000 8363544.50000000 20766602.00000000 2873.11938477   319867.03125000 253278.00000000 
0.16600    12687123.00000000 8224191.00000000 20417256.00000000 2801.71972656   311305.84375000 246402.28125000 
0.16700    12471924.00000000 8086930.00000000 20073442.00000000 2732.59716797   302952.90625000 239694.45312500 
0.16800    12260108.00000000 7951749.50000000 19734894.00000000 2665.70483398   294807.59375000 233148.51562500 
0.16900    12051753.00000000 7818709.50000000 19401744.00000000 2601.04516602   286865.81250000 226769.25000000 
0.17000    11846749.00000000 7687589.50000000 19074062.00000000 2538.45410156   279126.21875000 220545.73437500 
0.17100    11645045.00000000 7558515.50000000 18751202.00000000 2477.89672852   271578.15625000 214478.71875000 
0.17200    11446522.00000000 7431393.00000000 18433376.00000000 2419.36914062   264220.40625000 208565.21875000 
0.17300    11251186.00000000 7306227.50000000 18120476.00000000 2362.74682617   257049.95312500 202800.39062500 
0.17400    11059066.00000000 7183039.50000000 17812772.00000000 2308.00927734   250064.46875000 197183.39062500 
0.17500    10869921.00000000 7061633.50000000 17509614.00000000 2255.11328125   243255.40625000 191708.85937500 
0.17600    10683774.00000000 6942079.50000000 17211134.00000000 2203.92993164   236617.93750000 186371.59375000 
0.17700    10500726.00000000 6824426.50000000 16917682.00000000 2154.47656250   230155.98437500 181173.39062500 
0.17800    10320525.00000000 6708465.00000000 16628634.00000000 2106.63452148   223856.70312500 176107.40625000 
0.17900    10143133.00000000 6594374.00000000 16343964.00000000 2060.43603516   217720.31250000 171173.46875000 
0.18000    9968645.00000000 6481968.00000000 16063860.00000000 2015.75292969   211743.14062500 166367.18750000 
0.18100    9797024.00000000 6371379.00000000 15788221.00000000 1972.61010742   205923.00000000 161686.17187500 
0.18200    9628031.00000000 6262353.00000000 15516701.00000000 1930.86914062   200246.59375000 157122.21875000 
0.18300    9461790.00000000 6155068.50000000 15249655.00000000 1890.54711914   194719.23437500 152679.26562500 
0.18400    9298135.00000000 6049364.00000000 14986489.00000000 1851.58728027   189334.20312500 148349.00000000 
0.18500    9137102.00000000 5945367.00000000 14727702.00000000 1813.94018555   184090.09375000 144133.04687500 
0.18600    8978535.00000000 5842929.00000000 14472763.00000000 1777.56323242   178978.17187500 140023.81250000 
0.18700    8822563.00000000 5742060.50000000 14221913.00000000 1742.41394043   173998.37500000 136020.78125000 
0.18800    8668994.00000000 5642742.00000000 13975005.00000000 1708.46081543   169144.42187500 132120.98437500 
0.18900    8517989.00000000 5545010.00000000 13731914.00000000 1675.67871094   164417.31250000 128323.27343750 
0.19000    8369210.00000000 5448642.00000000 13492520.00000000 1643.96337891   159806.90625000 124619.10156250 
0.19100    8222955.00000000 5353874.50000000 13257076.00000000 1613.40051270   155318.71875000 121014.92187500 
0.19200    8078846.50000000 5260525.50000000 13025021.00000000 1583.82177734   150941.85937500 117497.38281250 
0.19300    7937119.00000000 5168639.00000000 12796912.00000000 1555.29870605   146675.51562500 114074.90625000 
0.19400    7797557.50000000 5078152.50000000 12572137.00000000 1527.72448730   142517.35937500 110735.98437500 
0.19500    7660206.50000000 4989089.00000000 12350952.00000000 1501.12512207   138462.25000000 107481.35156250 
0.19600    7525134.50000000 4901370.00000000 12133245.00000000 1475.39929199   134510.14062500 104310.78906250 
0.19700    7392063.00000000 4814999.00000000 11918822.00000000 1450.61999512   130657.07031250 101218.37500000 
0.19800    7261132.00000000 4729990.50000000 11707914.00000000 1426.66552734   126899.07812500 98203.38281250  
0.19900    7132268.00000000 4646322.50000000 11500278.00000000 1403.57714844   123235.49218750 95265.92968750  
0.20000    7005404.00000000 4563897.50000000 11295820.00000000 1381.25354004   119659.46875000 92399.83593750  
0.20100    6880546.50000000 4482787.00000000 11094581.00000000 1359.74780273   116174.81250000 89605.44531250  
0.20200    6757651.50000000 4402978.50000000 10896469.00000000 1338.96765137   112775.07812500 86879.70312500  
0.20300    6636776.50000000 4324375.50000000 10701565.00000000 1318.95373535   109459.55468750 84222.05468750  
0.20400    6517755.00000000 4247000.00000000 10509732.00000000 1299.63049316   106224.00781250 81630.07812500  
0.20500    6400583.00000000 4170835.25000000 10320910.00000000 1280.99401855   103067.16406250 79102.14062500  
0.20600    6285280.50000000 4095852.00000000 10134986.00000000 1262.99865723   99986.35156250  76633.64062500  
0.20700    6171894.50000000 4022086.75000000 9952006.00000000 1245.67907715   96982.62500000  74227.14062500  
0.20800    6060215.00000000 3949452.25000000 9771950.00000000 1228.93603516   94049.43750000  71877.78125000  
0.20900    5950409.50000000 3878038.00000000 9594919.00000000 1212.84533691   91192.47656250  69589.44531250  
0.21000    5842295.50000000 3807697.25000000 9420543.00000000 1197.30334473   88399.29687500  67353.37500000  
0.21100    5735964.00000000 3738452.75000000 9248962.00000000 1182.31665039   85674.93750000  65173.49609375  
0.21200    5631241.50000000 3670327.25000000 9080050.00000000 1167.86547852   83018.10937500  63044.76171875  
0.21300    5528264.00000000 3603310.50000000 8913889.00000000 1153.93212891   80423.39843750  60968.48046875  
0.21400    5426992.00000000 3537359.75000000 8750530.00000000 1140.51440430   77892.71093750  58942.79296875  
0.21500    5327345.50000000 3472472.75000000 8589777.00000000 1127.59350586   75426.05468750  56968.13671875  
0.21600    5229252.00000000 3408629.25000000 8431548.00000000 1115.11303711   73016.08593750  55039.12500000  
0.21700    5132841.50000000 3345815.00000000 8275879.50000000 1103.08972168   70667.46875000  53158.84765625  
0.21800    5037959.50000000 3284011.00000000 8122774.50000000 1091.50524902   68374.20312500  51323.40625000  
0.21900    4944632.50000000 3223199.00000000 7972195.50000000 1080.31628418   66136.55468750  49532.28125000  
0.22000    4852806.50000000 3163380.25000000 7824067.50000000 1069.53649902   63954.39453125  47785.67187500  
0.22100    4762647.50000000 3104598.50000000 7678422.00000000 1059.16381836   61828.31640625  46083.72265625  
0.22200    4673858.00000000 3046758.00000000 7535183.00000000 1049.14880371   59754.00000000  44422.85156250  
0.22300    4586633.00000000 2989861.50000000 7394264.50000000 1039.48864746   57730.62109375  42803.48828125  
0.22400    4500826.00000000 2933906.00000000 7255655.50000000 1030.16040039   55756.96484375  41223.73828125  
0.22500    4416496.50000000 2878894.75000000 7119514.50000000 1021.19677734   53837.73046875  39686.26562500  
0.22600    4333560.50000000 2824798.25000000 6985577.00000000 1012.50903320   51963.61328125  38185.30859375  
0.22700    4252071.00000000 2771614.25000000 6853942.00000000 1004.15875244   50139.73437500  36725.50781250  
0.22800    4171927.25000000 2719322.50000000 6724503.50000000 996.08587646    48361.10156250  35301.33203125  
0.22900    4093193.25000000 2667914.50000000 6597252.00000000 988.29779053    46629.08984375  33914.05859375  
0.23000    4015807.50000000 2617375.00000000 6472224.00000000 980.78674316    44945.03906250  32564.04882812  
0.23100    3939796.75000000 2567742.50000000 6349347.00000000 973.53948975    43304.44921875  31250.29687500  
0.23200    3865060.00000000 2518903.00000000 6228518.50000000 966.53344727    41706.53515625  29969.98437500  
0.23300    3791652.25000000 2470924.75000000 6109880.00000000 959.78405762    40152.94921875  28725.77929688  
0.23400    3719545.00000000 2423782.00000000 5993253.50000000 953.25909424    38643.06640625  27515.12500000  
0.23500    3648643.50000000 2377416.50000000 5878623.00000000 946.94683838    37171.79296875  26336.50585938  
0.23600    3579073.50000000 2331919.75000000 5766079.50000000 940.86840820    35743.69140625  25192.19335938  
0.23700    3510713.50000000 2287165.75000000 5655500.00000000 934.98919678    34355.76562500  24080.12500000  
0.23800    3443601.00000000 2243240.00000000 5546868.00000000 929.32183838    33008.38281250  22999.84960938  
0.23900    3377646.75000000 2200044.25000000 5440117.00000000 923.83312988    31698.41796875  21950.43554688  
0.24000    3312903.75000000 2157635.25000000 5335275.00000000 918.54168701    30427.44531250  20931.78515625  
0.24100    3249343.25000000 2115988.00000000 5232426.00000000 913.44213867    29195.98242188  19945.02929688  
0.24200    3186936.75000000 2075081.37500000 5131404.50000000 908.52319336    28001.13281250  18987.26757812  
0.24300    3125699.50000000 2034906.75000000 5032149.50000000 903.76513672    26842.52148438  18059.03906250  
0.24400    3065537.00000000 1995446.87500000 4934699.00000000 899.16595459    25720.14648438  17158.99023438  
0.24500    3006491.00000000 1956702.37500000 4838993.00000000 894.73107910    24632.36718750  16287.40527344  
0.24600    2948539.75000000 1918646.37500000 4745027.00000000 890.45758057    23579.78906250  15444.48535156  
0.24700    2891667.75000000 1881289.25000000 4652897.00000000 886.33007812    22561.69921875  14628.98925781  
0.24800    2835839.50000000 1844627.87500000 4562382.00000000 882.36303711    21577.11132812  13840.57714844  
0.24900    2781058.75000000 1808609.00000000 4473521.00000000 878.52203369    20625.64453125  13078.22753906  
0.25000    2727303.25000000 1773244.87500000 4386305.50000000 874.82757568    19705.66796875  12342.12011719  
0.25100    2674518.25000000 1738556.12500000 4300686.50000000 871.25823975    18817.16992188  11631.15820312  
0.25200    2622815.50000000 1704519.25000000 4216766.00000000 867.83239746    17961.83984375  10946.98925781  
0.25300    2572018.75000000 1671093.75000000 4134335.25000000 864.52966309    17136.05078125  10286.33593750  
0.25400    2522186.00000000 1638287.00000000 4053425.00000000 861.34521484    16340.48242188  9650.23046875   
0.25500    2473311.75000000 1606070.00000000 3974059.25000000 858.27972412    15573.75390625  9037.30566406   
0.25600    2425363.75000000 1574489.75000000 3896222.25000000 855.32812500    14835.72070312  8448.19628906   
0.25700    2378317.75000000 1543481.50000000 3819834.75000000 852.47955322    14126.11035156  7881.70849609   
0.25800    2332179.25000000 1513048.00000000 3744845.25000000 849.74163818    13444.17285156  7337.84521484   
0.25900    2286912.75000000 1483205.62500000 3671318.50000000 847.10882568    12789.08789062  6815.28076172   
0.26000    2242532.50000000 1453920.75000000 3599170.75000000 844.57513428    12160.87402344  6314.79003906   
0.26100    2198947.00000000 1425163.25000000 3528364.75000000 842.12066650    11556.85449219  5834.09130859   
0.26200    2156272.75000000 1396973.12500000 3458979.75000000 839.77239990    10979.75000000  5375.10791016   
0.26300    2114359.25000000 1369284.62500000 3390826.25000000 837.48370361    10425.29882812  4934.75097656   
0.26400    2073258.00000000 1342154.62500000 3324005.75000000 835.28570557    9895.53515625   4514.26611328   
0.26500    2032960.50000000 1315544.87500000 3258478.00000000 833.16223145    9389.18457031   4113.01025391   
0.26600    1993430.75000000 1289410.00000000 3194199.25000000 831.10467529    8905.06152344   3729.59960938   
0.26700    1954665.62500000 1263790.87500000 3131163.00000000 829.11169434    8443.53222656   3364.81323242   
0.26800    1916674.00000000 1238676.75000000 3069363.25000000 827.18511963    8003.85791016   3017.75170898   
0.26900    1879383.25000000 1214019.12500000 3008665.75000000 825.29486084    7583.59277344   2686.78979492   
0.27000    1842837.12500000 1189843.12500000 2949211.75000000 823.46551514    7184.45214844   2372.63940430   
0.27100    1806967.87500000 1166120.00000000 2890870.00000000 821.66491699    6804.56103516   2074.52124023   
0.27200    1771866.75000000 1142894.87500000 2833719.50000000 819.93353271    6445.60351562   1793.34704590   
0.27300    1737372.37500000 1120082.62500000 2777596.00000000 818.20471191    6102.76025391   1525.43298340   
0.27400    1703515.12500000 1097670.25000000 2722520.25000000 816.49542236    5776.58105469   1270.88281250   
0.27500    1670398.87500000 1075749.37500000 2668631.00000000 814.83148193    5470.56494141   1032.98876953   
0.27600    1637840.75000000 1054203.62500000 2615628.25000000 813.15618896    5178.58349609   806.60046387    
0.27700    1605972.12500000 1033107.50000000 2563765.25000000 811.51770020    4904.40478516   595.15881348    
0.27800    1574703.75000000 1012395.75000000 2512856.00000000 809.87762451    4644.94824219   395.48699951    
0.27900    1544047.00000000 992105.12500000 2462954.00000000 808.23223877    4400.62548828   208.07592773    
0.28000    1513978.50000000 972194.43750000 2414035.25000000 806.59582520    4170.91064453   32.67768860     
0.28100    1484493.50000000 952672.87500000 2366044.00000000 804.94659424    3954.53833008   -131.59846497   
0.28200    1455594.00000000 933529.62500000 2319002.50000000 803.28656006    3752.26611328   -284.17453003   
0.28300    1427254.50000000 914761.00000000 2272853.75000000 801.61413574    3562.93530273   -426.66119385   
0.28400    1399445.37500000 896344.68750000 2227606.25000000 799.91815186    3385.18286133   -559.24212646   
0.28500    1372217.50000000 878306.68750000 2183264.50000000 798.20989990    3220.07080078   -681.50854492   
0.28600    1345481.37500000 860598.00000000 2139757.50000000 796.46777344    3065.65917969   -795.13049316   
0.28700    1319297.12500000 843249.56250000 2097125.25000000 794.69995117    2922.31591797   -899.29260254   
0.28800    1293597.00000000 826222.81250000 2055297.37500000 792.90362549    2789.83398438   -994.89013672   
0.28900    1268423.75000000 809564.31250000 2014346.37500000 791.08905029    2667.78247070   -1081.88146973  
0.29000    1243730.12500000 793188.68750000 1974135.37500000 789.22595215    2554.69116211   -1161.34753418  
0.29100    1219553.87500000 777167.75000000 1934771.75000000 787.34552002    2451.75195312   -1232.31469727  
0.29200    1195836.00000000 761447.12500000 1896154.62500000 785.42205811    2357.67529297   -1296.43920898  
0.29300    1172600.62500000 746051.18750000 1858339.12500000 783.48046875    2272.87841797   -1352.83239746  
0.29400    1149798.37500000 730930.87500000 1821206.37500000 781.48895264    2194.59765625   -1403.76452637  
0.29500    1127489.37500000 716141.93750000 1784881.75000000 779.48437500    2126.61791992   -1446.40783691  
0.29600    1105590.00000000 701632.43750000 1749256.25000000 777.44152832    2065.14916992   -1483.93359375  
0.29700    1084136.75000000 687395.62500000 1714313.62500000 775.35772705    2010.58264160   -1515.50146484  
0.29800    1063128.12500000 673467.56250000 1680109.87500000 773.26635742    1964.60314941   -1540.38854980  
0.29900    1042555.93750000 659812.93750000 1646596.50000000 771.15234375    1925.66503906   -1559.27502441  
0.30000    1022375.56250000 646427.18750000 1613734.25000000 769.01422119    1892.70739746   -1573.72192383  
0.30100    1002641.06250000 633322.18750000 1581581.62500000 766.86749268    1867.21203613   -1581.67187500  
0.30200    983279.87500000 620470.18750000 1550041.12500000 764.69372559    1847.41699219   -1585.01843262  
0.30300    964345.18750000 607886.06250000 1519183.75000000 762.52990723    1834.86279297   -1582.94433594  
0.30400    945815.06250000 595572.56250000 1488985.87500000 760.36083984    1828.75134277   -1575.76037598  
0.30500    927638.31250000 583493.25000000 1459359.87500000 758.18481445    1827.56677246   -1564.33837891  
0.30600    909844.31250000 571659.50000000 1430352.00000000 756.01086426    1832.58020020   -1548.20275879  
0.30700    892469.43750000 560094.31250000 1402012.75000000 753.86364746    1844.76525879   -1526.12390137  
0.30800    875433.31250000 548749.81250000 1374204.37500000 751.72937012    1861.75390625   -1500.73730469  
0.30900    858780.25000000 537660.06250000 1347046.62500000 749.62524414    1885.49353027   -1469.85058594  
0.31000    842500.68750000 526805.62500000 1320466.12500000 747.54223633    1914.71850586   -1434.87512207  
0.31100    826554.06250000 516172.62500000 1294429.25000000 745.49371338    1949.44567871   -1395.38391113  
0.31200    810990.00000000 505772.62500000 1269002.62500000 743.49121094    1990.19006348   -1351.35693359  
0.31300    795753.75000000 495601.40625000 1244128.37500000 741.53021240    2036.82971191   -1302.92260742  
0.31400    780892.50000000 485670.43750000 1219832.00000000 739.62878418    2089.79028320   -1249.61865234  
0.31500    766355.87500000 475933.21875000 1196060.00000000 737.78161621    2147.52758789   -1192.61547852  
0.31600    752164.25000000 466426.62500000 1172821.00000000 735.99725342    2212.04003906   -1130.37023926  
0.31700    738310.31250000 457139.93750000 1150144.12500000 734.29180908    2282.61279297   -1063.78027344  
0.31800    724785.37500000 448050.75000000 1127968.62500000 732.64160156    2358.02905273   -993.52368164   
0.31900    711603.25000000 439191.37500000 1106381.87500000 731.09161377    2441.17919922   -917.41357422   
0.32000    698738.25000000 430530.43750000 1085270.12500000 729.61651611    2529.40673828   -837.53723145   
0.32100    686190.93750000 422073.68750000 1064663.00000000 728.22631836    2623.65649414   -753.36529541   
0.32200    673978.81250000 413829.71875000 1044604.93750000 726.93743896    2724.97534180   -663.54510498   
0.32300    662044.31250000 405766.21875000 1024992.25000000 725.73510742    2831.31567383   -570.38214111   
0.32400    650448.50000000 397908.21875000 1005905.56250000 724.63641357    2944.10961914   -472.30422974   
0.32500    639151.18750000 390249.71875000 987289.25000000 723.63055420    3063.04077148   -369.76339722   
0.32600    628159.81250000 382781.81250000 969177.31250000 722.72644043    3188.59960938   -262.48254395   
0.32700    617474.81250000 375511.62500000 951546.43750000 721.93548584    3320.65014648   -150.16404724   
0.32800    607104.75000000 368438.46875000 934424.12500000 721.25750732    3459.64794922   -33.03644180    
0.32900    597009.50000000 361538.25000000 917728.43750000 720.66595459    3603.91333008   87.94091797     
0.33000    587230.87500000 354837.46875000 901535.56250000 720.20086670    3755.47241211   214.31898499    
0.33100    577692.93750000 348291.65625000 885733.56250000 719.81732178    3912.07641602   344.23541260    
0.33200    568516.62500000 341971.21875000 870487.18750000 719.56036377    4076.97460938   480.27474976    
0.33300    559581.62500000 335805.59375000 855634.68750000 719.39221191    4246.94433594   620.09973145    
0.33400    550955.62500000 329829.62500000 841258.56250000 719.33782959    4424.08251953   764.88916016    
0.33500    542575.00000000 324021.56250000 827294.87500000 719.37414551    4606.75878906   913.66253662    
0.33600    534484.12500000 318383.96875000 813782.06250000 719.49664307    4795.30908203   1067.20043945   
0.33700    526659.18750000 312921.25000000 800685.50000000 719.71881104    4990.40234375   1224.94140625   
0.33800    519124.31250000 307638.21875000 788054.93750000 720.02563477    5192.14550781   1387.52795410   
0.33900    511822.40625000 302505.90625000 775791.75000000 720.40899658    5398.70166016   1553.66723633   
0.34000    504792.00000000 297545.71875000 763970.43750000 720.87139893    5611.16210938   1724.17285156   
0.34100    498025.12500000 292752.31250000 752561.12500000 721.39916992    5829.21728516   1898.71801758   
0.34200    491549.68750000 288138.71875000 741608.25000000 722.00775146    6054.12255859   2078.26025391   
0.34300    485280.25000000 283660.65625000 730986.56250000 722.66027832    6282.91308594   2260.37231445   
0.34400    479298.03125000 279365.59375000 720825.75000000 723.37744141    6518.16113281   2447.41577148   
0.34500    473537.90625000 275211.43750000 711004.25000000 724.12152100    6757.44970703   2637.23242188   
0.34600    468053.21875000 271230.50000000 701643.87500000 724.92138672    7002.70068359   2831.71093750   
0.34700    462761.06250000 267372.43750000 692575.56250000 725.73590088    7251.01220703   3028.00317383   
0.34800    457724.68750000 263682.56250000 683928.18750000 726.57519531    7504.09179688   3227.97558594   
0.34900    452921.37500000 260137.01562500 675636.50000000 727.43353271    7761.83300781   3431.35913086   
0.35000    448343.75000000 256733.75000000 667711.25000000 728.29193115    8022.59765625   3636.98608398   
0.35100    444014.87500000 253494.29687500 660180.43750000 729.15979004    8288.22070312   3845.99145508   
0.35200    439854.40625000 250359.23437500 652921.68750000 730.00384521    8555.67675781   4056.49462891   
0.35300    435923.00000000 247381.53125000 646045.62500000 730.82873535    8826.12792969   4269.28466797   
0.35400    432215.87500000 244544.32812500 639507.68750000 731.63555908    9099.79589844   4484.52490234   
0.35500    428712.50000000 241833.85937500 633308.81250000 732.40533447    9375.70703125   4701.30517578   
0.35600    425385.09375000 239246.06250000 627397.12500000 733.13189697    9653.21191406   4919.46337891   
0.35700    422267.81250000 236793.00000000 621818.68750000 733.80572510    9932.71972656   5138.94384766   
0.35800    419348.31250000 234467.20312500 616567.00000000 734.43011475    10213.70605469  5359.76318359   
0.35900    416620.37500000 232263.21875000 611604.75000000 734.98266602    10495.61718750  5581.44042969   
0.36000    414078.78125000 230189.43750000 606958.12500000 735.48217773    10778.89355469  5804.11328125   
0.36100    411685.50000000 228214.60937500 602558.81250000 735.87609863    11061.31738281  6026.35009766   
0.36200    409516.53125000 226382.96875000 598526.75000000 736.21691895    11345.70214844  6250.13916016   
0.36300    407461.46875000 224629.12500000 594671.62500000 736.45227051    11627.69921875  6472.28710938   
0.36400    405567.21875000 222987.62500000 591080.12500000 736.59045410    11909.21289062  6694.44238281   
0.36500    403829.34375000 221450.32812500 587749.00000000 736.62969971    12189.63867188  6915.78125000   
0.36600    402270.68750000 220030.53125000 584709.00000000 736.57690430    12469.74804688  7137.10009766   
0.36700    400816.25000000 218686.57812500 581854.12500000 736.39190674    12746.48339844  7356.14404297   
0.36800    399554.21875000 217474.09375000 579303.25000000 736.12121582    13023.04785156  7575.53320312   
0.36900    398407.12500000 216337.75000000 576943.18750000 735.72247314    13296.85644531  7792.72460938   
0.37000    397346.87500000 215265.89062500 574734.12500000 735.19519043    13565.95703125  8006.91308594   
0.37100    396419.25000000 214288.23437500 572755.43750000 734.55126953    13832.61035156  8219.42773438   
0.37200    395638.56250000 213408.60937500 571020.06250000 733.79656982    14096.96191406  8430.60351562   
0.37300    394936.18750000 212594.07812500 569423.06250000 732.90368652    14356.39843750  8638.21875000   
0.37400    394362.21875000 211866.57812500 568028.68750000 731.89624023    14612.66406250  8844.08007812   
0.37500    393880.75000000 211207.73437500 566808.81250000 730.76654053    14864.63671875  9046.87304688   
0.37600    393500.28125000 210620.25000000 565743.43750000 729.50189209    15111.34277344  9246.10937500   
0.37700    393180.03125000 210082.35937500 564798.18750000 728.11022949    15352.95214844  9441.76855469   
0.37800    392958.34375000 209617.28125000 564019.87500000 726.59564209    15589.58691406  9634.21875000   
0.37900    392823.18750000 209222.07812500 563407.31250000 724.96069336    15821.60253906  9823.28320312   
0.38000    392733.75000000 208866.64062500 562878.25000000 723.20104980    16046.93066406  10007.89453125  
0.38100    392701.40625000 208552.67187500 562447.81250000 721.31347656    16265.75781250  10187.96875000  
0.38200    392743.90625000 208305.85937500 562153.68750000 719.31793213    16479.32617188  10364.59863281  
0.38300    392820.87500000 208084.45312500 561921.75000000 717.19482422    16685.55273438  10535.84472656  
0.38400    392968.68750000 207923.23437500 561824.93750000 714.96899414    16886.03125000  10703.45996094  
0.38500    393123.00000000 207776.03125000 561750.25000000 712.61584473    17078.82617188  10865.37011719  
0.38600    393353.78125000 207690.67187500 561807.81250000 710.17687988    17265.94921875  11023.54882812  
0.38700    393567.34375000 207610.29687500 561866.50000000 707.61236572    17444.22265625  11175.32519531  
0.38800    393820.59375000 207561.98437500 561997.43750000 704.95812988    17615.89648438  11322.49316406  
0.38900    394082.59375000 207532.73437500 562164.87500000 702.19824219    17779.59570312  11464.09375000  
0.39000    394391.78125000 207549.45312500 562416.62500000 699.35327148    17936.97265625  11601.08007812  
0.39100    394678.46875000 207561.25000000 562652.50000000 696.43200684    18085.85546875  11732.25683594  
0.39200    394980.25000000 207599.09375000 562933.25000000 693.40380859    18227.22851562  11857.97949219  
0.39300    395269.46875000 207639.71875000 563206.62500000 690.29931641    18360.21875000  11977.73828125  
0.39400    395587.93750000 207710.03125000 563540.62500000 687.12622070    18486.60351562  12092.79882812  
0.39500    395853.15625000 207757.12500000 563801.62500000 683.87145996    18603.66796875  12200.60058594  
0.39600    396116.25000000 207817.93750000 564073.93750000 680.54705811    18712.73828125  12303.30957031  
0.39700    396351.62500000 207872.35937500 564331.93750000 677.15405273    18813.77539062  12400.04589844  
0.39800    396584.65625000 207937.60937500 564594.50000000 673.71337891    18907.63085938  12491.41699219  
0.39900    396775.06250000 207988.95312500 564800.87500000 670.20184326    18992.54296875  12576.45800781  
0.40000    396937.96875000 208031.06250000 564979.12500000 666.64715576    19069.94531250  12655.73828125  
0.40100    397056.65625000 208060.92187500 565109.25000000 663.03167725    19138.59179688  12728.76171875  
0.40200    397162.03125000 208091.81250000 565231.31250000 659.38098145    19199.95117188  12796.43359375  
0.40300    397198.21875000 208089.81250000 565252.62500000 655.66949463    19252.71289062  12857.67675781  
0.40400    397208.87500000 208085.81250000 565248.81250000 651.93518066    19298.28515625  12913.51367188  
0.40500    397162.96875000 208055.85937500 565179.62500000 648.15716553    19335.30468750  12963.05566406  
0.40600    397094.40625000 208018.35937500 565069.93750000 644.35949707    19365.98242188  13007.78417969  
0.40700    396959.62500000 207951.93750000 564878.18750000 640.51525879    19388.08203125  13046.14843750  
0.40800    396769.03125000 207859.14062500 564604.37500000 636.65118408    19402.63671875  13078.74902344  
0.40900    396519.15625000 207739.34375000 564259.68750000 632.75128174    19409.70312500  13105.68554688  
0.41000    396242.84375000 207610.23437500 563873.12500000 628.85113525    19410.52148438  13127.87792969  
0.41100    395887.56250000 207443.37500000 563377.93750000 624.91741943    19403.42773438  13143.94433594  
0.41200    395466.90625000 207242.17187500 562785.75000000 620.96051025    19389.12890625  13154.45410156  
0.41300    395013.34375000 207024.21875000 562157.37500000 617.00048828    19369.00781250  13160.25878906  
0.41400    394478.93750000 206765.51562500 561408.25000000 613.02453613    19341.43359375  13160.70898438  
0.41500    393906.50000000 206491.32812500 560602.62500000 609.03503418    19307.87695312  13156.41601562  
0.41600    393244.15625000 206163.87500000 559660.00000000 605.02642822    19267.27929688  13146.29785156  
0.41700    392557.62500000 205829.04687500 558686.00000000 601.03051758    19221.61718750  13132.50781250  
0.41800    391825.00000000 205470.34375000 557661.75000000 597.02368164    19170.72265625  13114.38964844  
0.41900    390976.37500000 205040.68750000 556445.56250000 592.99291992    19111.90234375  13090.06738281  
0.42000    390114.75000000 204610.35937500 555211.75000000 588.97479248    19049.51757812  13062.61132812  
0.42100    389203.65625000 204156.18750000 553915.81250000 584.96466064    18981.86718750  13031.19140625  
0.42200    388230.40625000 203665.20312500 552523.31250000 580.94683838    18909.16210938  12995.57226562  
0.42300    387191.56250000 203132.67187500 551025.62500000 576.92510986    18831.13476562  12955.46777344  
0.42400    386110.75000000 202578.76562500 549459.43750000 572.91271973    18748.66601562  12911.92675781  
0.42500    384983.00000000 201995.75000000 547830.31250000 568.90789795    18662.36523438  12865.06542969  
0.42600    383788.75000000 201375.03125000 546096.75000000 564.89703369    18571.39648438  12814.34082031  
0.42700    382581.78125000 200746.39062500 544338.37500000 560.91235352    18477.64062500  12761.35058594  
0.42800    381307.46875000 200074.90625000 542477.43750000 556.92156982    18379.56640625  12704.58300781  
0.42900    380025.56250000 199401.67187500 540608.06250000 552.95355225    18279.28906250  12645.77441406  
0.43000    378687.15625000 198691.50000000 538645.31250000 549.00036621    18175.32812500  12583.95605469  
0.43100    377283.56250000 197941.48437500 536578.50000000 545.04107666    18067.84765625  12519.03222656  
0.43200    375893.25000000 197197.56250000 534527.25000000 541.11993408    17959.18750000  12452.90429688  
0.43300    374448.53125000 196418.64062500 532392.50000000 537.20605469    17847.29882812  12383.95996094  
0.43400    372982.96875000 195628.17187500 530226.87500000 533.31762695    17733.87695312  12313.49218750  
0.43500    371491.53125000 194813.67187500 528000.31250000 529.44409180    17618.21875000  12241.14257812  
0.43600    370014.56250000 194003.95312500 525797.93750000 525.60455322    17502.54882812  12168.29882812  
0.43700    368477.25000000 193159.71875000 523503.40625000 521.78265381    17384.07812500  12093.26367188  
0.43800    366925.53125000 192303.06250000 521173.90625000 517.98291016    17264.56445312  12017.00195312  
0.43900    365379.84375000 191444.81250000 518851.15625000 514.22485352    17145.09960938  11940.17871094  
0.44000    363829.50000000 190579.85937500 516521.93750000 510.49163818    17024.71289062  11862.78710938  
0.44100    362272.12500000 189703.92187500 514166.25000000 506.80209351    16904.06835938  11784.58203125  
0.44200    360715.71875000 188828.67187500 511807.75000000 503.13973999    16783.45312500  11706.27832031  
0.44300    359162.93750000 187949.62500000 509453.40625000 499.52554321    16663.00976562  11627.90527344  
0.44400    357619.40625000 187071.37500000 507101.03125000 495.94812012    16543.11132812  11549.50000000  
0.44500    356047.65625000 186168.45312500 504694.96875000 492.40582275    16422.34179688  11470.45410156  
0.44600    354509.87500000 185280.06250000 502333.21875000 488.90963745    16302.70800781  11391.96093750  
0.44700    352999.53125000 184408.10937500 500017.43750000 485.47311401    16184.76953125  11314.45214844  
0.44800    351482.56250000 183523.39062500 497672.18750000 482.07791138    16067.17089844  11237.02734375  
0.44900    350010.21875000 182662.10937500 495398.00000000 478.74124146    15951.56250000  11160.95312500  
0.45000    348565.84375000 181813.10937500 493151.78125000 475.46536255    15837.54394531  11086.16699219  
0.45100    347106.68750000 180948.56250000 490881.15625000 472.22628784    15723.62500000  11011.05761719  
0.45200    345703.21875000 180112.50000000 488689.43750000 469.05993652    15612.30664062  10937.90234375  
0.45300    344311.96875000 179275.12500000 486503.75000000 465.95324707    15502.21679688  10865.62597656  
0.45400    342963.34375000 178464.35937500 484383.78125000 462.90380859    15394.41796875  10794.82812500  
0.45500    341651.09375000 177667.51562500 482306.00000000 459.92535400    15288.71191406  10725.64160156  
0.45600    340360.93750000 176880.00000000 480255.03125000 457.00671387    15184.42382812  10657.57031250  
0.45700    339119.31250000 176113.92187500 478275.12500000 454.16085815    15082.79980469  10591.55468750  
0.45800    337898.81250000 175357.28125000 476324.68750000 451.38565063    14983.29101562  10526.87890625  
0.45900    336719.84375000 174620.48437500 474427.84375000 448.66937256    14885.36132812  10463.60644531  
0.46000    335609.21875000 173920.78125000 472633.90625000 446.04357910    14791.34375000  10403.28515625  
0.46100    334490.43750000 173211.01562500 470813.37500000 443.46649170    14697.64941406  10343.14550781  
0.46200    333455.40625000 172547.93750000 469128.81250000 440.97918701    14607.80175781  10286.14453125  
0.46300    332443.93750000 171894.43750000 467465.28125000 438.55712891    14519.50683594  10230.27050781  
0.46400    331468.25000000 171256.64062500 465851.87500000 436.21658325    14433.65527344  10176.29003906  
0.46500    330550.53125000 170652.92187500 464330.84375000 433.94732666    14350.43750000  10124.60253906  
0.46600    329662.84375000 170062.73437500 462845.71875000 431.75100708    14269.31933594  10074.38378906  
0.46700    328802.65625000 169484.50000000 461396.03125000 429.62387085    14189.80957031  10025.45410156  
0.46800    328025.00000000 168953.70312500 460077.31250000 427.58410645    14113.72265625  9979.51757812   
0.46900    327249.68750000 168419.62500000 458759.28125000 425.60482788    14038.76074219  9934.44824219   
0.47000    326524.15625000 167913.28125000 457507.03125000 423.70538330    13966.02050781  9891.17187500   
0.47100    325845.65625000 167433.07812500 456325.43750000 421.87875366    13895.76464844  9850.02734375   
0.47200    325201.53125000 166973.54687500 455200.65625000 420.12194824    13827.40136719  9810.35644531   
0.47300    324611.15625000 166539.68750000 454147.12500000 418.43777466    13761.16601562  9772.39648438   
0.47400    324020.59375000 166106.46875000 453096.68750000 416.81448364    13695.38671875  9735.25781250   
0.47500    323487.78125000 165705.81250000 452132.96875000 415.26977539    13632.42480469  9700.18359375   
0.47600    323007.56250000 165337.65625000 451250.40625000 413.79626465    13571.62500000  9666.99023438   
0.47700    322506.59375000 164954.18750000 450336.50000000 412.37329102    13510.41113281  9633.71679688   
0.47800    322067.15625000 164604.71875000 449515.03125000 411.01953125    13451.72167969  9602.48437500   
0.47900    321668.78125000 164283.25000000 448756.53125000 409.73544312    13394.57519531  9572.79003906   
0.48000    321260.71875000 163955.35937500 447985.43750000 408.50085449    13337.63671875  9543.15820312   
0.48100    320926.46875000 163670.40625000 447329.56250000 407.34051514    13283.12402344  9515.66992188   
0.48200    320551.21875000 163359.85937500 446603.87500000 406.21359253    13227.26953125  9487.39160156   
0.48300    320212.75000000 163074.64062500 445946.62500000 405.15139771    13173.29296875  9460.54003906   
0.48400    319907.09375000 162809.65625000 445338.34375000 404.14434814    13120.21386719  9434.77441406   
0.48500    319609.62500000 162547.26562500 444742.59375000 403.18957520    13067.16894531  9409.06347656   
0.48600    319338.46875000 162305.46875000 444190.65625000 402.28952026    13015.35839844  9384.55273438   
0.48700    319064.87500000 162063.79687500 443638.78125000 401.42935181    12963.23046875  9359.98632812   
0.48800    318779.93750000 161815.17187500 443070.25000000 400.60287476    12910.67578125  9335.17480469   
0.48900    318515.71875000 161578.59375000 442534.75000000 399.83258057    12858.36816406  9310.75488281   
0.49000    318255.09375000 161353.07812500 442018.84375000 399.10388184    12806.71386719  9286.98730469   
0.49100    318013.78125000 161139.09375000 441525.71875000 398.41912842    12755.12597656  9263.42773438   
0.49200    317742.84375000 160905.84375000 440998.53125000 397.76876831    12702.48828125  9239.17187500   
0.49300    317484.34375000 160685.59375000 440488.62500000 397.15899658    12649.93554688  9215.22070312   
0.49400    317214.84375000 160463.21875000 439971.46875000 396.57901001    12596.98925781  9191.09375000   
0.49500    316930.34375000 160233.84375000 439433.50000000 396.03610229    12543.36621094  9166.41796875   
0.49600    316660.21875000 160014.68750000 438922.59375000 395.53829956    12489.98046875  9142.07519531   
0.49700    316350.03125000 159779.56250000 438362.75000000 395.05471802    12435.06542969  9116.84179688   
0.49800    316048.28125000 159550.07812500 437809.25000000 394.61566162    12380.04980469  9091.72753906   
0.49900    315709.28125000 159303.54687500 437210.96875000 394.19692993    12323.92480469  9065.61816406   
0.50000    315374.65625000 159061.42187500 436626.18750000 393.81787109    12267.64453125  9039.55566406   
