# SAXS profile: number of points = 501, q_min = 0, q_max = 0.5, delta_q = 0.001
#    q    intensity 
0.00000    162236320.00000000 101201856.00000000 256271728.00000000 102925.53125000 8172803.50000000 6454854.00000000 
0.00100    162202544.00000000 101179688.00000000 256215904.00000000 102896.19531250 8170731.50000000 6453227.00000000 
0.00200    162099360.00000000 101114120.00000000 256049808.00000000 102808.85937500 8164517.00000000 6448338.00000000 
0.00300    161923600.00000000 101004608.00000000 255771424.00000000 102662.67968750 8154234.50000000 6440226.50000000 
0.00400    161675904.00000000 100851840.00000000 255382464.00000000 102458.85156250 8139860.50000000 6428918.50000000 
0.00500    161357920.00000000 100655536.00000000 254882960.00000000 102196.89062500 8121397.00000000 6414382.00000000 
0.00600    160970816.00000000 100415536.00000000 254273184.00000000 101878.11718750 8098881.00000000 6396697.00000000 
0.00700    160514624.00000000 100133696.00000000 253558272.00000000 101502.57812500 8072389.00000000 6375801.00000000 
0.00800    159988112.00000000 99809384.00000000 252733456.00000000 101071.07031250 8041951.00000000 6351833.00000000 
0.00900    159396128.00000000 99443960.00000000 251803088.00000000 100584.92968750 8007615.50000000 6324763.00000000 
0.01000    158738336.00000000 99037480.00000000 250768208.00000000 100044.57812500 7969438.00000000 6294750.50000000 
0.01100    158017632.00000000 98589872.00000000 249629680.00000000 99451.53125000  7927451.00000000 6261657.50000000 
0.01200    157230416.00000000 98102248.00000000 248391344.00000000 98806.15625000  7881789.50000000 6225729.50000000 
0.01300    156378864.00000000 97576136.00000000 247052848.00000000 98110.21093750  7832526.00000000 6186918.00000000 
0.01400    155466160.00000000 97011096.00000000 245617648.00000000 97364.35937500  7779699.50000000 6145350.50000000 
0.01500    154492256.00000000 96408544.00000000 244086688.00000000 96571.21093750  7723377.00000000 6100977.50000000 
0.01600    153460352.00000000 95769776.00000000 242462384.00000000 95731.51562500  7663751.50000000 6053984.00000000 
0.01700    152371664.00000000 95095384.00000000 240747440.00000000 94846.21093750  7600852.50000000 6004488.00000000 
0.01800    151225616.00000000 94386664.00000000 238944768.00000000 93918.34375000  7534801.00000000 5952469.50000000 
0.01900    150026016.00000000 93643448.00000000 237056528.00000000 92948.21093750  7465708.50000000 5898057.00000000 
0.02000    148774928.00000000 92868264.00000000 235086320.00000000 91938.29687500  7393674.50000000 5841346.00000000 
0.02100    147472304.00000000 92061848.00000000 233038528.00000000 90890.23437500  7318851.50000000 5782429.50000000 
0.02200    146120160.00000000 91225488.00000000 230910544.00000000 89805.69531250  7241304.00000000 5721294.00000000 
0.02300    144723200.00000000 90360192.00000000 228711376.00000000 88687.29687500  7161229.50000000 5658234.00000000 
0.02400    143281136.00000000 89466848.00000000 226440528.00000000 87535.94531250  7078672.00000000 5593227.00000000 
0.02500    141795488.00000000 88546792.00000000 224101840.00000000 86354.48437500  6993822.50000000 5526364.50000000 
0.02600    140269296.00000000 87602104.00000000 221700272.00000000 85144.61718750  6906818.50000000 5457805.50000000 
0.02700    138706208.00000000 86633528.00000000 219238368.00000000 83908.35156250  6817743.50000000 5387645.50000000 
0.02800    137105584.00000000 85641376.00000000 216719872.00000000 82647.57031250  6726761.00000000 5315982.00000000 
0.02900    135471264.00000000 84628744.00000000 214146528.00000000 81364.64843750  6634007.50000000 5242897.50000000 
0.03000    133804872.00000000 83595800.00000000 211523184.00000000 80061.36718750  6539600.50000000 5168543.00000000 
0.03100    132109576.00000000 82544832.00000000 208852656.00000000 78740.67187500  6443757.00000000 5092977.00000000 
0.03200    130386928.00000000 81476544.00000000 206139264.00000000 77403.29687500  6346501.50000000 5016383.50000000 
0.03300    128637832.00000000 80393112.00000000 203385696.00000000 76052.50781250  6248099.00000000 4938768.00000000 
0.03400    126866816.00000000 79295144.00000000 200597664.00000000 74689.53125000  6148587.00000000 4860350.50000000 
0.03500    125075848.00000000 78184272.00000000 197776528.00000000 73316.92187500  6048134.00000000 4781196.50000000 
0.03600    123265752.00000000 77061256.00000000 194924800.00000000 71936.10937500  5946886.50000000 4701390.50000000 
0.03700    121439848.00000000 75928824.00000000 192048896.00000000 70549.58593750  5844991.50000000 4621030.50000000 
0.03800    119600368.00000000 74787544.00000000 189151248.00000000 69159.85937500  5742561.00000000 4540310.00000000 
0.03900    117749536.00000000 73639712.00000000 186235776.00000000 67767.78125000  5639732.50000000 4459263.00000000 
0.04000    115888640.00000000 72485320.00000000 183303520.00000000 66375.85156250  5536629.50000000 4377991.00000000 
0.04100    114020744.00000000 71325552.00000000 180359600.00000000 64985.33593750  5433408.00000000 4296574.00000000 
0.04200    112147680.00000000 70163128.00000000 177408160.00000000 63598.82812500  5330172.50000000 4215181.50000000 
0.04300    110270520.00000000 68997832.00000000 174451632.00000000 62217.49609375  5227069.50000000 4133843.50000000 
0.04400    108393968.00000000 67832520.00000000 171493968.00000000 60842.78125000  5124138.00000000 4052710.25000000 
0.04500    106517912.00000000 66667536.00000000 168536432.00000000 59476.96093750  5021596.00000000 3971829.25000000 
0.04600    104644256.00000000 65503912.00000000 165584224.00000000 58121.12109375  4919505.00000000 3891310.00000000 
0.04700    102776912.00000000 64343340.00000000 162638896.00000000 56776.88281250  4817987.50000000 3811230.25000000 
0.04800    100915336.00000000 63186880.00000000 159704256.00000000 55445.41406250  4717126.50000000 3731655.00000000 
0.04900    99062344.00000000 62035532.00000000 156783680.00000000 54128.85937500  4617083.50000000 3652702.25000000 
0.05000    97219520.00000000 60890112.00000000 153877072.00000000 52827.63671875  4517881.00000000 3574447.00000000 
0.05100    95388968.00000000 59752436.00000000 150990880.00000000 51542.98046875  4419618.00000000 3496932.50000000 
0.05200    93572288.00000000 58622532.00000000 148124496.00000000 50276.46093750  4322447.00000000 3420211.00000000 
0.05300    91769896.00000000 57502000.00000000 145282944.00000000 49028.73046875  4226378.50000000 3344418.50000000 
0.05400    89985016.00000000 56391652.00000000 142466816.00000000 47800.92578125  4131509.00000000 3269562.50000000 
0.05500    88216864.00000000 55292176.00000000 139678784.00000000 46593.81250000  4037933.75000000 3195703.00000000 
0.05600    86468888.00000000 54204636.00000000 136920784.00000000 45408.76562500  3945701.25000000 3122903.50000000 
0.05700    84741816.00000000 53130028.00000000 134196480.00000000 44245.30468750  3854875.00000000 3051216.00000000 
0.05800    83035832.00000000 52068556.00000000 131505248.00000000 43105.26562500  3765535.75000000 2980684.50000000 
0.05900    81352760.00000000 51021148.00000000 128849976.00000000 41988.89843750  3677711.75000000 2911333.50000000 
0.06000    79694336.00000000 49988780.00000000 126233200.00000000 40896.08203125  3591439.00000000 2843250.75000000 
0.06100    78060096.00000000 48971748.00000000 123654328.00000000 39828.28125000  3506794.50000000 2776398.00000000 
0.06200    76452192.00000000 47970284.00000000 121116904.00000000 38784.69140625  3423778.75000000 2710852.75000000 
0.06300    74871232.00000000 46985836.00000000 118621280.00000000 37766.45312500  3342483.50000000 2646660.00000000 
0.06400    73317168.00000000 46017952.00000000 116168200.00000000 36773.40234375  3262870.75000000 2583778.25000000 
0.06500    71791096.00000000 45067412.00000000 113759352.00000000 35805.67187500  3185002.00000000 2522284.25000000 
0.06600    70294176.00000000 44134704.00000000 111396216.00000000 34863.33203125  3108893.75000000 2462189.75000000 
0.06700    68825712.00000000 43220328.00000000 109078824.00000000 33946.52734375  3034563.25000000 2403469.25000000 
0.06800    67387776.00000000 42324168.00000000 106807464.00000000 33055.05468750  2961998.75000000 2346138.50000000 
0.06900    65978856.00000000 41446752.00000000 104583824.00000000 32188.93750000  2891227.50000000 2290216.75000000 
0.07000    64600808.00000000 40587644.00000000 102408192.00000000 31347.70117188  2822247.00000000 2235738.75000000 
0.07100    63253112.00000000 39747740.00000000 100280416.00000000 30531.50195312  2755029.25000000 2182655.00000000 
0.07200    61936536.00000000 38926988.00000000 98200896.00000000 29739.95898438  2689618.25000000 2130956.25000000 
0.07300    60650404.00000000 38125612.00000000 96170048.00000000 28972.13281250  2625950.25000000 2080681.37500000 
0.07400    59395200.00000000 37342912.00000000 94188496.00000000 28228.39843750  2564067.75000000 2031776.12500000 
0.07500    58170712.00000000 36579736.00000000 92254936.00000000 27507.97460938  2503896.75000000 1984239.37500000 
0.07600    56977260.00000000 35835768.00000000 90369872.00000000 26810.62500000  2445465.75000000 1938066.12500000 
0.07700    55814372.00000000 35111040.00000000 88533672.00000000 26135.56835938  2388712.75000000 1893235.00000000 
0.07800    54681824.00000000 34404848.00000000 86745112.00000000 25482.61328125  2333637.75000000 1849722.37500000 
0.07900    53579528.00000000 33717992.00000000 85004808.00000000 24850.68945312  2280199.25000000 1807507.50000000 
0.08000    52507032.00000000 33049742.00000000 83311312.00000000 24239.84375000  2228369.75000000 1766570.37500000 
0.08100    51464608.00000000 32399746.00000000 81665232.00000000 23649.18164062  2178146.75000000 1726879.37500000 
0.08200    50450468.00000000 31768216.00000000 80065072.00000000 23077.98437500  2129449.50000000 1688405.50000000 
0.08300    49465844.00000000 31154774.00000000 78509840.00000000 22525.62890625  2082265.50000000 1651127.87500000 
0.08400    48509740.00000000 30558868.00000000 76999824.00000000 21991.56250000  2036525.50000000 1614997.37500000 
0.08500    47581072.00000000 29980424.00000000 75534056.00000000 21475.08984375  1992240.12500000 1580011.37500000 
0.08600    46679408.00000000 29419036.00000000 74110944.00000000 20975.52539062  1949337.25000000 1546112.75000000 
0.08700    45804608.00000000 28874416.00000000 72730808.00000000 20492.24023438  1907760.50000000 1513290.62500000 
0.08800    44956388.00000000 28346088.00000000 71391824.00000000 20024.43359375  1867498.75000000 1481490.50000000 
0.08900    44133108.00000000 27833958.00000000 70092768.00000000 19571.69531250  1828489.00000000 1450692.75000000 
0.09000    43335128.00000000 27337384.00000000 68834144.00000000 19133.13671875  1790688.75000000 1420845.87500000 
0.09100    42561068.00000000 26855878.00000000 67612744.00000000 18708.13085938  1754069.12500000 1391923.25000000 
0.09200    41810764.00000000 26389330.00000000 66429436.00000000 18296.09570312  1718551.75000000 1363898.75000000 
0.09300    41083248.00000000 25937158.00000000 65281588.00000000 17896.25000000  1684134.50000000 1336715.62500000 
0.09400    40377800.00000000 25498926.00000000 64169456.00000000 17508.09179688  1650740.00000000 1310355.87500000 
0.09500    39693724.00000000 25073956.00000000 63090972.00000000 17131.11328125  1618331.25000000 1284777.50000000 
0.09600    39030312.00000000 24662158.00000000 62045296.00000000 16764.35546875  1586863.62500000 1259947.25000000 
0.09700    38387048.00000000 24262972.00000000 61031920.00000000 16407.55859375  1556303.75000000 1235831.25000000 
0.09800    37762772.00000000 23875856.00000000 60049048.00000000 16060.28515625  1526614.12500000 1212388.12500000 
0.09900    37157172.00000000 23500476.00000000 59094988.00000000 15721.58593750  1497717.37500000 1189593.87500000 
0.10000    36569632.00000000 23136148.00000000 58169700.00000000 15391.23339844  1469595.00000000 1167411.00000000 
0.10100    35998464.00000000 22782830.00000000 57270880.00000000 15068.72558594  1442215.25000000 1145801.50000000 
0.10200    35444464.00000000 22439468.00000000 56398492.00000000 14753.44531250  1415539.50000000 1124757.50000000 
0.10300    34905588.00000000 22106044.00000000 55550648.00000000 14445.09960938  1389504.75000000 1104226.25000000 
0.10400    34381952.00000000 21782250.00000000 54726836.00000000 14143.03125000  1364079.50000000 1084175.62500000 
0.10500    33872184.00000000 21467132.00000000 53925472.00000000 13847.32421875  1339260.25000000 1064597.75000000 
0.10600    33376072.00000000 21160836.00000000 53145384.00000000 13557.17382812  1314987.75000000 1045443.87500000 
0.10700    32892768.00000000 20862336.00000000 52385744.00000000 13272.45312500  1291219.00000000 1026702.68750000 
0.10800    32421988.00000000 20571806.00000000 51645452.00000000 12992.79101562  1267951.62500000 1008343.62500000 
0.10900    31962910.00000000 20288510.00000000 50923792.00000000 12717.79687500  1245137.12500000 990336.62500000 
0.11000    31514446.00000000 20011938.00000000 50219448.00000000 12447.41601562  1222744.87500000 972676.56250000 
0.11100    31076494.00000000 19742126.00000000 49531656.00000000 12181.38085938  1200754.37500000 955324.12500000 
0.11200    30648154.00000000 19478126.00000000 48859212.00000000 11919.19628906  1179153.12500000 938278.12500000 
0.11300    30229294.00000000 19220224.00000000 48201436.00000000 11661.02734375  1157899.25000000 921503.50000000 
0.11400    29818990.00000000 18967778.00000000 47557552.00000000 11406.54003906  1136975.37500000 904986.62500000 
0.11500    29416886.00000000 18720308.00000000 46926208.00000000 11155.65429688  1116374.87500000 888711.75000000 
0.11600    29022634.00000000 18477522.00000000 46307528.00000000 10908.21582031  1096060.62500000 872676.25000000 
0.11700    28635312.00000000 18239260.00000000 45699856.00000000 10664.16699219  1076030.00000000 856850.75000000 
0.11800    28254684.00000000 18005082.00000000 45102572.00000000 10423.24609375  1056249.87500000 841220.06250000 
0.11900    27880814.00000000 17775038.00000000 44515164.00000000 10185.61718750  1036715.68750000 825783.37500000 
0.12000    27512260.00000000 17548440.00000000 43937584.00000000 9951.07910156   1017416.37500000 810520.43750000 
0.12100    27149548.00000000 17325394.00000000 43368164.00000000 9719.62890625   998354.68750000 795446.68750000 
0.12200    26791934.00000000 17105328.00000000 42806984.00000000 9491.41210938   979496.62500000 780526.62500000 
0.12300    26439122.00000000 16888192.00000000 42253172.00000000 9266.09960938   960838.93750000 765758.56250000 
0.12400    26090856.00000000 16673780.00000000 41706496.00000000 9043.99511719   942383.68750000 751144.87500000 
0.12500    25746760.00000000 16461852.00000000 41165820.00000000 8824.97558594   924115.37500000 736672.50000000 
0.12600    25406512.00000000 16252317.00000000 40632004.00000000 8609.13574219   906039.68750000 722343.00000000 
0.12700    25069864.00000000 16044868.00000000 40103100.00000000 8396.48730469   888137.25000000 708150.81250000 
0.12800    24736828.00000000 15839505.00000000 39579764.00000000 8187.03076172   870419.06250000 694091.81250000 
0.12900    24406920.00000000 15635897.00000000 39061292.00000000 7980.87060547   852881.06250000 680172.87500000 
0.13000    24080008.00000000 15434090.00000000 38547244.00000000 7778.08007812   835512.18750000 666379.37500000 
0.13100    23755840.00000000 15233851.00000000 38037572.00000000 7578.55126953   818311.43750000 652715.87500000 
0.13200    23434546.00000000 15035170.00000000 37531840.00000000 7382.51757812   801288.37500000 639181.75000000 
0.13300    23115678.00000000 14837953.00000000 37030292.00000000 7189.99072266   784443.93750000 625786.81250000 
0.13400    22799202.00000000 14641930.00000000 36531880.00000000 7000.96093750   767770.62500000 612520.12500000 
0.13500    22485150.00000000 14447246.00000000 36036976.00000000 6815.61474609   751283.25000000 599390.06250000 
0.13600    22173112.00000000 14253716.00000000 35545408.00000000 6633.96337891   734964.00000000 586394.93750000 
0.13700    21863404.00000000 14061351.00000000 35056832.00000000 6455.98095703   718834.87500000 573538.93750000 
0.13800    21555602.00000000 13870025.00000000 34571436.00000000 6281.78759766   702891.68750000 560821.00000000 
0.13900    21249890.00000000 13679757.00000000 34088752.00000000 6111.40820312   687139.43750000 548251.25000000 
0.14000    20946204.00000000 13490608.00000000 33609024.00000000 5944.96777344   671573.25000000 535825.50000000 
0.14100    20644592.00000000 13302475.00000000 33132598.00000000 5782.38623047   656212.12500000 523547.96875000 
0.14200    20344554.00000000 13115266.00000000 32658312.00000000 5623.74853516   641042.00000000 511426.21875000 
0.14300    20046720.00000000 12929053.00000000 32186992.00000000 5469.04248047   626085.56250000 499462.34375000 
0.14400    19750708.00000000 12743750.00000000 31718458.00000000 5318.34130859   611325.81250000 487654.28125000 
0.14500    19456590.00000000 12559599.00000000 31252894.00000000 5171.69238281   596783.37500000 476008.28125000 
0.14600    19164412.00000000 12376349.00000000 30789896.00000000 5028.93896484   582450.37500000 464531.25000000 
0.14700    18874436.00000000 12194162.00000000 30330038.00000000 4890.22363281   568339.93750000 453220.21875000 
0.14800    18586250.00000000 12012918.00000000 29872718.00000000 4755.43164062   554451.00000000 442079.25000000 
0.14900    18300120.00000000 11832878.00000000 29418534.00000000 4624.60742188   540781.31250000 431112.15625000 
0.15000    18016014.00000000 11653758.00000000 28967462.00000000 4497.74365234   527342.00000000 420321.96875000 
0.15100    17734062.00000000 11475910.00000000 28519456.00000000 4374.73486328   514129.78125000 409713.40625000 
0.15200    17454420.00000000 11299199.00000000 28074554.00000000 4255.59960938   501153.37500000 399283.62500000 
0.15300    17176840.00000000 11123671.00000000 27632996.00000000 4140.23046875   488409.96875000 389039.03125000 
0.15400    16901460.00000000 10949284.00000000 27194588.00000000 4028.58325195   475899.21875000 378973.43750000 
0.15500    16628447.00000000 10776180.00000000 26759690.00000000 3920.66357422   463627.93750000 369100.28125000 
0.15600    16357869.00000000 10604320.00000000 26328220.00000000 3816.26806641   451589.78125000 359409.25000000 
0.15700    16089639.00000000 10433953.00000000 25900562.00000000 3715.47802734   439793.84375000 349912.12500000 
0.15800    15823894.00000000 10264754.00000000 25476120.00000000 3618.05981445   428233.75000000 340596.21875000 
0.15900    15560591.00000000 10097109.00000000 25055952.00000000 3524.04980469   416916.68750000 331473.21875000 
0.16000    15299897.00000000 9930862.00000000 24639400.00000000 3433.25073242   405827.56250000 322537.68750000 
0.16100    15041863.00000000 9766197.00000000 24226926.00000000 3345.65478516   394986.56250000 313793.09375000 
0.16200    14786424.00000000 9602887.00000000 23818494.00000000 3261.12329102   384377.00000000 305235.78125000 
0.16300    14533700.00000000 9441312.00000000 23414120.00000000 3179.53564453   374002.34375000 296864.65625000 
0.16400    14283824.00000000 9281199.00000000 23014018.00000000 3100.81860352   363860.68750000 288681.78125000 
0.16500    14036636.00000000 9122850.00000000 22618262.00000000 3024.81835938   353951.34375000 280680.96875000 
0.16600    13792361.00000000 8966099.00000000 22226598.00000000 2951.47900391   344271.59375000 272869.50000000 
0.16700    13550806.00000000 8811035.00000000 21839600.00000000 2880.63891602   334811.34375000 265234.00000000 
0.16800    13312226.00000000 8657665.00000000 21457058.00000000 2812.21118164   325579.96875000 257777.70312500 
0.16900    13076702.00000000 8506119.00000000 21079234.00000000 2746.11865234   316568.71875000 250501.15625000 
0.17000    12844140.00000000 8356354.50000000 20705788.00000000 2682.20361328   307771.18750000 243401.67187500 
0.17100    12614512.00000000 8208341.50000000 20336906.00000000 2620.36376953   299189.96875000 236472.76562500 
0.17200    12387822.00000000 8062200.50000000 19972856.00000000 2560.48999023   290814.25000000 229713.20312500 
0.17300    12164285.00000000 7917898.00000000 19613432.00000000 2502.50195312   282648.71875000 223118.75000000 
0.17400    11943786.00000000 7775488.50000000 19259256.00000000 2446.27978516   274685.03125000 216692.09375000 
0.17500    11726424.00000000 7634942.50000000 18909516.00000000 2391.70288086   266916.18750000 210424.90625000 
0.17600    11511977.00000000 7496309.00000000 18564696.00000000 2338.68603516   259338.79687500 204315.03125000 
0.17700    11300761.00000000 7359613.00000000 18224842.00000000 2287.16992188   251952.28125000 198359.73437500 
0.17800    11092586.00000000 7224788.00000000 17889800.00000000 2237.00927734   244752.96875000 192554.73437500 
0.17900    10887518.00000000 7091950.00000000 17559640.00000000 2188.17675781   237731.10937500 186898.34375000 
0.18000    10685517.00000000 6961034.50000000 17234498.00000000 2140.52954102   230886.26562500 181385.35937500 
0.18100    10486808.00000000 6832107.50000000 16914366.00000000 2094.09570312   224215.50000000 176017.29687500 
0.18200    10290962.00000000 6705065.00000000 16598819.00000000 2048.66284180   217707.26562500 170780.75000000 
0.18300    10098328.00000000 6580006.50000000 16288543.00000000 2004.28271484   211363.28125000 165681.48437500 
0.18400    9908686.00000000 6456898.00000000 15982924.00000000 1960.82348633   205177.45312500 160710.89062500 
0.18500    9722192.00000000 6335733.50000000 15682335.00000000 1918.29345703   199149.48437500 155868.67187500 
0.18600    9538735.00000000 6216526.50000000 15386533.00000000 1876.60314941   193269.39062500 151151.28125000 
0.18700    9358300.00000000 6099256.50000000 15095679.00000000 1835.69738770   187534.82812500 146553.21875000 
0.18800    9180878.00000000 5983884.50000000 14809561.00000000 1795.54968262   181943.73437500 142071.21875000 
0.18900    9006565.00000000 5870501.50000000 14528447.00000000 1756.17773438   176493.06250000 137707.10937500 
0.19000    8835054.00000000 5758919.50000000 14251808.00000000 1717.44799805   171173.06250000 133450.48437500 
0.19100    8666693.00000000 5649388.50000000 13980355.00000000 1679.46557617   165992.10937500 129306.56250000 
0.19200    8501107.00000000 5541669.00000000 13713297.00000000 1642.11804199   160931.60937500 125264.77343750 
0.19300    8338557.50000000 5435931.50000000 13451133.00000000 1605.43298340   156001.70312500 121329.32031250 
0.19400    8178797.50000000 5331948.00000000 13193376.00000000 1569.37158203   151191.23437500 117492.27343750 
0.19500    8021968.50000000 5229824.50000000 12940405.00000000 1533.97741699   146500.53125000 113754.25000000 
0.19600    7867950.50000000 5129590.50000000 12691919.00000000 1499.20532227   141925.35937500 110110.07031250 
0.19700    7716762.50000000 5031150.50000000 12448052.00000000 1465.07739258   137464.09375000 106561.20312500 
0.19800    7568336.50000000 4934499.50000000 12208590.00000000 1431.59228516   133114.89062500 103102.75781250 
0.19900    7422731.00000000 4839689.00000000 11973608.00000000 1398.78417969   128875.13281250 99734.71875000  
0.20000    7279770.50000000 4746603.50000000 11743018.00000000 1366.62670898   124740.75781250 96451.92187500  
0.20100    7139501.50000000 4655291.50000000 11516740.00000000 1335.17553711   120712.34375000 93256.07812500  
0.20200    7001901.00000000 4565715.50000000 11294735.00000000 1304.42041016   116786.08593750 90144.05468750  
0.20300    6866955.00000000 4477851.50000000 11077058.00000000 1274.40075684   112962.41406250 87113.64062500  
0.20400    6734581.50000000 4391685.00000000 10863491.00000000 1245.11865234   109236.87500000 84164.03125000  
0.20500    6604756.50000000 4307128.50000000 10654082.00000000 1216.61474609   105609.62500000 81293.56250000  
0.20600    6477480.50000000 4224241.00000000 10448733.00000000 1188.86291504   102079.35156250 78500.75781250  
0.20700    6352702.50000000 4142985.75000000 10247450.00000000 1161.95007324   98644.13281250  75784.63281250  
0.20800    6230381.50000000 4063337.00000000 10050092.00000000 1135.86145020   95302.01562500  73143.90625000  
0.20900    6110539.50000000 3985323.75000000 9856758.00000000 1110.65881348   92057.17187500  70579.59375000  
0.21000    5993045.50000000 3908792.75000000 9667202.00000000 1086.29907227   88899.06250000  68085.84375000  
0.21100    5877962.50000000 3833816.50000000 9481560.00000000 1062.84521484   85833.93750000  65665.39062500  
0.21200    5765210.00000000 3760374.25000000 9299658.00000000 1040.31701660   82857.86718750  63316.41015625  
0.21300    5654720.50000000 3688377.50000000 9121311.00000000 1018.70214844   79970.21875000  61036.88671875  
0.21400    5546527.00000000 3617902.50000000 8946734.00000000 998.04772949    77170.26562500  58827.07421875  
0.21500    5440591.50000000 3548863.75000000 8775721.00000000 978.39160156    74460.09375000  56687.63281250  
0.21600    5336792.00000000 3481228.50000000 8608273.00000000 959.66833496    71832.92968750  54613.66406250  
0.21700    5235201.50000000 3414992.50000000 8444299.00000000 941.95330811    69291.96875000  52607.17187500  
0.21800    5135764.00000000 3350118.00000000 8283734.50000000 925.22570801    66835.00000000  50665.84765625  
0.21900    5038343.00000000 3286590.50000000 8126450.00000000 909.48132324    64458.77734375  48789.46875000  
0.22000    4943008.00000000 3224376.00000000 7972466.50000000 894.73504639    62165.05859375  46977.12890625  
0.22100    4849723.00000000 3163504.00000000 7821841.00000000 881.01342773    59954.73437500  45229.07421875  
0.22200    4758388.00000000 3103887.00000000 7674360.50000000 868.26770020    57823.42578125  43542.80859375  
0.22300    4669032.00000000 3045532.50000000 7529937.00000000 856.50421143    55769.53906250  41916.80078125  
0.22400    4581561.00000000 2988374.75000000 7388539.00000000 845.70123291    53792.54687500  40350.19140625  
0.22500    4496055.50000000 2932472.00000000 7250367.00000000 835.90313721    51894.68359375  38845.98437500  
0.22600    4412303.00000000 2877688.75000000 7114865.00000000 827.00683594    50069.21093750  37396.86328125  
0.22700    4330383.00000000 2824121.75000000 6982455.00000000 819.06140137    48318.84765625  36006.53515625  
0.22800    4250233.00000000 2771635.00000000 6852763.50000000 812.00952148    46639.43750000  34670.35546875  
0.22900    4171826.00000000 2720249.50000000 6725840.50000000 805.82293701    45029.86718750  33388.32031250  
0.23000    4095088.75000000 2669970.25000000 6601676.00000000 800.49749756    43489.56250000  32161.05664062  
0.23100    4020028.25000000 2620759.00000000 6480124.50000000 795.99340820    42017.22265625  30985.08789062  
0.23200    3946558.00000000 2572556.25000000 6361083.50000000 792.25457764    40608.85156250  29858.75976562  
0.23300    3874673.25000000 2525350.75000000 6244610.50000000 789.27502441    39263.66406250  28781.98046875  
0.23400    3804342.75000000 2479148.00000000 6130613.00000000 787.02056885    37981.56250000  27752.70703125  
0.23500    3735507.75000000 2433878.00000000 6018983.50000000 785.39990234    36756.17968750  26768.41601562  
0.23600    3668120.00000000 2389547.00000000 5909707.50000000 784.44262695    35589.99218750  25829.35351562  
0.23700    3602172.75000000 2346111.00000000 5802678.50000000 784.07305908    34478.23828125  24932.79101562  
0.23800    3537635.50000000 2303593.75000000 5697935.00000000 784.24511719    33420.39062500  24077.86328125  
0.23900    3474406.75000000 2261895.50000000 5595224.50000000 784.90588379    32411.69140625  23261.36718750  
0.24000    3412483.00000000 2221057.25000000 5494627.00000000 786.02825928    31452.24414062  22482.97265625  
0.24100    3351899.50000000 2181040.00000000 5396180.00000000 787.57788086    30540.77539062  21741.65625000  
0.24200    3292512.00000000 2141820.00000000 5299648.50000000 789.47961426    29672.35351562  21034.33007812  
0.24300    3234319.25000000 2103348.25000000 5205004.00000000 791.69677734    28845.42187500  20358.65429688  
0.24400    3177300.50000000 2065636.00000000 5112214.00000000 794.18426514    28056.89453125  19713.95312500  
0.24500    3121388.25000000 2028640.25000000 5021240.50000000 796.89703369    27305.34375000  19097.71484375  
0.24600    3066555.00000000 1992310.87500000 4932026.50000000 799.79516602    26588.53710938  18509.07421875  
0.24700    3012828.00000000 1956713.25000000 4844483.50000000 802.82525635    25904.19726562  17945.91601562  
0.24800    2960089.25000000 1921744.37500000 4758591.00000000 805.95465088    25249.28320312  17406.02148438  
0.24900    2908309.25000000 1887408.87500000 4674244.00000000 809.13031006    24621.29687500  16887.95312500  
0.25000    2857495.25000000 1853690.25000000 4591454.00000000 812.32446289    24018.75390625  16389.93359375  
0.25100    2807577.50000000 1820545.00000000 4510055.00000000 815.48175049    23438.50390625  15909.94921875  
0.25200    2758583.00000000 1788031.75000000 4430230.50000000 818.58746338    22880.58203125  15448.02832031  
0.25300    2710411.75000000 1756028.87500000 4351738.00000000 821.59869385    22340.66796875  15000.59277344  
0.25400    2663108.75000000 1724598.00000000 4274541.00000000 824.47985840    21816.62890625  14567.06640625  
0.25500    2616530.00000000 1693646.00000000 4198577.50000000 827.20233154    21307.02929688  14145.15136719  
0.25600    2570745.75000000 1663231.87500000 4123940.00000000 829.73364258    20810.26171875  13734.11718750  
0.25700    2525676.25000000 1633297.87500000 4050489.75000000 832.05194092    20324.01757812  13332.23925781  
0.25800    2481344.50000000 1603821.87500000 3978185.25000000 834.14575195    19847.20312500  12938.66210938  
0.25900    2437678.50000000 1574819.62500000 3907002.00000000 835.98937988    19377.91601562  12551.83691406  
0.26000    2394703.50000000 1546258.75000000 3836887.50000000 837.55828857    18914.18945312  12170.82031250  
0.26100    2352281.75000000 1518098.37500000 3767776.00000000 838.83618164    18454.03710938  11793.19042969  
0.26200    2310558.00000000 1490390.87500000 3699742.00000000 839.84588623    17998.63671875  11420.70507812  
0.26300    2269381.25000000 1463057.00000000 3632628.00000000 840.52172852    17543.49218750  11048.96289062  
0.26400    2228765.50000000 1436132.37500000 3566489.75000000 840.90307617    17090.08398438  10679.99707031  
0.26500    2188724.00000000 1409582.12500000 3501295.25000000 840.97698975    16636.18554688  10311.83398438  
0.26600    2149219.25000000 1383394.87500000 3436944.50000000 840.73999023    16181.10058594  9944.25390625   
0.26700    2110243.75000000 1357585.25000000 3373512.75000000 840.19671631    15725.19628906  9576.41210938   
0.26800    2071775.25000000 1332122.75000000 3310917.25000000 839.34448242    15267.02246094  9208.35449219   
0.26900    2033790.50000000 1306993.75000000 3249108.00000000 838.19238281    14804.92382812  8838.04199219   
0.27000    1996295.25000000 1282211.00000000 3188149.50000000 836.75750732    14340.45214844  8467.26269531   
0.27100    1959245.25000000 1257752.37500000 3127959.50000000 835.04412842    13871.86523438  8094.49951172   
0.27200    1922725.37500000 1233643.62500000 3068601.00000000 833.08880615    13401.89550781  7721.42626953   
0.27300    1886607.75000000 1209824.00000000 3009951.25000000 830.86877441    12926.66113281  7345.27343750   
0.27400    1850892.12500000 1186286.12500000 2951984.25000000 828.39868164    12446.18750000  6966.10400391   
0.27500    1815698.75000000 1163120.50000000 2894850.50000000 825.75830078    11965.76074219  6587.84033203   
0.27600    1780841.62500000 1140212.87500000 2838381.00000000 822.89477539    11479.46484375  6205.85107422   
0.27700    1746501.75000000 1117637.37500000 2782678.75000000 819.88720703    10992.59082031  5824.84667969   
0.27800    1712547.87500000 1095353.87500000 2727684.25000000 816.72619629    10503.17285156  5441.82031250   
0.27900    1679028.50000000 1073363.87500000 2673414.50000000 813.44085693    10012.29882812  5058.86132812   
0.28000    1645924.37500000 1051663.87500000 2619840.75000000 810.05889893    9520.47363281   4675.79638672   
0.28100    1613245.62500000 1030278.00000000 2566980.75000000 806.60363770    9028.07226562   4293.34521484   
0.28200    1581003.00000000 1009174.93750000 2514840.00000000 803.10797119    8537.71289062   3912.45971680   
0.28300    1549183.50000000 988378.43750000 2463406.50000000 799.58489990    8048.20849609   3533.41943359   
0.28400    1517769.12500000 967863.31250000 2412647.25000000 796.05725098    7560.97900391   3156.38427734   
0.28500    1486816.75000000 947659.56250000 2362655.00000000 792.56719971    7077.93261719   2783.05200195   
0.28600    1456256.12500000 927736.25000000 2313334.50000000 789.11840820    6598.09863281   2412.87817383   
0.28700    1426145.25000000 908124.62500000 2264742.75000000 785.74884033    6124.53417969   2047.87353516   
0.28800    1396463.50000000 888790.68750000 2216882.75000000 782.47033691    5656.99853516   1687.76855469   
0.28900    1367257.00000000 869793.56250000 2169785.25000000 779.33270264    5197.85009766   1334.40283203   
0.29000    1338465.50000000 851068.00000000 2123388.50000000 776.31268311    4746.34033203   987.47290039    
0.29100    1310150.62500000 832668.56250000 2077755.62500000 773.47760010    4305.40234375   648.77459717    
0.29200    1282273.12500000 814556.31250000 2032832.37500000 770.81427002    3874.90039062   318.48065186    
0.29300    1254883.75000000 796772.06250000 1988740.12500000 768.34857178    3456.86596680   -2.09154320     
0.29400    1227902.50000000 779270.56250000 1945315.75000000 766.08227539    3049.75488281   -313.94961548   
0.29500    1201451.12500000 762104.37500000 1902708.50000000 764.06158447    2658.48828125   -613.61901855   
0.29600    1175445.50000000 745236.50000000 1860849.00000000 762.27917480    2281.18750000   -902.58892822   
0.29700    1149911.37500000 728673.81250000 1819745.75000000 760.73565674    1918.81164551   -1179.67028809  
0.29800    1124870.00000000 712438.68750000 1779465.00000000 759.46496582    1574.12060547   -1443.29687500  
0.29900    1100330.75000000 696528.12500000 1739971.50000000 758.46801758    1247.17480469   -1693.21887207  
0.30000    1076242.62500000 680919.68750000 1701213.37500000 757.72839355    937.41308594    -1929.89318848  
0.30100    1052684.75000000 665642.81250000 1663319.62500000 757.28271484    647.51098633    -2151.01953125  
0.30200    1029590.62500000 650668.93750000 1626149.00000000 757.10491943    376.42907715    -2357.95922852  
0.30300    1007016.75000000 636030.31250000 1589802.87500000 757.21942139    126.33705139    -2548.78271484  
0.30400    984952.00000000 621715.31250000 1554285.87500000 757.60211182    -103.04138184   -2723.29467773  
0.30500    963352.93750000 607696.81250000 1519518.75000000 758.25329590    -311.98910522   -2882.34960938  
0.30600    942258.31250000 593995.18750000 1485542.12500000 759.17669678    -499.60821533   -3025.03295898  
0.30700    921698.31250000 580637.18750000 1452417.87500000 760.37329102    -663.71386719   -3149.81372070  
0.30800    901593.50000000 567578.68750000 1420046.87500000 761.80957031    -807.23687744   -3258.47094727  
0.30900    882027.62500000 554850.43750000 1388495.25000000 763.49737549    -927.46740723   -3349.39746094  
0.31000    862946.75000000 542432.00000000 1357732.00000000 765.41418457    -1025.53698730  -3423.29736328  
0.31100    844351.87500000 530310.06250000 1327725.75000000 767.55090332    -1101.79919434  -3480.35668945  
0.31200    826253.75000000 518509.59375000 1298513.87500000 769.88909912    -1155.16247559  -3519.80200195  
0.31300    808642.25000000 507009.25000000 1270068.75000000 772.42266846    -1186.61486816  -3542.45336914  
0.31400    791537.12500000 495834.96875000 1242435.75000000 775.12927246    -1195.57470703  -3547.57324219  
0.31500    774884.68750000 484940.21875000 1215514.50000000 777.99176025    -1183.56176758  -3536.62182617  
0.31600    758721.50000000 474345.53125000 1189352.75000000 780.98529053    -1149.77856445  -3508.94799805  
0.31700    743027.12500000 464050.21875000 1163949.37500000 784.11389160    -1094.89282227  -3464.62670898  
0.31800    727781.68750000 454037.59375000 1139250.50000000 787.31677246    -1020.57067871  -3405.48583984  
0.31900    713020.43750000 444318.81250000 1115307.00000000 790.63085938    -924.86450195   -3329.69311523  
0.32000    698696.00000000 434876.43750000 1092050.75000000 793.99475098    -810.54174805   -3239.67968750  
0.32100    684797.62500000 425703.53125000 1069478.75000000 797.39660645    -677.79223633   -3135.01953125  
0.32200    671365.56250000 416815.68750000 1047631.87500000 800.83007812    -526.07775879   -3015.75732422  
0.32300    658303.00000000 408169.53125000 1026389.00000000 804.25903320    -358.71710205   -2884.09545898  
0.32400    645684.12500000 399786.28125000 1005819.81250000 807.66754150    -174.23013306   -2739.21948242  
0.32500    633460.00000000 391657.03125000 985892.50000000 811.03228760    25.52777672     -2582.17797852  
0.32600    621640.87500000 383776.34375000 966573.75000000 814.35198975    240.38345337    -2413.61450195  
0.32700    610202.62500000 376135.68750000 947889.68750000 817.59637451    469.35012817    -2233.45898438  
0.32800    599163.31250000 368743.81250000 929816.62500000 820.75872803    711.91143799    -2042.79663086  
0.32900    588453.56250000 361559.25000000 912272.50000000 823.79681396    965.58935547    -1843.31481934  
0.33000    578127.62500000 354617.81250000 895339.50000000 826.71978760    1231.26025391   -1634.19982910  
0.33100    568093.68750000 347851.03125000 878858.93750000 829.49395752    1505.83288574   -1417.84680176  
0.33200    558461.00000000 341343.84375000 863014.37500000 832.13946533    1791.83886719   -1192.23107910  
0.33300    549114.31250000 335014.71875000 847636.93750000 834.59533691    2085.21362305   -960.91009521   
0.33400    540094.75000000 328891.65625000 832761.43750000 836.89337158    2386.62084961   -722.65319824   
0.33500    531351.00000000 322943.81250000 818345.68750000 838.99066162    2694.02978516   -479.75918579   
0.33600    522917.06250000 317188.28125000 804387.56250000 840.88781738    3007.36328125   -231.62606812   
0.33700    514756.40625000 311607.93750000 790878.37500000 842.58880615    3325.65039062   20.48925400     
0.33800    506877.46875000 306207.18750000 777828.18750000 844.07678223    3648.47607422   276.58435059    
0.33900    499234.96875000 300952.93750000 765140.68750000 845.33941650    3973.61645508   534.82421875    
0.34000    491851.31250000 295866.71875000 752873.93750000 846.38916016    4301.36865234   795.56610107    
0.34100    484713.31250000 290932.90625000 740995.68750000 847.21057129    4631.03125000   1058.15576172   
0.34200    477834.40625000 286170.96875000 729525.12500000 847.81872559    4962.39453125   1322.29992676   
0.34300    471137.78125000 281522.65625000 718357.87500000 848.19061279    5292.93603516   1586.32885742   
0.34400    464698.81250000 277041.78125000 707600.87500000 848.35144043    5624.31640625   1851.23657227   
0.34500    458440.12500000 272672.68750000 697129.31250000 848.27856445    5953.87744141   2115.25952148   
0.34600    452413.50000000 268456.84375000 687034.93750000 848.00512695    6282.99121094   2379.19482422   
0.34700    446533.12500000 264333.43750000 677170.25000000 847.50451660    6608.55468750   2640.77172852   
0.34800    440866.31250000 260348.48437500 667648.93750000 846.79791260    6932.08642578   2900.94873047   
0.34900    435376.18750000 256479.79687500 658419.18750000 845.89538574    7252.98339844   3159.55566406   
0.35000    430056.75000000 252720.50000000 649452.37500000 844.79632568    7569.89746094   3415.27758789   
0.35100    424923.31250000 249085.93750000 640809.00000000 843.52239990    7884.37841797   3669.54003906   
0.35200    419914.56250000 245529.57812500 632344.43750000 842.05535889    8193.15429688   3919.50073242   
0.35300    415076.37500000 242083.89062500 624156.81250000 840.42913818    8497.98632812   4166.58105469   
0.35400    410406.53125000 238750.64062500 616246.87500000 838.65881348    8798.80859375   4410.85644531   
0.35500    405881.81250000 235507.26562500 608568.87500000 836.73571777    9094.54296875   4651.44580078   
0.35600    401481.96875000 232352.48437500 601090.25000000 834.67840576    9385.02929688   4887.96484375   
0.35700    397232.31250000 229291.93750000 593860.93750000 832.50054932    9670.82421875   5120.97412109   
0.35800    393131.96875000 226328.51562500 586870.93750000 830.22021484    9951.78417969   5350.37304688   
0.35900    389167.46875000 223453.04687500 580094.18750000 827.83905029    10227.38671875  5575.84082031   
0.36000    385350.59375000 220673.89062500 573558.50000000 825.38897705    10498.68945312  5797.69628906   
0.36100    381636.21875000 217963.59375000 567190.87500000 822.84857178    10763.42675781  6014.90283203   
0.36200    378101.31250000 215367.65625000 561120.43750000 820.27337646    11025.00976562  6229.48339844   
0.36300    374646.65625000 212823.37500000 555162.37500000 817.62463379    11280.08886719  6438.84277344   
0.36400    371323.18750000 210367.67187500 549423.06250000 814.94104004    11530.19531250  6644.35205078   
0.36500    368129.46875000 207991.87500000 543886.68750000 812.23931885    11775.59082031  6846.18896484   
0.36600    365083.21875000 205712.34375000 538592.37500000 809.53302002    12017.32226562  7045.05517578   
0.36700    362133.68750000 203492.68750000 533451.93750000 806.80920410    12253.08789062  7239.00292969   
0.36800    359354.65625000 201386.37500000 528583.56250000 804.11480713    12486.29101562  7431.10449219   
0.36900    356686.93750000 199348.39062500 523894.03125000 801.42315674    12715.08203125  7619.39501953   
0.37000    354106.37500000 197365.40625000 519333.46875000 798.74700928    12938.14355469  7803.08544922   
0.37100    351655.93750000 195468.93750000 514997.37500000 796.10247803    13157.88281250  7983.78027344   
0.37200    349368.96875000 193671.87500000 510907.68750000 793.51690674    13374.95410156  8162.46972656   
0.37300    347173.62500000 191933.15625000 506966.78125000 790.96270752    13587.35058594  8337.38378906   
0.37400    345117.09375000 190285.32812500 503252.71875000 788.46246338    13797.52929688  8509.95800781   
0.37500    343186.65625000 188712.35937500 499730.62500000 786.02087402    14004.55761719  8679.94433594   
0.37600    341382.40625000 187226.32812500 496416.50000000 783.63269043    14208.17382812  8846.87695312   
0.37700    339683.09375000 185798.25000000 493259.56250000 781.30450439    14408.59863281  9011.14355469   
0.37800    338118.25000000 184457.31250000 490314.87500000 779.03436279    14606.57031250  9173.31054688   
0.37900    336692.31250000 183206.20312500 487606.12500000 776.84765625    14802.89843750  9333.67968750   
0.38000    335363.25000000 182017.26562500 485037.00000000 774.70617676    14995.67578125  9491.15917969   
0.38100    334145.46875000 180892.84375000 482640.31250000 772.63110352    15185.68750000  9646.19921875   
0.38200    333067.56250000 179860.17187500 480476.96875000 770.61816406    15374.20898438  9799.75000000   
0.38300    332087.75000000 178884.40625000 478457.06250000 768.65246582    15559.72460938  9950.49023438   
0.38400    331248.81250000 178003.23437500 476666.78125000 766.75433350    15743.90039062  10100.07910156  
0.38500    330495.00000000 177172.15625000 475000.50000000 764.90106201    15924.94335938  10246.82519531  
0.38600    329883.40625000 176434.18750000 473581.31250000 763.10662842    16104.86718750  10392.62597656  
0.38700    329351.90625000 175746.40625000 472273.06250000 761.32666016    16281.07812500  10535.31738281  
0.38800    328928.93750000 175127.92187500 471146.75000000 759.59509277    16455.65625000  10676.34082031  
0.38900    328613.00000000 174574.51562500 470180.25000000 757.87664795    16627.62500000  10815.16796875  
0.39000    328422.21875000 174106.32812500 469431.87500000 756.19476318    16797.90429688  10952.74121094  
0.39100    328305.96875000 173684.35937500 468790.75000000 754.51446533    16965.21679688  11087.67871094  
0.39200    328295.34375000 173332.60937500 468324.28125000 752.83795166    17130.03515625  11220.57519531  
0.39300    328360.53125000 173029.59375000 467982.71875000 751.15734863    17291.61132812  11350.88476562  
0.39400    328552.00000000 172807.54687500 467838.53125000 749.46679688    17451.54687500  11479.63671875  
0.39500    328786.81250000 172616.42187500 467768.43750000 747.73907471    17606.78906250  11604.94921875  
0.39600    329105.03125000 172485.90625000 467832.87500000 745.98638916    17759.19335938  11728.06542969  
0.39700    329493.65625000 172401.09375000 468026.96875000 744.18591309    17908.11914062  11848.35449219  
0.39800    329976.65625000 172378.54687500 468363.37500000 742.34667969    18053.94140625  11966.43457031  
0.39900    330505.34375000 172391.07812500 468783.68750000 740.44366455    18195.45703125  12081.16503906  
0.40000    331091.90625000 172448.46875000 469306.65625000 738.46459961    18333.00195312  12192.98925781  
0.40100    331731.53125000 172542.04687500 469913.93750000 736.40875244    18465.74804688  12301.17578125  
0.40200    332440.37500000 172687.00000000 470639.56250000 734.26879883    18594.46875000  12406.58203125  
0.40300    333169.09375000 172850.54687500 471410.46875000 732.03106689    18717.63085938  12507.95605469  
0.40400    333949.59375000 173054.95312500 472271.84375000 729.69458008    18836.63476562  12606.23339844  
0.40500    334761.84375000 173286.62500000 473196.34375000 727.24786377    18949.96875000  12700.41601562  
0.40600    335615.34375000 173557.46875000 474197.40625000 724.69635010    19058.66601562  12791.40429688  
0.40700    336483.46875000 173843.03125000 475224.21875000 722.01141357    19160.87500000  12877.73437500  
0.40800    337363.87500000 174146.32812500 476293.37500000 719.20043945    19257.03906250  12960.02734375  
0.40900    338255.75000000 174466.42187500 477390.50000000 716.25421143    19347.13867188  13037.68164062  
0.41000    339175.68750000 174814.95312500 478545.15625000 713.18249512    19431.73632812  13111.80175781  
0.41100    340081.34375000 175168.73437500 479690.00000000 709.96136475    19509.17187500  13180.71484375  
0.41200    340975.15625000 175522.01562500 480831.37500000 706.59252930    19579.57421875  13244.75097656  
0.41300    341881.59375000 175901.00000000 482011.12500000 703.09289551    19644.03710938  13304.71093750  
0.41400    342761.62500000 176268.54687500 483163.18750000 699.43884277    19700.70898438  13359.26855469  
0.41500    343638.09375000 176651.48437500 484331.21875000 695.63525391    19751.08398438  13409.61718750  
0.41600    344465.09375000 177013.12500000 485424.25000000 691.68267822    19792.98242188  13453.95312500  
0.41700    345295.93750000 177394.20312500 486547.28125000 687.59381104    19828.75000000  13494.24707031  
0.41800    346118.81250000 177777.82812500 487671.25000000 683.36120605    19857.83789062  13529.81835938  
0.41900    346842.37500000 178117.28125000 488661.96875000 678.96905518    19877.16210938  13558.72070312  
0.42000    347570.46875000 178473.60937500 489680.43750000 674.45422363    19890.40820312  13583.51367188  
0.42100    348271.06250000 178822.92187500 490663.59375000 669.80871582    19896.79687500  13603.49414062  
0.42200    348918.31250000 179155.96875000 491586.56250000 665.03027344    19895.65429688  13618.56738281  
0.42300    349502.43750000 179462.96875000 492422.06250000 660.12145996    19886.04492188  13627.71191406  
0.42400    350049.81250000 179758.34375000 493219.84375000 655.09106445    19869.70703125  13632.18945312  
0.42500    350550.18750000 180037.67187500 493959.21875000 649.95837402    19846.00781250  13631.94531250  
0.42600    350978.43750000 180285.95312500 494601.43750000 644.70739746    19814.79296875  13626.24316406  
0.42700    351382.09375000 180536.50000000 495225.00000000 639.37603760    19777.28125000  13616.51464844  
0.42800    351707.37500000 180745.78125000 495741.84375000 633.94073486    19732.32812500  13601.42578125  
0.42900    352005.87500000 180955.06250000 496235.25000000 628.43963623    19681.38867188  13582.70996094  
0.43000    352231.06250000 181129.68750000 496619.90625000 622.85864258    19623.42382812  13558.89160156  
0.43100    352370.15625000 181264.32812500 496886.50000000 617.20294189    19558.20898438  13530.08203125  
0.43200    352486.25000000 181394.62500000 497142.93750000 611.51434326    19488.29492188  13498.21191406  
0.43300    352525.50000000 181488.87500000 497287.03125000 605.77154541    19411.44140625  13461.62011719  
0.43400    352519.75000000 181567.87500000 497369.00000000 599.99877930    19329.15820312  13421.17187500  
0.43500    352440.03125000 181608.21875000 497344.50000000 594.19750977    19241.48046875  13377.08398438  
0.43600    352344.25000000 181649.45312500 497312.31250000 588.39941406    19149.60937500  13330.29199219  
0.43700    352150.84375000 181641.53125000 497138.68750000 582.58306885    19051.57031250  13279.19042969  
0.43800    351898.03125000 181605.15625000 496883.56250000 576.77691650    18949.08593750  13224.78906250  
0.43900    351614.81250000 181555.85937500 496589.28125000 570.98315430    18842.89062500  13167.98046875  
0.44000    351274.65625000 181481.93750000 496219.06250000 565.22155762    18732.45703125  13108.32324219  
0.44100    350884.43750000 181380.26562500 495772.46875000 559.49951172    18618.65429688  13045.95800781  
0.44200    350453.96875000 181260.00000000 495267.40625000 553.81896973    18501.49023438  12981.43554688  
0.44300    349970.53125000 181118.60937500 494699.81250000 548.19470215    18381.23046875  12914.74121094  
0.44400    349456.43750000 180955.98437500 494072.31250000 542.63195801    18258.68945312  12846.32812500  
0.44500    348860.12500000 180749.93750000 493322.84375000 537.12744141    18132.29687500  12775.05468750  
0.44600    348237.62500000 180532.84375000 492549.46875000 531.72314453    18004.64453125  12702.68359375  
0.44700    347607.25000000 180311.76562500 491760.03125000 526.39752197    17875.57617188  12629.40234375  
0.44800    346908.37500000 180051.21875000 490863.06250000 521.15917969    17744.50976562  12554.40332031  
0.44900    346209.46875000 179790.48437500 489966.43750000 516.03387451    17612.73437500  12478.77441406  
0.45000    345485.78125000 179514.75000000 489028.84375000 511.01766968    17480.72265625  12402.74414062  
0.45100    344697.40625000 179199.81250000 487990.78125000 506.09826660    17346.62304688  12324.98339844  
0.45200    343914.25000000 178886.10937500 486955.53125000 501.30361938    17212.89648438  12247.38769531  
0.45300    343088.75000000 178544.89062500 485853.65625000 496.62664795    17078.91796875  12169.12695312  
0.45400    342262.81250000 178204.32812500 484750.28125000 492.07330322    16945.27343750  12090.83593750  
0.45500    341418.00000000 177848.09375000 483609.90625000 487.65301514    16812.20117188  12012.69531250  
0.45600    340551.46875000 177474.10937500 482430.06250000 483.35598755    16679.03320312  11934.04980469  
0.45700    339680.84375000 177094.93750000 481243.18750000 479.19482422    16547.47851562  11856.12792969  
0.45800    338790.96875000 176696.90625000 480012.03125000 475.16345215    16416.49804688  11778.24609375  
0.45900    337893.84375000 176292.03125000 478764.84375000 471.26461792    16286.40039062  11700.44140625  
0.46000    337016.31250000 175894.71875000 477544.81250000 467.51113892    16158.83984375  11624.21386719  
0.46100    336095.50000000 175460.12500000 476235.93750000 463.87179565    16030.92089844  11547.06738281  
0.46200    335211.90625000 175045.20312500 474985.96875000 460.37600708    15905.99609375  11471.66308594  
0.46300    334309.50000000 174610.48437500 473694.84375000 457.01089478    15782.10351562  11396.34179688  
0.46400    333400.31250000 174166.01562500 472379.46875000 453.77105713    15659.78320312  11321.84375000  
0.46500    332516.46875000 173727.04687500 471093.06250000 450.66207886    15539.96484375  11248.46289062  
0.46600    331619.90625000 173272.78125000 469780.25000000 447.67550659    15421.58203125  11175.31347656  
0.46700    330719.31250000 172808.85937500 468445.18750000 444.79885864    15304.60058594  11102.80078125  
0.46800    329863.34375000 172364.67187500 467171.43750000 442.05230713    15190.79199219  11031.91210938  
0.46900    328974.75000000 171890.85937500 465829.43750000 439.41152954    15077.77441406  10961.04589844  
0.47000    328104.84375000 171420.12500000 464509.28125000 436.87420654    14966.79101562  10891.02832031  
0.47100    327249.12500000 170950.01562500 463200.40625000 434.45086670    14858.33105469  10822.18554688  
0.47200    326402.31250000 170475.76562500 461887.90625000 432.12261963    14751.41601562  10753.88867188  
0.47300    325572.81250000 170006.76562500 460596.25000000 429.89147949    14646.95214844  10686.68457031  
0.47400    324720.78125000 169511.62500000 459255.28125000 427.74090576    14543.06250000  10619.21582031  
0.47500    323898.28125000 169028.42187500 457954.28125000 425.68167114    14441.69042969  10553.17773438  
0.47600    323106.00000000 168554.71875000 456683.96875000 423.70639038    14342.71484375  10488.07519531  
0.47700    322270.96875000 168047.07812500 455334.93750000 421.79156494    14243.50195312  10422.32324219  
0.47800    321471.50000000 167550.59375000 454030.75000000 419.95217896    14146.90039062  10357.78222656  
0.47900    320694.78125000 167064.10937500 452751.78125000 418.18414307    14052.02929688  10294.22070312  
0.48000    319890.56250000 166553.96875000 451423.31250000 416.46496582    13957.46582031  10230.12597656  
0.48100    319141.68750000 166068.81250000 450165.46875000 414.81732178    13865.64355469  10167.51757812  
0.48200    318330.96875000 165538.92187500 448809.40625000 413.18673706    13772.83496094  10103.65625000  
0.48300    317545.43750000 165018.14062500 447479.71875000 411.62051392    13681.73144531  10040.73828125  
0.48400    316778.12500000 164502.18750000 446173.71875000 410.09146118    13592.16601562  9978.37402344   
0.48500    316003.71875000 163977.53125000 444845.31250000 408.60433960    13502.95507812  9915.79882812   
0.48600    315238.84375000 163455.85937500 443536.75000000 407.14895630    13414.91503906  9853.87890625   
0.48700    314468.56250000 162922.45312500 442198.62500000 405.72235107    13327.09472656  9791.71191406   
0.48800    313672.96875000 162372.09375000 440823.96875000 404.31115723    13239.18945312  9728.91699219   
0.48900    312889.62500000 161823.73437500 439461.03125000 402.93182373    13151.92773438  9666.48437500   
0.49000    312105.34375000 161274.09375000 438096.34375000 401.57409668    13065.48925781  9604.46484375   
0.49100    311330.34375000 160729.21875000 436741.09375000 400.24133301    12979.71582031  9542.76855469   
0.49200    310520.78125000 160160.26562500 435336.71875000 398.91772461    12893.22656250  9480.20410156   
0.49300    309712.25000000 159592.03125000 433928.03125000 397.60919189    12807.16308594  9418.02929688   
0.49400    308901.09375000 159017.62500000 432509.00000000 396.32058716    12721.27929688  9355.74023438   
0.49500    308066.81250000 158432.85937500 431063.12500000 395.04153442    12635.19140625  9293.24218750   
0.49600    307244.31250000 157853.51562500 429628.87500000 393.78314209    12549.84179688  9231.29296875   
0.49700    306386.21875000 157255.81250000 428151.28125000 392.53167725    12463.57519531  9168.84179688   
0.49800    305529.90625000 156660.96875000 426676.31250000 391.30224609    12377.94335938  9106.80957031   
0.49900    304643.65625000 156046.37500000 425153.28125000 390.07608032    12291.60644531  9044.37597656   
0.50000    303758.28125000 155441.98437500 423643.62500000 388.87741089    12205.83300781  8982.44531250   
