# SAXS profile: number of points = 501, q_min = 0, q_max = 0.5, delta_q = 0.001
#    q    intensity 
0.00000    162233968.00000000 101202392.00000000 256270192.00000000 106084.06250000 8297200.50000000 6553106.50000000 
0.00100    162191808.00000000 101174328.00000000 256198880.00000000 106047.27343750 8294649.50000000 6551126.50000000 
0.00200    162062144.00000000 101090680.00000000 255988576.00000000 105940.70312500 8287004.50000000 6545071.00000000 
0.00300    161840736.00000000 100952104.00000000 255636000.00000000 105762.32812500 8274278.50000000 6535095.00000000 
0.00400    161526160.00000000 100757688.00000000 255142560.00000000 105513.84375000 8256483.50000000 6521101.00000000 
0.00500    161122128.00000000 100508928.00000000 254508832.00000000 105194.62500000 8233692.00000000 6503167.50000000 
0.00600    160630560.00000000 100204848.00000000 253738672.00000000 104806.00781250 8205963.50000000 6481303.50000000 
0.00700    160050432.00000000 99849104.00000000 252832496.00000000 104349.51562500 8173312.00000000 6455621.50000000 
0.00800    159385248.00000000 99439560.00000000 251790368.00000000 103825.82812500 8135831.00000000 6426131.00000000 
0.00900    158640480.00000000 98978640.00000000 250615152.00000000 103235.85937500 8093611.00000000 6392881.50000000 
0.01000    157811744.00000000 98466408.00000000 249311840.00000000 102581.89062500 8046731.00000000 6356024.50000000 
0.01100    156903536.00000000 97903088.00000000 247879296.00000000 101863.63281250 7995306.50000000 6315592.50000000 
0.01200    155910528.00000000 97290696.00000000 246321648.00000000 101085.21875000 7939446.00000000 6271623.50000000 
0.01300    154843248.00000000 96629464.00000000 244643360.00000000 100247.04687500 7879304.00000000 6224276.50000000 
0.01400    153700944.00000000 95923024.00000000 242845264.00000000 99351.60937500  7814896.00000000 6173619.50000000 
0.01500    152485312.00000000 95171728.00000000 240933680.00000000 98400.50000000  7746537.50000000 6119749.00000000 
0.01600    151199024.00000000 94375832.00000000 238910464.00000000 97396.10937500  7674178.50000000 6062851.00000000 
0.01700    149843792.00000000 93537648.00000000 236779472.00000000 96341.20312500  7598136.50000000 6002970.00000000 
0.01800    148424304.00000000 92659144.00000000 234544400.00000000 95237.75000000  7518488.50000000 5940301.00000000 
0.01900    146939872.00000000 91741616.00000000 232212688.00000000 94087.77343750  7435453.00000000 5874886.00000000 
0.02000    145398112.00000000 90786528.00000000 229783488.00000000 92895.15625000  7349171.00000000 5806949.50000000 
0.02100    143797520.00000000 89796192.00000000 227264832.00000000 91661.32031250  7259718.50000000 5736576.50000000 
0.02200    142142736.00000000 88771184.00000000 224661280.00000000 90389.70312500  7167435.50000000 5663850.00000000 
0.02300    140437584.00000000 87716576.00000000 221977072.00000000 89081.80468750  7072467.00000000 5589084.50000000 
0.02400    138682944.00000000 86630096.00000000 219217584.00000000 87741.89062500  6974924.50000000 5512270.50000000 
0.02500    136885008.00000000 85515640.00000000 216385600.00000000 86372.64062500  6875088.50000000 5433671.50000000 
0.02600    135044192.00000000 84375984.00000000 213489184.00000000 84975.85156250  6773097.00000000 5353340.50000000 
0.02700    133165920.00000000 83211624.00000000 210531792.00000000 83554.54687500  6669198.50000000 5271447.00000000 
0.02800    131252872.00000000 82025696.00000000 207518464.00000000 82113.08593750  6563457.00000000 5188199.50000000 
0.02900    129306952.00000000 80820104.00000000 204454848.00000000 80652.91406250  6456255.50000000 5103729.50000000 
0.03000    127333152.00000000 79595600.00000000 201346336.00000000 79176.50781250  6347665.50000000 5018185.00000000 
0.03100    125332928.00000000 78355584.00000000 198197136.00000000 77687.38281250  6237955.50000000 4931634.50000000 
0.03200    123312872.00000000 77101624.00000000 195012192.00000000 76188.61718750  6127199.00000000 4844373.00000000 
0.03300    121272528.00000000 75836768.00000000 191800064.00000000 74682.35156250  6015670.50000000 4756478.50000000 
0.03400    119217584.00000000 74562296.00000000 188561520.00000000 73171.60937500  5903600.00000000 4668157.50000000 
0.03500    117149424.00000000 73279392.00000000 185304480.00000000 71658.35156250  5791071.00000000 4579414.50000000 
0.03600    115073136.00000000 71990048.00000000 182030512.00000000 70145.40625000  5678286.00000000 4490532.50000000 
0.03700    112990680.00000000 70697040.00000000 178749552.00000000 68635.76562500  5565520.50000000 4401597.50000000 
0.03800    110905808.00000000 69401400.00000000 175462672.00000000 67130.62500000  5452838.50000000 4312692.00000000 
0.03900    108820744.00000000 68105208.00000000 172175408.00000000 65632.77343750  5340409.50000000 4224051.00000000 
0.04000    106738800.00000000 66811336.00000000 168892736.00000000 64144.46093750  5228471.50000000 4135704.00000000 
0.04100    104662112.00000000 65520708.00000000 165618816.00000000 62668.66406250  5117070.50000000 4047863.75000000 
0.04200    102595400.00000000 64235004.00000000 162357488.00000000 61205.66406250  5006468.00000000 3960580.25000000 
0.04300    100539056.00000000 62956196.00000000 159114976.00000000 59758.51562500  4896748.00000000 3873996.25000000 
0.04400    98496872.00000000 61685596.00000000 155891504.00000000 58328.71484375  4788039.00000000 3788212.50000000 
0.04500    96471264.00000000 60425236.00000000 152695504.00000000 56917.81250000  4680515.50000000 3703353.25000000 
0.04600    94463856.00000000 59175696.00000000 149529232.00000000 55527.28906250  4574266.00000000 3619473.50000000 
0.04700    92477480.00000000 57938928.00000000 146392896.00000000 54158.78515625  4469413.50000000 3536675.75000000 
0.04800    90514872.00000000 56716456.00000000 143296096.00000000 52813.48046875  4366054.00000000 3455076.50000000 
0.04900    88576512.00000000 55509376.00000000 140236320.00000000 51492.48046875  4264321.50000000 3374710.75000000 
0.05000    86665056.00000000 54318508.00000000 137218976.00000000 50197.01562500  4164244.00000000 3295699.00000000 
0.05100    84783592.00000000 53145376.00000000 134247200.00000000 48927.76953125  4065985.50000000 3218079.50000000 
0.05200    82931536.00000000 51990488.00000000 131324120.00000000 47685.98437500  3969557.50000000 3141911.25000000 
0.05300    81111800.00000000 50855656.00000000 128449904.00000000 46471.57421875  3875026.75000000 3067240.25000000 
0.05400    79325640.00000000 49741524.00000000 125627368.00000000 45286.19140625  3782519.75000000 2994134.25000000 
0.05500    77573632.00000000 48649092.00000000 122860328.00000000 44129.24218750  3692030.00000000 2922643.25000000 
0.05600    75857976.00000000 47578160.00000000 120150112.00000000 43001.97265625  3603641.25000000 2852773.75000000 
0.05700    74179328.00000000 46530276.00000000 117496768.00000000 41904.33203125  3517354.00000000 2784562.25000000 
0.05800    72537728.00000000 45505916.00000000 114902904.00000000 40836.51953125  3433213.50000000 2718091.50000000 
0.05900    70934792.00000000 44505108.00000000 112370528.00000000 39798.48046875  3351264.25000000 2653290.00000000 
0.06000    69370960.00000000 43528564.00000000 109899112.00000000 38790.41015625  3271484.00000000 2590217.25000000 
0.06100    67847336.00000000 42576848.00000000 107490632.00000000 37812.00000000  3193895.00000000 2528899.75000000 
0.06200    66364460.00000000 41650120.00000000 105144992.00000000 36863.26953125  3118540.50000000 2469297.00000000 
0.06300    64921444.00000000 40748644.00000000 102863920.00000000 35943.51562500  3045337.50000000 2411456.50000000 
0.06400    63518008.00000000 39871800.00000000 100646976.00000000 35052.55078125  2974348.50000000 2355302.00000000 
0.06500    62156524.00000000 39020960.00000000 98493824.00000000 34190.43750000  2905512.25000000 2300881.25000000 
0.06600    60835544.00000000 38195192.00000000 96405088.00000000 33355.66796875  2838860.25000000 2248149.50000000 
0.06700    59554836.00000000 37395016.00000000 94380528.00000000 32548.34375000  2774305.00000000 2197131.00000000 
0.06800    58314624.00000000 36620244.00000000 92419584.00000000 31768.08984375  2711839.00000000 2147724.00000000 
0.06900    57114656.00000000 35869944.00000000 90522936.00000000 31014.06445312  2651446.00000000 2099981.00000000 
0.07000    55954036.00000000 35144988.00000000 88686904.00000000 30285.08398438  2593052.00000000 2053820.62500000 
0.07100    54832776.00000000 34444448.00000000 86914376.00000000 29580.95898438  2536656.25000000 2009225.87500000 
0.07200    53749960.00000000 33768120.00000000 85203120.00000000 28900.77929688  2482182.75000000 1966145.87500000 
0.07300    52705156.00000000 33115974.00000000 83551512.00000000 28243.69140625  2429575.75000000 1924590.75000000 
0.07400    51697920.00000000 32486998.00000000 81959648.00000000 27608.68554688  2378775.00000000 1884449.37500000 
0.07500    50726716.00000000 31880810.00000000 80425416.00000000 26995.26171875  2329790.25000000 1845715.75000000 
0.07600    49791320.00000000 31297122.00000000 78947440.00000000 26402.30468750  2282485.50000000 1808356.62500000 
0.07700    48890588.00000000 30735726.00000000 77525192.00000000 25829.02734375  2236823.75000000 1772292.37500000 
0.07800    48023700.00000000 30195234.00000000 76156464.00000000 25274.68554688  2192780.25000000 1737498.75000000 
0.07900    47189756.00000000 29675660.00000000 74840000.00000000 24738.00000000  2150248.00000000 1703909.37500000 
0.08000    46387684.00000000 29176152.00000000 73573592.00000000 24218.77929688  2109189.00000000 1671486.62500000 
0.08100    45616568.00000000 28696276.00000000 72356240.00000000 23715.84765625  2069530.12500000 1640181.75000000 
0.08200    44874616.00000000 28235136.00000000 71186960.00000000 23228.10156250  2031214.25000000 1609948.12500000 
0.08300    44161360.00000000 27792202.00000000 70062808.00000000 22755.02539062  1994152.87500000 1580708.25000000 
0.08400    43475448.00000000 27366748.00000000 68981960.00000000 22295.57812500  1958325.50000000 1552444.62500000 
0.08500    42816288.00000000 26957942.00000000 67943736.00000000 21849.31445312  1923622.25000000 1525088.50000000 
0.08600    42182088.00000000 26565092.00000000 66945792.00000000 21415.43750000  1890028.12500000 1498601.25000000 
0.08700    41571836.00000000 26187718.00000000 65985528.00000000 20993.00976562  1857446.75000000 1472915.12500000 
0.08800    40984136.00000000 25824766.00000000 65061852.00000000 20581.40820312  1825822.37500000 1448009.00000000 
0.08900    40418588.00000000 25475712.00000000 64173500.00000000 20179.98437500  1795115.37500000 1423830.50000000 
0.09000    39873204.00000000 25139804.00000000 63317356.00000000 19787.90429688  1765264.00000000 1400307.25000000 
0.09100    39348184.00000000 24816386.00000000 62492736.00000000 19404.90820312  1736188.12500000 1377430.25000000 
0.09200    38840756.00000000 24504578.00000000 61697020.00000000 19030.20117188  1707865.62500000 1355119.62500000 
0.09300    38350644.00000000 24203846.00000000 60929312.00000000 18663.23046875  1680212.25000000 1333369.50000000 
0.09400    37876648.00000000 23913456.00000000 60186432.00000000 18303.48242188  1653207.12500000 1312124.12500000 
0.09500    37417700.00000000 23632612.00000000 59468928.00000000 17950.74804688  1626785.62500000 1291340.25000000 
0.09600    36973044.00000000 23360898.00000000 58772792.00000000 17604.26562500  1600913.50000000 1270988.37500000 
0.09700    36541236.00000000 23097598.00000000 58098236.00000000 17263.82421875  1575545.87500000 1251037.75000000 
0.09800    36121184.00000000 22841726.00000000 57442844.00000000 16929.07812500  1550638.25000000 1231475.62500000 
0.09900    35712596.00000000 22593256.00000000 56805100.00000000 16599.66796875  1526156.25000000 1212212.12500000 
0.10000    35314308.00000000 22351158.00000000 56183432.00000000 16275.10937500  1502075.00000000 1193266.25000000 
0.10100    34924668.00000000 22114990.00000000 55577172.00000000 15955.29687500  1478333.87500000 1174608.87500000 
0.10200    34543644.00000000 21884416.00000000 54983724.00000000 15640.02246094  1454930.50000000 1156203.50000000 
0.10300    34170948.00000000 21658514.00000000 54402948.00000000 15329.08398438  1431797.00000000 1138018.12500000 
0.10400    33804472.00000000 21437314.00000000 53832972.00000000 15022.22070312  1408963.75000000 1120054.50000000 
0.10500    33444352.00000000 21219650.00000000 53273100.00000000 14719.24804688  1386373.75000000 1102275.12500000 
0.10600    33089816.00000000 21005568.00000000 52721920.00000000 14420.01757812  1363992.62500000 1084683.12500000 
0.10700    32739914.00000000 20794454.00000000 52177792.00000000 14124.58984375  1341840.75000000 1067235.87500000 
0.10800    32394294.00000000 20586164.00000000 51640848.00000000 13832.77050781  1319869.00000000 1049937.75000000 
0.10900    32052510.00000000 20380110.00000000 51109764.00000000 13544.49511719  1298078.62500000 1032772.81250000 
0.11000    31713620.00000000 20175772.00000000 50583172.00000000 13259.79589844  1276442.00000000 1015729.68750000 
0.11100    31377752.00000000 19973314.00000000 50060848.00000000 12978.43652344  1254975.37500000 998806.37500000 
0.11200    31043848.00000000 19772046.00000000 49542680.00000000 12700.54199219  1233626.00000000 981983.87500000 
0.11300    30711684.00000000 19571538.00000000 49026536.00000000 12426.20507812  1212419.00000000 965263.81250000 
0.11400    30381040.00000000 19372192.00000000 48512156.00000000 12155.24902344  1191372.62500000 948643.50000000 
0.11500    30051552.00000000 19173218.00000000 47999752.00000000 11887.85937500  1170431.12500000 932114.18750000 
0.11600    29722934.00000000 18974368.00000000 47488092.00000000 11623.94042969  1149621.00000000 915683.18750000 
0.11700    29394844.00000000 18775906.00000000 46977496.00000000 11363.55371094  1128934.12500000 899331.93750000 
0.11800    29066938.00000000 18577172.00000000 46466608.00000000 11106.65429688  1108370.62500000 883077.06250000 
0.11900    28739270.00000000 18378634.00000000 45956324.00000000 10853.42480469  1087930.75000000 866907.68750000 
0.12000    28411494.00000000 18179622.00000000 45445168.00000000 10603.83300781  1067629.25000000 850830.37500000 
0.12100    28083576.00000000 17980534.00000000 44933356.00000000 10358.06640625  1047451.81250000 834859.50000000 
0.12200    27755276.00000000 17780812.00000000 44420872.00000000 10116.00097656  1027402.75000000 818976.31250000 
0.12300    27426566.00000000 17580392.00000000 43907472.00000000 9877.55078125   1007501.56250000 803202.68750000 
0.12400    27097612.00000000 17379736.00000000 43392992.00000000 9643.14453125   987741.37500000 787533.43750000 
0.12500    26768138.00000000 17178368.00000000 42877516.00000000 9412.53808594   968135.75000000 771971.81250000 
0.12600    26438314.00000000 16976390.00000000 42361468.00000000 9185.84765625   948691.93750000 756533.18750000 
0.12700    26107912.00000000 16773761.00000000 41843432.00000000 8963.09375000   929409.18750000 741208.06250000 
0.12800    25777288.00000000 16570597.00000000 41324876.00000000 8744.35546875   910296.68750000 726021.18750000 
0.12900    25446238.00000000 16366887.00000000 40805460.00000000 8529.55371094   891356.50000000 710960.56250000 
0.13000    25114788.00000000 16162673.00000000 40284772.00000000 8318.83593750   872606.62500000 696045.06250000 
0.13100    24783338.00000000 15957889.00000000 39763500.00000000 8112.09423828   854052.06250000 681268.37500000 
0.13200    24451792.00000000 15752847.00000000 39241412.00000000 7909.44726562   835689.93750000 666647.06250000 
0.13300    24120252.00000000 15547539.00000000 38719988.00000000 7710.86767578   817538.56250000 652179.06250000 
0.13400    23788746.00000000 15341668.00000000 38197072.00000000 7516.34960938   799594.37500000 637887.75000000 
0.13500    23457602.00000000 15135798.00000000 37674296.00000000 7325.86035156   781881.62500000 623750.56250000 
0.13600    23126668.00000000 14929896.00000000 37152436.00000000 7139.34228516   764384.62500000 609797.93750000 
0.13700    22796514.00000000 14723872.00000000 36630740.00000000 6956.92480469   747127.12500000 596016.18750000 
0.13800    22466894.00000000 14517969.00000000 36109016.00000000 6778.50341797   730100.00000000 582428.43750000 
0.13900    22138126.00000000 14312256.00000000 35589020.00000000 6603.97705078   713325.56250000 569020.00000000 
0.14000    21810454.00000000 14106940.00000000 35069960.00000000 6433.49072266   696799.37500000 555812.18750000 
0.14100    21483880.00000000 13901863.00000000 34552360.00000000 6266.83203125   680528.37500000 542802.56250000 
0.14200    21158724.00000000 13697428.00000000 34036832.00000000 6104.03076172   664510.50000000 529998.00000000 
0.14300    20834854.00000000 13493528.00000000 33522890.00000000 5945.01464844   648755.87500000 517392.65625000 
0.14400    20512924.00000000 13290373.00000000 33011138.00000000 5789.83105469   633262.68750000 504994.53125000 
0.14500    20192666.00000000 13088165.00000000 32501908.00000000 5638.31738281   618039.75000000 492810.90625000 
0.14600    19874266.00000000 12886781.00000000 31995612.00000000 5490.57812500   603092.68750000 480845.31250000 
0.14700    19558326.00000000 12686553.00000000 31492098.00000000 5346.34570312   588419.93750000 469094.84375000 
0.14800    19244054.00000000 12487402.00000000 30991956.00000000 5205.72119141   574019.93750000 457557.00000000 
0.14900    18932646.00000000 12289504.00000000 30495336.00000000 5068.56250000   559896.43750000 446238.71875000 
0.15000    18623680.00000000 12092933.00000000 30002560.00000000 4934.88867188   546047.31250000 435143.06250000 
0.15100    18317314.00000000 11897906.00000000 29513438.00000000 4804.60986328   532481.31250000 424269.40625000 
0.15200    18013844.00000000 11704399.00000000 29028844.00000000 4677.64208984   519190.37500000 413617.68750000 
0.15300    17713360.00000000 11512581.00000000 28548730.00000000 4553.97167969   506183.59375000 403184.50000000 
0.15400    17416028.00000000 11322425.00000000 28073056.00000000 4433.49316406   493450.87500000 392967.65625000 
0.15500    17121868.00000000 11134094.00000000 27602202.00000000 4316.24511719   480992.25000000 382979.75000000 
0.15600    16830786.00000000 10947562.00000000 27136286.00000000 4202.02734375   468807.15625000 373206.46875000 
0.15700    16543360.00000000 10763151.00000000 26675736.00000000 4090.92285156   456901.50000000 363652.43750000 
0.15800    16259289.00000000 10580631.00000000 26220250.00000000 3982.76562500   445259.78125000 354313.15625000 
0.15900    15978768.00000000 10400305.00000000 25770562.00000000 3877.61865234   433897.34375000 345188.71875000 
0.16000    15701862.00000000 10222197.00000000 25326290.00000000 3775.32568359   422791.65625000 336281.12500000 
0.16100    15428715.00000000 10046184.00000000 24887814.00000000 3675.95092773   411957.06250000 327588.18750000 
0.16200    15159369.00000000 9872524.00000000 24455076.00000000 3579.31689453   401382.56250000 319099.93750000 
0.16300    14893701.00000000 9701134.00000000 24028582.00000000 3485.46875000   391064.25000000 310817.46875000 
0.16400    14632092.00000000 9532178.00000000 23608016.00000000 3394.35449219   381005.21875000 302740.06250000 
0.16500    14374375.00000000 9365511.00000000 23193698.00000000 3305.86279297   371196.40625000 294866.25000000 
0.16600    14120649.00000000 9201283.00000000 22785354.00000000 3220.06811523   361630.37500000 287188.93750000 
0.16700    13870905.00000000 9039567.00000000 22383376.00000000 3136.77124023   352313.31250000 279704.75000000 
0.16800    13625080.00000000 8880222.00000000 21987768.00000000 3056.05102539   343232.21875000 272413.18750000 
0.16900    13383392.00000000 8723586.00000000 21598516.00000000 2977.87158203   334390.00000000 265313.12500000 
0.17000    13145766.00000000 8569302.00000000 21215660.00000000 2902.12158203   325777.31250000 258396.79687500 
0.17100    12912213.00000000 8417515.00000000 20839048.00000000 2828.81225586   317394.56250000 251664.56250000 
0.17200    12682646.00000000 8268315.50000000 20468920.00000000 2757.90722656   309232.00000000 245107.48437500 
0.17300    12457199.00000000 8121674.00000000 20105284.00000000 2689.32299805   301294.46875000 238727.12500000 
0.17400    12235714.00000000 7977573.00000000 19748084.00000000 2623.07275391   293566.71875000 232518.46875000 
0.17500    12018242.00000000 7835960.50000000 19397182.00000000 2559.08447266   286050.65625000 226477.87500000 
0.17600    11804748.00000000 7696869.50000000 19052372.00000000 2497.33935547   278737.43750000 220600.09375000 
0.17700    11595289.00000000 7560321.50000000 18714202.00000000 2437.78881836   271628.53125000 214883.23437500 
0.17800    11389615.00000000 7426151.50000000 18382126.00000000 2380.38500977   264712.06250000 209323.79687500 
0.17900    11187984.00000000 7294572.00000000 18056330.00000000 2325.08227539   257986.79687500 203914.89062500 
0.18000    10990186.00000000 7165427.00000000 17736622.00000000 2271.87792969   251450.04687500 198656.31250000 
0.18100    10796200.00000000 7038711.50000000 17423386.00000000 2220.70751953   245099.20312500 193544.12500000 
0.18200    10605880.00000000 6914333.50000000 17115498.00000000 2171.45874023   238920.39062500 188571.17187500 
0.18300    10419359.00000000 6792384.00000000 16813830.00000000 2124.18798828   232916.07812500 183735.23437500 
0.18400    10236383.00000000 6672809.00000000 16517968.00000000 2078.78784180   227079.73437500 179034.59375000 
0.18500    10057120.00000000 6555474.00000000 16228023.00000000 2035.24157715   221407.31250000 174464.43750000 
0.18600    9881369.00000000 6440447.50000000 15943587.00000000 1993.44018555   215891.98437500 170019.23437500 
0.18700    9709054.00000000 6327613.00000000 15664702.00000000 1953.39587402   210531.81250000 165694.42187500 
0.18800    9540059.00000000 6217001.50000000 15391235.00000000 1915.00769043   205319.76562500 161490.85937500 
0.18900    9374515.00000000 6108570.50000000 15123305.00000000 1878.27294922   200255.37500000 157404.92187500 
0.19000    9212128.00000000 6002159.50000000 14860527.00000000 1843.02990723   195326.84375000 153425.09375000 
0.19100    9053175.00000000 5897918.50000000 14602921.00000000 1809.37072754   190538.43750000 149557.95312500 
0.19200    8897191.00000000 5795584.50000000 14350324.00000000 1777.12390137   185877.64062500 145789.90625000 
0.19300    8744343.00000000 5695341.00000000 14102668.00000000 1746.26452637   181345.29687500 142125.51562500 
0.19400    8594416.00000000 5596969.00000000 13859788.00000000 1716.70617676   176931.90625000 138558.00000000 
0.19500    8447421.00000000 5500534.50000000 13621648.00000000 1688.40844727   172637.89062500 135083.56250000 
0.19600    8303237.00000000 5405895.50000000 13387922.00000000 1661.31982422   168456.93750000 131698.32812500 
0.19700    8161783.00000000 5313093.50000000 13158737.00000000 1635.34997559   164385.87500000 128400.14062500 
0.19800    8023012.50000000 5221964.00000000 12933887.00000000 1610.42480469   160416.01562500 125184.64062500 
0.19900    7886949.00000000 5132628.50000000 12713200.00000000 1586.55200195   156548.70312500 122051.02343750 
0.20000    7753310.50000000 5044843.50000000 12496643.00000000 1563.55920410   152775.57812500 118990.86718750 
0.20100    7622234.50000000 4958735.00000000 12284112.00000000 1541.46203613   149095.76562500 116006.28125000 
0.20200    7493457.00000000 4874144.00000000 12075331.00000000 1520.16967773   145502.56250000 113092.24218750 
0.20300    7367010.00000000 4791078.50000000 11870455.00000000 1499.64550781   141996.06250000 110245.71875000 
0.20400    7242828.00000000 4709499.00000000 11668952.00000000 1479.79223633   138566.79687500 107462.97656250 
0.20500    7120854.00000000 4629319.00000000 11471105.00000000 1460.56604004   135214.43750000 104742.68750000 
0.20600    7000874.00000000 4550517.50000000 11276612.00000000 1441.88757324   131934.96875000 102078.50000000 
0.20700    6883003.50000000 4473059.50000000 11085434.00000000 1423.75878906   128724.25781250 99473.07031250  
0.20800    6767029.00000000 4396853.50000000 10897333.00000000 1406.05334473   125579.64062500 96919.28906250  
0.20900    6653073.00000000 4321968.00000000 10712629.00000000 1388.80200195   122500.12500000 94419.15625000  
0.21000    6540832.00000000 4248198.50000000 10530581.00000000 1371.86523438   119476.08593750 91965.61718750  
0.21100    6430422.50000000 4175660.25000000 10351535.00000000 1355.25146484   116510.19531250 89558.17968750  
0.21200    6321689.00000000 4104250.50000000 10175194.00000000 1338.89453125   113596.35937500 87195.14062500  
0.21300    6214602.00000000 4033898.50000000 10001552.00000000 1322.76379395   110733.14843750 84872.83593750  
0.21400    6109142.50000000 3964609.75000000 9830569.00000000 1306.82226562   107918.86718750 82591.36718750  
0.21500    6005237.50000000 3896403.00000000 9662147.00000000 1291.05053711   105151.39062500 80348.53125000  
0.21600    5902794.00000000 3829112.75000000 9496053.00000000 1275.37426758   102424.66406250 78140.06250000  
0.21700    5801757.00000000 3762810.75000000 9332392.00000000 1259.78051758   99739.43750000  75967.53906250  
0.21800    5702213.00000000 3697436.00000000 9170831.00000000 1244.26232910   97093.97656250  73827.51562500  
0.21900    5603860.00000000 3632939.75000000 9011604.00000000 1228.75634766   94482.67968750  71716.80468750  
0.22000    5506904.00000000 3569285.50000000 8854406.00000000 1213.29211426   91908.77343750  69638.15625000  
0.22100    5411204.50000000 3506556.25000000 8699457.00000000 1197.84509277   89368.57812500  67589.32031250  
0.22200    5316721.50000000 3444582.25000000 8546420.00000000 1182.39953613   86861.35156250  65567.56250000  
0.22300    5223429.00000000 3383445.25000000 8395284.00000000 1166.91528320   84382.99218750  63572.24218750  
0.22400    5131275.50000000 3323019.50000000 8246059.50000000 1151.39416504   81934.58593750  61602.21093750  
0.22500    5040313.00000000 3263432.75000000 8098800.00000000 1135.89501953   79518.33593750  59659.71484375  
0.22600    4950367.00000000 3204532.75000000 7953194.00000000 1120.33544922   77126.89843750  57740.20703125  
0.22700    4861563.50000000 3146378.00000000 7809440.50000000 1104.77490234   74766.32812500  55846.43750000  
0.22800    4773751.00000000 3088905.75000000 7667326.00000000 1089.19982910   72430.60156250  53975.05078125  
0.22900    4686965.50000000 3032117.25000000 7526908.00000000 1073.58203125   70121.20312500  52126.62890625  
0.23000    4601192.50000000 2976014.25000000 7388216.50000000 1058.00183105   67839.46875000  50302.39843750  
0.23100    4516474.50000000 2920624.50000000 7251138.00000000 1042.44445801   65584.00781250  48501.77343750  
0.23200    4432617.50000000 2865840.25000000 7115561.50000000 1026.89001465   63353.36718750  46722.75781250  
0.23300    4349735.00000000 2811731.00000000 6981629.00000000 1011.38812256   61150.56640625  44967.53515625  
0.23400    4267814.00000000 2758249.25000000 6849312.00000000 995.96661377    58974.79687500  43235.95703125  
0.23500    4186824.75000000 2705351.00000000 6718439.50000000 980.59411621    56823.72265625  41526.09765625  
0.23600    4106786.50000000 2653152.25000000 6589146.00000000 965.34429932    54702.67578125  39841.63281250  
0.23700    4027682.50000000 2601544.50000000 6461371.50000000 950.22259521    52608.25390625  38180.69531250  
0.23800    3949460.50000000 2550566.75000000 6335149.50000000 935.24774170    50543.73828125  36544.47265625  
0.23900    3872172.75000000 2500179.00000000 6210321.00000000 920.43341064    48506.83593750  34932.41406250  
0.24000    3795770.25000000 2450437.50000000 6087084.00000000 905.81921387    46500.60546875  33345.87109375  
0.24100    3720348.00000000 2401299.75000000 5965394.00000000 891.43750000    44526.30078125  31786.71093750  
0.24200    3645793.00000000 2352803.25000000 5845138.50000000 877.29138184    42583.06250000  30253.60156250  
0.24300    3572173.00000000 2304898.00000000 5726397.00000000 863.39526367    40672.23828125  28747.02539062  
0.24400    3499456.00000000 2257581.00000000 5609139.00000000 849.78521729    38793.69531250  27268.07617188  
0.24500    3427650.25000000 2210898.25000000 5493413.00000000 836.48486328    36950.30859375  25817.11718750  
0.24600    3356786.75000000 2164856.75000000 5379209.00000000 823.51416016    35141.74218750  24395.36718750  
0.24700    3286875.50000000 2119437.75000000 5266520.50000000 810.88946533    33369.72265625  23004.12304688  
0.24800    3217880.00000000 2074612.12500000 5155359.00000000 798.63592529    31634.54492188  21641.91015625  
0.24900    3149797.25000000 2030418.62500000 5045755.50000000 786.75604248    29936.00585938  20310.06640625  
0.25000    3082713.25000000 1986863.75000000 4937664.00000000 775.28637695    28276.99023438  19010.25781250  
0.25100    3016532.00000000 1943935.25000000 4831097.50000000 764.22882080    26656.61718750  17741.51757812  
0.25200    2951391.25000000 1901672.37500000 4726232.00000000 753.61383057    25078.56054688  16506.80273438  
0.25300    2887188.25000000 1860017.00000000 4622843.00000000 743.43133545    23539.81250000  15304.12500000  
0.25400    2823918.00000000 1819011.00000000 4521073.00000000 733.70788574    22043.28320312  14135.00000000  
0.25500    2761632.50000000 1778631.62500000 4420802.00000000 724.44403076    20588.60351562  12999.10253906  
0.25600    2700341.75000000 1738916.87500000 4322242.50000000 715.65228271    19177.28125000  11898.21484375  
0.25700    2640068.50000000 1699834.62500000 4225232.00000000 707.32489014    17808.70898438  10831.16308594  
0.25800    2580737.50000000 1661416.37500000 4129777.75000000 699.49017334    16484.20117188  9798.99023438   
0.25900    2522463.00000000 1623663.12500000 4036028.00000000 692.14147949    15204.13476562  8802.17382812   
0.26000    2465143.50000000 1586541.50000000 3943891.25000000 685.27282715    13968.87011719  7840.72558594   
0.26100    2408847.25000000 1550087.87500000 3853329.25000000 678.87634277    12776.74902344  6913.26953125   
0.26200    2353566.25000000 1514290.00000000 3764405.75000000 672.98413086    11631.43066406  6022.82812500   
0.26300    2299267.75000000 1479146.25000000 3677093.50000000 667.54760742    10529.21582031  5166.44433594   
0.26400    2245993.50000000 1444651.62500000 3591432.00000000 662.58917236    9472.95898438   4345.90039062   
0.26500    2193759.25000000 1410829.37500000 3507417.00000000 658.10485840    8461.37500000   3560.81762695   
0.26600    2142506.00000000 1377636.25000000 3424953.25000000 654.08068848    7494.02587891   2810.32617188   
0.26700    2092265.25000000 1345119.12500000 3344210.25000000 650.51538086    6571.89160156   2095.29174805   
0.26800    2043046.50000000 1313253.12500000 3265050.75000000 647.38116455    5693.88525391   1414.51770020   
0.26900    1994799.37500000 1282012.75000000 3187437.75000000 644.68414307    4858.37792969   767.61181641    
0.27000    1947569.00000000 1251432.75000000 3111534.50000000 642.41333008    4067.47949219   154.76910400    
0.27100    1901327.25000000 1221488.62500000 3037148.75000000 640.54010010    3318.33447266   -425.12118530   
0.27200    1856117.75000000 1192214.62500000 2964458.00000000 639.09948730    2613.64746094   -970.28466797   
0.27300    1811861.00000000 1163541.50000000 2893250.50000000 638.01470947    1948.09472656   -1484.79675293  
0.27400    1768531.00000000 1135472.25000000 2823529.25000000 637.28601074    1321.84436035   -1968.83117676  
0.27500    1726224.12500000 1108071.12500000 2755501.75000000 636.94848633    738.91876221    -2419.00781250  
0.27600    1684828.62500000 1081240.87500000 2688895.75000000 636.92700195    192.25791931    -2841.10205078  
0.27700    1644431.87500000 1055053.50000000 2623862.25000000 637.26318359    -313.71871948   -3231.60546875  
0.27800    1604936.62500000 1029449.43750000 2560334.00000000 637.90130615    -783.33038330   -3593.72094727  
0.27900    1566385.87500000 1004453.00000000 2498290.75000000 638.84069824    -1216.05053711  -3927.32690430  
0.28000    1528737.87500000 980032.68750000 2437684.25000000 640.07800293    -1613.59277344  -4233.58251953  
0.28100    1492000.62500000 956185.62500000 2378515.50000000 641.58349609    -1976.70947266  -4512.86962891  
0.28200    1456168.87500000 932928.37500000 2320806.50000000 643.36035156    -2305.42065430  -4766.02099609  
0.28300    1421199.62500000 910229.50000000 2264490.75000000 645.38745117    -2601.98193359  -4993.92871094  
0.28400    1387091.37500000 888060.50000000 2209540.25000000 647.63934326    -2867.36743164  -5197.98632812  
0.28500    1353844.62500000 866457.50000000 2155985.00000000 650.13281250    -3101.37402344  -5377.93261719  
0.28600    1321417.62500000 845370.93750000 2103713.00000000 652.82940674    -3307.40405273  -5535.68945312  
0.28700    1289841.87500000 824822.25000000 2052765.75000000 655.72094727    -3484.72851562  -5671.59375000  
0.28800    1259026.62500000 804771.75000000 2003062.87500000 658.80737305    -3634.67456055  -5786.48046875  
0.28900    1229041.75000000 785256.37500000 1954716.37500000 662.08117676    -3757.84399414  -5880.83837891  
0.29000    1199804.37500000 766208.00000000 1907517.37500000 665.51495361    -3857.09252930  -5956.51855469  
0.29100    1171377.62500000 747664.56250000 1861604.37500000 669.12280273    -3931.11425781  -6013.09716797  
0.29200    1143647.37500000 729570.43750000 1816831.75000000 672.88476562    -3982.43383789  -6052.15625000  
0.29300    1116689.87500000 711973.00000000 1773269.62500000 676.77880859    -4011.44775391  -6073.60302734  
0.29400    1090399.62500000 694797.43750000 1730781.50000000 680.79901123    -4020.56811523  -6080.73486328  
0.29500    1064843.62500000 678095.18750000 1689486.62500000 684.96575928    -4007.91113281  -6070.71972656  
0.29600    1039966.25000000 661805.93750000 1649209.25000000 689.24090576    -3977.23925781  -6047.03759766  
0.29700    1015732.00000000 645942.62500000 1610008.62500000 693.62335205    -3928.69238281  -6009.74511719  
0.29800    992186.00000000 630507.06250000 1571851.12500000 698.12329102    -3861.85742188  -5958.54833984  
0.29900    969279.31250000 615480.62500000 1534752.00000000 702.72320557    -3778.45581055  -5894.82812500  
0.30000    946977.75000000 600834.12500000 1498605.75000000 707.40509033    -3680.27661133  -5819.94091797  
0.30100    925302.12500000 586596.25000000 1463451.62500000 712.18963623    -3565.99365234  -5732.81250000  
0.30200    904205.81250000 572706.37500000 1429208.37500000 717.03546143    -3439.11401367  -5636.04345703  
0.30300    883710.62500000 559199.81250000 1395934.62500000 721.96722412    -3298.01098633  -5528.56542969  
0.30400    863804.43750000 546065.81250000 1363563.00000000 726.96856689    -3143.91650391  -5411.46582031  
0.30500    844410.37500000 533262.62500000 1332042.12500000 732.02825928    -2978.85473633  -5286.39111328  
0.30600    825555.18750000 520802.56250000 1301373.62500000 737.13983154    -2802.69799805  -5152.70068359  
0.30700    807281.18750000 508697.75000000 1271606.12500000 742.31518555    -2614.82275391  -5010.07324219  
0.30800    789477.62500000 496897.12500000 1242604.62500000 747.52014160    -2417.66186523  -4861.18017578  
0.30900    772216.50000000 485434.18750000 1214444.00000000 752.78363037    -2210.49438477  -4704.33154297  
0.31000    755451.37500000 474281.81250000 1187073.37500000 758.06408691    -1994.98559570  -4541.30175781  
0.31100    739138.31250000 463414.43750000 1160405.50000000 763.37475586    -1771.14501953  -4372.24609375  
0.31200    723316.37500000 452864.81250000 1134547.50000000 768.70220947    -1539.27050781  -4197.32910156  
0.31300    707944.93750000 442597.25000000 1109398.62500000 774.04388428    -1300.18322754  -4016.90502930  
0.31400    693060.31250000 432631.18750000 1084998.37500000 779.38476562    -1053.66870117  -3830.98657227  
0.31500    678586.25000000 422919.90625000 1061263.25000000 784.72113037    -801.34210205   -3641.07250977  
0.31600    664550.68750000 413488.93750000 1038231.12500000 790.05169678    -542.86730957   -3446.17431641  
0.31700    650938.37500000 404329.87500000 1015859.93750000 795.37176514    -278.33093262   -3247.03271484  
0.31800    637734.37500000 395427.43750000 994139.62500000 800.63531494    -9.74183178     -3044.90551758  
0.31900    624957.75000000 386788.87500000 973093.37500000 805.89276123    265.28259277    -2838.07128906  
0.32000    612566.18750000 378394.03125000 952646.75000000 811.08746338    543.73571777    -2628.37084961  
0.32100    600546.50000000 370237.56250000 932805.31250000 816.23016357    826.17077637    -2415.78466797  
0.32200    588935.12500000 362334.31250000 913616.00000000 821.31579590    1113.13659668   -2199.95263672  
0.32300    577652.56250000 354646.46875000 894939.68750000 826.31420898    1402.42370605   -1982.27746582  
0.32400    566746.68750000 347195.12500000 876875.81250000 831.23638916    1694.92358398   -1762.19018555  
0.32500    556199.75000000 339967.78125000 859361.37500000 836.06127930    1989.74743652   -1540.07690430  
0.32600    546005.06250000 332962.46875000 842413.00000000 840.77697754    2287.41870117   -1315.71630859  
0.32700    536131.75000000 326173.06250000 826001.68750000 845.39447021    2587.25048828   -1089.76477051  
0.32800    526627.37500000 319605.34375000 810148.37500000 849.88903809    2889.21337891   -861.89605713   
0.32900    517409.62500000 313233.18750000 794777.68750000 854.23388672    3191.71386719   -633.47125244   
0.33000    508530.53125000 307074.28125000 779938.81250000 858.45593262    3496.08520508   -403.21200562   
0.33100    499918.93750000 301083.37500000 765534.56250000 862.50476074    3800.01318359   -173.41323853   
0.33200    491671.78125000 295331.56250000 751708.81250000 866.41931152    4106.17285156   58.75901031     
0.33300    483683.18750000 289748.34375000 738302.00000000 870.14251709    4411.63476562   290.43994141    
0.33400    476002.18750000 284359.75000000 725386.50000000 873.70184326    4717.24414062   523.02789307    
0.33500    468587.59375000 279149.21875000 712902.87500000 877.06292725    5022.21386719   755.27514648    
0.33600    461444.53125000 274114.56250000 700869.50000000 880.22308350    5326.62890625   987.64050293    
0.33700    454567.00000000 269256.43750000 689256.43750000 883.19293213    5630.28222656   1219.67980957   
0.33800    447969.15625000 264580.81250000 678096.31250000 885.94842529    5932.88232422   1451.92297363   
0.33900    441590.65625000 260053.93750000 667315.62500000 888.48522949    6233.69873047   1682.90332031   
0.34000    435479.75000000 255703.54687500 656941.43750000 890.79980469    6532.75146484   1913.40783691   
0.34100    429598.75000000 251507.68750000 646969.68750000 892.87554932    6829.85498047   2143.05053711   
0.34200    423991.65625000 247491.67187500 637427.43750000 894.73931885    7126.24853516   2372.74218750   
0.34300    418565.09375000 243602.37500000 628197.31250000 896.34375000    7418.65478516   2600.19384766   
0.34400    413398.56250000 239889.50000000 619380.68750000 897.72332764    7709.90380859   2827.23657227   
0.34500    408420.84375000 236304.06250000 610893.00000000 898.85717773    7997.41943359   3052.63525391   
0.34600    403681.12500000 232886.00000000 602795.50000000 899.74786377    8283.24511719   3277.17114258   
0.34700    399103.81250000 229578.14062500 594977.00000000 900.38098145    8564.19042969   3499.10131836   
0.34800    394744.81250000 226422.20312500 587515.43750000 900.76300049    8842.65332031   3719.75122070   
0.34900    390575.62500000 223398.40625000 580379.43750000 900.90820312    9117.90917969   3938.85742188   
0.35000    386594.43750000 220502.81250000 573544.68750000 900.79339600    9389.02734375   4155.72558594   
0.35100    382807.06250000 217749.85937500 567052.56250000 900.44506836    9657.55468750   4371.46484375   
0.35200    379152.46875000 215092.09375000 560773.93750000 899.82891846    9920.60253906   4583.97412109   
0.35300    375679.53125000 212564.64062500 554822.18750000 898.98010254    10180.15527344  4794.52197266   
0.35400    372381.15625000 210163.73437500 549162.37500000 897.90979004    10436.05761719  5003.37792969   
0.35500    369239.50000000 207871.73437500 543757.25000000 896.58142090    10687.73925781  5209.93457031   
0.35600    366231.71875000 205677.89062500 538592.56250000 895.02819824    10934.37695312  5413.69287109   
0.35700    363375.78125000 203599.62500000 533690.31250000 893.24737549    11177.48925781  5615.29785156   
0.35800    360675.06250000 201632.34375000 529059.43750000 891.25000000    11416.25390625  5814.76855469   
0.35900    358100.78125000 199765.54687500 524649.00000000 889.04510498    11650.59570312  6011.74267578   
0.36000    355682.78125000 198005.53125000 520494.71875000 886.63104248    11881.34863281  6206.73681641   
0.36100    353365.65625000 196322.62500000 516526.84375000 884.00653076    12106.31054688  6398.41601562   
0.36200    351225.50000000 194767.29687500 512855.71875000 881.21350098    12328.94531250  6589.08007812   
0.36300    349148.71875000 193269.81250000 509315.28125000 878.22131348    12545.41308594  6775.82080078   
0.36400    347198.75000000 191865.28125000 505985.09375000 875.03826904    12757.59960938  6960.34814453   
0.36500    345358.46875000 190544.23437500 502857.37500000 871.70330811    12965.87695312  7142.33642578   
0.36600    343651.81250000 189322.18750000 499961.12500000 868.21539307    13170.67089844  7322.70800781   
0.36700    342027.18750000 188164.57812500 497202.90625000 864.55517578    13370.19433594  7499.62597656   
0.36800    340551.09375000 187116.64062500 494714.15625000 860.78594971    13567.39648438  7675.57812500   
0.36900    339159.96875000 186127.62500000 492360.90625000 856.87536621    13760.13476562  7848.85742188   
0.37000    337838.31250000 185196.12500000 490133.31250000 852.82177734    13947.48339844  8018.63769531   
0.37100    336621.78125000 184341.46875000 488079.96875000 848.67279053    14131.39648438  8186.21630859   
0.37200    335529.46875000 183577.79687500 486257.96875000 844.42004395    14312.88476562  8352.66113281   
0.37300    334495.09375000 182865.57812500 484543.90625000 840.06353760    14489.58300781  8516.02148438   
0.37400    333579.43750000 182232.28125000 483019.21875000 835.63824463    14663.81250000  8677.92968750   
0.37500    332744.65625000 181660.06250000 481637.71875000 831.13464355    14834.42675781  8837.50292969   
0.37600    332009.06250000 181155.82812500 480420.56250000 826.56140137    15001.40820312  8994.92773438   
0.37700    331337.40625000 180700.82812500 479318.71875000 821.92413330    15165.10058594  9149.88867188   
0.37800    330759.90625000 180311.37500000 478370.43750000 817.24139404    15325.99023438  9303.08984375   
0.37900    330285.93750000 179994.37500000 477601.46875000 812.52093506    15484.49121094  9454.95312500   
0.38000    329878.28125000 179718.75000000 476940.87500000 807.76000977    15639.31640625  9604.15332031   
0.38100    329531.65625000 179489.48437500 476382.09375000 802.97100830    15790.94726562  9750.76171875   
0.38200    329289.21875000 179330.10937500 475992.93750000 798.16754150    15940.62207031  9896.31640625   
0.38300    329105.40625000 179205.46875000 475698.46875000 793.34143066    16086.79882812  10039.26660156  
0.38400    329030.28125000 179153.28125000 475580.18750000 788.51556396    16231.53125000  10181.14160156  
0.38500    328993.37500000 179128.73437500 475528.50000000 783.68542480    16372.67187500  10320.24121094  
0.38600    329070.15625000 179175.46875000 475651.18750000 778.86865234    16512.48632812  10458.23046875  
0.38700    329185.37500000 179241.89062500 475835.09375000 774.05334473    16648.34960938  10593.35546875  
0.38800    329383.43750000 179359.37500000 476146.65625000 769.25189209    16782.35937500  10726.81640625  
0.38900    329654.37500000 179516.71875000 476563.00000000 764.46832275    16913.91601562  10858.19921875  
0.39000    330015.21875000 179734.78125000 477139.75000000 759.71386719    17044.03710938  10988.12695312  
0.39100    330426.00000000 179974.76562500 477774.93750000 754.98358154    17171.17382812  11115.79101562  
0.39200    330916.68750000 180261.42187500 478534.96875000 750.28479004    17296.15625000  11241.38867188  
0.39300    331460.81250000 180578.06250000 479371.46875000 745.61376953    17418.44531250  11364.64550781  
0.39400    332100.90625000 180951.29687500 480358.56250000 740.98651123    17539.14257812  11486.54492188  
0.39500    332777.31250000 181332.20312500 481377.15625000 736.37951660    17656.63085938  11605.29980469  
0.39600    333513.90625000 181750.03125000 482493.06250000 731.81726074    17771.50585938  11721.94335938  
0.39700    334311.03125000 182197.67187500 483694.84375000 727.29150391    17883.98632812  11836.32421875  
0.39800    335184.65625000 182682.76562500 485003.46875000 722.80609131    17994.50781250  11948.69042969  
0.39900    336093.81250000 183186.89062500 486364.96875000 718.36743164    18101.79882812  12058.18457031  
0.40000    337064.25000000 183713.78125000 487806.37500000 713.96356201    18206.55468750  12165.10253906  
0.40100    338081.40625000 184264.64062500 489305.93750000 709.58569336    18308.01562500  12269.26953125  
0.40200    339165.84375000 184844.65625000 490899.40625000 705.27142334    18407.44335938  12371.02148438  
0.40300    340270.71875000 185431.37500000 492520.03125000 700.97973633    18503.01757812  12469.29394531  
0.40400    341432.71875000 186042.82812500 494211.09375000 696.73077393    18595.97851562  12565.29394531  
0.40500    342638.65625000 186669.81250000 495955.59375000 692.51770020    18685.33593750  12658.00097656  
0.40600    343889.84375000 187319.15625000 497767.59375000 688.35632324    18772.19726562  12748.24316406  
0.40700    345168.59375000 187970.45312500 499595.93750000 684.21411133    18854.96289062  12834.81347656  
0.40800    346476.59375000 188630.42187500 501467.50000000 680.10070801    18934.09960938  12918.00488281  
0.40900    347806.40625000 189296.20312500 503353.96875000 676.02160645    19009.40625000  12997.65917969  
0.41000    349186.28125000 189982.06250000 505303.56250000 671.97314453    19081.62109375  13074.55957031  
0.41100    350564.03125000 190658.53125000 507250.96875000 667.95391846    19149.33789062  13147.37988281  
0.41200    351957.06250000 191334.14062500 509197.50000000 663.94335938    19212.45507812  13216.21386719  
0.41300    353385.34375000 192021.40625000 511185.84375000 659.97497559    19272.33398438  13282.04296875  
0.41400    354802.96875000 192693.37500000 513150.06250000 656.01586914    19327.25195312  13343.38378906  
0.41500    356249.50000000 193374.14062500 515143.46875000 652.08331299    19378.26367188  13401.46777344  
0.41600    357666.00000000 194024.25000000 517072.62500000 648.15252686    19423.43164062  13454.67089844  
0.41700    359110.25000000 194688.67187500 519041.37500000 644.24792480    19465.46679688  13504.74121094  
0.41800    360566.28125000 195354.57812500 521019.43750000 640.36303711    19502.88671875  13551.12304688  
0.41900    361952.46875000 195966.15625000 522882.15625000 636.46289062    19533.43750000  13591.55273438  
0.42000    363368.96875000 196590.35937500 524772.00000000 632.58044434    19560.53125000  13628.97363281  
0.42100    364774.71875000 197203.76562500 526641.81250000 628.70806885    19582.78906250  13662.47949219  
0.42200    366152.68750000 197797.23437500 528466.31250000 624.83923340    19599.93750000  13691.58105469  
0.42300    367490.43750000 198355.90625000 530206.06250000 620.96343994    19611.06640625  13715.53222656  
0.42400    368806.96875000 198898.89062500 531917.31250000 617.08917236    19617.06054688  13735.63964844  
0.42500    370097.40625000 199424.00000000 533578.62500000 613.21630859    19618.12304688  13751.45410156  
0.42600    371333.84375000 199909.50000000 535149.81250000 609.32739258    19613.35156250  13762.42773438  
0.42700    372556.81250000 200387.42187500 536704.56250000 605.45001221    19603.96484375  13769.76953125  
0.42800    373720.68750000 200824.50000000 538148.81250000 601.55255127    19588.60351562  13772.26171875  
0.42900    374863.59375000 201251.81250000 539570.62500000 597.66210938    19568.91796875  13771.05175781  
0.43000    375942.71875000 201635.98437500 540879.93750000 593.75122070    19542.96484375  13765.17773438  
0.43100    376941.93750000 201970.98437500 542070.56250000 589.81958008    19510.81835938  13754.21679688  
0.43200    377923.87500000 202298.07812500 543234.93750000 585.89337158    19474.92187500  13740.34082031  
0.43300    378827.28125000 202578.79687500 544275.81250000 581.94763184    19432.58593750  13721.38085938  
0.43400    379684.12500000 202831.62500000 545243.25000000 577.98925781    19385.32812500  13698.41210938  
0.43500    380460.12500000 203040.59375000 546096.12500000 574.01739502    19332.61328125  13671.31835938  
0.43600    381211.31250000 203234.70312500 546900.50000000 570.04565430    19275.96093750  13641.06347656  
0.43700    381858.59375000 203370.51562500 547556.06250000 566.04315186    19212.85156250  13605.94433594  
0.43800    382432.84375000 203464.03125000 548096.31250000 562.02612305    19144.82226562  13567.00390625  
0.43900    382959.50000000 203533.43750000 548563.37500000 558.00567627    19072.33593750  13524.82421875  
0.44000    383406.71875000 203565.14062500 548928.25000000 553.96356201    18995.01757812  13478.81738281  
0.44100    383784.90625000 203555.29687500 549188.56250000 549.91717529    18913.03906250  13429.04687500  
0.44200    384094.93750000 203508.96875000 549339.62500000 545.85290527    18826.70312500  13376.25292969  
0.44300    384329.12500000 203427.70312500 549384.12500000 541.78619385    18735.95312500  13319.96289062  
0.44400    384493.68750000 203311.92187500 549337.31250000 537.71057129    18640.97460938  13260.76367188  
0.44500    384547.00000000 203135.07812500 549117.12500000 533.60742188    18540.69335938  13197.45605469  
0.44600    384545.46875000 202929.92187500 548824.31250000 529.50476074    18436.97265625  13131.76953125  
0.44700    384492.12500000 202701.31250000 548465.43750000 525.40356445    18329.99218750  13063.67578125  
0.44800    384335.09375000 202418.29687500 547941.75000000 521.28564453    18218.53320312  12992.21875000  
0.44900    384128.31250000 202117.12500000 547369.37500000 517.18005371    18104.51367188  12918.93066406  
0.45000    383855.71875000 201782.71875000 546691.87500000 513.07421875    17987.47070312  12843.48144531  
0.45100    383475.78125000 201392.50000000 545865.56250000 508.94949341    17865.65625000  12764.58886719  
0.45200    383051.37500000 200984.21875000 544979.50000000 504.84390259    17741.83007812  12684.42480469  
0.45300    382543.84375000 200532.50000000 543969.12500000 500.74566650    17615.01562500  12601.91796875  
0.45400    381978.84375000 200058.68750000 542890.93750000 496.64202881    17485.59765625  12517.77539062  
0.45500    381348.50000000 199555.50000000 541722.81250000 492.55920410    17353.96679688  12432.09082031  
0.45600    380645.09375000 199015.21875000 540446.06250000 488.47686768    17219.78515625  12344.43945312  
0.45700    379888.78125000 198452.98437500 539107.56250000 484.42514038    17083.80273438  12255.89355469  
0.45800    379060.96875000 197855.12500000 537658.75000000 480.37924194    16945.85937500  12165.82031250  
0.45900    378175.09375000 197234.56250000 536136.68750000 476.35772705    16805.68554688  12074.37500000  
0.46000    377262.25000000 196604.40625000 534588.43750000 472.37219238    16665.46679688  11982.94628906  
0.46100    376244.28125000 195922.76562500 532888.81250000 468.39456177    16522.30273438  11889.34667969  
0.46200    375225.28125000 195245.54687500 531195.25000000 464.45855713    16379.28515625  11796.18554688  
0.46300    374134.62500000 194535.03125000 529405.81250000 460.55133057    16234.53027344  11701.85937500  
0.46400    372988.25000000 193801.48437500 527535.75000000 456.67977905    16088.98535156  11607.18652344  
0.46500    371823.37500000 193062.35937500 525648.50000000 452.84750366    15943.60742188  11512.50781250  
0.46600    370599.31250000 192299.71875000 523681.37500000 449.06188965    15797.37011719  11417.44335938  
0.46700    369328.56250000 191512.15625000 521656.65625000 445.31155396    15650.30078125  11322.02929688  
0.46800    368061.03125000 190737.68750000 519638.87500000 441.62246704    15504.42871094  11227.60058594  
0.46900    366724.96875000 189926.03125000 517529.00000000 437.97784424    15357.41308594  11132.42285156  
0.47000    365368.00000000 189109.40625000 515394.96875000 434.39151001    15210.89550781  11037.66308594  
0.47100    363993.96875000 188287.89062500 513243.46875000 430.87005615    15065.19042969  10943.77148438  
0.47200    362589.65625000 187458.57812500 511049.93750000 427.40255737    14919.88769531  10850.22070312  
0.47300    361177.93750000 186627.76562500 508857.34375000 424.00460815    14775.62597656  10757.54785156  
0.47400    359715.90625000 185774.65625000 506594.18750000 420.66564941    14631.16894531  10664.71875000  
0.47500    358262.56250000 184930.96875000 504345.96875000 417.40258789    14488.42089844  10573.29589844  
0.47600    356809.06250000 184093.59375000 502119.90625000 414.22418213    14347.42187500  10483.48535156  
0.47700    355305.46875000 183228.15625000 499806.90625000 411.10354614    14205.74023438  10393.04589844  
0.47800    353811.06250000 182375.00000000 497520.40625000 408.07330322    14066.68457031  10304.54980469  
0.47900    352331.84375000 181532.78125000 495261.53125000 405.12509155    13929.32812500  10217.46582031  
0.48000    350812.93750000 180674.82812500 492955.93750000 402.25585938    13792.47070312  10130.81152344  
0.48100    349342.87500000 179845.26562500 490716.87500000 399.48605347    13658.75390625  10046.44726562  
0.48200    347806.81250000 178982.95312500 488389.93750000 396.78170776    13524.75000000  9961.80468750   
0.48300    346293.93750000 178135.57812500 486099.03125000 394.17861938    13393.24511719  9879.26074219   
0.48400    344801.84375000 177302.04687500 483841.87500000 391.67184448    13264.13476562  9798.43554688   
0.48500    343304.28125000 176469.46875000 481583.50000000 389.25936890    13136.60156250  9718.67968750   
0.48600    341828.71875000 175653.29687500 479365.18750000 386.94644165    13011.68945312  9640.81445312   
0.48700    340346.75000000 174837.17187500 477140.50000000 384.72271729    12888.37011719  9564.17285156   
0.48800    338855.84375000 174014.87500000 474898.46875000 382.59429932    12766.57324219  9488.62304688   
0.48900    337394.75000000 173210.50000000 472710.15625000 380.56814575    12647.25781250  9414.89746094   
0.49000    335943.93750000 172416.60937500 470541.84375000 378.64117432    12530.58007812  9343.10156250   
0.49100    334520.00000000 171639.67187500 468416.43750000 376.82675171    12416.57226562  9273.04101562   
0.49200    333086.03125000 170856.65625000 466272.56250000 375.10070801    12303.96386719  9204.08691406   
0.49300    331671.84375000 170088.62500000 464172.43750000 373.47872925    12194.14941406  9136.99804688   
0.49400    330278.78125000 169331.50000000 462092.84375000 371.96417236    12086.68261719  9071.70019531   
0.49500    328888.34375000 168578.25000000 460026.71875000 370.54241943    11981.35253906  9007.66699219   
0.49600    327533.81250000 167848.01562500 458018.43750000 369.23455811    11879.09765625  8945.98632812   
0.49700    326172.53125000 167113.73437500 455998.84375000 368.01336670    11778.39062500  8885.21679688   
0.49800    324845.06250000 166399.28125000 454028.68750000 366.90093994    11680.75976562  8826.68457031   
0.49900    323512.00000000 165683.34375000 452054.50000000 365.87841797    11584.86132812  8769.18261719   
0.50000    322213.18750000 164985.68750000 450137.75000000 364.96331787    11491.98828125  8713.86425781   
