# SAXS profile: number of points = 501, q_min = 0, q_max = 0.5, delta_q = 0.001
#    q    intensity 
0.00000    162237824.00000000 101202000.00000000 256271984.00000000 90615.47656250  7668463.00000000 6056521.00000000 
0.00100    162218064.00000000 101189056.00000000 256239360.00000000 90599.25781250  7667282.00000000 6055611.50000000 
0.00200    162156592.00000000 101150736.00000000 256142224.00000000 90550.56250000  7663743.00000000 6052818.50000000 
0.00300    162054176.00000000 101087416.00000000 255979680.00000000 90469.44531250  7657831.50000000 6048162.50000000 
0.00400    161910320.00000000 100998504.00000000 255753168.00000000 90355.84375000  7649539.00000000 6041682.50000000 
0.00500    161723792.00000000 100883992.00000000 255462432.00000000 90210.07812500  7638914.50000000 6033354.00000000 
0.00600    161495984.00000000 100744200.00000000 255104656.00000000 90032.50000000  7625941.50000000 6023146.00000000 
0.00700    161227344.00000000 100580072.00000000 254685184.00000000 89822.78125000  7610645.50000000 6011145.50000000 
0.00800    160918640.00000000 100390272.00000000 254200944.00000000 89581.56250000  7592990.00000000 5997299.50000000 
0.00900    160570240.00000000 100175776.00000000 253654400.00000000 89308.32031250  7573078.50000000 5981654.50000000 
0.01000    160179504.00000000 99936976.00000000 253043952.00000000 89004.39843750  7550883.00000000 5964231.00000000 
0.01100    159750080.00000000 99673616.00000000 252371824.00000000 88669.50781250  7526409.00000000 5945022.00000000 
0.01200    159280512.00000000 99385688.00000000 251636304.00000000 88304.10156250  7499689.50000000 5924048.50000000 
0.01300    158773536.00000000 99073656.00000000 250841136.00000000 87909.50781250  7470760.50000000 5901324.00000000 
0.01400    158226912.00000000 98738240.00000000 249984784.00000000 87483.92187500  7439652.00000000 5876895.50000000 
0.01500    157643440.00000000 98379312.00000000 249067824.00000000 87029.56250000  7406349.50000000 5850761.50000000 
0.01600    157020112.00000000 97996376.00000000 248091728.00000000 86546.22656250  7370918.00000000 5822938.50000000 
0.01700    156359552.00000000 97590528.00000000 247056464.00000000 86034.17968750  7333398.50000000 5793464.50000000 
0.01800    155663632.00000000 97162672.00000000 245963296.00000000 85494.35937500  7293814.00000000 5762379.00000000 
0.01900    154929344.00000000 96711680.00000000 244813360.00000000 84927.68750000  7252179.00000000 5729680.00000000 
0.02000    154159200.00000000 96238968.00000000 243606944.00000000 84334.20312500  7208545.00000000 5695390.00000000 
0.02100    153355248.00000000 95744944.00000000 242346496.00000000 83714.28906250  7162932.00000000 5659586.50000000 
0.02200    152515888.00000000 95229296.00000000 241031456.00000000 83069.19531250  7115398.50000000 5622263.00000000 
0.02300    151642848.00000000 94692496.00000000 239661696.00000000 82398.81250000  7066009.00000000 5583454.50000000 
0.02400    150736576.00000000 94135344.00000000 238240240.00000000 81704.05468750  7014747.00000000 5543211.50000000 
0.02500    149797616.00000000 93558024.00000000 236767712.00000000 80986.21093750  6961713.00000000 5501526.00000000 
0.02600    148825744.00000000 92961472.00000000 235245344.00000000 80244.92187500  6906922.50000000 5458528.50000000 
0.02700    147824464.00000000 92345496.00000000 233672832.00000000 79482.03906250  6850458.50000000 5414132.50000000 
0.02800    146791680.00000000 91710224.00000000 232053824.00000000 78696.96875000  6792307.00000000 5368477.50000000 
0.02900    145729744.00000000 91056928.00000000 230386368.00000000 77892.15625000  6732543.00000000 5321504.50000000 
0.03000    144637632.00000000 90385440.00000000 228674960.00000000 77066.45312500  6671228.50000000 5273339.50000000 
0.03100    143518736.00000000 89696920.00000000 226919808.00000000 76222.46093750  6608430.50000000 5223972.50000000 
0.03200    142372160.00000000 88991528.00000000 225119584.00000000 75359.25781250  6544149.50000000 5173482.50000000 
0.03300    141197952.00000000 88269352.00000000 223278560.00000000 74478.92187500  6478506.50000000 5121855.00000000 
0.03400    139999744.00000000 87531664.00000000 221397536.00000000 73582.04687500  6411492.50000000 5069188.00000000 
0.03500    138775472.00000000 86778824.00000000 219478304.00000000 72669.10937500  6343207.00000000 5015503.00000000 
0.03600    137528144.00000000 86010784.00000000 217519696.00000000 71740.80468750  6273630.00000000 4960843.00000000 
0.03700    136257408.00000000 85227968.00000000 215525760.00000000 70798.57031250  6202932.00000000 4905266.00000000 
0.03800    134963824.00000000 84432200.00000000 213496768.00000000 69843.07031250  6131071.50000000 4848770.50000000 
0.03900    133650504.00000000 83623056.00000000 211434624.00000000 68874.75781250  6058161.50000000 4791445.50000000 
0.04000    132315744.00000000 82800880.00000000 209340128.00000000 67894.50781250  5984249.50000000 4733319.50000000 
0.04100    130961680.00000000 81966912.00000000 207213984.00000000 66903.64062500  5909388.50000000 4674447.50000000 
0.04200    129589688.00000000 81121104.00000000 205059088.00000000 65902.86718750  5833605.50000000 4614845.00000000 
0.04300    128199152.00000000 80264288.00000000 202876576.00000000 64892.82421875  5756988.50000000 4554590.50000000 
0.04400    126792928.00000000 79397440.00000000 200667536.00000000 63874.72265625  5679629.00000000 4493737.50000000 
0.04500    125370552.00000000 78520616.00000000 198434848.00000000 62849.08203125  5601520.50000000 4432278.50000000 
0.04600    123933368.00000000 77634200.00000000 196176256.00000000 61816.88281250  5522749.00000000 4370317.00000000 
0.04700    122482440.00000000 76739096.00000000 193897984.00000000 60779.04687500  5443369.50000000 4307872.50000000 
0.04800    121018064.00000000 75836624.00000000 191597840.00000000 59736.30078125  5363469.00000000 4244973.50000000 
0.04900    119542720.00000000 74925824.00000000 189278848.00000000 58689.26171875  5283045.00000000 4181694.25000000 
0.05000    118055568.00000000 74008344.00000000 186942384.00000000 57639.33593750  5202214.50000000 4118076.00000000 
0.05100    116558832.00000000 73084640.00000000 184591824.00000000 56586.85937500  5120990.00000000 4054159.50000000 
0.05200    115052640.00000000 72154896.00000000 182224288.00000000 55533.05859375  5039450.00000000 3989978.25000000 
0.05300    113537944.00000000 71219696.00000000 179844208.00000000 54478.26953125  4957696.00000000 3925569.50000000 
0.05400    112016584.00000000 70279904.00000000 177452192.00000000 53423.56250000  4875680.50000000 3861012.50000000 
0.05500    110488672.00000000 69335736.00000000 175049328.00000000 52369.67578125  4793537.50000000 3796317.75000000 
0.05600    108954912.00000000 68388016.00000000 172638192.00000000 51317.26953125  4711306.50000000 3731535.25000000 
0.05700    107416752.00000000 67437544.00000000 170219888.00000000 50266.96484375  4628987.50000000 3666730.50000000 
0.05800    105874624.00000000 66484324.00000000 167795488.00000000 49219.92187500  4546722.50000000 3601910.00000000 
0.05900    104330184.00000000 65528808.00000000 165366160.00000000 48176.79687500  4464513.50000000 3537121.50000000 
0.06000    102783456.00000000 64572296.00000000 162932464.00000000 47137.83203125  4382408.00000000 3472426.50000000 
0.06100    101235664.00000000 63614848.00000000 160498208.00000000 46104.00000000  4300482.00000000 3407855.25000000 
0.06200    99687744.00000000 62656756.00000000 158061952.00000000 45076.25000000  4218757.50000000 3343449.50000000 
0.06300    98140440.00000000 61699136.00000000 155627472.00000000 44054.84765625  4137305.75000000 3279231.25000000 
0.06400    96594216.00000000 60741504.00000000 153194160.00000000 43040.34375000  4056122.75000000 3215226.25000000 
0.06500    95050712.00000000 59785544.00000000 150763984.00000000 42033.69531250  3975320.75000000 3151519.00000000 
0.06600    93510208.00000000 58831112.00000000 148338544.00000000 41035.28906250  3894915.25000000 3088121.75000000 
0.06700    91973488.00000000 57878544.00000000 145918208.00000000 40045.54687500  3814968.00000000 3025041.00000000 
0.06800    90441024.00000000 56928712.00000000 143505472.00000000 39065.46484375  3735487.00000000 2962336.25000000 
0.06900    88913920.00000000 55981900.00000000 141100672.00000000 38095.11328125  3656528.00000000 2900054.00000000 
0.07000    87392696.00000000 55038436.00000000 138704272.00000000 37135.41015625  3578147.50000000 2838195.75000000 
0.07100    85878232.00000000 54098860.00000000 136317984.00000000 36186.47265625  3500381.50000000 2776812.75000000 
0.07200    84371464.00000000 53163524.00000000 133944104.00000000 35248.78906250  3423229.25000000 2715912.25000000 
0.07300    82872576.00000000 52233172.00000000 131582216.00000000 34323.38281250  3346768.50000000 2655544.00000000 
0.07400    81382408.00000000 51307828.00000000 129233880.00000000 33409.91015625  3271033.25000000 2595759.50000000 
0.07500    79902040.00000000 50387904.00000000 126899344.00000000 32509.02539062  3196037.25000000 2536525.00000000 
0.07600    78430896.00000000 49473872.00000000 124580776.00000000 31621.13281250  3121824.50000000 2477892.75000000 
0.07700    76970360.00000000 48566600.00000000 122278264.00000000 30746.73046875  3048408.00000000 2419893.50000000 
0.07800    75521800.00000000 47665308.00000000 119992600.00000000 29885.62304688  2975844.00000000 2362557.00000000 
0.07900    74084432.00000000 46771356.00000000 117725248.00000000 29038.75976562  2904135.50000000 2305893.00000000 
0.08000    72659328.00000000 45884804.00000000 115476608.00000000 28206.05078125  2833318.25000000 2249910.75000000 
0.08100    71247112.00000000 45005768.00000000 113248504.00000000 27387.82812500  2763427.75000000 2194654.25000000 
0.08200    69848176.00000000 44134544.00000000 111040296.00000000 26584.40625000  2694456.75000000 2140132.25000000 
0.08300    68462832.00000000 43271944.00000000 108854280.00000000 25795.78710938  2626461.75000000 2086358.87500000 
0.08400    67091660.00000000 42417396.00000000 106689240.00000000 25022.32421875  2559460.00000000 2033348.25000000 
0.08500    65735384.00000000 41571868.00000000 104547232.00000000 24264.15429688  2493449.00000000 1981128.87500000 
0.08600    64393884.00000000 40735256.00000000 102428016.00000000 23521.30468750  2428459.00000000 1929698.62500000 
0.08700    63067840.00000000 39908304.00000000 100334008.00000000 22794.10742188  2364502.50000000 1879074.62500000 
0.08800    61757404.00000000 39090584.00000000 98262968.00000000 22082.50585938  2301590.00000000 1829280.62500000 
0.08900    60463124.00000000 38282784.00000000 96218200.00000000 21386.58789062  2239751.50000000 1780310.37500000 
0.09000    59185444.00000000 37484716.00000000 94198832.00000000 20706.60937500  2178989.50000000 1732189.12500000 
0.09100    57924328.00000000 36696824.00000000 92205104.00000000 20042.20703125  2119298.75000000 1684909.50000000 
0.09200    56680296.00000000 35919272.00000000 90237984.00000000 19393.72460938  2060709.25000000 1638485.75000000 
0.09300    55453596.00000000 35152468.00000000 88298048.00000000 18761.14648438  2003226.00000000 1592941.50000000 
0.09400    54244100.00000000 34395972.00000000 86384856.00000000 18144.20703125  1946835.87500000 1548247.75000000 
0.09500    53052476.00000000 33650368.00000000 84499136.00000000 17543.18554688  1891574.50000000 1504434.62500000 
0.09600    51878792.00000000 32915702.00000000 82641928.00000000 16957.77539062  1837418.00000000 1461494.75000000 
0.09700    50723068.00000000 32192000.00000000 80812672.00000000 16388.11132812  1784403.25000000 1419446.75000000 
0.09800    49585824.00000000 31479450.00000000 79012424.00000000 15833.97656250  1732498.00000000 1378279.50000000 
0.09900    48466696.00000000 30778030.00000000 77240680.00000000 15295.21093750  1681717.25000000 1337987.87500000 
0.10000    47366332.00000000 30088108.00000000 75497608.00000000 14771.90234375  1632059.37500000 1298574.87500000 
0.10100    46284292.00000000 29409370.00000000 73783424.00000000 14263.71582031  1583517.12500000 1260048.62500000 
0.10200    45220972.00000000 28742138.00000000 72099152.00000000 13770.57031250  1536094.37500000 1222393.87500000 
0.10300    44176512.00000000 28086372.00000000 70443736.00000000 13292.16113281  1489783.12500000 1185619.25000000 
0.10400    43150672.00000000 27442178.00000000 68817936.00000000 12828.62304688  1444579.87500000 1149712.87500000 
0.10500    42143648.00000000 26809636.00000000 67221752.00000000 12379.62304688  1400490.87500000 1114683.25000000 
0.10600    41155596.00000000 26188300.00000000 65654192.00000000 11944.80957031  1357478.12500000 1080504.62500000 
0.10700    40186236.00000000 25578764.00000000 64117132.00000000 11524.19628906  1315564.50000000 1047181.87500000 
0.10800    39235688.00000000 24980744.00000000 62608676.00000000 11117.39355469  1274724.50000000 1014716.25000000 
0.10900    38303584.00000000 24394180.00000000 61130200.00000000 10724.29687500  1234941.12500000 983087.25000000 
0.11000    37390608.00000000 23819276.00000000 59681104.00000000 10344.57617188  1196232.37500000 952297.06250000 
0.11100    36496068.00000000 23255674.00000000 58260800.00000000 9977.98339844   1158563.12500000 922327.43750000 
0.11200    35619940.00000000 22703678.00000000 56870164.00000000 9624.39160156   1121924.37500000 893173.87500000 
0.11300    34762508.00000000 22163054.00000000 55508200.00000000 9283.37207031   1086313.37500000 864828.18750000 
0.11400    33923316.00000000 21633674.00000000 54175056.00000000 8954.80175781   1051709.62500000 837280.62500000 
0.11500    33102480.00000000 21115560.00000000 52870476.00000000 8638.33691406   1018098.25000000 810514.81250000 
0.11600    32299296.00000000 20608632.00000000 51594536.00000000 8333.66210938   985470.25000000 784526.81250000 
0.11700    31514398.00000000 20112870.00000000 50346792.00000000 8040.57519531   953802.12500000 759302.18750000 
0.11800    30747020.00000000 19628002.00000000 49126852.00000000 7758.74169922   923086.43750000 734818.18750000 
0.11900    29997352.00000000 19154078.00000000 47934664.00000000 7487.80957031   893297.37500000 711078.75000000 
0.12000    29265042.00000000 18690988.00000000 46769720.00000000 7227.55126953   864430.18750000 688059.81250000 
0.12100    28549918.00000000 18238606.00000000 45632392.00000000 6977.72900391   836463.93750000 665759.93750000 
0.12200    27851864.00000000 17796888.00000000 44521736.00000000 6738.02099609   809375.62500000 644157.06250000 
0.12300    27170754.00000000 17365510.00000000 43437704.00000000 6508.08300781   783147.06250000 623235.37500000 
0.12400    26506192.00000000 16944534.00000000 42379768.00000000 6287.61962891   757771.37500000 602987.50000000 
0.12500    25857956.00000000 16533708.00000000 41347532.00000000 6076.32617188   733218.37500000 583390.87500000 
0.12600    25225954.00000000 16133113.00000000 40341096.00000000 5874.00585938   709486.25000000 564449.31250000 
0.12700    24609954.00000000 15742433.00000000 39359748.00000000 5680.23583984   686539.18750000 546126.43750000 
0.12800    24009530.00000000 15361330.00000000 38403144.00000000 5494.82324219   664364.50000000 528420.12500000 
0.12900    23424628.00000000 14990082.00000000 37470928.00000000 5317.45605469   642938.25000000 511311.25000000 
0.13000    22854772.00000000 14628262.00000000 36562772.00000000 5147.74755859   622254.81250000 494788.43750000 
0.13100    22299884.00000000 14275773.00000000 35678152.00000000 4985.54394531   602286.31250000 478833.96875000 
0.13200    21759544.00000000 13932458.00000000 34816728.00000000 4830.48779297   583011.18750000 463431.68750000 
0.13300    21233842.00000000 13598222.00000000 33978180.00000000 4682.36035156   564424.50000000 448570.53125000 
0.13400    20722106.00000000 13272807.00000000 33162050.00000000 4540.81738281   546489.06250000 434233.75000000 
0.13500    20224196.00000000 12956093.00000000 32367822.00000000 4405.60742188   529193.87500000 420405.68750000 
0.13600    19739932.00000000 12647952.00000000 31595162.00000000 4276.50341797   512522.96875000 407075.96875000 
0.13700    19269062.00000000 12348116.00000000 30843638.00000000 4153.22851562   496450.12500000 394223.40625000 
0.13800    18810980.00000000 12056455.00000000 30112676.00000000 4035.51586914   480965.15625000 381838.37500000 
0.13900    18365902.00000000 11772974.00000000 29402006.00000000 3923.11523438   466047.53125000 369905.00000000 
0.14000    17933078.00000000 11497195.00000000 28711152.00000000 3815.82397461   451677.68750000 358409.65625000 
0.14100    17512592.00000000 11229208.00000000 28039688.00000000 3713.36059570   437838.93750000 347336.28125000 
0.14200    17104006.00000000 10968709.00000000 27386972.00000000 3615.50024414   424509.65625000 336669.75000000 
0.14300    16706960.00000000 10715508.00000000 26753048.00000000 3522.04687500   411679.12500000 326401.56250000 
0.14400    16321278.00000000 10469505.00000000 26136874.00000000 3432.70703125   399320.93750000 316512.00000000 
0.14500    15946708.00000000 10230611.00000000 25538554.00000000 3347.34863281   387425.00000000 306992.84375000 
0.14600    15582990.00000000 9998511.00000000 24957332.00000000 3265.76171875   375976.87500000 297831.06250000 
0.14700    15229759.00000000 9773109.00000000 24392982.00000000 3187.73242188   364955.28125000 289006.53125000 
0.14800    14886725.00000000 9554153.00000000 23844838.00000000 3113.05175781   354342.50000000 280513.40625000 
0.14900    14553686.00000000 9341517.00000000 23312640.00000000 3041.51123047   344123.18750000 272335.34375000 
0.15000    14230324.00000000 9135061.00000000 22795830.00000000 2973.00854492   334287.62500000 264461.50000000 
0.15100    13916449.00000000 8934625.00000000 22294228.00000000 2907.32348633   324814.09375000 256881.60937500 
0.15200    13611786.00000000 8740105.00000000 21807122.00000000 2844.34448242   315695.62500000 249584.85937500 
0.15300    13316171.00000000 8551239.00000000 21334428.00000000 2783.83203125   306912.31250000 242555.12500000 
0.15400    13028952.00000000 8367831.50000000 20875470.00000000 2725.66650391   298447.90625000 235781.39062500 
0.15500    12750293.00000000 8189823.50000000 20429960.00000000 2669.72167969   290292.50000000 229258.09375000 
0.15600    12479756.00000000 8016982.00000000 19997498.00000000 2615.86962891   282429.78125000 222970.59375000 
0.15700    12217266.00000000 7849292.00000000 19577810.00000000 2563.97924805   274856.93750000 216909.92187500 
0.15800    11962201.00000000 7686446.50000000 19170120.00000000 2513.86840820   267548.18750000 211066.43750000 
0.15900    11714738.00000000 7528384.50000000 18774592.00000000 2465.49829102   260498.31250000 205428.37500000 
0.16000    11474394.00000000 7374924.00000000 18390478.00000000 2418.70068359   253693.42187500 199988.53125000 
0.16100    11241162.00000000 7225957.00000000 18017638.00000000 2373.45141602   247127.04687500 194738.67187500 
0.16200    11014612.00000000 7081273.50000000 17655464.00000000 2329.56225586   240781.45312500 189670.21875000 
0.16300    10794643.00000000 6940825.50000000 17303858.00000000 2286.97119141   234650.51562500 184770.64062500 
0.16400    10580956.00000000 6804448.00000000 16962372.00000000 2245.63305664   228724.78125000 180036.34375000 
0.16500    10373399.00000000 6671986.50000000 16630636.00000000 2205.42578125   222990.78125000 175456.17187500 
0.16600    10171718.00000000 6543331.50000000 16308530.00000000 2166.29663086   217442.23437500 171026.43750000 
0.16700    9975733.00000000 6418284.50000000 15995384.00000000 2128.13232422   212068.50000000 166735.40625000 
0.16800    9785267.00000000 6296797.50000000 15691071.00000000 2090.88525391   206858.26562500 162579.67187500 
0.16900    9600253.00000000 6178800.00000000 15395501.00000000 2054.57348633   201811.64062500 158552.20312500 
0.17000    9420252.00000000 6064087.00000000 15108021.00000000 2019.03283691   196913.45312500 154645.46875000 
0.17100    9245256.00000000 5952571.50000000 14828500.00000000 1984.27441406   192158.43750000 150852.67187500 
0.17200    9075010.00000000 5844100.00000000 14556743.00000000 1950.23974609   187540.85937500 147170.92187500 
0.17300    8909367.00000000 5738619.50000000 14292362.00000000 1916.89013672   183050.98437500 143592.46875000 
0.17400    8748208.00000000 5636035.00000000 14035154.00000000 1884.20715332   178687.85937500 140114.18750000 
0.17500    8591374.00000000 5536189.00000000 13784819.00000000 1852.12097168   174439.09375000 136729.04687500 
0.17600    8438604.00000000 5438997.50000000 13540970.00000000 1820.60583496   170300.01562500 133431.01562500 
0.17700    8289863.00000000 5344428.50000000 13303750.00000000 1789.66381836   166268.60937500 130220.05468750 
0.17800    8144912.00000000 5252257.00000000 13072506.00000000 1759.25842285   162335.57812500 127088.18750000 
0.17900    8003731.50000000 5162531.50000000 12847292.00000000 1729.36328125   158500.15625000 124033.03125000 
0.18000    7866085.50000000 5075063.50000000 12627807.00000000 1699.97546387   154754.95312500 121050.66406250 
0.18100    7731953.50000000 4989855.50000000 12413998.00000000 1671.09448242   151099.54687500 118140.74218750 
0.18200    7600951.00000000 4906745.00000000 12205153.00000000 1642.63708496   147521.17187500 115291.86718750 
0.18300    7473201.50000000 4825689.00000000 12001561.00000000 1614.67822266   144024.65625000 112508.01562500 
0.18400    7348478.00000000 4746583.50000000 11802891.00000000 1587.16052246   140601.95312500 109783.76562500 
0.18500    7226788.50000000 4669421.00000000 11608986.00000000 1560.10778809   137252.65625000 107117.72656250 
0.18600    7107905.00000000 4594061.00000000 11419583.00000000 1533.47985840   133971.17187500 104506.09375000 
0.18700    6991744.50000000 4520468.50000000 11234613.00000000 1507.31933594   130754.78906250 101945.78906250 
0.18800    6878166.00000000 4448525.50000000 11053760.00000000 1481.58496094   127602.38281250 99435.39843750  
0.18900    6767249.50000000 4378288.00000000 10877154.00000000 1456.32678223   124512.39843750 96974.85156250  
0.19000    6658615.00000000 4309500.50000000 10704144.00000000 1431.47827148   121476.25781250 94557.55468750  
0.19100    6552507.00000000 4242343.00000000 10535293.00000000 1407.11938477   118503.39062500 92190.71875000  
0.19200    6448522.50000000 4176546.75000000 10369776.00000000 1383.17114258   115579.10156250 89861.21093750  
0.19300    6346848.50000000 4112247.25000000 10208007.00000000 1359.71875000   112712.21093750 87576.66406250  
0.19400    6247169.50000000 4049195.75000000 10049386.00000000 1336.70239258   109892.80468750 85330.31250000  
0.19500    6149569.00000000 3987483.50000000 9894028.00000000 1314.16638184   107124.81250000 83123.50000000  
0.19600    6053949.00000000 3927003.00000000 9741907.00000000 1292.10192871   104404.46875000 80953.91406250  
0.19700    5960183.00000000 3867746.50000000 9592746.00000000 1270.51416016   101731.91406250 78823.03906250  
0.19800    5868209.50000000 3809602.25000000 9446416.00000000 1249.39807129   99104.11718750  76725.41406250  
0.19900    5778066.00000000 3752642.50000000 9302988.00000000 1228.79748535   96523.43750000  74666.35156250  
0.20000    5689576.00000000 3696682.50000000 9162204.00000000 1208.66296387   93984.64843750  72638.57812500  
0.20100    5602726.00000000 3641825.00000000 9024011.00000000 1189.04443359   91490.59375000  70646.66406250  
0.20200    5517480.50000000 3587906.75000000 8888354.00000000 1169.91992188   89037.82812500  68687.05468750  
0.20300    5433798.00000000 3535000.00000000 8755213.00000000 1151.31774902   86629.00781250  66760.50000000  
0.20400    5351553.00000000 3482995.75000000 8624301.00000000 1133.22192383   84261.64062500  64866.46484375  
0.20500    5270756.50000000 3431907.00000000 8495768.00000000 1115.65319824   81933.67968750  63004.36328125  
0.20600    5191313.50000000 3381670.50000000 8369290.50000000 1098.57666016   79645.85937500  61172.49609375  
0.20700    5113227.50000000 3332286.75000000 8245070.50000000 1082.04541016   77399.78906250  59373.01562500  
0.20800    5036446.00000000 3283667.75000000 8122762.50000000 1066.02062988   75190.49218750  57603.51953125  
0.20900    4961053.00000000 3235961.75000000 8002699.50000000 1050.57312012   73026.39843750  55867.58984375  
0.21000    4886738.50000000 3188889.50000000 7884401.00000000 1035.60668945   70896.57812500  54159.11718750  
0.21100    4813697.00000000 3142611.75000000 7768022.00000000 1021.18341064   68807.16406250  52482.17578125  
0.21200    4741714.00000000 3097024.00000000 7653380.50000000 1007.27941895   66756.51562500  50835.00000000  
0.21300    4670914.00000000 3052125.25000000 7540486.00000000 993.90502930    64743.67187500  49217.35546875  
0.21400    4601208.50000000 3007904.25000000 7429434.50000000 981.05999756    62769.39843750  47630.61718750  
0.21500    4532620.00000000 2964378.50000000 7320078.50000000 968.74682617    60836.09375000  46074.46875000  
0.21600    4464982.00000000 2921420.50000000 7212214.50000000 956.93487549    58937.30468750  44546.03125000  
0.21700    4398402.00000000 2879132.25000000 7105985.00000000 945.64105225    57077.99609375  43048.77734375  
0.21800    4332801.00000000 2837386.00000000 7001283.50000000 934.85656738    55255.82421875  41580.96093750  
0.21900    4268116.50000000 2796245.25000000 6898036.50000000 924.56787109    53469.93750000  40140.81640625  
0.22000    4204375.00000000 2755647.50000000 6796179.50000000 914.76733398    51722.08984375  38731.36718750  
0.22100    4141608.50000000 2715661.75000000 6695935.50000000 905.48309326    50013.62500000  37351.68359375  
0.22200    4079702.50000000 2676184.75000000 6597012.50000000 896.68298340    48340.85156250  36001.21875000  
0.22300    4018661.75000000 2637207.50000000 6499387.50000000 888.33496094    46704.77343750  34678.89843750  
0.22400    3958427.25000000 2598746.00000000 6403066.00000000 880.44702148    45104.59375000  33385.27343750  
0.22500    3899107.00000000 2560836.75000000 6308181.50000000 873.05548096    43543.83593750  32122.56640625  
0.22600    3840539.00000000 2523354.75000000 6214394.00000000 866.07293701    42016.49218750  30886.43554688  
0.22700    3782813.75000000 2486406.75000000 6122000.50000000 859.55297852    40527.97265625  29680.75000000  
0.22800    3725836.50000000 2449884.25000000 6030722.00000000 853.45043945    39072.98828125  28503.14648438  
0.22900    3669626.25000000 2413818.00000000 5940585.50000000 847.75225830    37654.32812500  27352.26953125  
0.23000    3614180.25000000 2378224.00000000 5851686.00000000 842.46759033    36271.96093750  26231.54492188  
0.23100    3559477.00000000 2343065.50000000 5763980.50000000 837.57452393    34924.46484375  25138.21289062  
0.23200    3505454.75000000 2308324.00000000 5677260.00000000 833.05535889    33610.97656250  24072.17773438  
0.23300    3452206.75000000 2274014.00000000 5591702.00000000 828.91101074    32332.64257812  23034.19140625  
0.23400    3399615.50000000 2240121.75000000 5507214.50000000 825.12231445    31089.75976562  22024.13671875  
0.23500    3347646.00000000 2206587.00000000 5423713.00000000 821.65509033    29877.51953125  21039.47460938  
0.23600    3296418.00000000 2173500.50000000 5341323.50000000 818.53216553    28701.39648438  20082.62695312  
0.23700    3245832.25000000 2140797.25000000 5259918.00000000 815.72381592    27557.31250000  19152.59179688  
0.23800    3195902.50000000 2108477.25000000 5179551.50000000 813.22540283    26447.42773438  18249.33593750  
0.23900    3146572.50000000 2076527.50000000 5100117.00000000 810.99914551    25367.48437500  17371.31054688  
0.24000    3097871.25000000 2044929.62500000 5021642.00000000 809.06231689    24320.45312500  16518.91015625  
0.24100    3049840.75000000 2013750.25000000 4944239.00000000 807.40106201    23306.97851562  15693.56250000  
0.24200    3002391.75000000 1982913.50000000 4867705.50000000 805.98083496    22323.75195312  14892.77148438  
0.24300    2955516.25000000 1952417.37500000 4792093.50000000 804.79956055    21370.62304688  14116.44824219  
0.24400    2909258.75000000 1922280.12500000 4717326.50000000 803.84112549    20447.85937500  13365.14453125  
0.24500    2863548.25000000 1892487.25000000 4643538.00000000 803.09033203    19554.41015625  12637.09570312  
0.24600    2818407.75000000 1863026.25000000 4570643.50000000 802.55151367    18691.38671875  11933.74707031  
0.24700    2773870.25000000 1833930.12500000 4498575.50000000 802.20141602    17856.72070312  11253.96972656  
0.24800    2729849.50000000 1805141.00000000 4427362.00000000 802.03295898    17050.66015625  10597.25488281  
0.24900    2686350.50000000 1776675.50000000 4357002.50000000 802.01635742    16272.12109375  9963.03125000   
0.25000    2643429.00000000 1748550.50000000 4287478.50000000 802.16424561    15521.65527344  9351.38769531   
0.25100    2601010.50000000 1720718.87500000 4218747.50000000 802.43847656    14797.02050781  8760.99316406   
0.25200    2559168.75000000 1693240.37500000 4150915.75000000 802.87054443    14101.19726562  8194.32031250   
0.25300    2517813.00000000 1666054.12500000 4083863.75000000 803.41687012    13429.84375000  7647.62255859   
0.25400    2476983.00000000 1639193.12500000 4017621.50000000 804.07788086    12784.42968750  7122.43945312   
0.25500    2436624.25000000 1612607.37500000 3952094.75000000 804.83813477    12163.56152344  6616.93847656   
0.25600    2396779.50000000 1586345.25000000 3887430.25000000 805.69036865    11567.83300781  6132.42871094   
0.25700    2357412.50000000 1560376.12500000 3823489.25000000 806.62292480    10995.96289062  5666.83789062   
0.25800    2318566.50000000 1534714.25000000 3760333.25000000 807.65478516    10448.05859375  5221.30371094   
0.25900    2280185.75000000 1509337.12500000 3697930.50000000 808.73620605    9923.13183594   4795.11328125   
0.26000    2242295.50000000 1484255.50000000 3636288.00000000 809.88623047    9421.10058594   4387.76953125   
0.26100    2204836.00000000 1459441.12500000 3575311.75000000 811.08123779    8940.44433594   3997.37329102   
0.26200    2167909.25000000 1434961.87500000 3515192.50000000 812.34533691    8483.34179688   3626.56713867   
0.26300    2131362.00000000 1410715.25000000 3455681.50000000 813.61877441    8045.26708984   3271.75878906   
0.26400    2095325.12500000 1386783.62500000 3396941.75000000 814.94128418    7629.49414062   2934.62695312   
0.26500    2059745.50000000 1363112.75000000 3338931.25000000 816.29821777    7234.00000000   2614.92822266   
0.26600    2024601.00000000 1339727.12500000 3281608.75000000 817.66632080    6858.35888672   2311.03320312   
0.26700    1989923.50000000 1316625.12500000 3224992.25000000 819.06579590    6502.57666016   2023.66369629   
0.26800    1955685.87500000 1293811.75000000 3169134.50000000 820.47961426    6166.61914062   1752.87500000   
0.26900    1921861.62500000 1271231.87500000 3113887.25000000 821.88977051    5847.92480469   1495.96325684   
0.27000    1888511.25000000 1248967.00000000 3059392.50000000 823.31280518    5549.02832031   1255.36303711   
0.27100    1855567.00000000 1226949.25000000 3005564.25000000 824.73663330    5267.00097656   1028.75183105   
0.27200    1823124.62500000 1205232.87500000 2952493.75000000 826.17492676    5004.90771484   818.40515137    
0.27300    1791044.25000000 1183759.37500000 2900010.75000000 827.58721924    4758.06640625   620.69708252    
0.27400    1759343.50000000 1162517.37500000 2848133.50000000 828.97564697    4526.35888672   435.40011597    
0.27500    1728175.87500000 1141609.12500000 2797099.75000000 830.38360596    4314.75195312   266.04351807    
0.27600    1697340.37500000 1120903.87500000 2746604.50000000 831.75311279    4115.84667969   108.09484863    
0.27700    1666977.37500000 1100505.50000000 2696840.75000000 833.12896729    3935.37231445   -35.52817917    
0.27800    1637006.62500000 1080347.62500000 2647736.50000000 834.47851562    3768.95898438   -167.12428284   
0.27900    1607482.00000000 1060471.25000000 2599274.25000000 835.81188965    3618.34594727   -286.26333618   
0.28000    1578336.00000000 1040839.00000000 2551484.00000000 837.11804199    3481.96752930   -393.15225220   
0.28100    1549618.62500000 1021485.18750000 2504359.25000000 838.40576172    3360.22656250   -488.60641479   
0.28200    1521330.75000000 1002386.00000000 2457886.75000000 839.67742920    3253.34252930   -571.91540527   
0.28300    1493451.12500000 983547.37500000 2412074.00000000 840.91485596    3159.76831055   -644.18176270   
0.28400    1465954.12500000 964958.56250000 2366889.00000000 842.12524414    3079.29223633   -705.94793701   
0.28500    1438896.50000000 946647.25000000 2322405.25000000 843.31854248    3012.90332031   -756.24670410   
0.28600    1412220.00000000 928579.37500000 2278491.50000000 844.46630859    2958.38793945   -796.66070557   
0.28700    1385953.00000000 910771.81250000 2235268.25000000 845.59979248    2917.27172852   -826.65704346   
0.28800    1360080.25000000 893217.25000000 2192671.00000000 846.69732666    2888.23120117   -846.84606934   
0.28900    1334649.75000000 875941.62500000 2150778.00000000 847.76983643    2871.47265625   -856.54644775   
0.29000    1309569.25000000 858900.81250000 2109449.50000000 848.80603027    2866.16333008   -857.54559326   
0.29100    1284944.00000000 842135.75000000 2068838.50000000 849.82012939    2872.89721680   -848.31359863   
0.29200    1260685.50000000 825612.62500000 2028832.50000000 850.79608154    2890.69921875   -830.64898682   
0.29300    1236856.62500000 809365.81250000 1989499.12500000 851.75036621    2919.96362305   -803.44580078   
0.29400    1213368.62500000 793336.81250000 1950721.00000000 852.65026855    2958.24438477   -769.19354248   
0.29500    1190350.75000000 777603.25000000 1912662.25000000 853.53210449    3009.04101562   -724.73803711   
0.29600    1167673.00000000 762101.75000000 1875204.25000000 854.37268066    3068.25073242   -673.35076904   
0.29700    1145394.37500000 746850.12500000 1838340.25000000 855.17047119    3137.44189453   -614.08123779   
0.29800    1123539.62500000 731863.25000000 1802163.50000000 855.94531250    3216.89086914   -546.53009033   
0.29900    1102076.50000000 717134.12500000 1766617.62500000 856.67742920    3306.17358398   -471.30136108   
0.30000    1080970.12500000 702641.37500000 1731658.50000000 857.36267090    3403.18261719   -389.58773804   
0.30100    1060295.25000000 688420.06250000 1697375.00000000 858.01916504    3510.00048828   -300.03793335   
0.30200    1039965.43750000 674425.87500000 1663657.00000000 858.62066650    3624.44897461   -204.67631531   
0.30300    1020049.93750000 660702.43750000 1630612.00000000 859.19409180    3747.84375000   -101.93376923   
0.30400    1000526.75000000 647231.68750000 1598184.87500000 859.72375488    3879.27587891   7.44705629      
0.30500    981355.50000000 633986.56250000 1566337.75000000 860.20190430    4017.23828125   121.95222473    
0.30600    962577.75000000 620993.81250000 1535095.25000000 860.63281250    4162.85498047   242.60833740    
0.30700    944199.06250000 608270.75000000 1504533.25000000 861.02813721    4316.63867188   369.94219971    
0.30800    926173.68750000 595764.68750000 1474505.87500000 861.36578369    4476.09912109   501.69860840    
0.30900    908546.50000000 583526.00000000 1445134.50000000 861.66430664    4642.85644531   639.36682129    
0.31000    891281.93750000 571522.31250000 1416355.37500000 861.90509033    4815.58837891   781.68743896    
0.31100    874388.81250000 559756.37500000 1388160.75000000 862.09454346    4994.33837891   928.92004395    
0.31200    857856.68750000 548237.93750000 1360561.75000000 862.22534180    5178.45654297   1080.87841797   
0.31300    841698.87500000 536952.93750000 1333551.00000000 862.30926514    5368.09082031   1237.25988770   
0.31400    825926.00000000 525922.43750000 1307185.75000000 862.33020020    5563.13867188   1397.82287598   
0.31500    810489.31250000 515116.21875000 1281336.50000000 862.28881836    5762.52343750   1561.93005371   
0.31600    795415.25000000 504547.34375000 1256095.12500000 862.20007324    5966.73486328   1730.31713867   
0.31700    780700.81250000 494217.37500000 1231434.00000000 862.04302979    6175.66894531   1902.32543945   
0.31800    766321.31250000 484106.65625000 1207317.37500000 861.81176758    6387.00537109   2076.29882812   
0.31900    752333.75000000 474243.81250000 1183819.12500000 861.53649902    6604.23144531   2255.11840820   
0.32000    738664.93750000 464608.78125000 1160857.50000000 861.18603516    6823.48779297   2435.88256836   
0.32100    725326.31250000 455188.56250000 1138431.00000000 860.76007080    7046.00683594   2619.40917969   
0.32200    712368.68750000 446015.68750000 1116609.62500000 860.27679443    7271.77539062   2805.75878906   
0.32300    699694.43750000 437026.09375000 1095268.37500000 859.71276855    7499.30126953   2993.46533203   
0.32400    687369.75000000 428278.00000000 1074483.25000000 859.07757568    7729.08105469   3183.45117188   
0.32500    675356.62500000 419742.65625000 1054233.62500000 858.36395264    7960.75878906   3374.97045898   
0.32600    663680.37500000 411429.43750000 1034500.75000000 857.57745361    8194.41308594   3568.18457031   
0.32700    652326.81250000 403323.50000000 1015310.12500000 856.71960449    8429.30273438   3762.95849609   
0.32800    641312.00000000 395449.84375000 996653.43750000 855.78948975    8665.98144531   3959.34472656   
0.32900    630566.18750000 387758.68750000 978462.18750000 854.77185059    8902.48730469   4155.79052734   
0.33000    620157.43750000 380288.12500000 960804.12500000 853.68218994    9140.44238281   4353.39062500   
0.33100    609997.93750000 372992.84375000 943568.93750000 852.49639893    9377.18847656   4550.69677734   
0.33200    600205.87500000 365944.43750000 926932.37500000 851.24957275    9616.12792969   4749.93212891   
0.33300    590659.31250000 359061.84375000 910703.68750000 849.90722656    9853.26171875   4948.24609375   
0.33400    581422.12500000 352392.68750000 894980.62500000 848.49365234    10090.87109375  5147.08642578   
0.33500    572450.18750000 345899.68750000 879698.87500000 846.99328613    10327.31347656  5345.03955078   
0.33600    563749.25000000 339596.12500000 864876.56250000 845.40289307    10562.35058594  5542.53271484   
0.33700    555327.62500000 333482.37500000 850498.12500000 843.73107910    10796.60449219  5739.73779297   
0.33800    547189.25000000 327561.00000000 836585.81250000 841.97827148    11029.75195312  5936.40478516   
0.33900    539277.12500000 321795.93750000 823053.87500000 840.14495850    11260.57226562  6131.42382812   
0.34000    531631.81250000 316219.62500000 809967.31250000 838.22277832    11489.58691406  6325.34472656   
0.34100    524235.09375000 310815.12500000 797292.12500000 836.21875000    11716.47070312  6518.06542969   
0.34200    517115.93750000 305599.28125000 785087.93750000 834.14587402    11942.28125000  6710.38916016   
0.34300    510199.09375000 300526.21875000 773217.81250000 831.96990967    12164.18750000  6899.91796875   
0.34400    503553.03125000 295639.21875000 761798.12500000 829.73321533    12384.65820312  7088.53027344   
0.34500    497113.00000000 290902.68750000 750719.43750000 827.41046143    12601.65234375  7274.71337891   
0.34600    490927.06250000 286339.93750000 740078.81250000 825.01501465    12816.68945312  7460.01367188   
0.34700    484915.09375000 281906.12500000 729724.81250000 822.53295898    13027.27734375  7641.82128906   
0.34800    479144.28125000 277636.31250000 719761.62500000 819.97698975    13234.55371094  7821.89794922   
0.34900    473580.46875000 273518.37500000 710164.93750000 817.34881592    13439.50585938  7999.97412109   
0.35000    468210.12500000 269536.40625000 700889.93750000 814.64160156    13639.73339844  8174.83300781   
0.35100    463076.31250000 265718.46875000 692010.93750000 811.87048340    13837.64746094  8348.38964844   
0.35200    458078.81250000 262006.51562500 683368.25000000 809.01995850    14030.29687500  8517.91406250   
0.35300    453287.71875000 258437.56250000 675078.43750000 806.10650635    14219.31152344  8684.82910156   
0.35400    448695.09375000 255014.04687500 667128.93750000 803.13140869    14404.76171875  8849.54785156   
0.35500    444267.87500000 251714.42187500 659456.18750000 800.08435059    14585.78613281  9010.77832031   
0.35600    439998.59375000 248528.29687500 652048.18750000 796.97845459    14762.27246094  9169.05175781   
0.35700    435906.93750000 245467.40625000 644954.81250000 793.80914307    14934.76269531  9324.23632812   
0.35800    431984.43750000 242535.81250000 638142.75000000 790.58624268    15103.09179688  9476.59375000   
0.35900    428220.46875000 239717.21875000 631604.50000000 787.30798340    15266.84863281  9625.52148438   
0.36000    424618.90625000 237017.95312500 625350.18750000 783.98413086    15426.66894531  9771.73242188   
0.36100    421141.93750000 234415.56250000 619303.43750000 780.59344482    15581.22070312  9913.87597656   
0.36200    417852.06250000 231947.84375000 613592.62500000 777.18139648    15732.89062500  10054.08105469  
0.36300    414654.40625000 229551.29687500 608023.37500000 773.69659424    15877.97656250  10189.29687500  
0.36400    411588.53125000 227255.84375000 602702.12500000 770.16912842    16018.79296875  10321.38671875  
0.36500    408650.15625000 225060.17187500 597608.81250000 766.60510254    16154.90332031  10449.93554688  
0.36600    405873.68750000 222977.46875000 592773.87500000 763.02215576    16287.69140625  10576.01562500  
0.36700    403171.43750000 220960.45312500 588090.06250000 759.37799072    16414.36132812  10697.39355469  
0.36800    400646.28125000 219069.21875000 583699.18750000 755.71942139    16537.97265625  10816.86132812  
0.36900    398216.28125000 217252.39062500 579481.18750000 752.02856445    16657.12695312  10932.43359375  
0.37000    395848.09375000 215490.09375000 575377.00000000 748.28863525    16769.63085938  11043.18554688  
0.37100    393597.40625000 213816.98437500 571487.62500000 744.53558350    16878.26367188  11151.00488281  
0.37200    391480.53125000 212243.23437500 567819.12500000 740.76916504    16983.41992188  11256.12304688  
0.37300    389431.75000000 210727.20312500 564279.12500000 736.96801758    17082.97070312  11357.00585938  
0.37400    387496.18750000 209298.23437500 560938.18750000 733.15765381    17179.51562500  11455.18945312  
0.37500    385650.56250000 207935.95312500 557757.68750000 729.33032227    17271.38085938  11549.94921875  
0.37600    383890.21875000 206642.04687500 554731.25000000 725.48730469    17358.33203125  11640.83496094  
0.37700    382197.40625000 205402.26562500 551813.12500000 721.62390137    17440.76757812  11728.16210938  
0.37800    380594.84375000 204236.04687500 549071.56250000 717.76245117    17519.34960938  11812.54199219  
0.37900    379087.96875000 203143.51562500 546496.50000000 713.88867188    17594.60937500  11894.11425781  
0.38000    377633.53125000 202092.25000000 544009.68750000 710.00976562    17664.69726562  11971.72656250  
0.38100    376241.46875000 201089.21875000 541635.25000000 706.12054443    17730.81250000  12045.72167969  
0.38200    374930.37500000 200158.54687500 539422.75000000 702.22937012    17793.37109375  12117.15429688  
0.38300    373663.18750000 199260.40625000 537279.62500000 698.33630371    17851.24023438  12184.75488281  
0.38400    372493.18750000 198435.67187500 535311.75000000 694.45404053    17906.27343750  12249.93945312  
0.38500    371348.59375000 197636.70312500 533387.12500000 690.55346680    17956.83007812  12311.35839844  
0.38600    370301.03125000 196906.07812500 531631.75000000 686.67486572    18004.66015625  12370.51953125  
0.38700    369261.09375000 196195.90625000 529908.43750000 682.78381348    18047.36132812  12425.42480469  
0.38800    368286.84375000 195535.73437500 528299.12500000 678.90466309    18087.18750000  12477.93945312  
0.38900    367359.06250000 194906.64062500 526766.93750000 675.02667236    18123.02539062  12527.12500000  
0.39000    366506.03125000 194342.46875000 525372.18750000 671.16455078    18156.80273438  12574.18261719  
0.39100    365674.09375000 193793.04687500 524014.62500000 667.30487061    18186.21093750  12617.84179688  
0.39200    364900.25000000 193290.82812500 522759.56250000 663.45178223    18212.73828125  12658.86425781  
0.39300    364147.96875000 192809.79687500 521558.28125000 659.60833740    18235.51562500  12696.64843750  
0.39400    363474.37500000 192384.65625000 520478.68750000 655.78131104    18256.31835938  12732.65527344  
0.39500    362797.40625000 191962.39062500 519398.53125000 651.94744873    18272.49023438  12764.73242188  
0.39600    362161.09375000 191573.45312500 518399.18750000 648.12811279    18286.14843750  12794.44335938  
0.39700    361559.78125000 191208.84375000 517457.12500000 644.31683350    18296.90234375  12821.40332031  
0.39800    361008.28125000 190885.53125000 516602.90625000 640.51965332    18305.16601562  12846.26660156  
0.39900    360470.50000000 190573.73437500 515774.43750000 636.72961426    18310.21679688  12868.13964844  
0.40000    359961.56250000 190285.39062500 515002.43750000 632.95202637    18312.54296875  12887.58691406  
0.40100    359467.53125000 190012.32812500 514259.46875000 629.17065430    18311.49609375  12904.18359375  
0.40200    359024.96875000 189774.07812500 513598.43750000 625.41156006    18308.80468750  12918.75878906  
0.40300    358579.15625000 189534.21875000 512936.09375000 621.64898682    18302.28320312  12930.08300781  
0.40400    358173.34375000 189327.23437500 512342.21875000 617.90130615    18294.25195312  12939.90429688  
0.40500    357778.96875000 189128.09375000 511772.56250000 614.16009521    18282.88867188  12946.60742188  
0.40600    357431.00000000 188959.81250000 511271.93750000 610.43359375    18270.11132812  12951.88281250  
0.40700    357077.31250000 188789.98437500 510769.12500000 606.70471191    18254.08007812  12954.13867188  
0.40800    356741.87500000 188633.45312500 510293.34375000 602.98657227    18235.44726562  12953.96582031  
0.40900    356414.06250000 188483.98437500 509839.00000000 599.26556396    18214.45117188  12951.51757812  
0.41000    356130.28125000 188364.57812500 509449.84375000 595.56689453    18191.95507812  12947.56152344  
0.41100    355840.25000000 188238.71875000 509047.96875000 591.86029053    18166.46875000  12940.72460938  
0.41200    355549.09375000 188114.40625000 508654.96875000 588.15270996    18138.17382812  12931.32617188  
0.41300    355292.34375000 188013.04687500 508308.12500000 584.46002197    18108.56054688  12920.49023438  
0.41400    355030.15625000 187904.15625000 507958.78125000 580.76226807    18075.99414062  12906.85742188  
0.41500    354801.56250000 187816.84375000 507649.46875000 577.07769775    18041.93554688  12891.80273438  
0.41600    354535.87500000 187705.53125000 507283.90625000 573.37402344    18004.39843750  12873.53125000  
0.41700    354311.12500000 187622.18750000 506985.50000000 569.69500732    17966.03710938  12854.12207031  
0.41800    354115.12500000 187553.54687500 506732.12500000 566.01806641    17926.00585938  12833.10449219  
0.41900    353856.09375000 187440.98437500 506377.78125000 562.32019043    17881.48046875  12808.19726562  
0.42000    353648.21875000 187362.92187500 506092.46875000 558.63952637    17836.58593750  12782.42187500  
0.42100    353451.62500000 187288.60937500 505828.12500000 554.96105957    17789.85351562  12755.04101562  
0.42200    353247.81250000 187207.67187500 505551.15625000 551.27703857    17740.75585938  12725.42187500  
0.42300    353031.78125000 187115.92187500 505243.96875000 547.59564209    17689.17578125  12693.34375000  
0.42400    352824.71875000 187025.46875000 504952.37500000 543.91101074    17635.60546875  12659.38671875  
0.42500    352619.31250000 186934.81250000 504655.21875000 540.23132324    17580.42773438  12623.74707031  
0.42600    352392.84375000 186828.14062500 504321.62500000 536.54516602    17522.47656250  12585.77441406  
0.42700    352195.93750000 186739.37500000 504038.87500000 532.87640381    17463.66015625  12546.63085938  
0.42800    351972.59375000 186629.17187500 503705.50000000 529.19049072    17402.03906250  12505.07128906  
0.42900    351782.53125000 186531.65625000 503413.96875000 525.52539062    17339.57226562  12462.46582031  
0.43000    351561.09375000 186416.68750000 503073.53125000 521.85247803    17274.52343750  12417.50097656  
0.43100    351314.09375000 186278.67187500 502682.87500000 518.17315674    17206.58398438  12370.08203125  
0.43200    351096.93750000 186159.35937500 502338.84375000 514.51226807    17138.38476562  12322.13085938  
0.43300    350853.81250000 186017.40625000 501944.62500000 510.84506226    17067.48046875  12271.72558594  
0.43400    350613.90625000 185873.32812500 501547.59375000 507.18661499    16994.81054688  12219.75292969  
0.43500    350356.56250000 185715.79687500 501123.68750000 503.53527832    16920.33007812  12166.12011719  
0.43600    350127.28125000 185570.39062500 500736.93750000 499.90274048    16845.22265625  12111.57519531  
0.43700    349850.93750000 185392.23437500 500269.37500000 496.26492310    16767.21484375  12054.75878906  
0.43800    349559.21875000 185200.45312500 499773.18750000 492.63644409    16687.21875000  11996.20312500  
0.43900    349281.50000000 185012.79687500 499289.46875000 489.02380371    16606.29882812  11936.55957031  
0.44000    348990.37500000 184811.57812500 498781.03125000 485.42291260    16523.76757812  11875.50488281  
0.44100    348688.96875000 184600.95312500 498247.37500000 481.84170532    16439.51953125  11812.83203125  
0.44200    348381.34375000 184380.25000000 497702.12500000 478.26971436    16353.90039062  11749.05371094  
0.44300    348063.34375000 184152.40625000 497131.31250000 474.72045898    16266.81640625  11684.14746094  
0.44400    347736.78125000 183912.15625000 496540.96875000 471.19692993    16178.51074219  11617.82714844  
0.44500    347359.75000000 183638.53125000 495869.96875000 467.66879272    16087.49121094  11549.37011719  
0.44600    346987.50000000 183361.17187500 495195.12500000 464.17959595    15995.70800781  11480.26367188  
0.44700    346628.28125000 183088.90625000 494544.37500000 460.71939087    15903.29589844  11410.53417969  
0.44800    346230.15625000 182787.07812500 493806.50000000 457.27593994    15808.96582031  11339.06250000  
0.44900    345844.18750000 182490.25000000 493099.15625000 453.87536621    15714.13964844  11267.39257812  
0.45000    345450.65625000 182183.92187500 492369.46875000 450.50393677    15618.46777344  11194.93945312  
0.45100    345005.34375000 181840.15625000 491551.56250000 447.15225220    15520.31152344  11120.38867188  
0.45200    344571.71875000 181502.60937500 490745.93750000 443.84619141    15421.97558594  11045.83691406  
0.45300    344107.43750000 181140.95312500 489890.12500000 440.57138062    15322.59179688  10970.14550781  
0.45400    343644.71875000 180777.67187500 489027.50000000 437.34197998    15222.12402344  10893.98730469  
0.45500    343169.81250000 180402.40625000 488143.68750000 434.15194702    15121.42480469  10817.34375000  
0.45600    342667.03125000 180007.37500000 487213.09375000 430.99960327    15019.25390625  10739.59765625  
0.45700    342164.50000000 179607.32812500 486272.65625000 427.90206909    14916.95019531  10661.90136719  
0.45800    341634.75000000 179187.50000000 485290.87500000 424.84655762    14813.81933594  10583.49414062  
0.45900    341087.93750000 178754.81250000 484272.75000000 421.83914185    14709.76855469  10504.40917969  
0.46000    340564.53125000 178332.78125000 483281.59375000 418.89669800    14606.68457031  10426.29101562  
0.46100    339968.53125000 177863.89062500 482183.06250000 415.98840332    14501.15429688  10346.25488281  
0.46200    339407.59375000 177414.50000000 481133.90625000 413.14697266    14396.84472656  10267.16992188  
0.46300    338812.31250000 176940.51562500 480016.03125000 410.36141968    14291.75878906  10187.60644531  
0.46400    338196.65625000 176449.42187500 478873.65625000 407.63473511    14186.38867188  10107.97167969  
0.46500    337587.37500000 175962.57812500 477738.06250000 404.97283936    14081.48339844  10028.70410156  
0.46600    336952.78125000 175456.50000000 476548.18750000 402.36587524    13976.14941406  9949.16601562   
0.46700    336285.59375000 174928.62500000 475312.15625000 399.82305908    13870.26953125  9869.57812500   
0.46800    335653.21875000 174419.57812500 474127.81250000 397.35293579    13765.89257812  9791.16894531   
0.46900    334963.56250000 173874.98437500 472849.71875000 394.94354248    13660.58007812  9712.09765625   
0.47000    334276.28125000 173327.78125000 471568.06250000 392.60305786    13555.95410156  9633.73339844   
0.47100    333581.81250000 172777.29687500 470283.28125000 390.33648682    13451.80761719  9555.97753906   
0.47200    332873.68750000 172216.81250000 468969.78125000 388.13717651    13347.98437500  9478.54589844   
0.47300    332169.25000000 171656.84375000 467655.84375000 386.01062012    13245.24316406  9402.27539062   
0.47400    331415.28125000 171065.71875000 466264.28125000 383.95022583    13141.82324219  9325.49707031   
0.47500    330676.56250000 170484.82812500 464902.21875000 381.96752930    13039.94726562  9250.22265625   
0.47600    329949.87500000 169909.51562500 463554.65625000 380.06491089    12939.62207031  9176.22167969   
0.47700    329160.75000000 169291.00000000 462101.00000000 378.22100830    12838.04101562  9101.49511719   
0.47800    328390.06250000 168691.25000000 460683.40625000 376.45822144    12738.53320312  9028.75000000   
0.47900    327629.59375000 168091.60937500 459277.15625000 374.77343750    12640.40722656  8957.12500000   
0.48000    326823.06250000 167469.01562500 457802.68750000 373.15466309    12542.13867188  8885.65625000   
0.48100    326057.25000000 166870.18750000 456392.12500000 371.62524414    12446.36425781  8816.36718750   
0.48200    325219.00000000 166224.37500000 454862.65625000 370.14297485    12349.51953125  8746.38574219   
0.48300    324396.00000000 165590.53125000 453359.84375000 368.75073242    12254.89062500  8678.47558594   
0.48400    323583.28125000 164963.54687500 451876.21875000 367.42926025    12161.79003906  8611.82421875   
0.48500    322750.40625000 164325.60937500 450358.25000000 366.17672729    12069.52246094  8546.16699219   
0.48600    321929.43750000 163699.29687500 448863.75000000 365.00335693    11979.26464844  8482.19433594   
0.48700    321089.40625000 163059.21875000 447337.25000000 363.89453125    11889.65722656  8419.04199219   
0.48800    320219.78125000 162403.50000000 445774.87500000 362.84692383    11800.64062500  8356.75781250   
0.48900    319364.46875000 161756.20312500 444226.93750000 361.87457275    11713.56445312  8296.01367188   
0.49000    318508.75000000 161112.65625000 442682.28125000 360.97027588    11628.21191406  8237.05273438   
0.49100    317663.15625000 160476.68750000 441154.87500000 360.13592529    11544.68457031  8179.58007812   
0.49200    316784.34375000 159824.07812500 439583.03125000 359.35720825    11461.68359375  8122.88378906   
0.49300    315914.50000000 159179.04687500 438028.68750000 358.64062500    11380.75683594  8067.96191406   
0.49400    315040.50000000 158533.20312500 436465.34375000 357.98532104    11301.03320312  8014.37255859   
0.49500    314156.21875000 157884.42187500 434892.18750000 357.38510132    11222.59277344  7961.95751953   
0.49600    313291.15625000 157249.59375000 433351.65625000 356.85357666    11146.53027344  7911.64941406   
0.49700    312396.62500000 156601.09375000 431772.18750000 356.36254883    11071.16406250  7862.14746094   
0.49800    311518.25000000 155966.06250000 430222.28125000 355.93273926    10997.96191406  7814.43505859   
0.49900    310617.40625000 155319.34375000 428638.71875000 355.54193115    10925.38671875  7767.62597656   
0.50000    309733.21875000 154688.09375000 427087.65625000 355.21051025    10855.08398438  7722.87304688   
