# SAXS profile: number of points = 501, q_min = 0, q_max = 0.5, delta_q = 0.001
#    q    intensity 
0.00000    162233104.00000000 101202064.00000000 256269408.00000000 107555.08593750 8354534.00000000 6598427.50000000 
0.00100    162194528.00000000 101176040.00000000 256204400.00000000 107517.60937500 8352006.50000000 6596426.50000000 
0.00200    162075424.00000000 101099392.00000000 256009776.00000000 107406.96875000 8344376.50000000 6590393.00000000 
0.00300    161871808.00000000 100971256.00000000 255683824.00000000 107222.52343750 8331611.00000000 6580376.50000000 
0.00400    161579136.00000000 100791616.00000000 255226000.00000000 106963.69531250 8313857.50000000 6566370.50000000 
0.00500    161204752.00000000 100561432.00000000 254641776.00000000 106632.94531250 8291048.50000000 6548492.50000000 
0.00600    160750656.00000000 100281344.00000000 253927280.00000000 106229.85937500 8263296.00000000 6526660.00000000 
0.00700    160208240.00000000 99951728.00000000 253089024.00000000 105755.84375000 8230697.50000000 6501012.00000000 
0.00800    159591408.00000000 99573800.00000000 252123008.00000000 105212.39062500 8193185.50000000 6471510.50000000 
0.00900    158900240.00000000 99147864.00000000 251037088.00000000 104600.75000000 8150985.50000000 6438313.00000000 
0.01000    158131824.00000000 98674000.00000000 249828016.00000000 103922.01562500 8104094.00000000 6401462.00000000 
0.01100    157288080.00000000 98152368.00000000 248498976.00000000 103177.82031250 8052634.50000000 6361040.50000000 
0.01200    156365536.00000000 97586016.00000000 247054688.00000000 102370.09375000 7996771.00000000 6317106.00000000 
0.01300    155372128.00000000 96973720.00000000 245497024.00000000 101501.11718750 7936579.00000000 6269729.50000000 
0.01400    154310320.00000000 96319064.00000000 243828320.00000000 100571.25781250 7872182.00000000 6219087.50000000 
0.01500    153180080.00000000 95621880.00000000 242051936.00000000 99585.18750000  7803735.50000000 6165265.00000000 
0.01600    151980032.00000000 94883824.00000000 240170800.00000000 98544.19531250  7731365.00000000 6108366.50000000 
0.01700    150719600.00000000 94106472.00000000 238189872.00000000 97449.66406250  7655294.00000000 6048519.00000000 
0.01800    149395264.00000000 93290088.00000000 236111488.00000000 96305.67187500  7575542.50000000 5985841.00000000 
0.01900    148010832.00000000 92437464.00000000 233938672.00000000 95113.38281250  7492440.50000000 5920397.50000000 
0.02000    146571584.00000000 91549184.00000000 231676192.00000000 93876.67187500  7406014.00000000 5852393.50000000 
0.02100    145075120.00000000 90627064.00000000 229325664.00000000 92597.90625000  7316510.50000000 5781974.00000000 
0.02200    143528032.00000000 89672424.00000000 226894976.00000000 91279.55468750  7224098.00000000 5709284.50000000 
0.02300    141930256.00000000 88687976.00000000 224387792.00000000 89924.95312500  7128904.50000000 5634435.00000000 
0.02400    140287824.00000000 87673616.00000000 221806432.00000000 88536.03906250  7031275.50000000 5557479.00000000 
0.02500    138601760.00000000 86631864.00000000 219155552.00000000 87117.66406250  6931139.00000000 5478798.00000000 
0.02600    136872624.00000000 85565552.00000000 216440416.00000000 85670.96093750  6828953.50000000 5398319.00000000 
0.02700    135106768.00000000 84474896.00000000 213665680.00000000 84198.97656250  6724780.50000000 5316307.00000000 
0.02800    133306504.00000000 83362464.00000000 210833808.00000000 82705.55468750  6618783.00000000 5232893.00000000 
0.02900    131473608.00000000 82230280.00000000 207952672.00000000 81193.70312500  6511214.50000000 5148187.00000000 
0.03000    129611416.00000000 81078296.00000000 205023856.00000000 79665.44531250  6402255.50000000 5062443.00000000 
0.03100    127722056.00000000 79910640.00000000 202053680.00000000 78124.02343750  6292118.50000000 4975680.50000000 
0.03200    125810136.00000000 78728528.00000000 199044992.00000000 76572.83593750  6180929.50000000 4888129.50000000 
0.03300    123876896.00000000 77533584.00000000 196005232.00000000 75014.00000000  6068942.00000000 4799956.00000000 
0.03400    121926240.00000000 76327448.00000000 192937072.00000000 73451.01562500  5956282.50000000 4711225.50000000 
0.03500    119960992.00000000 75111400.00000000 189844240.00000000 71885.95312500  5843173.50000000 4622126.50000000 
0.03600    117983600.00000000 73887120.00000000 186731984.00000000 70321.83593750  5729783.00000000 4532780.00000000 
0.03700    115996368.00000000 72656744.00000000 183605104.00000000 68760.71875000  5616271.50000000 4443352.00000000 
0.03800    114003656.00000000 71421920.00000000 180467008.00000000 67205.04687500  5502822.50000000 4353956.50000000 
0.03900    112006344.00000000 70183712.00000000 177323568.00000000 65657.08593750  5389649.00000000 4264728.00000000 
0.04000    110007176.00000000 68945136.00000000 174176208.00000000 64120.11718750  5276747.00000000 4175788.50000000 
0.04100    108011024.00000000 67707184.00000000 171032224.00000000 62595.60937500  5164454.00000000 4087240.00000000 
0.04200    106017248.00000000 66470360.00000000 167891456.00000000 61085.55859375  5052858.00000000 3999254.25000000 
0.04300    104030920.00000000 65237840.00000000 164761312.00000000 59591.81250000  4942060.00000000 3911869.75000000 
0.04400    102052880.00000000 64009772.00000000 161644160.00000000 58116.36328125  4832208.50000000 3825264.75000000 
0.04500    100084696.00000000 62788180.00000000 158542288.00000000 56661.29687500  4723460.00000000 3739507.25000000 
0.04600    98130432.00000000 61574196.00000000 155461888.00000000 55227.55468750  4615946.50000000 3654664.75000000 
0.04700    96191160.00000000 60368748.00000000 152404368.00000000 53817.01953125  4509725.00000000 3570854.75000000 
0.04800    94268520.00000000 59173476.00000000 149371984.00000000 52430.76171875  4404920.50000000 3488183.50000000 
0.04900    92364512.00000000 57989604.00000000 146369776.00000000 51070.60937500  4301643.50000000 3406690.50000000 
0.05000    90481376.00000000 56818384.00000000 143399264.00000000 49736.51171875  4199979.00000000 3326476.25000000 
0.05100    88620688.00000000 55660276.00000000 140462256.00000000 48430.79687500  4100049.50000000 3247572.50000000 
0.05200    86783744.00000000 54516524.00000000 137565088.00000000 47153.28125000  4001862.75000000 3170079.75000000 
0.05300    84972080.00000000 53388560.00000000 134706032.00000000 45905.12500000  3905516.50000000 3094000.75000000 
0.05400    83186632.00000000 52276480.00000000 131888000.00000000 44687.26562500  3811103.25000000 3019449.25000000 
0.05500    81429128.00000000 51181828.00000000 129114368.00000000 43499.77734375  3718616.75000000 2946402.50000000 
0.05600    79701232.00000000 50104696.00000000 126385480.00000000 42342.60937500  3628171.00000000 2874937.00000000 
0.05700    78003456.00000000 49046160.00000000 123704304.00000000 41217.07421875  3539743.25000000 2805098.25000000 
0.05800    76336832.00000000 48006540.00000000 121071032.00000000 40122.57031250  3453364.50000000 2736871.75000000 
0.05900    74702056.00000000 46986400.00000000 118488200.00000000 39059.48046875  3369134.25000000 2670279.50000000 
0.06000    73099848.00000000 45986192.00000000 115956392.00000000 38027.71875000  3287003.75000000 2605377.75000000 
0.06100    71531312.00000000 45006600.00000000 113478488.00000000 37027.21484375  3207005.00000000 2542143.50000000 
0.06200    69995864.00000000 44048056.00000000 111051792.00000000 36057.37500000  3129120.25000000 2480566.00000000 
0.06300    68495224.00000000 43110528.00000000 108679040.00000000 35118.50000000  3053401.25000000 2420696.50000000 
0.06400    67029152.00000000 42194440.00000000 106360728.00000000 34209.83593750  2979761.50000000 2362510.50000000 
0.06500    65598064.00000000 41299972.00000000 104097736.00000000 33330.98437500  2908281.75000000 2305939.50000000 
0.06600    64202172.00000000 40427004.00000000 101890304.00000000 32481.24804688  2838882.25000000 2251030.50000000 
0.06700    62840756.00000000 39575560.00000000 99737096.00000000 31660.43554688  2771540.25000000 2197793.00000000 
0.06800    61515172.00000000 38746740.00000000 97640312.00000000 30867.79882812  2706254.00000000 2146144.00000000 
0.06900    60224432.00000000 37939084.00000000 95598760.00000000 30102.66601562  2643011.25000000 2096118.12500000 
0.07000    58968500.00000000 37153228.00000000 93612232.00000000 29364.05273438  2581708.25000000 2047628.62500000 
0.07100    57747860.00000000 36389148.00000000 91680224.00000000 28651.32421875  2522394.75000000 2000674.87500000 
0.07200    56561140.00000000 35646792.00000000 89802888.00000000 27963.65234375  2464948.75000000 1955243.12500000 
0.07300    55408444.00000000 34925860.00000000 87979432.00000000 27300.44921875  2409392.75000000 1911253.50000000 
0.07400    54289480.00000000 34225512.00000000 86209464.00000000 26660.44726562  2355653.25000000 1868718.25000000 
0.07500    53203988.00000000 33545960.00000000 84491128.00000000 26043.22460938  2303650.25000000 1827566.75000000 
0.07600    52151300.00000000 32887150.00000000 82825144.00000000 25447.47070312  2253358.75000000 1787764.25000000 
0.07700    51130944.00000000 32248790.00000000 81210128.00000000 24872.48437500  2204757.25000000 1749272.37500000 
0.07800    50141160.00000000 31629776.00000000 79645288.00000000 24317.48242188  2157730.00000000 1712057.37500000 
0.07900    49182352.00000000 31029900.00000000 78129080.00000000 23781.48242188  2112243.25000000 1676056.25000000 
0.08000    48254368.00000000 30449502.00000000 76659992.00000000 23263.43164062  2068259.87500000 1641248.12500000 
0.08100    47355260.00000000 29887752.00000000 75239072.00000000 22762.70507812  2025708.25000000 1607567.37500000 
0.08200    46484928.00000000 29343674.00000000 73862488.00000000 22277.96484375  1984536.25000000 1574977.00000000 
0.08300    45642636.00000000 28817462.00000000 72531288.00000000 21809.01757812  1944668.50000000 1543440.37500000 
0.08400    44827776.00000000 28308330.00000000 71242488.00000000 21354.69531250  1906096.12500000 1512899.12500000 
0.08500    44038960.00000000 27816022.00000000 69996688.00000000 20914.14062500  1868715.00000000 1483324.62500000 
0.08600    43275404.00000000 27339680.00000000 68790256.00000000 20486.73632812  1832487.12500000 1454660.75000000 
0.08700    42536964.00000000 26879004.00000000 67623688.00000000 20071.46484375  1797368.75000000 1426849.25000000 
0.08800    41822096.00000000 26433542.00000000 66494456.00000000 19667.86132812  1763264.37500000 1399882.37500000 
0.08900    41130268.00000000 26002716.00000000 65402440.00000000 19275.09570312  1730174.25000000 1373692.62500000 
0.09000    40460548.00000000 25585928.00000000 64345448.00000000 18892.69335938  1698025.12500000 1348243.87500000 
0.09100    39811820.00000000 25182702.00000000 63322300.00000000 18519.47851562  1666743.25000000 1323512.87500000 
0.09200    39183728.00000000 24792306.00000000 62332216.00000000 18155.66406250  1636321.12500000 1299447.62500000 
0.09300    38575296.00000000 24414568.00000000 61372648.00000000 17800.15625000  1606691.00000000 1276014.25000000 
0.09400    37985520.00000000 24048564.00000000 60443652.00000000 17452.35742188  1577797.00000000 1253175.50000000 
0.09500    37413628.00000000 23694204.00000000 59543240.00000000 17111.92773438  1549629.12500000 1230895.50000000 
0.09600    36859316.00000000 23350762.00000000 58669684.00000000 16778.66796875  1522111.50000000 1209127.75000000 
0.09700    36320896.00000000 23017660.00000000 57822768.00000000 16451.88867188  1495244.75000000 1187881.75000000 
0.09800    35798396.00000000 22694768.00000000 57000636.00000000 16131.37500000  1468959.00000000 1167115.37500000 
0.09900    35290504.00000000 22381034.00000000 56202376.00000000 15816.52539062  1443224.00000000 1146773.12500000 
0.10000    34796424.00000000 22076328.00000000 55426224.00000000 15507.25488281  1418023.75000000 1126829.37500000 
0.10100    34316144.00000000 21780294.00000000 54671276.00000000 15203.04394531  1393313.12500000 1107302.62500000 
0.10200    33848092.00000000 21492258.00000000 53936648.00000000 14903.81152344  1369081.00000000 1088145.87500000 
0.10300    33392178.00000000 21211658.00000000 53221188.00000000 14609.27246094  1345271.75000000 1069327.62500000 
0.10400    32947744.00000000 20938294.00000000 52523988.00000000 14319.32031250  1321887.00000000 1050839.50000000 
0.10500    32513662.00000000 20672142.00000000 51843880.00000000 14033.66113281  1298884.50000000 1032657.87500000 
0.10600    32090042.00000000 20411894.00000000 51179676.00000000 13752.22851562  1276255.50000000 1014770.81250000 
0.10700    31675608.00000000 20158014.00000000 50530372.00000000 13474.87402344  1253983.37500000 997158.25000000 
0.10800    31270284.00000000 19909524.00000000 49895252.00000000 13201.50292969  1232049.25000000 979811.68750000 
0.10900    30873232.00000000 19666582.00000000 49273892.00000000 12931.90136719  1210434.75000000 962717.31250000 
0.11000    30484110.00000000 19428406.00000000 48665060.00000000 12666.12792969  1189125.50000000 945861.75000000 
0.11100    30102532.00000000 19195090.00000000 48067860.00000000 12404.14550781  1168112.37500000 929237.25000000 
0.11200    29727782.00000000 18965816.00000000 47481204.00000000 12145.97460938  1147359.75000000 912835.00000000 
0.11300    29359396.00000000 18740728.00000000 46905212.00000000 11891.40917969  1126916.87500000 896648.68750000 
0.11400    28997616.00000000 18519656.00000000 46338732.00000000 11640.46679688  1106714.87500000 880667.75000000 
0.11500    28640944.00000000 18301952.00000000 45781440.00000000 11393.35449219  1086776.00000000 864890.12500000 
0.11600    28289942.00000000 18087588.00000000 45231884.00000000 11149.81933594  1067091.50000000 849301.56250000 
0.11700    27944184.00000000 17876236.00000000 44691220.00000000 10910.03808594  1047653.18750000 833914.68750000 
0.11800    27602836.00000000 17667480.00000000 44156808.00000000 10673.93457031  1028453.12500000 818711.50000000 
0.11900    27265652.00000000 17461738.00000000 43629888.00000000 10441.47656250  1009495.06250000 803695.25000000 
0.12000    26932926.00000000 17258124.00000000 43108980.00000000 10212.84179688  990768.75000000 788862.00000000 
0.12100    26603876.00000000 17057074.00000000 42593996.00000000 9988.00488281   972289.00000000 774216.81250000 
0.12200    26278462.00000000 16857956.00000000 42084900.00000000 9766.94921875   954033.31250000 759748.93750000 
0.12300    25956548.00000000 16660757.00000000 41580532.00000000 9549.64257812   936019.31250000 745460.12500000 
0.12400    25637818.00000000 16465354.00000000 41081204.00000000 9336.11230469   918228.43750000 731356.81250000 
0.12500    25321878.00000000 16271676.00000000 40586324.00000000 9126.42773438   900668.37500000 717427.43750000 
0.12600    25009108.00000000 16079631.00000000 40096148.00000000 8920.66113281   883349.68750000 703684.18750000 
0.12700    24698920.00000000 15888941.00000000 39609260.00000000 8718.69433594   866251.56250000 690117.43750000 
0.12800    24391282.00000000 15699695.00000000 39126240.00000000 8520.49804688   849399.93750000 676732.37500000 
0.12900    24086130.00000000 15511708.00000000 38647056.00000000 8326.28808594   832765.56250000 663528.18750000 
0.13000    23783142.00000000 15324863.00000000 38170912.00000000 8135.87207031   816368.43750000 650510.25000000 
0.13100    23482358.00000000 15139398.00000000 37698148.00000000 7949.28076172   800211.43750000 637673.56250000 
0.13200    23183572.00000000 14954766.00000000 37228476.00000000 7766.49169922   784281.62500000 625015.68750000 
0.13300    22887230.00000000 14771215.00000000 36761872.00000000 7587.50927734   768596.25000000 612547.06250000 
0.13400    22592552.00000000 14588558.00000000 36297516.00000000 7412.22607422   753137.68750000 600262.68750000 
0.13500    22299850.00000000 14406950.00000000 35836572.00000000 7240.74316406   737919.43750000 588160.12500000 
0.13600    22008970.00000000 14226249.00000000 35377860.00000000 7072.82519531   722940.87500000 576244.62500000 
0.13700    21720124.00000000 14046461.00000000 34921920.00000000 6908.57470703   708192.93750000 564508.06250000 
0.13800    21432822.00000000 13867436.00000000 34468156.00000000 6747.92919922   693685.37500000 552956.43750000 
0.13900    21147640.00000000 13689280.00000000 34016984.00000000 6590.83105469   679407.56250000 541600.56250000 
0.14000    20864014.00000000 13512047.00000000 33568544.00000000 6437.21240234   665362.25000000 530416.25000000 
0.14100    20582042.00000000 13335608.00000000 33122460.00000000 6286.96826172   651558.50000000 519421.71875000 
0.14200    20301922.00000000 13160021.00000000 32678498.00000000 6140.06933594   637979.12500000 508608.78125000 
0.14300    20023536.00000000 12985253.00000000 32237516.00000000 5996.47265625   624637.18750000 497979.53125000 
0.14400    19746572.00000000 12811238.00000000 31798756.00000000 5856.09082031   611515.12500000 487528.71875000 
0.14500    19471936.00000000 12638118.00000000 31362456.00000000 5718.83007812   598628.81250000 477257.62500000 
0.14600    19198802.00000000 12465927.00000000 30928840.00000000 5584.69140625   585962.25000000 467166.56250000 
0.14700    18927548.00000000 12294647.00000000 30497518.00000000 5453.55126953   573531.68750000 457250.15625000 
0.14800    18657882.00000000 12124190.00000000 30068752.00000000 5325.34033203   561311.56250000 447510.12500000 
0.14900    18390110.00000000 11954670.00000000 29642598.00000000 5199.90380859   549309.81250000 437940.15625000 
0.15000    18124272.00000000 11786016.00000000 29218942.00000000 5077.34521484   537523.81250000 428540.31250000 
0.15100    17860194.00000000 11618322.00000000 28798472.00000000 4957.50439453   525958.43750000 419311.71875000 
0.15200    17598222.00000000 11451713.00000000 28380444.00000000 4840.27001953   514598.84375000 410251.34375000 
0.15300    17338052.00000000 11286141.00000000 27965296.00000000 4725.59863281   503443.90625000 401355.59375000 
0.15400    17079774.00000000 11121534.00000000 27552888.00000000 4613.47509766   492500.71875000 392616.12500000 
0.15500    16823628.00000000 10957968.00000000 27143670.00000000 4503.80615234   481754.75000000 384040.96875000 
0.15600    16569518.00000000 10795635.00000000 26737202.00000000 4396.53662109   471204.93750000 375621.28125000 
0.15700    16317384.00000000 10634349.00000000 26333982.00000000 4291.63232422   460852.84375000 367361.06250000 
0.15800    16067209.00000000 10474229.00000000 25933756.00000000 4188.95605469   450689.87500000 359243.90625000 
0.15900    15819278.00000000 10315252.00000000 25536814.00000000 4088.51147461   440716.81250000 351284.03125000 
0.16000    15573443.00000000 10157478.00000000 25143040.00000000 3990.25122070   430928.43750000 343467.46875000 
0.16100    15329879.00000000 10001048.00000000 24752826.00000000 3894.13183594   421322.75000000 335794.18750000 
0.16200    15088537.00000000 9845838.00000000 24365584.00000000 3800.12670898   411900.34375000 328265.37500000 
0.16300    14849320.00000000 9692074.00000000 23981992.00000000 3708.17309570   402643.71875000 320875.09375000 
0.16400    14612498.00000000 9539490.00000000 23601934.00000000 3618.22509766   393566.90625000 313620.65625000 
0.16500    14378018.00000000 9388272.00000000 23225172.00000000 3530.26074219   384662.09375000 306504.78125000 
0.16600    14145815.00000000 9238406.00000000 22852404.00000000 3444.26953125   375916.81250000 299513.56250000 
0.16700    13916013.00000000 9090102.00000000 22483192.00000000 3360.17480469   367336.84375000 292658.84375000 
0.16800    13688687.00000000 8943126.00000000 22117718.00000000 3277.96459961   358918.65625000 285925.37500000 
0.16900    13463763.00000000 8797685.00000000 21756046.00000000 3197.69042969   350658.68750000 279320.59375000 
0.17000    13241283.00000000 8653716.00000000 21398152.00000000 3119.21655273   342553.00000000 272837.50000000 
0.17100    13021345.00000000 8511236.00000000 21044230.00000000 3042.57128906   334597.12500000 266474.50000000 
0.17200    12803922.00000000 8370360.00000000 20694122.00000000 2967.79223633   326795.84375000 260231.82812500 
0.17300    12588996.00000000 8231064.50000000 20348108.00000000 2894.78320312   319137.75000000 254103.07812500 
0.17400    12376629.00000000 8093271.50000000 20006158.00000000 2823.54296875   311627.59375000 248091.67187500 
0.17500    12166915.00000000 7957138.00000000 19668296.00000000 2754.11450195   304259.90625000 242190.82812500 
0.17600    11959757.00000000 7822575.50000000 19334228.00000000 2686.38574219   297024.96875000 236398.73437500 
0.17700    11755133.00000000 7689668.50000000 19004724.00000000 2620.45312500   289935.18750000 230716.25000000 
0.17800    11553235.00000000 7558357.50000000 18679116.00000000 2556.23022461   282977.43750000 225140.71875000 
0.17900    11353952.00000000 7428800.00000000 18357608.00000000 2493.73242188   276156.09375000 219672.29687500 
0.18000    11157298.00000000 7300870.50000000 18040612.00000000 2432.94091797   269464.18750000 214307.76562500 
0.18100    10963358.00000000 7174645.00000000 17727782.00000000 2373.84448242   262903.84375000 209045.48437500 
0.18200    10772004.00000000 7050051.00000000 17418990.00000000 2316.38159180   256468.48437500 203880.51562500 
0.18300    10583370.00000000 6927192.00000000 17114500.00000000 2260.60131836   250158.60937500 198816.75000000 
0.18400    10397388.00000000 6806032.00000000 16814370.00000000 2206.45629883   243971.95312500 193849.68750000 
0.18500    10214163.00000000 6686593.00000000 16518496.00000000 2153.97167969   237908.70312500 188979.89062500 
0.18600    10033512.00000000 6568841.00000000 16226918.00000000 2103.04418945   231964.35937500 184201.89062500 
0.18700    9855597.00000000 6452789.00000000 15939454.00000000 2053.70532227   226137.40625000 179520.07812500 
0.18800    9680239.00000000 6338410.50000000 15656498.00000000 2005.93054199   220425.70312500 174927.67187500 
0.18900    9507677.00000000 6225825.50000000 15377655.00000000 1959.71533203   214831.73437500 170428.03125000 
0.19000    9337574.00000000 6114842.50000000 15102922.00000000 1914.98730469   209345.45312500 166013.64062500 
0.19100    9170282.00000000 6005660.00000000 14832584.00000000 1871.80444336   203976.21875000 161691.35937500 
0.19200    9005566.00000000 5898060.00000000 14566416.00000000 1830.00305176   198709.34375000 157451.23437500 
0.19300    8843475.00000000 5792277.00000000 14304609.00000000 1789.70446777   193555.29687500 153299.04687500 
0.19400    8683927.00000000 5688077.00000000 14046660.00000000 1750.75634766   188503.45312500 149229.87500000 
0.19500    8526985.00000000 5585561.00000000 13793048.00000000 1713.18432617   183557.39062500 145241.87500000 
0.19600    8372490.50000000 5484706.50000000 13543525.00000000 1676.94982910   178711.60937500 141335.31250000 
0.19700    8220634.00000000 5385513.50000000 13298081.00000000 1642.02990723   173966.98437500 137508.82812500 
0.19800    8071231.00000000 5287899.00000000 13056646.00000000 1608.33825684   169322.46875000 133761.25000000 
0.19900    7924445.50000000 5191918.00000000 12819260.00000000 1575.91284180   164775.45312500 130091.64843750 
0.20000    7780005.00000000 5097535.50000000 12585726.00000000 1544.65234375   160320.92187500 126494.92187500 
0.20100    7638022.50000000 5004802.00000000 12356282.00000000 1514.56408691   155961.54687500 122976.01562500 
0.20200    7498444.00000000 4913578.50000000 12130578.00000000 1485.55883789   151694.45312500 119529.21093750 
0.20300    7361274.00000000 4823882.50000000 11908868.00000000 1457.65441895   147517.90625000 116156.56250000 
0.20400    7226406.00000000 4735772.00000000 11690855.00000000 1430.76184082   143429.15625000 112852.71093750 
0.20500    7093979.00000000 4649147.00000000 11476614.00000000 1404.88842773   139428.81250000 109619.04687500 
0.20600    6963733.00000000 4564023.50000000 11266075.00000000 1379.94091797   135511.43750000 106453.78906250 
0.20700    6835768.00000000 4480338.50000000 11059176.00000000 1355.94519043   131680.54687500 103355.65625000 
0.20800    6709989.00000000 4398153.50000000 10855770.00000000 1332.78808594   127929.50781250 100323.95312500 
0.20900    6586498.00000000 4317442.00000000 10656270.00000000 1310.53076172   124264.38281250 97359.62500000  
0.21000    6465132.00000000 4238063.50000000 10459914.00000000 1289.03186035   120673.27343750 94455.82031250  
0.21100    6345967.50000000 4160109.25000000 10267129.00000000 1268.31567383   117160.39843750 91616.03906250  
0.21200    6228885.00000000 4083549.25000000 10077677.00000000 1248.32958984   113725.03906250 88838.16406250  
0.21300    6113740.00000000 4008324.75000000 9891693.00000000 1229.05102539   110363.70312500 86119.89062500  
0.21400    6000730.00000000 3934398.25000000 9708890.00000000 1210.43872070   107076.91406250 83461.86718750  
0.21500    5889768.50000000 3861827.00000000 9529387.00000000 1192.49731445   103864.70312500 80864.45312500  
0.21600    5780738.00000000 3790520.75000000 9353114.00000000 1175.12121582   100719.89843750 78321.94531250  
0.21700    5673674.50000000 3720495.00000000 9179851.00000000 1158.34497070   97646.03125000  75836.85937500  
0.21800    5568421.00000000 3651719.00000000 9009803.00000000 1142.11694336   94640.10156250  73407.73437500  
0.21900    5465161.00000000 3584118.50000000 8842671.00000000 1126.40905762   91701.49218750  71031.02343750  
0.22000    5363668.00000000 3517741.50000000 8678526.00000000 1111.20788574   88827.94531250  68709.89062500  
0.22100    5264070.00000000 3452577.50000000 8517443.00000000 1096.50891113   86023.04687500  66441.80468750  
0.22200    5166270.00000000 3388575.75000000 8359192.00000000 1082.27331543   83281.03125000  64226.60156250  
0.22300    5070154.50000000 3325703.50000000 8203767.00000000 1068.47363281   80601.36718750  62061.44140625  
0.22400    4975766.50000000 3263912.50000000 8051041.50000000 1055.09753418   77983.33593750  59946.51953125  
0.22500    4883170.50000000 3203306.25000000 7901208.00000000 1042.16296387   75429.57812500  57884.41406250  
0.22600    4792142.50000000 3143743.75000000 7753982.50000000 1029.60034180   72933.47656250  55868.54296875  
0.22700    4702845.50000000 3085248.25000000 7609475.50000000 1017.45562744   70500.02343750  53903.13281250  
0.22800    4615168.50000000 3027825.50000000 7467533.00000000 1005.67199707   68124.06250000  51983.83203125  
0.22900    4528984.00000000 2971387.75000000 7328096.00000000 994.26263428    65805.82031250  50112.50781250  
0.23000    4444479.50000000 2915988.75000000 7191236.00000000 983.22644043    63545.18750000  48288.30078125  
0.23100    4361496.50000000 2861597.50000000 7056860.00000000 972.53735352    61342.30468750  46509.91015625  
0.23200    4279967.00000000 2808168.75000000 6924889.00000000 962.18286133    59194.64453125  44776.36328125  
0.23300    4199989.50000000 2755688.50000000 6795327.50000000 952.18457031    57102.37109375  43088.07031250  
0.23400    4121456.25000000 2704176.25000000 6668176.00000000 942.53784180    55066.23046875  41444.54296875  
0.23500    4044323.00000000 2653549.75000000 6543207.00000000 933.20794678    53082.13281250  39842.80468750  
0.23600    3968675.75000000 2603868.25000000 6420606.00000000 924.21990967    51153.35546875  38285.90234375  
0.23700    3894415.75000000 2555081.75000000 6300212.50000000 915.56585693    49277.35937500  36771.22656250  
0.23800    3821511.75000000 2507202.25000000 6182043.00000000 907.24523926    47453.88671875  35299.44140625  
0.23900    3749980.75000000 2460137.75000000 6065972.00000000 899.24359131    45680.98828125  33867.57812500  
0.24000    3679752.25000000 2413955.25000000 5952073.00000000 891.56884766    43959.85156250  32477.70117188  
0.24100    3610891.50000000 2368619.00000000 5840374.00000000 884.24456787    42291.00390625  31129.43359375  
0.24200    3543273.75000000 2324087.75000000 5730607.50000000 877.22515869    40671.21484375  29820.05664062  
0.24300    3476908.00000000 2280384.50000000 5622900.00000000 870.53302002    39100.29296875  28550.53515625  
0.24400    3411825.25000000 2237461.75000000 5517167.50000000 864.16467285    37577.92187500  27319.42187500  
0.24500    3347932.75000000 2195302.50000000 5413386.50000000 858.11389160    36103.47265625  26126.84960938  
0.24600    3285251.75000000 2153929.00000000 5311557.00000000 852.37951660    34676.34375000  24971.82031250  
0.24700    3223781.50000000 2113317.75000000 5211595.00000000 846.96398926    33296.57031250  23854.34179688  
0.24800    3163439.50000000 2073458.37500000 5113445.00000000 841.85717773    31962.18750000  22772.87109375  
0.24900    3104241.75000000 2034275.00000000 5017134.50000000 837.06054688    30672.46679688  21726.95898438  
0.25000    3046155.00000000 1995820.25000000 4922616.00000000 832.57055664    29427.34375000  20717.02929688  
0.25100    2989150.75000000 1958064.12500000 4829765.00000000 828.37219238    28225.37500000  19740.55273438  
0.25200    2933293.00000000 1921020.50000000 4738796.50000000 824.48901367    27067.76562500  18799.80859375  
0.25300    2878434.25000000 1884640.62500000 4649418.50000000 820.89227295    25950.61132812  17891.23632812  
0.25400    2824605.75000000 1848899.50000000 4561710.00000000 817.58032227    24875.04882812  17015.41796875  
0.25500    2771799.75000000 1813810.50000000 4475575.00000000 814.53717041    23838.76953125  16171.08593750  
0.25600    2720003.25000000 1779366.87500000 4391022.50000000 811.78204346    22842.50976562  15357.87695312  
0.25700    2669145.75000000 1745522.50000000 4308047.00000000 809.27258301    21883.54101562  14575.13085938  
0.25800    2619261.25000000 1712290.62500000 4226570.50000000 807.03430176    20962.43554688  13821.71484375  
0.25900    2570306.00000000 1679670.75000000 4146660.50000000 805.04888916    20078.08984375  13097.73339844  
0.26000    2522264.75000000 1647624.87500000 4068148.75000000 803.30187988    19229.05273438  12401.75000000  
0.26100    2475062.25000000 1616143.37500000 3990984.00000000 801.77239990    18412.72070312  11732.15625000  
0.26200    2428807.75000000 1585237.75000000 3915328.00000000 800.47796631    17632.17968750  11090.81054688  
0.26300    2383319.25000000 1554837.37500000 3840941.50000000 799.39038086    16882.04101562  10473.58496094  
0.26400    2338701.50000000 1525004.87500000 3767913.00000000 798.51123047    16164.35449219  9881.69726562   
0.26500    2294889.25000000 1495680.37500000 3696202.75000000 797.82427979    15477.05078125  9314.62109375   
0.26600    2251838.50000000 1466861.00000000 3625740.25000000 797.32421875    14818.39355469  8770.59960938   
0.26700    2209598.75000000 1438557.00000000 3556507.25000000 797.00036621    14188.74902344  8249.46679688   
0.26800    2168090.50000000 1410740.37500000 3488515.75000000 796.84881592    13587.69628906  7751.08007812   
0.26900    2127271.75000000 1383392.00000000 3421643.25000000 796.83148193    13010.81640625  7272.79687500   
0.27000    2087236.00000000 1356519.00000000 3355977.75000000 796.98767090    12461.53417969  6816.14013672   
0.27100    2047833.12500000 1330089.75000000 3291415.00000000 797.26879883    11935.70898438  6378.68261719   
0.27200    2009173.12500000 1304138.62500000 3228032.50000000 797.70239258    11435.89453125  5962.01562500   
0.27300    1971123.25000000 1278593.25000000 3165630.75000000 798.23706055    10956.93750000  5562.18945312   
0.27400    1933696.25000000 1253441.75000000 3104217.50000000 798.87048340    10498.57128906  5179.39697266   
0.27500    1896953.87500000 1228776.50000000 3043973.50000000 799.64996338    10064.58789062  4816.33056641   
0.27600    1860752.00000000 1204465.75000000 2984569.75000000 800.48797607    9648.42187500   4467.87500000   
0.27700    1825205.00000000 1180581.25000000 2926263.00000000 801.45904541    9254.06250000   4137.11962891   
0.27800    1790202.37500000 1157073.87500000 2868864.00000000 802.49078369    8877.58789062   3820.81396484   
0.27900    1755810.62500000 1133967.87500000 2812427.00000000 803.61053467    8520.09765625   3520.32275391   
0.28000    1721940.37500000 1111221.62500000 2756863.25000000 804.81024170    8180.00390625   3234.34912109   
0.28100    1688634.62500000 1088846.50000000 2702247.50000000 806.07153320    7856.59228516   2962.32177734   
0.28200    1655854.62500000 1066856.12500000 2648493.75000000 807.41699219    7551.11328125   2704.73046875   
0.28300    1623609.50000000 1045209.43750000 2595610.75000000 808.82312012    7261.21728516   2460.17504883   
0.28400    1591858.75000000 1023899.62500000 2543548.75000000 810.27691650    6986.29150391   2228.15039062   
0.28500    1560634.87500000 1002961.87500000 2492385.25000000 811.80657959    6727.46533203   2009.93554688   
0.28600    1529887.75000000 982345.50000000 2441978.75000000 813.37994385    6482.42480469   1803.04565430   
0.28700    1499632.75000000 962075.25000000 2392406.25000000 815.01544189    6252.42382812   1608.59814453   
0.28800    1469822.25000000 942125.81250000 2343618.25000000 816.69805908    6035.99609375   1425.54150391   
0.28900    1440548.87500000 922525.25000000 2295686.75000000 818.43695068    5834.55078125   1255.25512695   
0.29000    1411702.00000000 903230.50000000 2248440.50000000 820.21923828    5645.27978516   1094.97277832   
0.29100    1383350.12500000 884272.81250000 2202040.75000000 822.06213379    5470.35791016   946.89831543    
0.29200    1355428.25000000 865618.25000000 2156360.25000000 823.94647217    5308.07666016   809.59448242    
0.29300    1327984.12500000 847296.06250000 2111501.50000000 825.88970947    5159.47851562   683.77148438    
0.29400    1300966.87500000 829261.06250000 2067298.00000000 827.86145020    5021.81787109   567.15850830    
0.29500    1274416.75000000 811566.93750000 2023934.62500000 829.90673828    4898.86669922   462.69644165    
0.29600    1248296.50000000 794154.62500000 1981268.75000000 831.98718262    4787.25292969   367.81564331    
0.29700    1222612.75000000 777061.75000000 1939325.37500000 834.11651611    4687.90185547   283.20010376    
0.29800    1197387.50000000 760277.93750000 1898151.75000000 836.30010986    4600.93115234   209.40698242    
0.29900    1172601.37500000 743803.00000000 1857747.37500000 838.53271484    4527.16796875   146.30885315    
0.30000    1148235.50000000 727623.06250000 1818000.37500000 840.79913330    4464.18847656   92.33654785     
0.30100    1124348.37500000 711754.00000000 1779035.87500000 843.13018799    4414.46240234   49.56305313     
0.30200    1100860.50000000 696173.31250000 1740742.87500000 845.49243164    4375.55908203   15.67922115     
0.30300    1077839.75000000 680909.50000000 1703221.75000000 847.91693115    4349.66210938   -7.66106272     
0.30400    1055259.25000000 665951.31250000 1666457.12500000 850.38024902    4335.68066406   -20.82643127    
0.30500    1033087.43750000 651273.12500000 1630355.62500000 852.88311768    4332.46582031   -25.04139137    
0.30600    1011357.93750000 636897.81250000 1595000.50000000 855.42187500    4340.80468750   -19.69364166    
0.30700    990093.87500000 622835.87500000 1560404.00000000 858.01092529    4362.19287109   -3.83012176     
0.30800    969251.62500000 609050.00000000 1526471.37500000 860.62652588    4393.87109375   20.60481071     
0.30900    948859.37500000 595580.37500000 1493319.25000000 863.28588867    4437.63964844   54.90316772     
0.31000    928899.18750000 582405.37500000 1460876.50000000 865.96166992    4491.91064453   98.34082794     
0.31100    909365.75000000 569510.62500000 1429128.37500000 868.68548584    4557.33789062   150.32414246    
0.31200    890295.37500000 556925.68750000 1398111.37500000 871.41937256    4633.73974609   211.45687866    
0.31300    871645.31250000 544626.37500000 1367821.62500000 874.18231201    4721.21728516   281.42327881    
0.31400    853458.50000000 532632.62500000 1338272.50000000 876.95745850    4819.27832031   360.05123901    
0.31500    835684.75000000 520912.12500000 1309397.00000000 879.73632812    4926.65917969   446.43167114    
0.31600    818362.75000000 509495.00000000 1281247.50000000 882.52740479    5044.60449219   541.30438232    
0.31700    801476.56250000 498360.87500000 1253816.37500000 885.31597900    5172.56005859   644.18566895    
0.31800    785012.37500000 487501.96875000 1227071.50000000 888.09094238    5308.69726562   753.85577393    
0.31900    768990.06250000 476941.65625000 1201050.37500000 890.87774658    5455.82714844   872.13244629    
0.32000    753395.37500000 466663.00000000 1175711.87500000 893.63378906    5610.74853516   996.65472412    
0.32100    738221.81250000 456652.00000000 1151055.87500000 896.36968994    5773.91601562   1128.10083008   
0.32200    723487.93750000 446936.87500000 1127115.50000000 899.08148193    5945.86572266   1266.34460449   
0.32300    709148.37500000 437464.21875000 1103784.62500000 901.74682617    6124.36425781   1410.01391602   
0.32400    695224.87500000 428274.87500000 1081151.62500000 904.37933350    6310.66357422   1559.72412109   
0.32500    681718.25000000 419345.28125000 1059185.12500000 906.95989990    6503.49316406   1714.97058105   
0.32600    668618.75000000 410681.96875000 1037868.06250000 909.49542236    6702.85986328   1875.57775879   
0.32700    655920.62500000 402274.18750000 1017192.00000000 911.96917725    6908.50732422   2040.92126465   
0.32800    643636.87500000 394140.43750000 997181.37500000 914.38342285    7120.31494141   2211.08276367   
0.32900    631714.56250000 386234.75000000 977754.12500000 916.72033691    7336.16601562   2384.88989258   
0.33000    620202.87500000 378584.90625000 958967.31250000 918.98522949    7557.41357422   2562.89208984   
0.33100    609019.31250000 371155.03125000 940713.12500000 921.15917969    7781.64843750   2743.10302734   
0.33200    598263.12500000 363992.37500000 923162.62500000 923.26385498    8011.45556641   2928.13232422   
0.33300    587838.06250000 357044.00000000 906124.37500000 925.26208496    8243.41601562   3114.69873047   
0.33400    577788.43750000 350332.06250000 889682.06250000 927.17388916    8478.85351562   3304.21118164   
0.33500    568067.50000000 343829.37500000 873756.12500000 928.97558594    8715.94921875   3495.20581055   
0.33600    558681.81250000 337545.34375000 858391.75000000 930.66973877    8955.10742188   3687.87963867   
0.33700    549636.81250000 331466.71875000 843546.93750000 932.26153564    9195.83300781   3881.83740234   
0.33800    540916.93750000 325604.50000000 829235.62500000 933.74700928    9438.00292969   4077.10815430   
0.33900    532493.93750000 319922.71875000 815364.81250000 935.11047363    9680.25292969   4272.48632812   
0.34000    524387.00000000 314447.34375000 802024.68750000 936.34790039    9922.74609375   4468.29248047   
0.34100    516573.21875000 309154.09375000 789143.25000000 937.47338867    10165.05566406  4664.09814453   
0.34200    509076.00000000 304059.78125000 776773.87500000 938.47601318    10408.24121094  4860.47167969   
0.34300    501818.62500000 299116.90625000 764775.43750000 939.34240723    10648.88085938  5055.41064453   
0.34400    494875.09375000 294373.84375000 753268.06250000 940.09191895    10889.60546875  5250.45703125   
0.34500    488158.84375000 289772.46875000 742137.37500000 940.71630859    11128.27929688  5443.92138672   
0.34600    481729.37500000 285364.03125000 731462.31250000 941.20025635    11366.08398438  5637.01757812   
0.34700    475501.93750000 281069.50000000 721113.37500000 941.55731201    11600.24414062  5827.44970703   
0.34800    469534.68750000 276943.75000000 711158.00000000 941.77807617    11832.62207031  6016.73193359   
0.34900    463791.43750000 272960.56250000 701564.68750000 941.87316895    12062.80371094  6204.37744141   
0.35000    458263.53125000 269112.37500000 692321.93750000 941.82623291    12289.63964844  6389.65234375   
0.35100    452968.25000000 265416.25000000 683457.75000000 941.65954590    12514.61035156  6573.77929688   
0.35200    447834.96875000 261817.65625000 674827.50000000 941.35144043    12734.62402344  6754.36328125   
0.35300    442911.37500000 258355.57812500 666543.81250000 940.90319824    12951.65136719  6932.76123047   
0.35400    438179.00000000 255016.75000000 658572.56250000 940.32989502    13165.47656250  7109.01953125   
0.35500    433628.93750000 251790.51562500 650881.18750000 939.62811279    13375.63183594  7282.51220703   
0.35600    429224.15625000 248660.98437500 643432.81250000 938.79376221    13581.56152344  7453.01953125   
0.35700    424995.46875000 245645.21875000 636267.81250000 937.82238770    13783.43164062  7620.96191406   
0.35800    420934.56250000 242736.40625000 629362.68750000 936.72082520    13981.99218750  7786.17480469   
0.35900    417022.00000000 239920.42187500 622699.25000000 935.50042725    14175.95410156  7948.48925781   
0.36000    413265.87500000 237207.73437500 616281.18750000 934.14611816    14366.57226562  8108.21435547   
0.36100    409619.40625000 234568.17187500 610049.12500000 932.65264893    14551.92382812  8264.32812500   
0.36200    406152.34375000 232043.62500000 604104.62500000 931.06176758    14734.81738281  8418.92187500   
0.36300    402762.81250000 229570.03125000 598292.87500000 929.31298828    14911.60156250  8568.96875000   
0.36400    399499.53125000 227180.73437500 592671.68750000 927.44274902    15084.47070312  8716.16406250   
0.36500    396352.31250000 224866.85937500 587243.56250000 925.45098877    15252.96386719  8860.61621094   
0.36600    393336.81250000 222642.65625000 582039.43750000 923.33862305    15418.34082031  9002.81347656   
0.36700    390402.21875000 220470.64062500 576954.12500000 921.09777832    15578.09667969  9140.98828125   
0.36800    387617.06250000 218398.32812500 572124.56250000 918.74114990    15735.67871094  9277.82812500   
0.36900    384909.43750000 216381.03125000 567419.93750000 916.26000977    15888.24902344  9411.18457031   
0.37000    382266.56250000 214407.07812500 562821.06250000 913.64111328    16035.30761719  9540.69726562   
0.37100    379724.68750000 212498.25000000 558390.31250000 910.90875244    16178.80468750  9667.84667969   
0.37200    377298.12500000 210673.07812500 554147.68750000 908.06469727    16319.35253906  9792.78906250   
0.37300    374932.65625000 208887.57812500 550014.81250000 905.08251953    16454.86718750  9914.40234375   
0.37400    372671.12500000 207172.62500000 546040.81250000 901.99676514    16587.16992188  10034.01562500  
0.37500    370482.09375000 205509.81250000 542198.43750000 898.79040527    16715.77343750  10150.87109375  
0.37600    368383.28125000 203909.03125000 538513.43750000 895.46026611    16840.28515625  10264.87597656  
0.37700    366336.34375000 202346.03125000 534905.81250000 892.01428223    16960.24023438  10376.12402344  
0.37800    364383.12500000 200846.10937500 531444.56250000 888.45495605    17077.27929688  10485.28320312  
0.37900    362514.50000000 199409.65625000 528149.00000000 884.78784180    17191.19140625  10592.23144531  
0.38000    360703.12500000 198011.57812500 524935.00000000 880.99438477    17300.60937500  10696.25000000  
0.38100    358943.93750000 196654.42187500 521820.12500000 877.08734131    17406.22265625  10797.48144531  
0.38200    357272.71875000 195360.73437500 518863.21875000 873.07855225    17509.03906250  10897.07324219  
0.38300    355657.50000000 194103.26562500 515972.31250000 868.95416260    17607.51171875  10993.63378906  
0.38400    354130.21875000 192910.90625000 513262.65625000 864.72735596    17703.70507812  11088.66699219  
0.38500    352639.28125000 191748.17187500 510592.43750000 860.38879395    17795.58789062  11180.61523438  
0.38600    351251.50000000 190653.84375000 508100.15625000 855.96514893    17885.01367188  11271.34863281  
0.38700    349887.28125000 189581.45312500 505662.37500000 851.42657471    17969.95312500  11358.74902344  
0.38800    348598.12500000 188565.84375000 503351.25000000 846.78930664    18052.30664062  11444.24902344  
0.38900    347369.06250000 187588.79687500 501133.12500000 842.06219482    18131.02343750  11527.49023438  
0.39000    346229.68750000 186681.07812500 499072.28125000 837.25445557    18207.81250000  11609.34863281  
0.39100    345126.75000000 185796.75000000 497073.68750000 832.35864258    18280.66210938  11688.53613281  
0.39200    344099.87500000 184969.35937500 495211.09375000 827.38555908    18351.08007812  11766.01855469  
0.39300    343117.06250000 184174.84375000 493415.96875000 822.32128906    18417.66406250  11840.87890625  
0.39400    342230.34375000 183446.32812500 491790.50000000 817.19622803    18482.46093750  11914.65234375  
0.39500    341366.09375000 182741.20312500 490206.37500000 811.99609375    18543.42773438  11985.35546875  
0.39600    340564.40625000 182081.35937500 488734.96875000 806.73852539    18601.53125000  12054.40527344  
0.39700    339822.40625000 181463.50000000 487350.50000000 801.41918945    18656.83398438  12121.38085938  
0.39800    339152.53125000 180898.89062500 486108.62500000 796.04937744    18709.98632812  12186.91503906  
0.39900    338528.84375000 180369.81250000 484931.09375000 790.62951660    18760.24023438  12250.13769531  
0.40000    337959.15625000 179878.48437500 483858.59375000 785.17224121    18807.86718750  12311.46289062  
0.40100    337444.37500000 179428.03125000 482871.03125000 779.68151855    18852.21289062  12370.67089844  
0.40200    336998.71875000 179028.87500000 482013.87500000 774.15979004    18894.90625000  12428.45117188  
0.40300    336588.62500000 178656.34375000 481208.03125000 768.61352539    18934.41601562  12483.78222656  
0.40400    336239.71875000 178329.26562500 480514.71875000 763.04626465    18972.06445312  12537.87890625  
0.40500    335947.25000000 178040.71875000 479907.71875000 757.47351074    19006.95507812  12589.82910156  
0.40600    335712.81250000 177797.93750000 479409.78125000 751.90338135    19040.36132812  12640.82226562  
0.40700    335521.81250000 177584.35937500 478982.59375000 746.32714844    19070.97265625  12689.13964844  
0.40800    335372.40625000 177403.50000000 478626.40625000 740.76080322    19099.05468750  12735.86425781  
0.40900    335267.09375000 177256.82812500 478359.43750000 735.20263672    19124.70898438  12780.86816406  
0.41000    335234.34375000 177159.79687500 478199.00000000 729.68225098    19149.46289062  12824.65917969  
0.41100    335229.62500000 177083.50000000 478093.34375000 724.17810059    19171.48632812  12866.38281250  
0.41200    335258.56250000 177033.76562500 478043.68750000 718.68945312    19190.70703125  12905.96777344  
0.41300    335351.84375000 177028.40625000 478104.12500000 713.25378418    19208.88671875  12944.65625000  
0.41400    335463.09375000 177039.34375000 478204.00000000 707.85498047    19224.57812500  12981.12500000  
0.41500    335637.50000000 177094.68750000 478398.62500000 702.50451660    19238.97070312  13016.35351562  
0.41600    335811.25000000 177151.01562500 478603.81250000 697.18688965    19250.33984375  13049.04492188  
0.41700    336050.25000000 177256.54687500 478915.06250000 691.94219971    19260.98046875  13081.04101562  
0.41800    336341.25000000 177396.09375000 479316.87500000 686.76062012    19270.26367188  13111.69824219  
0.41900    336603.68750000 177518.75000000 479669.81250000 681.61474609    19275.67187500  13139.13378906  
0.42000    336931.46875000 177688.90625000 480143.21875000 676.54919434    19280.62695312  13165.79296875  
0.42100    337295.68750000 177885.07812500 480667.53125000 671.54913330    19284.19531250  13191.28125000  
0.42200    337676.96875000 178093.34375000 481227.21875000 666.61468506    19285.45117188  13214.66015625  
0.42300    338059.03125000 178305.09375000 481793.68750000 661.74737549    19284.41601562  13235.67382812  
0.42400    338476.34375000 178538.06250000 482409.37500000 656.94616699    19281.79882812  13255.33007812  
0.42500    338910.71875000 178789.45312500 483058.34375000 652.23144531    19277.37109375  13273.43554688  
0.42600    339342.81250000 179036.70312500 483707.31250000 647.56512451    19270.56054688  13289.18554688  
0.42700    339813.93750000 179311.70312500 484415.21875000 642.99786377    19262.85546875  13303.83789062  
0.42800    340269.56250000 179581.40625000 485112.12500000 638.47637939    19252.26953125  13315.80859375  
0.42900    340761.93750000 179873.29687500 485867.78125000 634.04827881    19240.75000000  13326.70996094  
0.43000    341241.78125000 180159.67187500 486602.46875000 629.67272949    19226.75000000  13335.08984375  
0.43100    341695.90625000 180431.56250000 487291.40625000 625.36273193    19209.56054688  13340.79589844  
0.43200    342187.75000000 180724.90625000 488051.34375000 621.12451172    19191.64453125  13345.50000000  
0.43300    342652.03125000 181003.79687500 488762.03125000 616.95056152    19170.54492188  13347.41992188  
0.43400    343121.37500000 181286.70312500 489483.75000000 612.82250977    19147.33007812  13347.21777344  
0.43500    343570.75000000 181553.98437500 490175.12500000 608.75585938    19121.42578125  13344.46289062  
0.43600    344039.28125000 181837.92187500 490889.59375000 604.74993896    19094.37500000  13340.44238281  
0.43700    344462.18750000 182089.35937500 491534.81250000 600.78948975    19063.64257812  13332.88671875  
0.43800    344856.71875000 182324.79687500 492139.28125000 596.86486816    19029.90625000  13322.95996094  
0.43900    345254.12500000 182562.54687500 492741.68750000 592.99163818    18994.20117188  13310.93554688  
0.44000    345629.40625000 182784.37500000 493315.03125000 589.15509033    18955.50000000  13296.18652344  
0.44100    345974.68750000 182990.45312500 493838.81250000 585.35766602    18913.93164062  13278.81152344  
0.44200    346303.25000000 183177.65625000 494328.93750000 581.57708740    18869.64453125  13258.83203125  
0.44300    346597.68750000 183349.57812500 494775.68750000 577.83660889    18822.03710938  13236.25195312  
0.44400    346867.31250000 183503.39062500 495173.81250000 574.10876465    18771.61328125  13210.79003906  
0.44500    347064.65625000 183610.12500000 495456.62500000 570.39068604    18716.61914062  13181.68457031  
0.44600    347248.56250000 183707.71875000 495716.50000000 566.69110107    18658.87890625  13150.10839844  
0.44700    347413.18750000 183793.75000000 495948.84375000 563.01446533    18598.51171875  13115.93945312  
0.44800    347508.21875000 183834.65625000 496067.68750000 559.32867432    18533.76953125  13078.32617188  
0.44900    347595.28125000 183868.01562500 496174.68750000 555.65600586    18466.40625000  13038.30175781  
0.45000    347637.78125000 183875.20312500 496212.53125000 551.99084473    18395.74804688  12995.62011719  
0.45100    347605.25000000 183831.23437500 496122.56250000 548.30328369    18320.08398438  12948.64160156  
0.45200    347553.40625000 183777.01562500 496003.59375000 544.62573242    18241.82421875  12899.39648438  
0.45300    347438.90625000 183680.31250000 495784.81250000 540.92932129    18159.27734375  12846.85156250  
0.45400    347289.28125000 183562.57812500 495514.34375000 537.23016357    18073.37304688  12791.58593750  
0.45500    347091.34375000 183414.85937500 495167.96875000 533.51831055    17984.14648438  12733.42480469  
0.45600    346837.43750000 183227.84375000 494724.53125000 529.78912354    17890.62695312  12671.89062500  
0.45700    346543.84375000 183018.12500000 494220.37500000 526.05383301    17793.88867188  12607.72460938  
0.45800    346188.43750000 182765.42187500 493614.09375000 522.30822754    17693.36132812  12540.59472656  
0.45900    345784.31250000 182483.12500000 492928.68750000 518.53723145    17588.95703125  12470.40332031  
0.46000    345356.18750000 182186.54687500 492215.28125000 514.77197266    17482.13867188  12398.46582031  
0.46100    344831.00000000 181830.46875000 491340.65625000 510.96905518    17370.36132812  12322.40820312  
0.46200    344294.03125000 181468.12500000 490457.03125000 507.17111206    17256.36523438  12245.03710938  
0.46300    343696.37500000 181061.39062500 489465.34375000 503.35964966    17138.72265625  12164.49023438  
0.46400    343035.81250000 180619.70312500 488380.21875000 499.53753662    17017.61523438  12081.56933594  
0.46500    342349.56250000 180161.98437500 487253.87500000 495.71240234    16893.92187500  11996.82324219  
0.46600    341600.75000000 179666.76562500 486027.31250000 491.88403320    16767.07421875  11909.56542969  
0.46700    340790.87500000 179133.60937500 484710.59375000 488.04647827    16636.98242188  11820.02832031  
0.46800    339975.06250000 178597.53125000 483382.90625000 484.22265625    16505.27148438  11729.46875000  
0.46900    339078.15625000 178009.84375000 481928.03125000 480.39862061    16369.84570312  11636.24804688  
0.47000    338145.43750000 177401.50000000 480422.15625000 476.58035278    16232.50390625  11541.55957031  
0.47100    337176.56250000 176775.25000000 478858.93750000 472.78262329    16093.39941406  11445.83105469  
0.47200    336167.46875000 176123.04687500 477231.90625000 468.99926758    15952.14257812  11348.81250000  
0.47300    335128.90625000 175457.06250000 475561.28125000 465.23794556    15809.68164062  11250.88476562  
0.47400    334022.46875000 174746.79687500 473785.81250000 461.49298096    15664.36425781  11151.09375000  
0.47500    332903.84375000 174032.31250000 471991.34375000 457.78979492    15518.57714844  11051.40039062  
0.47600    331765.75000000 173309.78125000 470172.15625000 454.12353516    15372.35351562  10951.35937500  
0.47700    330551.62500000 172540.42187500 468233.68750000 450.48495483    15223.21093750  10849.52343750  
0.47800    329328.68750000 171768.51562500 466288.81250000 446.89492798    15074.79003906  10748.37304688  
0.47900    328095.53125000 170994.12500000 464331.03125000 443.36181641    14926.00976562  10647.53808594  
0.48000    326802.43750000 170186.04687500 462279.84375000 439.86859131    14776.17285156  10545.85449219  
0.48100    325534.21875000 169395.51562500 460274.46875000 436.45193481    14627.48339844  10445.54003906  
0.48200    324179.90625000 168557.07812500 458134.43750000 433.07412720    14476.91894531  10344.21093750  
0.48300    322826.12500000 167719.17187500 455998.78125000 429.77316284    14327.61816406  10243.84960938  
0.48400    321467.43750000 166882.15625000 453861.96875000 426.54214478    14179.30761719  10144.86425781  
0.48500    320084.71875000 166036.54687500 451687.59375000 423.38894653    14031.34667969  10046.31347656  
0.48600    318697.37500000 165191.29687500 449521.81250000 420.31600952    13884.94628906  9949.17578125   
0.48700    317289.25000000 164336.73437500 447316.06250000 417.32250977    13739.31542969  9852.96972656   
0.48800    315851.46875000 163465.75000000 445073.21875000 414.40469360    13594.43847656  9757.66699219   
0.48900    314419.34375000 162603.62500000 442841.12500000 411.58288574    13451.42871094  9663.98242188   
0.49000    312983.78125000 161745.71875000 440611.53125000 408.85485840    13310.47949219  9572.06933594   
0.49100    311555.68750000 160895.90625000 438395.96875000 406.22738647    13171.84667969  9482.25488281   
0.49200    310096.62500000 160029.14062500 436139.68750000 403.68423462    13034.08886719  9393.47656250   
0.49300    308648.34375000 159175.15625000 433904.25000000 401.24227905    12899.03906250  9306.80859375   
0.49400    307199.09375000 158324.39062500 431672.43750000 398.90411377    12766.29980469  9222.11035156   
0.49500    305743.28125000 157472.25000000 429437.43750000 396.65905762    12635.69726562  9139.31738281   
0.49600    304307.43750000 156639.62500000 427234.18750000 394.53298950    12508.28222656  9059.08496094   
0.49700    302855.18750000 155800.18750000 425009.18750000 392.49331665    12382.62890625  8980.28808594   
0.49800    301420.53125000 154976.78125000 422824.18750000 390.56863403    12260.31738281  8904.27636719   
0.49900    299974.03125000 154150.25000000 420623.09375000 388.73574829    12139.95703125  8829.94824219   
0.50000    298554.18750000 153344.84375000 418466.50000000 387.01779175    12023.15332031  8758.29101562   
