# SAXS profile: number of points = 501, q_min = 0, q_max = 0.5, delta_q = 0.001
#    q    intensity 
0.00000    162235552.00000000 101202312.00000000 256270480.00000000 111012.46875000 8487769.00000000 6703642.00000000 
0.00100    162203056.00000000 101180928.00000000 256217344.00000000 110980.57031250 8485623.00000000 6701957.50000000 
0.00200    162105296.00000000 101118656.00000000 256059488.00000000 110886.19531250 8479317.00000000 6696978.50000000 
0.00300    161937888.00000000 101014720.00000000 255792640.00000000 110729.87500000 8468768.00000000 6688706.50000000 
0.00400    161701888.00000000 100869952.00000000 255421200.00000000 110510.03906250 8454058.00000000 6677139.50000000 
0.00500    161395568.00000000 100682736.00000000 254946304.00000000 110229.23437500 8435134.00000000 6662313.00000000 
0.00600    161023248.00000000 100453976.00000000 254363040.00000000 109886.81250000 8412118.00000000 6644250.00000000 
0.00700    160586608.00000000 100186528.00000000 253679056.00000000 109483.69531250 8384965.00000000 6622895.00000000 
0.00800    160079152.00000000 99877976.00000000 252892928.00000000 109020.28125000 8353733.00000000 6598487.00000000 
0.00900    159509264.00000000 99530616.00000000 252002224.00000000 108497.64062500 8318510.50000000 6570841.50000000 
0.01000    158878912.00000000 99143568.00000000 251013552.00000000 107916.96093750 8279366.50000000 6540091.50000000 
0.01100    158185888.00000000 98717856.00000000 249925088.00000000 107279.39843750 8236380.50000000 6506349.50000000 
0.01200    157430272.00000000 98253456.00000000 248739920.00000000 106584.94531250 8189508.50000000 6469598.50000000 
0.01300    156612480.00000000 97752168.00000000 247457920.00000000 105836.34375000 8138925.50000000 6429891.00000000 
0.01400    155732864.00000000 97212952.00000000 246082528.00000000 105033.94531250 8084697.50000000 6387317.00000000 
0.01500    154795536.00000000 96637736.00000000 244615600.00000000 104180.14843750 8026884.50000000 6341968.50000000 
0.01600    153801296.00000000 96028488.00000000 243058192.00000000 103275.32812500 7965624.00000000 6293897.00000000 
0.01700    152751920.00000000 95384400.00000000 241413376.00000000 102322.14062500 7900965.50000000 6243135.00000000 
0.01800    151647840.00000000 94706968.00000000 239683456.00000000 101321.71875000 7833033.50000000 6189820.50000000 
0.01900    150490144.00000000 93996536.00000000 237869344.00000000 100274.80468750 7761959.00000000 6133968.00000000 
0.02000    149281216.00000000 93254112.00000000 235975808.00000000 99185.84375000  7687793.50000000 6075786.00000000 
0.02100    148023648.00000000 92482368.00000000 234004080.00000000 98054.92187500  7610708.00000000 6015263.00000000 
0.02200    146716800.00000000 91679840.00000000 231956256.00000000 96883.38281250  7530786.50000000 5952482.00000000 
0.02300    145363552.00000000 90850208.00000000 229836304.00000000 95674.55468750  7448203.50000000 5887606.00000000 
0.02400    143966128.00000000 89992040.00000000 227646752.00000000 94429.85156250  7362974.50000000 5820710.00000000 
0.02500    142526480.00000000 89107256.00000000 225389952.00000000 93151.52343750  7275380.50000000 5751879.50000000 
0.02600    141047504.00000000 88197920.00000000 223069120.00000000 91841.21875000  7185403.50000000 5681226.00000000 
0.02700    139528192.00000000 87264472.00000000 220687552.00000000 90502.22656250  7093280.50000000 5608876.50000000 
0.02800    137972992.00000000 86308224.00000000 218248160.00000000 89136.10937500  6999135.50000000 5534869.50000000 
0.02900    136382400.00000000 85330080.00000000 215755040.00000000 87743.60156250  6903025.00000000 5459369.50000000 
0.03000    134759760.00000000 84332312.00000000 213209024.00000000 86329.28906250  6805149.00000000 5382464.50000000 
0.03100    133106056.00000000 83315256.00000000 210614944.00000000 84894.32812500  6705682.00000000 5304288.50000000 
0.03200    131424088.00000000 82279840.00000000 207976512.00000000 83440.62500000  6604694.00000000 5224937.00000000 
0.03300    129715512.00000000 81228760.00000000 205296432.00000000 81970.28906250  6502356.00000000 5144474.00000000 
0.03400    127983152.00000000 80162008.00000000 202576016.00000000 80485.92968750  6398801.50000000 5063048.00000000 
0.03500    126228352.00000000 79081552.00000000 199821792.00000000 78989.75000000  6294181.00000000 4980768.50000000 
0.03600    124452856.00000000 77987656.00000000 197035104.00000000 77483.21875000  6188640.00000000 4897745.50000000 
0.03700    122659880.00000000 76882984.00000000 194220336.00000000 75969.45312500  6082261.50000000 4814081.50000000 
0.03800    120850848.00000000 75768232.00000000 191378544.00000000 74450.06250000  5975213.50000000 4729880.50000000 
0.03900    119027784.00000000 74644656.00000000 188516544.00000000 72927.20312500  5867681.50000000 4645299.50000000 
0.04000    117192728.00000000 73513000.00000000 185633760.00000000 71402.67968750  5759728.00000000 4560323.50000000 
0.04100    115348472.00000000 72375144.00000000 182736672.00000000 69878.50000000  5651496.50000000 4475198.00000000 
0.04200    113495592.00000000 71232144.00000000 179825088.00000000 68357.04687500  5543164.00000000 4389873.50000000 
0.04300    111637888.00000000 70084128.00000000 176904352.00000000 66839.60937500  5434784.00000000 4304578.50000000 
0.04400    109775216.00000000 68934680.00000000 173977008.00000000 65328.41015625  5326495.50000000 4219342.50000000 
0.04500    107911728.00000000 67782864.00000000 171046512.00000000 63824.55468750  5218488.00000000 4134258.75000000 
0.04600    106046896.00000000 66630204.00000000 168115168.00000000 62330.66796875  5110828.50000000 4049455.50000000 
0.04700    104185328.00000000 65479068.00000000 165187920.00000000 60847.81250000  5003631.50000000 3965001.75000000 
0.04800    102326504.00000000 64329188.00000000 162263728.00000000 59377.78125000  4897007.00000000 3880974.75000000 
0.04900    100473312.00000000 63183008.00000000 159347392.00000000 57921.97265625  4791030.00000000 3797470.25000000 
0.05000    98627248.00000000 62040020.00000000 156442192.00000000 56481.56640625  4685836.00000000 3714567.00000000 
0.05100    96789968.00000000 60902252.00000000 153550736.00000000 55058.48046875  4581586.50000000 3632358.00000000 
0.05200    94962440.00000000 59770256.00000000 150673856.00000000 53653.80468750  4478228.00000000 3550894.00000000 
0.05300    93147376.00000000 58645268.00000000 147816352.00000000 52268.27734375  4375963.50000000 3470239.00000000 
0.05400    91345792.00000000 57528344.00000000 144978064.00000000 50903.58984375  4274892.50000000 3390481.25000000 
0.05500    89558784.00000000 56419904.00000000 142163792.00000000 49560.64843750  4175010.00000000 3311666.75000000 
0.05600    87787864.00000000 55320908.00000000 139373168.00000000 48240.08984375  4076392.75000000 3233865.00000000 
0.05700    86035048.00000000 54232604.00000000 136611632.00000000 46942.96093750  3979196.75000000 3157131.00000000 
0.05800    84300232.00000000 53155228.00000000 133877688.00000000 45670.83203125  3883443.75000000 3081538.75000000 
0.05900    82586040.00000000 52090184.00000000 131174616.00000000 44423.31250000  3789181.00000000 3007100.75000000 
0.06000    80892984.00000000 51037444.00000000 128504392.00000000 43201.52734375  3696482.50000000 2933903.50000000 
0.06100    79221576.00000000 49997828.00000000 125867816.00000000 42005.92187500  3605398.75000000 2861930.75000000 
0.06200    77573512.00000000 48972252.00000000 123268088.00000000 40837.39062500  3515991.00000000 2791251.25000000 
0.06300    75949680.00000000 47961488.00000000 120705280.00000000 39695.62109375  3428259.00000000 2721936.25000000 
0.06400    74350640.00000000 46965112.00000000 118180704.00000000 38581.60937500  3342280.25000000 2653951.50000000 
0.06500    72777120.00000000 45984876.00000000 115696408.00000000 37495.39843750  3258063.75000000 2587371.75000000 
0.06600    71229440.00000000 45020460.00000000 113253752.00000000 36437.21484375  3175645.75000000 2522188.50000000 
0.06700    69710200.00000000 44072260.00000000 110852472.00000000 35407.17578125  3095091.00000000 2458429.00000000 
0.06800    68218432.00000000 43141088.00000000 108494576.00000000 34404.94140625  3016343.00000000 2396136.75000000 
0.06900    66753924.00000000 42226828.00000000 106180576.00000000 33431.34765625  2939468.75000000 2335285.00000000 
0.07000    65318724.00000000 41330468.00000000 103912280.00000000 32485.88867188  2864477.00000000 2275904.00000000 
0.07100    63912320.00000000 40451208.00000000 101688120.00000000 31568.34765625  2791345.25000000 2217995.75000000 
0.07200    62535456.00000000 39590344.00000000 99510336.00000000 30678.63085938  2720131.25000000 2161573.50000000 
0.07300    61188308.00000000 38747412.00000000 97379104.00000000 29816.52343750  2650758.50000000 2106618.25000000 
0.07400    59871148.00000000 37922596.00000000 95294896.00000000 28981.79882812  2583284.25000000 2053144.75000000 
0.07500    58583636.00000000 37116448.00000000 93256792.00000000 28173.73828125  2517671.75000000 2001135.37500000 
0.07600    57326540.00000000 36328700.00000000 91266176.00000000 27392.32421875  2453911.25000000 1950586.87500000 
0.07700    56099512.00000000 35559824.00000000 89323944.00000000 26637.17968750  2392012.75000000 1901478.62500000 
0.07800    54902692.00000000 34808784.00000000 87427584.00000000 25907.62109375  2331923.75000000 1853797.75000000 
0.07900    53736120.00000000 34076380.00000000 85579200.00000000 25203.35351562  2273629.25000000 1807564.50000000 
0.08000    52599096.00000000 33362844.00000000 83777208.00000000 24523.54687500  2217139.50000000 1762710.62500000 
0.08100    51492168.00000000 32667656.00000000 82022544.00000000 23868.03515625  2162382.00000000 1719256.25000000 
0.08200    50414624.00000000 31990332.00000000 80313928.00000000 23235.80468750  2109365.75000000 1677146.25000000 
0.08300    49366368.00000000 31331386.00000000 78651552.00000000 22626.65429688  2058028.00000000 1636367.87500000 
0.08400    48347340.00000000 30690374.00000000 77035280.00000000 22039.48437500  2008346.12500000 1596903.62500000 
0.08500    47356780.00000000 30067218.00000000 75463488.00000000 21474.04101562  1960297.50000000 1558722.25000000 
0.08600    46395164.00000000 29461550.00000000 73936720.00000000 20929.49218750  1913811.37500000 1521780.87500000 
0.08700    45460676.00000000 28873148.00000000 72453528.00000000 20404.92578125  1868904.00000000 1486075.62500000 
0.08800    44553716.00000000 28301672.00000000 71013744.00000000 19900.02734375  1825488.87500000 1451559.12500000 
0.08900    43673820.00000000 27747172.00000000 69616800.00000000 19413.97265625  1783543.37500000 1418187.50000000 
0.09000    42820340.00000000 27208944.00000000 68261208.00000000 18946.01953125  1743016.87500000 1385969.25000000 
0.09100    41992984.00000000 26687004.00000000 66946512.00000000 18495.30664062  1703874.87500000 1354827.50000000 
0.09200    41190796.00000000 26180846.00000000 65671856.00000000 18061.31054688  1666054.37500000 1324745.00000000 
0.09300    40413096.00000000 25690196.00000000 64437012.00000000 17643.38476562  1629550.37500000 1295686.87500000 
0.09400    39659648.00000000 25214512.00000000 63239788.00000000 17240.48437500  1594274.87500000 1267601.12500000 
0.09500    38930016.00000000 24753710.00000000 62079784.00000000 16852.43359375  1560206.62500000 1240486.00000000 
0.09600    38222672.00000000 24307246.00000000 60956080.00000000 16477.99414062  1527291.00000000 1214287.75000000 
0.09700    37538000.00000000 23874490.00000000 59867220.00000000 16116.94042969  1495487.87500000 1188968.87500000 
0.09800    36875116.00000000 23455662.00000000 58813028.00000000 15768.45996094  1464740.75000000 1164490.25000000 
0.09900    36232848.00000000 23049948.00000000 57791588.00000000 15431.76171875  1435024.12500000 1140820.62500000 
0.10000    35610384.00000000 22656854.00000000 56802824.00000000 15106.41308594  1406275.62500000 1117934.37500000 
0.10100    35008340.00000000 22276134.00000000 55844904.00000000 14791.59960938  1378465.50000000 1095771.25000000 
0.10200    34424280.00000000 21907120.00000000 54916924.00000000 14487.03320312  1351530.62500000 1074324.25000000 
0.10300    33858880.00000000 21549818.00000000 54017764.00000000 14191.74023438  1325439.25000000 1053562.75000000 
0.10400    33310772.00000000 21203468.00000000 53146080.00000000 13905.47949219  1300152.62500000 1033417.37500000 
0.10500    32779710.00000000 20867878.00000000 52301796.00000000 13627.59375000  1275638.75000000 1013886.68750000 
0.10600    32264264.00000000 20542410.00000000 51482592.00000000 13357.54882812  1251827.62500000 994933.00000000 
0.10700    31764780.00000000 20226760.00000000 50688200.00000000 13094.81835938  1228699.25000000 976519.56250000 
0.10800    31279560.00000000 19920490.00000000 49917116.00000000 12839.16210938  1206220.62500000 958618.68750000 
0.10900    30808484.00000000 19623250.00000000 49168848.00000000 12589.76171875  1184329.87500000 941204.75000000 
0.11000    30351090.00000000 19334444.00000000 48441880.00000000 12346.51660156  1163026.50000000 924240.68750000 
0.11100    29906318.00000000 19053934.00000000 47735400.00000000 12108.87597656  1142252.37500000 907712.56250000 
0.11200    29473748.00000000 18781256.00000000 47048288.00000000 11876.42968750  1121979.12500000 891582.00000000 
0.11300    29052440.00000000 18515688.00000000 46379432.00000000 11648.99023438  1102182.62500000 875825.31250000 
0.11400    28642312.00000000 18257390.00000000 45728236.00000000 11426.07324219  1082819.00000000 860426.81250000 
0.11500    28242540.00000000 18005758.00000000 45093760.00000000 11207.37695312  1063875.87500000 845354.68750000 
0.11600    27852290.00000000 17760156.00000000 44474816.00000000 10992.72460938  1045301.50000000 830592.12500000 
0.11700    27471402.00000000 17520616.00000000 43870540.00000000 10781.71191406  1027095.87500000 816115.06250000 
0.11800    27098972.00000000 17286574.00000000 43280036.00000000 10574.12207031  1009228.25000000 801903.68750000 
0.11900    26734898.00000000 17057770.00000000 42702708.00000000 10369.88085938  991658.00000000 787945.87500000 
0.12000    26378214.00000000 16833928.00000000 42137664.00000000 10168.50390625  974376.62500000 774211.75000000 
0.12100    26028980.00000000 16614732.00000000 41583936.00000000 9970.16406250   957367.56250000 760695.25000000 
0.12200    25686098.00000000 16399782.00000000 41041280.00000000 9774.40820312   940608.31250000 747382.81250000 
0.12300    25349692.00000000 16188948.00000000 40508696.00000000 9581.26367188   924079.37500000 734255.43750000 
0.12400    25018778.00000000 15981932.00000000 39984992.00000000 9390.42089844   907760.68750000 721297.93750000 
0.12500    24693498.00000000 15778344.00000000 39470176.00000000 9201.95410156   891643.75000000 708498.43750000 
0.12600    24373270.00000000 15577896.00000000 38963524.00000000 9015.65527344   875718.62500000 695853.81250000 
0.12700    24057676.00000000 15380561.00000000 38464284.00000000 8831.44531250   859970.06250000 683347.87500000 
0.12800    23746416.00000000 15186131.00000000 37972112.00000000 8649.26757812   844377.00000000 670970.68750000 
0.12900    23439016.00000000 14994219.00000000 37486208.00000000 8469.13964844   828938.50000000 658717.50000000 
0.13000    23135180.00000000 14804632.00000000 37005992.00000000 8290.90234375   813644.81250000 646582.56250000 
0.13100    22834868.00000000 14617227.00000000 36531616.00000000 8114.58740234   798483.56250000 634551.31250000 
0.13200    22537666.00000000 14431742.00000000 36062160.00000000 7940.12207031   783464.37500000 622624.75000000 
0.13300    22243316.00000000 14248339.00000000 35597400.00000000 7767.47998047   768561.56250000 610801.43750000 
0.13400    21951650.00000000 14066555.00000000 35136388.00000000 7596.75439453   753779.62500000 599073.18750000 
0.13500    21662318.00000000 13886394.00000000 34679944.00000000 7427.85595703   739117.56250000 587432.62500000 
0.13600    21375366.00000000 13707578.00000000 34226912.00000000 7260.85009766   724569.43750000 575887.50000000 
0.13700    21090570.00000000 13530084.00000000 33777060.00000000 7095.70800781   710128.25000000 564426.93750000 
0.13800    20807498.00000000 13353814.00000000 33330292.00000000 6932.44140625   695802.12500000 553056.87500000 
0.13900    20526418.00000000 13178709.00000000 32886446.00000000 6771.08837891   681582.81250000 541769.68750000 
0.14000    20246848.00000000 13004640.00000000 32445154.00000000 6611.70458984   667469.31250000 530570.18750000 
0.14100    19968890.00000000 12831567.00000000 32006344.00000000 6454.29003906   653475.62500000 519462.65625000 
0.14200    19692598.00000000 12659409.00000000 31570016.00000000 6298.88769531   639590.25000000 508435.28125000 
0.14300    19417544.00000000 12488049.00000000 31135616.00000000 6145.47607422   625820.75000000 497502.25000000 
0.14400    19143800.00000000 12317411.00000000 30703416.00000000 5994.16113281   612160.56250000 486656.03125000 
0.14500    18871376.00000000 12147702.00000000 30273306.00000000 5845.01757812   598625.37500000 475903.00000000 
0.14600    18600226.00000000 11978686.00000000 29844952.00000000 5697.93750000   585208.25000000 465247.46875000 
0.14700    18330418.00000000 11810367.00000000 29418766.00000000 5553.09082031   571915.93750000 454690.34375000 
0.14800    18061842.00000000 11642721.00000000 28994098.00000000 5410.44628906   558760.50000000 444228.34375000 
0.14900    17794390.00000000 11475741.00000000 28571474.00000000 5270.05859375   545723.18750000 433874.12500000 
0.15000    17528136.00000000 11309502.00000000 28150650.00000000 5131.95947266   532827.12500000 423624.84375000 
0.15100    17263212.00000000 11143934.00000000 27731504.00000000 4996.19726562   520072.09375000 413485.25000000 
0.15200    16999522.00000000 10979176.00000000 27314610.00000000 4862.80126953   507463.09375000 403460.46875000 
0.15300    16737201.00000000 10815030.00000000 26899716.00000000 4731.79150391   494998.62500000 393550.09375000 
0.15400    16476119.00000000 10651729.00000000 26486584.00000000 4603.12304688   482687.40625000 383755.90625000 
0.15500    16216619.00000000 10489179.00000000 26075746.00000000 4476.98632812   470537.56250000 374090.53125000 
0.15600    15958503.00000000 10327238.00000000 25666872.00000000 4353.23779297   458544.12500000 364548.46875000 
0.15700    15701912.00000000 10166477.00000000 25260454.00000000 4232.00683594   446717.28125000 355139.65625000 
0.15800    15446891.00000000 10006362.00000000 24856196.00000000 4113.23095703   435056.34375000 345855.78125000 
0.15900    15193507.00000000 9847214.00000000 24454668.00000000 3996.99023438   423573.84375000 336712.06250000 
0.16000    14941766.00000000 9689040.00000000 24055404.00000000 3883.23779297   412265.37500000 327706.81250000 
0.16100    14692080.00000000 9531942.00000000 23659254.00000000 3772.08007812   401139.53125000 318848.28125000 
0.16200    14444134.00000000 9375889.00000000 23265632.00000000 3663.41870117   390199.71875000 310129.06250000 
0.16300    14198132.00000000 9220892.00000000 22875070.00000000 3557.29052734   379442.87500000 301558.25000000 
0.16400    13954271.00000000 9066989.00000000 22487594.00000000 3453.72314453   368879.28125000 293139.68750000 
0.16500    13712400.00000000 8914363.00000000 22103300.00000000 3352.70458984   358507.96875000 284872.87500000 
0.16600    13472839.00000000 8763025.00000000 21722098.00000000 3254.22290039   348335.71875000 276761.90625000 
0.16700    13235462.00000000 8612878.00000000 21344676.00000000 3158.22583008   338359.43750000 268805.34375000 
0.16800    13000434.00000000 8464178.00000000 20970694.00000000 3064.76782227   328583.12500000 261006.28125000 
0.16900    12768006.00000000 8316913.00000000 20600572.00000000 2973.84301758   319011.78125000 253371.43750000 
0.17000    12537945.00000000 8171006.50000000 20234250.00000000 2885.42187500   309641.84375000 245895.95312500 
0.17100    12310568.00000000 8026696.50000000 19871748.00000000 2799.45410156   300480.21875000 238581.98437500 
0.17200    12085848.00000000 7883935.00000000 19513554.00000000 2715.96240234   291525.25000000 231432.01562500 
0.17300    11863895.00000000 7742775.00000000 19159538.00000000 2634.92187500   282776.96875000 224446.32812500 
0.17400    11644777.00000000 7603323.50000000 18809686.00000000 2556.32958984   274237.46875000 217625.51562500 
0.17500    11428380.00000000 7465485.00000000 18464328.00000000 2480.10888672   265906.90625000 210970.25000000 
0.17600    11215054.00000000 7329385.50000000 18123504.00000000 2406.29345703   257781.78125000 204477.34375000 
0.17700    11004830.00000000 7195124.00000000 17787292.00000000 2334.80883789   249869.50000000 198152.31250000 
0.17800    10797463.00000000 7062618.50000000 17455926.00000000 2265.66650391   242158.68750000 191987.68750000 
0.17900    10593330.00000000 6931991.00000000 17129258.00000000 2198.82983398   234659.96875000 185991.00000000 
0.18000    10392315.00000000 6803303.00000000 16807560.00000000 2134.25415039   227364.68750000 180155.98437500 
0.18100    10194673.00000000 6676544.00000000 16490833.00000000 2072.00781250   220278.75000000 174484.29687500 
0.18200    10000073.00000000 6551637.50000000 16179093.00000000 2011.87536621   213387.73437500 168971.07812500 
0.18300    9808863.00000000 6428769.50000000 15872395.00000000 1953.96142578   206701.42187500 163618.45312500 
0.18400    9620915.00000000 6307886.50000000 15570902.00000000 1898.19396973   200213.67187500 158422.93750000 
0.18500    9436358.00000000 6188979.00000000 15274660.00000000 1844.55712891   193923.78125000 153384.60937500 
0.18600    9255134.00000000 6072187.50000000 14983561.00000000 1792.98352051   187828.31250000 148500.98437500 
0.18700    9077256.00000000 5957391.00000000 14697765.00000000 1743.46752930   181925.34375000 143769.95312500 
0.18800    8902733.00000000 5844659.00000000 14417190.00000000 1695.95410156   176209.46875000 139187.12500000 
0.18900    8731737.00000000 5734033.50000000 14142097.00000000 1650.45288086   170683.12500000 134755.15625000 
0.19000    8563999.00000000 5625412.00000000 13872013.00000000 1606.82751465   165333.70312500 130464.35156250 
0.19100    8399748.00000000 5518961.00000000 13607607.00000000 1565.18908691   160172.98437500 126321.16406250 
0.19200    8238845.50000000 5414530.50000000 13348339.00000000 1525.34497070   155180.15625000 122313.86718750 
0.19300    8081375.50000000 5312252.00000000 13094398.00000000 1487.37573242   150366.09375000 118447.39062500 
0.19400    7927245.50000000 5211949.50000000 12845757.00000000 1451.15832520   145717.18750000 114712.04687500 
0.19500    7776460.00000000 5113793.50000000 12602403.00000000 1416.69592285   141235.10937500 111109.41406250 
0.19600    7629046.50000000 5017647.00000000 12364289.00000000 1383.95007324   136913.17187500 107634.31250000 
0.19700    7484833.00000000 4923546.00000000 12131274.00000000 1352.88964844   132748.56250000 104284.28125000 
0.19800    7343963.50000000 4831461.50000000 11903425.00000000 1323.41735840   128735.59375000 101055.46875000 
0.19900    7206338.00000000 4741416.00000000 11680722.00000000 1295.58642578   124875.49218750 97946.67187500  
0.20000    7071873.50000000 4653339.50000000 11463023.00000000 1269.24084473   121155.37500000 94950.46093750  
0.20100    6940586.00000000 4567242.00000000 11250364.00000000 1244.42016602   117578.96875000 92067.75781250  
0.20200    6812314.00000000 4483054.50000000 11042499.00000000 1221.05505371   114136.10156250 89291.27343750  
0.20300    6687264.00000000 4400797.00000000 10839629.00000000 1199.11889648   110825.96875000 86621.87500000  
0.20400    6565099.00000000 4320441.00000000 10641426.00000000 1178.54492188   107642.80468750 84051.58593750  
0.20500    6445934.00000000 4241937.50000000 10447962.00000000 1159.30224609   104583.40625000 81579.47656250  
0.20600    6329608.00000000 4165251.50000000 10258955.00000000 1141.32946777   101640.36718750 79200.27343750  
0.20700    6216173.50000000 4090372.75000000 10074628.00000000 1124.61389160   98811.93750000  76913.44531250  
0.20800    6105489.00000000 4017179.50000000 9894645.00000000 1109.07873535   96092.70312500  74712.17968750  
0.20900    5997589.00000000 3945817.25000000 9719072.00000000 1094.73217773   93482.62500000  72597.85937500  
0.21000    5892252.50000000 3876055.50000000 9547601.00000000 1081.43884277   90968.22656250  70560.89062500  
0.21100    5789541.00000000 3807942.25000000 9380273.00000000 1069.24291992   88552.90625000  68601.78125000  
0.21200    5689341.00000000 3741476.50000000 9216978.00000000 1058.03869629   86227.92187500  66715.53125000  
0.21300    5591574.50000000 3676508.50000000 9057543.00000000 1047.81347656   83991.83593750  64898.94531250  
0.21400    5496238.00000000 3613077.25000000 8901991.00000000 1038.50512695   81840.60156250  63150.89453125  
0.21500    5403193.00000000 3551180.25000000 8750173.00000000 1030.10290527   79770.89843750  61466.90234375  
0.21600    5312325.00000000 3490662.75000000 8601795.00000000 1022.50201416   77773.91406250  59841.18750000  
0.21700    5223686.50000000 3431539.25000000 8457001.00000000 1015.70019531   75850.51562500  58275.08203125  
0.21800    5137092.00000000 3373794.50000000 8315524.50000000 1009.64031982   73994.54687500  56762.03125000  
0.21900    5052510.50000000 3317296.75000000 8177232.50000000 1004.27630615   72201.81250000  55300.12109375  
0.22000    4969886.50000000 3262096.25000000 8042110.50000000 999.56677246    70471.03125000  53886.84375000  
0.22100    4889197.50000000 3208132.00000000 7910141.50000000 995.47351074    68800.07031250  52521.16406250  
0.22200    4810292.00000000 3155343.00000000 7780975.50000000 991.95947266    67181.71875000  51197.37500000  
0.22300    4733044.00000000 3103664.25000000 7654661.00000000 988.94952393    65612.52343750  49913.49609375  
0.22400    4657537.00000000 3053069.75000000 7530940.00000000 986.42327881    64090.03515625  48668.23437500  
0.22500    4583659.00000000 3003587.00000000 7409933.50000000 984.39312744    62615.72265625  47460.29687500  
0.22600    4511223.50000000 2955013.75000000 7291356.50000000 982.71734619    61180.48046875  46283.51562500  
0.22700    4440366.00000000 2907490.75000000 7175228.50000000 981.44671631    59785.41406250  45139.46484375  
0.22800    4370847.00000000 2860866.50000000 7061333.00000000 980.47705078    58424.86328125  44023.26171875  
0.22900    4302632.50000000 2815105.25000000 6949565.00000000 979.81372070    57098.00390625  42934.26953125  
0.23000    4235757.00000000 2770229.75000000 6839945.00000000 979.40374756    55803.19140625  41871.11328125  
0.23100    4170088.00000000 2726164.50000000 6732361.00000000 979.22760010    54537.58984375  40830.84765625  
0.23200    4105551.00000000 2682843.50000000 6626578.00000000 979.23211670    53296.74609375  39812.35937500  
0.23300    4042138.25000000 2640311.50000000 6522607.50000000 979.40258789    52081.77734375  38813.46875000  
0.23400    3979755.25000000 2598461.00000000 6420424.00000000 979.72576904    50890.77734375  37833.94140625  
0.23500    3918338.25000000 2557252.50000000 6319777.50000000 980.10845947    49717.39453125  36869.69140625  
0.23600    3857905.00000000 2516724.75000000 6220770.50000000 980.60705566    48565.77734375  35922.93359375  
0.23700    3798345.25000000 2476804.00000000 6123218.50000000 981.14642334    47432.49218750  34991.07421875  
0.23800    3739674.25000000 2437478.00000000 6027116.00000000 981.71771240    46315.34765625  34072.92578125  
0.23900    3681794.00000000 2398684.25000000 5932336.00000000 982.28338623    45212.76953125  33166.12500000  
0.24000    3624655.00000000 2360438.00000000 5838779.50000000 982.84826660    44124.59375000  32272.08984375  
0.24100    3568278.00000000 2322696.50000000 5746563.00000000 983.41046143    43052.21484375  31390.74414062  
0.24200    3512589.25000000 2285450.25000000 5655407.00000000 983.90020752    41990.98046875  30518.51562500  
0.24300    3457547.50000000 2248654.00000000 5565340.50000000 984.32781982    40941.39843750  29656.29882812  
0.24400    3403132.25000000 2212273.50000000 5476387.50000000 984.68737793    39903.33593750  28803.29492188  
0.24500    3349309.75000000 2176328.75000000 5388397.50000000 984.95043945    38875.04687500  27959.08007812  
0.24600    3296073.75000000 2140791.25000000 5301356.50000000 985.13671875    37857.54296875  27124.26367188  
0.24700    3243369.00000000 2105669.50000000 5215304.00000000 985.21484375    36850.86328125  26297.94531250  
0.24800    3191184.25000000 2070892.87500000 5130087.50000000 985.18554688    35853.52343750  25479.52539062  
0.24900    3139478.75000000 2036461.50000000 5045647.50000000 985.03436279    34865.41406250  24669.37109375  
0.25000    3088289.25000000 2002380.00000000 4962120.50000000 984.77459717    33887.19921875  23867.50195312  
0.25100    3037529.25000000 1968624.50000000 4879293.50000000 984.37231445    32918.21093750  23073.25195312  
0.25200    2987273.25000000 1935227.00000000 4797359.50000000 983.87524414    31961.13476562  22289.34765625  
0.25300    2937427.75000000 1902133.75000000 4716094.00000000 983.24865723    31012.71289062  21512.38281250  
0.25400    2888021.50000000 1869335.37500000 4635591.50000000 982.51690674    30075.27148438  20745.06250000  
0.25500    2838991.75000000 1836836.50000000 4555764.00000000 981.65319824    29148.19335938  19986.09179688  
0.25600    2790420.75000000 1804656.75000000 4476653.00000000 980.68157959    28232.22460938  19236.75390625  
0.25700    2742256.00000000 1772745.75000000 4398177.50000000 979.59576416    27327.87695312  18496.87304688  
0.25800    2694475.00000000 1741133.12500000 4320484.50000000 978.41900635    26435.91015625  17767.56835938  
0.25900    2647094.75000000 1709814.75000000 4243438.50000000 977.14532471    25556.48632812  17048.80859375  
0.26000    2600133.25000000 1678786.25000000 4167055.75000000 975.78723145    24690.36718750  16341.02050781  
0.26100    2553548.50000000 1648010.87500000 4091313.50000000 974.34472656    23836.83203125  15643.56738281  
0.26200    2507416.75000000 1617559.12500000 4016357.25000000 972.84405518    22999.44531250  14959.62304688  
0.26300    2461627.75000000 1587366.62500000 3941974.25000000 971.25671387    22175.05859375  14286.19531250  
0.26400    2416275.75000000 1557466.75000000 3868351.25000000 969.62200928    21367.29492188  13626.82031250  
0.26500    2371391.50000000 1527868.75000000 3795381.25000000 967.94635010    20575.69335938  12980.40722656  
0.26600    2326867.25000000 1498550.50000000 3723124.75000000 966.24249268    19800.64257812  12347.62109375  
0.26700    2282800.50000000 1469531.37500000 3651614.75000000 964.51550293    19043.13476562  11729.67089844  
0.26800    2239171.25000000 1440833.75000000 3580820.25000000 962.76843262    18304.16992188  11126.79882812  
0.26900    2195979.00000000 1412418.75000000 3510735.75000000 960.99603271    17582.72656250  10538.30664062  
0.27000    2153232.75000000 1384330.75000000 3441449.00000000 959.24395752    16881.05468750  9966.16992188   
0.27100    2110957.50000000 1356545.62500000 3372873.00000000 957.49468994    16198.60937500  9409.61035156   
0.27200    2069214.50000000 1329105.87500000 3305198.50000000 955.78381348    15538.36328125  8871.04199219   
0.27300    2027896.37500000 1301970.75000000 3238204.50000000 954.07806396    14896.37500000  8348.13281250   
0.27400    1987010.00000000 1275130.37500000 3171953.75000000 952.38336182    14274.29785156  7841.17578125   
0.27500    1946728.37500000 1248688.87500000 3106656.75000000 950.77154541    13676.81933594  7354.25634766   
0.27600    1906877.50000000 1222528.25000000 3042069.50000000 949.17083740    13098.14257812  6883.10302734   
0.27700    1867573.00000000 1196765.87500000 2978441.25000000 947.65057373    12544.01171875  6431.58593750   
0.27800    1828835.87500000 1171322.87500000 2915626.75000000 946.17572021    12011.05664062  5997.47851562   
0.27900    1790600.75000000 1146247.37500000 2853713.50000000 944.76983643    11501.07714844  5582.57128906   
0.28000    1752906.37500000 1121537.25000000 2792665.25000000 943.42089844    11013.44628906  5186.03271484   
0.28100    1715785.75000000 1097189.25000000 2732510.00000000 942.13690186    10548.43359375  4807.91064453   
0.28200    1679244.12500000 1073223.62500000 2673312.75000000 940.92993164    10107.01464844  4449.21923828   
0.28300    1643257.50000000 1049630.00000000 2615027.25000000 939.78698730    9688.51367188   4109.17578125   
0.28400    1607817.62500000 1026397.62500000 2557663.00000000 938.71551514    9291.83593750   3787.41113281   
0.28500    1573014.37500000 1003576.31250000 2501278.00000000 937.72802734    8919.29980469   3485.49780273   
0.28600    1538757.50000000 981117.00000000 2445820.00000000 936.79925537    8567.97070312   3201.06347656   
0.28700    1505138.50000000 959070.50000000 2391327.00000000 935.93933105    8239.62597656   2935.59716797   
0.28800    1472073.00000000 937388.06250000 2337795.75000000 935.14447021    7933.23144531   2688.26586914   
0.28900    1439654.75000000 916139.81250000 2285318.50000000 934.42333984    7649.07031250   2459.51074219   
0.29000    1407819.25000000 895261.00000000 2233729.50000000 933.75341797    7385.72607422   2247.88427734   
0.29100    1376617.25000000 874806.81250000 2183215.75000000 933.14227295    7144.38574219   2054.55590820   
0.29200    1346011.62500000 854725.31250000 2133623.25000000 932.58581543    6923.19921875   1878.03417969   
0.29300    1316039.12500000 835071.43750000 2085075.75000000 932.08306885    6722.86767578   1719.00061035   
0.29400    1286631.75000000 815795.81250000 2037473.62500000 931.59954834    6540.32910156   1574.83898926   
0.29500    1257891.37500000 796938.00000000 1990923.37500000 931.17486572    6379.01855469   1448.25207520   
0.29600    1229735.62500000 778465.68750000 1945307.37500000 930.76330566    6234.82080078   1336.36608887   
0.29700    1202170.00000000 760390.87500000 1900662.00000000 930.37377930    6108.53076172   1239.13220215   
0.29800    1175252.37500000 742719.93750000 1857061.50000000 930.01306152    6000.20312500   1157.29321289   
0.29900    1148918.00000000 725461.31250000 1814426.00000000 929.65570068    5908.66455078   1089.63916016   
0.30000    1123180.12500000 708565.31250000 1772716.50000000 929.29272461    5832.03515625   1034.66589355   
0.30100    1098061.50000000 692085.00000000 1732031.50000000 928.94409180    5771.75146484   993.62005615    
0.30200    1073496.75000000 675965.18750000 1692241.37500000 928.56512451    5724.83593750   963.84783936    
0.30300    1049550.75000000 660249.56250000 1653452.37500000 928.18927002    5692.56689453   946.81573486    
0.30400    1026180.50000000 644916.43750000 1615598.62500000 927.79107666    5673.59033203   941.06365967    
0.30500    1003362.18750000 629941.56250000 1578633.37500000 927.34741211    5665.87304688   945.14221191    
0.30600    981101.43750000 615331.87500000 1542571.25000000 926.86694336    5669.91113281   959.42254639    
0.30700    959425.62500000 601108.37500000 1507474.75000000 926.36492920    5686.14257812   984.16046143    
0.30800    938276.87500000 587222.12500000 1473203.25000000 925.80175781    5711.12255859   1016.67175293   
0.30900    917679.93750000 573705.31250000 1439862.50000000 925.20489502    5746.85156250   1058.37280273   
0.31000    897610.43750000 560541.12500000 1407365.50000000 924.54248047    5790.78417969   1107.56909180   
0.31100    878050.12500000 547708.37500000 1375689.50000000 923.82354736    5842.65869141   1163.65710449   
0.31200    859017.68750000 535213.68750000 1344858.75000000 923.04650879    5902.12646484   1226.80029297   
0.31300    840469.62500000 523052.87500000 1314850.75000000 922.20935059    5968.35644531   1295.84643555   
0.31400    822441.12500000 511228.50000000 1285656.37500000 921.30596924    6041.55029297   1370.96728516   
0.31500    804863.56250000 499710.56250000 1257211.87500000 920.32464600    6119.43261719   1450.65136719   
0.31600    787775.37500000 488505.03125000 1229564.75000000 919.28894043    6202.81591797   1535.46679688   
0.31700    771152.06250000 477606.15625000 1202649.62500000 918.18847656    6291.25585938   1624.73376465   
0.31800    754968.56250000 466999.31250000 1176461.00000000 917.00622559    6382.47119141   1716.75573730   
0.31900    739245.68750000 456696.31250000 1151033.62500000 915.77642822    6478.83447266   1813.46447754   
0.32000    723942.12500000 446671.06250000 1126268.25000000 914.46807861    6577.52832031   1912.45947266   
0.32100    709049.06250000 436922.81250000 1102195.00000000 913.11389160    6679.34960938   2014.25366211   
0.32200    694596.31250000 427458.40625000 1078816.87500000 911.69030762    6783.75830078   2118.74414062   
0.32300    680496.37500000 418231.03125000 1056037.25000000 910.20855713    6889.33837891   2224.57031250   
0.32400    666798.81250000 409275.62500000 1033902.87500000 908.67553711    6996.99267578   2332.39160156   
0.32500    653487.31250000 400566.25000000 1012387.81250000 907.09130859    7106.10400391   2441.32055664   
0.32600    640545.75000000 392103.12500000 991473.25000000 905.46185303    7216.78320312   2551.86987305   
0.32700    627961.06250000 383882.15625000 971148.50000000 903.80267334    7328.52587891   2663.58715820   
0.32800    615747.50000000 375906.59375000 951437.12500000 902.11193848    7441.71679688   2776.57177734   
0.32900    603849.00000000 368137.59375000 932224.12500000 900.38354492    7554.85449219   2889.70727539   
0.33000    592310.93750000 360602.40625000 913597.43750000 898.64300537    7669.45898438   3003.96093750   
0.33100    581047.87500000 353251.12500000 895415.06250000 896.87036133    7783.40429688   3117.69165039   
0.33200    570155.12500000 346150.34375000 877849.93750000 895.10900879    7900.08886719   3233.53515625   
0.33300    559553.12500000 339230.50000000 860734.06250000 893.33642578    8016.03906250   3348.82568359   
0.33400    549254.00000000 332519.96875000 844135.12500000 891.56958008    8133.19433594   3464.98583984   
0.33500    539238.31250000 325989.84375000 827982.93750000 889.80859375    8250.54101562   3581.05151367   
0.33600    529513.25000000 319651.81250000 812301.75000000 888.05175781    8368.52636719   3697.42919922   
0.33700    520061.37500000 313493.62500000 797059.00000000 886.33740234    8487.26660156   3814.44262695   
0.33800    510897.18750000 307527.06250000 782292.18750000 884.63842773    8607.56738281   3932.22070312   
0.33900    501979.34375000 301716.37500000 767913.68750000 882.97113037    8728.09960938   4049.68261719   
0.34000    493332.90625000 296082.78125000 753967.12500000 881.34942627    8849.66699219   4167.91894531   
0.34100    484936.59375000 290613.56250000 740436.06250000 879.76440430    8972.81738281   4286.66357422   
0.34200    476824.65625000 285327.78125000 727356.12500000 878.23791504    9098.36523438   4407.08154297   
0.34300    468911.62500000 280169.68750000 714602.18750000 876.73760986    9223.89648438   4527.30859375   
0.34400    461283.90625000 275199.12500000 702293.81250000 875.32952881    9352.55371094   4649.12353516   
0.34500    453862.25000000 270356.00000000 690327.31250000 873.95812988    9482.22363281   4771.68408203   
0.34600    446710.87500000 265691.43750000 678788.93750000 872.65917969    9615.17968750   4895.96630859   
0.34700    439737.81250000 261137.28125000 667530.37500000 871.41284180    9748.73828125   5020.26171875   
0.34800    433018.90625000 256745.17187500 656677.50000000 870.23168945    9885.07128906   5146.29541016   
0.34900    426517.96875000 252493.84375000 646181.81250000 869.12329102    10024.21777344  5273.96826172   
0.35000    420230.56250000 248378.06250000 636018.31250000 868.07434082    10165.50195312  5402.63769531   
0.35100    414181.81250000 244411.78125000 626232.75000000 867.09484863    10310.48828125  5533.91406250   
0.35200    408297.43750000 240549.65625000 616714.56250000 866.16961670    10456.85058594  5665.31250000   
0.35300    402642.68750000 236830.34375000 607548.25000000 865.30432129    10606.27636719  5798.71093750   
0.35400    397207.90625000 233249.67187500 598735.81250000 864.50878906    10759.37011719  5934.25146484   
0.35500    391965.78125000 229789.28125000 590224.81250000 863.75805664    10915.03125000  6071.41503906   
0.35600    386908.78125000 226442.65625000 582003.50000000 863.05999756    11073.28906250  6209.85742188   
0.35700    382057.93750000 223223.81250000 574108.43750000 862.40899658    11234.98339844  6350.37402344   
0.35800    377411.53125000 220135.14062500 566542.75000000 861.79376221    11399.78613281  6492.80664062   
0.35900    372952.18750000 217159.51562500 559264.00000000 861.22131348    11567.64746094  6636.90185547   
0.36000    368700.71875000 214312.68750000 552311.25000000 860.68353271    11738.78027344  6783.24951172   
0.36100    364606.18750000 211561.06250000 545604.18750000 860.15795898    11912.04394531  6930.45800781   
0.36200    360743.75000000 208954.57812500 539266.93750000 859.65740967    12089.70410156  7080.62255859   
0.36300    357016.40625000 206426.78125000 533126.62500000 859.14831543    12268.22949219  7231.12841797   
0.36400    353472.75000000 204011.18750000 527280.93750000 858.63891602    12449.22070312  7382.93798828   
0.36500    350105.65625000 201704.45312500 521700.81250000 858.11633301    12632.88671875  7536.30761719   
0.36600    346938.53125000 199521.75000000 516441.96875000 857.59503174    12819.93457031  7691.71142578   
0.36700    343912.96875000 197420.26562500 511396.34375000 857.01629639    13007.02050781  7846.92871094   
0.36800    341098.96875000 195451.25000000 506691.81250000 856.42510986    13198.23535156  8004.63476562   
0.36900    338436.78125000 193572.04687500 502215.56250000 855.78192139    13390.39843750  8162.86425781   
0.37000    335899.00000000 191770.81250000 497932.43750000 855.06396484    13581.90722656  8320.25097656   
0.37100    333536.28125000 190069.57812500 493918.00000000 854.27825928    13775.37597656  8478.62695312   
0.37200    331358.37500000 188484.51562500 490194.00000000 853.43286133    13970.50097656  8637.97949219   
0.37300    329306.18750000 186974.07812500 486663.09375000 852.48474121    14164.95800781  8796.39160156   
0.37400    327422.81250000 185564.51562500 483398.28125000 851.46002197    14360.46777344  8955.47363281   
0.37500    325689.12500000 184242.54687500 480356.28125000 850.32470703    14555.81054688  9114.10449219   
0.37600    324094.81250000 183010.62500000 477539.46875000 849.07690430    14750.20996094  9271.54492188   
0.37700    322627.93750000 181849.45312500 474906.87500000 847.69116211    14943.22167969  9427.92871094   
0.37800    321306.21875000 180777.35937500 472505.53125000 846.18847656    15135.33496094  9583.37109375   
0.37900    320140.50000000 179798.00000000 470349.12500000 844.55120850    15326.84472656  9738.11035156   
0.38000    319077.84375000 178880.95312500 468351.25000000 842.76159668    15515.47753906  9890.34179688   
0.38100    318127.87500000 178030.96875000 466523.15625000 840.81280518    15701.24218750  10040.25292969  
0.38200    317323.06250000 177267.57812500 464921.84375000 838.71667480    15885.37500000  10189.00000000  
0.38300    316611.06250000 176559.50000000 463460.87500000 836.44622803    16065.63476562  10334.22656250  
0.38400    316040.53125000 175938.87500000 462225.18750000 834.00982666    16243.57421875  10477.77636719  
0.38500    315545.87500000 175361.40625000 461102.12500000 831.40020752    16416.66992188  10617.49707031  
0.38600    315194.40625000 174869.78125000 460192.56250000 828.62878418    16586.96679688  10755.11718750  
0.38700    314900.59375000 174412.89062500 459379.37500000 825.65765381    16751.78710938  10888.14160156  
0.38800    314714.34375000 174020.00000000 458734.28125000 822.51348877    16912.30859375  11018.08105469  
0.38900    314614.31250000 173675.20312500 458219.21875000 819.18170166    17067.52929688  11143.74023438  
0.39000    314633.46875000 173406.39062500 457883.71875000 815.67486572    17218.43750000  11266.31152344  
0.39100    314708.50000000 173169.51562500 457636.37500000 811.98260498    17363.24804688  11384.06250000  
0.39200    314869.75000000 172985.35937500 457526.46875000 808.11560059    17502.65820312  11497.60546875  
0.39300    315094.34375000 172838.04687500 457512.40625000 804.05883789    17635.51757812  11606.23242188  
0.39400    315421.84375000 172749.95312500 457656.68750000 799.83959961    17763.13085938  11710.93750000  
0.39500    315775.40625000 172680.84375000 457841.62500000 795.43194580    17883.20898438  11809.79296875  
0.39600    316199.12500000 172654.64062500 458127.46875000 790.86450195    17997.08203125  11904.00976562  
0.39700    316674.40625000 172656.17187500 458502.12500000 786.13116455    18104.08398438  11992.92382812  
0.39800    317218.15625000 172702.50000000 458983.28125000 781.24139404    18204.97460938  12077.22656250  
0.39900    317801.40625000 172769.32812500 459512.15625000 776.20184326    18298.36523438  12155.88574219  
0.40000    318428.31250000 172863.17187500 460112.71875000 771.01855469    18384.80859375  12229.29687500  
0.40100    319091.87500000 172976.81250000 460770.34375000 765.69897461    18463.61718750  12296.94531250  
0.40200    319807.71875000 173127.84375000 461511.93750000 760.25341797    18536.09765625  12359.87988281  
0.40300    320531.68750000 173280.54687500 462268.50000000 754.68151855    18600.62890625  12416.69628906  
0.40400    321302.12500000 173461.29687500 463089.90625000 749.00689697    18658.58398438  12468.79199219  
0.40500    322094.84375000 173657.82812500 463949.03125000 743.23034668    18708.90039062  12515.22167969  
0.40600    322925.87500000 173876.98437500 464866.09375000 737.38128662    18753.48828125  12557.06640625  
0.40700    323762.53125000 174096.96875000 465791.09375000 731.44232178    18789.94140625  12593.12109375  
0.40800    324611.62500000 174327.48437500 466737.09375000 725.43402100    18819.65429688  12623.85156250  
0.40900    325472.03125000 174567.23437500 467700.53125000 719.36444092    18842.24414062  12649.50000000  
0.41000    326369.53125000 174824.14062500 468714.78125000 713.26788330    18859.17382812  12671.05859375  
0.41100    327248.34375000 175079.56250000 469714.21875000 707.13317871    18868.80468750  12686.97265625  
0.41200    328130.46875000 175329.35937500 470707.21875000 700.96575928    18871.75390625  12698.07324219  
0.41300    329038.15625000 175597.21875000 471733.37500000 694.80065918    18869.48828125  12705.19921875  
0.41400    329924.21875000 175855.45312500 472737.90625000 688.63031006    18860.58398438  12707.59472656  
0.41500    330828.06250000 176124.45312500 473766.15625000 682.48376465    18846.68359375  12706.00976562  
0.41600    331691.78125000 176372.25000000 474739.21875000 676.34179688    18826.00195312  12699.69433594  
0.41700    332584.28125000 176635.42187500 475753.62500000 670.25299072    18801.15234375  12690.26367188  
0.41800    333487.59375000 176908.79687500 476784.71875000 664.21942139    18771.76953125  12677.82226562  
0.41900    334321.37500000 177136.56250000 477705.00000000 658.21282959    18735.63867188  12660.00585938  
0.42000    335184.12500000 177388.45312500 478670.93750000 652.29199219    18696.43750000  12640.30859375  
0.42100    336038.87500000 177640.45312500 479639.46875000 646.44598389    18653.14062500  12617.69140625  
0.42200    336881.34375000 177879.18750000 480572.06250000 640.69158936    18605.70898438  12592.07421875  
0.42300    337683.46875000 178100.98437500 481456.43750000 635.02294922    18553.93359375  12563.21191406  
0.42400    338482.40625000 178319.12500000 482330.12500000 629.45800781    18499.04687500  12532.28613281  
0.42500    339266.46875000 178532.65625000 483184.18750000 624.00299072    18441.07031250  12499.39550781  
0.42600    340013.15625000 178725.43750000 483983.78125000 618.66015625    18379.63867188  12463.93164062  
0.42700    340773.65625000 178929.45312500 484808.31250000 613.45629883    18316.74023438  12427.57324219  
0.42800    341489.28125000 179107.85937500 485557.71875000 608.36956787    18250.45898438  12389.02832031  
0.42900    342213.40625000 179294.73437500 486332.71875000 603.43041992    18183.08398438  12349.75585938  
0.43000    342896.90625000 179462.65625000 487047.84375000 598.62286377    18113.60546875  12309.09570312  
0.43100    343537.71875000 179604.12500000 487687.84375000 593.94653320    18041.40820312  12266.61718750  
0.43200    344189.43750000 179757.59375000 488357.71875000 589.43035889    17969.33789062  12224.46093750  
0.43300    344799.56250000 179889.84375000 488962.90625000 585.05664062    17895.06445312  12180.95019531  
0.43400    345394.40625000 180016.28125000 489550.71875000 580.83319092    17820.20898438  12137.33496094  
0.43500    345953.59375000 180125.85937500 490089.21875000 576.75866699    17744.67382812  12093.31738281  
0.43600    346527.06250000 180245.93750000 490647.65625000 572.84735107    17669.61523438  12049.99121094  
0.43700    347035.46875000 180332.68750000 491110.68750000 569.07623291    17593.01562500  12005.83789062  
0.43800    347516.53125000 180407.20312500 491544.18750000 565.44989014    17516.05468750  11961.63867188  
0.43900    347989.93750000 180480.34375000 491960.81250000 561.97418213    17439.61328125  11918.14648438  
0.44000    348437.28125000 180544.37500000 492354.62500000 558.64733887    17363.55664062  11875.21875000  
0.44100    348860.81250000 180596.56250000 492708.31250000 555.46527100    17287.51953125  11832.52343750  
0.44200    349258.78125000 180642.01562500 493028.18750000 552.41479492    17212.16796875  11790.65625000  
0.44300    349628.50000000 180676.25000000 493316.15625000 549.50616455    17137.22656250  11749.37109375  
0.44400    349984.03125000 180705.54687500 493586.15625000 546.73242188    17063.09570312  11709.07226562  
0.44500    350271.81250000 180697.78125000 493754.46875000 544.05584717    16988.36718750  11668.44140625  
0.44600    350551.81250000 180692.18750000 493919.87500000 541.51379395    16914.89648438  11629.04492188  
0.44700    350827.00000000 180691.57812500 494087.28125000 539.08990479    16842.72656250  11591.09863281  
0.44800    351048.12500000 180661.26562500 494169.93750000 536.77014160    16770.72851562  11553.34667969  
0.44900    351268.40625000 180638.37500000 494264.81250000 534.55786133    16700.25000000  11517.10937500  
0.45000    351463.93750000 180608.20312500 494332.06250000 532.44207764    16630.82031250  11481.99218750  
0.45100    351595.25000000 180545.43750000 494306.03125000 530.39703369    16560.93554688  11446.55175781  
0.45200    351727.62500000 180488.70312500 494284.43750000 528.44177246    16492.55078125  11412.89355469  
0.45300    351813.00000000 180410.35937500 494205.50000000 526.55609131    16424.66796875  11379.50878906  
0.45400    351887.59375000 180332.26562500 494113.18750000 524.73699951    16357.76171875  11347.12207031  
0.45500    351928.28125000 180244.84375000 493984.87500000 522.98205566    16291.57519531  11315.64355469  
0.45600    351934.78125000 180138.51562500 493804.78125000 521.25958252    16225.54003906  11284.48828125  
0.45700    351916.71875000 180033.45312500 493607.87500000 519.59771729    16160.57812500  11254.22363281  
0.45800    351862.65625000 179903.26562500 493352.59375000 517.96405029    16095.68359375  11224.41894531  
0.45900    351775.65625000 179766.81250000 493060.87500000 516.35607910    16030.83300781  11194.73828125  
0.46000    351687.68750000 179637.21875000 492775.25000000 514.78430176    15967.73535156  11166.52636719  
0.46100    351524.12500000 179466.54687500 492379.21875000 513.20898438    15903.02734375  11137.18554688  
0.46200    351370.18750000 179312.75000000 492013.37500000 511.65637207    15839.90722656  11109.29589844  
0.46300    351168.31250000 179135.23437500 491581.28125000 510.09991455    15776.19726562  11081.00585938  
0.46400    350928.12500000 178940.10937500 491098.87500000 508.54064941    15712.15625000  11052.70019531  
0.46500    350674.50000000 178748.39062500 490611.65625000 506.97290039    15648.44824219  11024.87304688  
0.46600    350375.56250000 178535.64062500 490058.40625000 505.38668823    15584.21484375  10996.54785156  
0.46700    350031.43750000 178302.28125000 489450.00000000 503.78237915    15519.13867188  10967.71582031  
0.46800    349699.34375000 178085.32812500 488861.87500000 502.16107178    15454.75097656  10939.51171875  
0.46900    349296.53125000 177832.75000000 488177.28125000 500.50827026    15388.87011719  10910.18750000  
0.47000    348867.46875000 177570.93750000 487466.28125000 498.82058716    15322.29394531  10880.45996094  
0.47100    348416.40625000 177301.60937500 486728.43750000 497.10397339    15255.46875000  10850.44140625  
0.47200    347932.09375000 177022.51562500 485945.71875000 495.35052490    15187.81054688  10819.77050781  
0.47300    347425.65625000 176734.20312500 485143.71875000 493.55895996    15119.45605469  10788.76855469  
0.47400    346856.21875000 176417.00000000 484250.50000000 491.71627808    15049.09667969  10756.12890625  
0.47500    346276.93750000 176099.09375000 483353.68750000 489.84390259    14978.53027344  10723.35253906  
0.47600    345687.34375000 175782.60937500 482445.18750000 487.93334961    14907.55761719  10690.21386719  
0.47700    345016.87500000 175422.06250000 481419.75000000 485.96411133    14833.57812500  10654.71093750  
0.47800    344340.71875000 175065.50000000 480400.53125000 483.95843506    14759.68457031  10619.13671875  
0.47900    343648.87500000 174706.93750000 479366.71875000 481.92086792    14684.88769531  10582.87207031  
0.48000    342892.12500000 174315.03125000 478238.15625000 479.82986450    14607.65039062  10544.78222656  
0.48100    342156.46875000 173941.06250000 477147.87500000 477.72314453    14530.73828125  10506.71386719  
0.48200    341325.62500000 173511.37500000 475919.84375000 475.54595947    14450.30566406  10465.78222656  
0.48300    340485.25000000 173085.06250000 474681.96875000 473.35076904    14369.46386719  10424.55175781  
0.48400    339629.68750000 172653.95312500 473434.50000000 471.12191772    14287.62792969  10382.42871094  
0.48500    338737.15625000 172205.67187500 472131.87500000 468.86282349    14204.29589844  10338.94433594  
0.48600    337829.75000000 171755.10937500 470812.71875000 466.58792114    14119.99414062  10294.58398438  
0.48700    336884.56250000 171284.06250000 469446.56250000 464.28753662    14034.11035156  10248.98828125  
0.48800    335888.56250000 170785.12500000 468004.78125000 461.95568848    13946.27246094  10201.49902344  
0.48900    334884.84375000 170285.89062500 466549.87500000 459.62011719    13857.49218750  10153.14453125  
0.49000    333857.75000000 169778.59375000 465074.93750000 457.27301025    13767.92187500  10104.14746094  
0.49100    332817.21875000 169266.79687500 463580.06250000 454.92965698    13677.52050781  10054.46289062  
0.49200    331729.15625000 168726.37500000 462017.12500000 452.57916260    13585.27929688  10002.93847656  
0.49300    330623.84375000 168182.29687500 460437.28125000 450.23260498    13492.22949219  9950.75000000   
0.49400    329496.40625000 167626.04687500 458824.18750000 447.89581299    13398.33007812  9897.49707031   
0.49500    328338.21875000 167052.00000000 457164.34375000 445.57299805    13303.29882812  9843.29785156   
0.49600    327181.06250000 166483.92187500 455515.18750000 443.28195190    13208.05664062  9788.75000000   
0.49700    325976.93750000 165888.34375000 453793.62500000 441.00134277    13111.29492188  9732.82617188   
0.49800    324771.50000000 165294.03125000 452074.50000000 438.76031494    13014.61230469  9676.68554688   
0.49900    323527.90625000 164676.03125000 450294.40625000 436.54067993    12916.50683594  9619.29785156   
0.50000    322284.25000000 164061.23437500 448521.81250000 434.37426758    12818.67480469  9561.88964844   
