# SAXS profile: number of points = 501, q_min = 0, q_max = 0.5, delta_q = 0.001
#    q    intensity 
0.00000    162236912.00000000 101202248.00000000 256271232.00000000 95664.86718750  7879179.50000000 6223010.50000000 
0.00100    162192624.00000000 101173200.00000000 256198464.00000000 95632.89843750  7876828.00000000 6221085.00000000 
0.00200    162057696.00000000 101087384.00000000 255981904.00000000 95539.31250000  7869601.50000000 6215404.50000000 
0.00300    161828992.00000000 100944504.00000000 255620400.00000000 95383.57031250  7857558.00000000 6205913.50000000 
0.00400    161507376.00000000 100744512.00000000 255112912.00000000 95164.85156250  7840807.00000000 6192697.50000000 
0.00500    161093952.00000000 100488296.00000000 254462000.00000000 94885.78125000  7819257.00000000 6175698.50000000 
0.00600    160592192.00000000 100175088.00000000 253670032.00000000 94545.70312500  7793028.50000000 6154991.50000000 
0.00700    159997440.00000000 99807824.00000000 252738512.00000000 94145.30468750  7762209.50000000 6130688.00000000 
0.00800    159317056.00000000 99385576.00000000 251668656.00000000 93685.99218750  7726780.00000000 6102763.50000000 
0.00900    158552608.00000000 98911624.00000000 250463712.00000000 93168.81250000  7686893.00000000 6071270.00000000 
0.01000    157707136.00000000 98383464.00000000 249123408.00000000 92594.26562500  7642579.00000000 6036334.50000000 
0.01100    156775248.00000000 97803624.00000000 247652672.00000000 91964.27343750  7593952.50000000 5997995.00000000 
0.01200    155759952.00000000 97174048.00000000 246055200.00000000 91280.71875000  7541109.50000000 5956371.00000000 
0.01300    154668144.00000000 96493528.00000000 244332544.00000000 90544.35156250  7484228.50000000 5911464.50000000 
0.01400    153498496.00000000 95766384.00000000 242487856.00000000 89756.40625000  7423381.50000000 5863455.50000000 
0.01500    152254848.00000000 94993568.00000000 240525536.00000000 88920.04687500  7358628.50000000 5812410.50000000 
0.01600    150938528.00000000 94174992.00000000 238450592.00000000 88035.71093750  7290214.50000000 5758418.50000000 
0.01700    149553536.00000000 93313360.00000000 236265120.00000000 87106.19531250  7218212.00000000 5701625.00000000 
0.01800    148100640.00000000 92410136.00000000 233974336.00000000 86132.89062500  7142812.00000000 5642138.50000000 
0.01900    146584800.00000000 91466976.00000000 231583312.00000000 85118.61718750  7064138.00000000 5580119.50000000 
0.02000    145006592.00000000 90486128.00000000 229095568.00000000 84065.06250000  6982389.50000000 5515610.00000000 
0.02100    143372688.00000000 89469376.00000000 226516032.00000000 82974.45312500  6897646.50000000 5448768.00000000 
0.02200    141681888.00000000 88418256.00000000 223851232.00000000 81849.60156250  6810120.00000000 5379768.50000000 
0.02300    139939824.00000000 87334328.00000000 221101616.00000000 80691.78125000  6720066.00000000 5308663.50000000 
0.02400    138149888.00000000 86220416.00000000 218278032.00000000 79504.27343750  6627552.00000000 5235695.50000000 
0.02500    136314704.00000000 85078928.00000000 215382320.00000000 78289.27343750  6532780.00000000 5160949.50000000 
0.02600    134436352.00000000 83911288.00000000 212421504.00000000 77048.85156250  6435982.00000000 5084584.00000000 
0.02700    132520720.00000000 82718784.00000000 209398784.00000000 75786.41406250  6337315.00000000 5006725.00000000 
0.02800    130569920.00000000 81505224.00000000 206320512.00000000 74503.21875000  6236938.00000000 4927523.00000000 
0.02900    128587800.00000000 80271992.00000000 203192528.00000000 73202.31250000  6135061.00000000 4847138.00000000 
0.03000    126576584.00000000 79021216.00000000 200020848.00000000 71886.20312500  6031808.50000000 4765690.50000000 
0.03100    124541504.00000000 77754184.00000000 196810448.00000000 70557.17968750  5927455.50000000 4683393.50000000 
0.03200    122485376.00000000 76474952.00000000 193566656.00000000 69217.13281250  5822143.50000000 4600284.00000000 
0.03300    120411080.00000000 75183864.00000000 190293648.00000000 67868.77343750  5716023.00000000 4516537.00000000 
0.03400    118322440.00000000 73883656.00000000 186997168.00000000 66515.26562500  5609365.50000000 4432340.50000000 
0.03500    116223032.00000000 72577792.00000000 183685808.00000000 65158.35937500  5502232.00000000 4347844.00000000 
0.03600    114115176.00000000 71266792.00000000 180361424.00000000 63799.54687500  5394816.00000000 4263076.50000000 
0.03700    112003432.00000000 69952312.00000000 177028416.00000000 62441.95312500  5287360.50000000 4178307.75000000 
0.03800    109890448.00000000 68636600.00000000 173693664.00000000 61087.18359375  5180033.50000000 4093566.50000000 
0.03900    107778872.00000000 67322408.00000000 170361680.00000000 59738.03515625  5072899.00000000 4009049.25000000 
0.04000    105673216.00000000 66011168.00000000 167038832.00000000 58395.19921875  4966161.00000000 3924802.00000000 
0.04100    103574272.00000000 64705164.00000000 163727136.00000000 57061.95703125  4860015.00000000 3841034.50000000 
0.04200    101487032.00000000 63405304.00000000 160433344.00000000 55739.32031250  4754543.50000000 3757803.25000000 
0.04300    99412648.00000000 62114440.00000000 157161488.00000000 54429.55468750  4649915.00000000 3675236.00000000 
0.04400    97355448.00000000 60833108.00000000 153913408.00000000 53133.70312500  4546264.00000000 3593435.50000000 
0.04500    95316872.00000000 59563780.00000000 150696896.00000000 51853.66796875  4443754.00000000 3512493.00000000 
0.04600    93299824.00000000 58307688.00000000 147511872.00000000 50591.22656250  4342450.00000000 3432533.50000000 
0.04700    91305584.00000000 57066224.00000000 144364720.00000000 49347.12500000  4242446.50000000 3353646.50000000 
0.04800    89337384.00000000 55840960.00000000 141258304.00000000 48123.35546875  4143909.00000000 3275849.50000000 
0.04900    87397488.00000000 54633048.00000000 138196768.00000000 46920.34765625  4046939.25000000 3199313.50000000 
0.05000    85488016.00000000 53443952.00000000 135182768.00000000 45740.03515625  3951605.00000000 3124071.50000000 
0.05100    83608920.00000000 52274208.00000000 132219912.00000000 44582.51171875  3857983.25000000 3050174.25000000 
0.05200    81764896.00000000 51125844.00000000 129307880.00000000 43449.14062500  3766151.50000000 2977696.75000000 
0.05300    79954240.00000000 49998756.00000000 126452232.00000000 42340.69921875  3676226.25000000 2906732.75000000 
0.05400    78181472.00000000 48894804.00000000 123654320.00000000 41258.07031250  3588211.75000000 2837235.25000000 
0.05500    76446040.00000000 47814712.00000000 120914712.00000000 40201.19140625  3502216.25000000 2769360.75000000 
0.05600    74749448.00000000 46758580.00000000 118238248.00000000 39170.92187500  3418243.50000000 2703070.75000000 
0.05700    73093000.00000000 45727700.00000000 115624608.00000000 38167.50781250  3336363.25000000 2638455.25000000 
0.05800    71477504.00000000 44721992.00000000 113075792.00000000 37191.57812500  3256592.25000000 2575489.00000000 
0.05900    69903784.00000000 43742732.00000000 110592704.00000000 36243.10156250  3178961.00000000 2514222.00000000 
0.06000    68372680.00000000 42789824.00000000 108176608.00000000 35322.01953125  3103487.00000000 2454658.50000000 
0.06100    66884352.00000000 41863708.00000000 105828088.00000000 34428.45312500  3030191.00000000 2396827.50000000 
0.06200    65439172.00000000 40964336.00000000 103547496.00000000 33562.65625000  2959081.75000000 2340703.75000000 
0.06300    64036540.00000000 40092088.00000000 101336120.00000000 32723.94531250  2890179.50000000 2286322.50000000 
0.06400    62678616.00000000 39247000.00000000 99193144.00000000 31912.51171875  2823413.25000000 2233635.00000000 
0.06500    61363204.00000000 38429468.00000000 97119272.00000000 31127.91015625  2758810.25000000 2182682.25000000 
0.06600    60092092.00000000 37638836.00000000 95113872.00000000 30369.85742188  2696342.25000000 2133390.75000000 
0.06700    58863744.00000000 36875456.00000000 93176992.00000000 29637.72070312  2636025.50000000 2085805.25000000 
0.06800    57678128.00000000 36138456.00000000 91308496.00000000 28931.05273438  2577784.75000000 2039858.00000000 
0.06900    56535124.00000000 35428828.00000000 89507152.00000000 28249.38671875  2521612.50000000 1995564.50000000 
0.07000    55434068.00000000 34744796.00000000 87771096.00000000 27592.22851562  2467436.00000000 1952835.62500000 
0.07100    54373996.00000000 34087256.00000000 86100560.00000000 26958.97851562  2415239.50000000 1911664.62500000 
0.07200    53354732.00000000 33454286.00000000 84494568.00000000 26348.53320312  2364989.75000000 1872045.25000000 
0.07300    52374800.00000000 32846782.00000000 82951400.00000000 25760.63671875  2316597.25000000 1833894.75000000 
0.07400    51433944.00000000 32263670.00000000 81469072.00000000 25194.25976562  2270057.00000000 1797210.87500000 
0.07500    50531056.00000000 31704238.00000000 80047440.00000000 24648.90234375  2225274.25000000 1761914.25000000 
0.07600    49664800.00000000 31167924.00000000 78684496.00000000 24123.34960938  2182186.00000000 1727974.12500000 
0.07700    48834956.00000000 30654296.00000000 77378744.00000000 23617.32617188  2140766.25000000 1695346.25000000 
0.07800    48039176.00000000 30162298.00000000 76127296.00000000 23129.42773438  2100921.50000000 1663964.00000000 
0.07900    47277252.00000000 29691414.00000000 74929592.00000000 22659.25390625  2062611.62500000 1633805.87500000 
0.08000    46547604.00000000 29240840.00000000 73783312.00000000 22205.58984375  2025753.50000000 1604783.00000000 
0.08100    45848972.00000000 28809964.00000000 72685280.00000000 21767.97460938  1990296.00000000 1576878.12500000 
0.08200    45180372.00000000 28397832.00000000 71635176.00000000 21345.39648438  1956153.50000000 1550007.50000000 
0.08300    44539748.00000000 28003690.00000000 70630352.00000000 20936.88671875  1923273.12500000 1524144.50000000 
0.08400    43926676.00000000 27626412.00000000 69668288.00000000 20541.57812500  1891556.75000000 1499214.62500000 
0.08500    43339440.00000000 27265668.00000000 68747464.00000000 20158.89257812  1860989.87500000 1475166.62500000 
0.08600    42776464.00000000 26920240.00000000 67865504.00000000 19788.10742188  1831456.62500000 1451949.75000000 
0.08700    42236532.00000000 26589350.00000000 67020344.00000000 19428.16796875  1802919.25000000 1429538.62500000 
0.08800    41718688.00000000 26272258.00000000 66209772.00000000 19078.30664062  1775293.25000000 1407826.62500000 
0.08900    41221140.00000000 25968292.00000000 65430744.00000000 18737.97656250  1748532.12500000 1386814.37500000 
0.09000    40742140.00000000 25675890.00000000 64683300.00000000 18406.43750000  1722564.75000000 1366418.12500000 
0.09100    40281640.00000000 25395128.00000000 63963516.00000000 18082.72656250  1697325.00000000 1346600.12500000 
0.09200    39837544.00000000 25124828.00000000 63270048.00000000 17766.56250000  1672759.62500000 1327327.50000000 
0.09300    39408748.00000000 24863800.00000000 62601092.00000000 17457.21875000  1648817.50000000 1308533.37500000 
0.09400    38993816.00000000 24611864.00000000 61953732.00000000 17153.88867188  1625435.75000000 1290179.00000000 
0.09500    38591688.00000000 24367894.00000000 61327456.00000000 16856.28906250  1602547.75000000 1272223.87500000 
0.09600    38200852.00000000 24131416.00000000 60719092.00000000 16563.80664062  1580130.25000000 1254639.37500000 
0.09700    37821344.00000000 23901232.00000000 60127680.00000000 16276.00097656  1558124.50000000 1237376.75000000 
0.09800    37450288.00000000 23677150.00000000 59550904.00000000 15992.40917969  1536470.75000000 1220397.25000000 
0.09900    37088496.00000000 23458210.00000000 58987492.00000000 15712.52148438  1515147.00000000 1203666.25000000 
0.10000    36733220.00000000 23244074.00000000 58435696.00000000 15436.01074219  1494111.12500000 1187151.12500000 
0.10100    36384696.00000000 23033692.00000000 57894104.00000000 15162.48828125  1473296.25000000 1170832.37500000 
0.10200    36041560.00000000 22826856.00000000 57360780.00000000 14891.87890625  1452701.12500000 1154670.75000000 
0.10300    35702616.00000000 22622538.00000000 56835076.00000000 14623.67871094  1432290.50000000 1138653.87500000 
0.10400    35367832.00000000 22420856.00000000 56314880.00000000 14357.72656250  1412023.50000000 1122735.12500000 
0.10500    35036204.00000000 22221156.00000000 55799524.00000000 14093.93945312  1391878.37500000 1106921.75000000 
0.10600    34706568.00000000 22022622.00000000 55287732.00000000 13831.83789062  1371827.25000000 1091165.25000000 
0.10700    34378656.00000000 21824818.00000000 54778140.00000000 13571.56347656  1351856.00000000 1075479.62500000 
0.10800    34051728.00000000 21627700.00000000 54269776.00000000 13312.98144531  1331949.50000000 1059829.62500000 
0.10900    33725040.00000000 21430886.00000000 53762996.00000000 13055.84570312  1312072.00000000 1044202.37500000 
0.11000    33398690.00000000 21233794.00000000 53255440.00000000 12800.26269531  1292237.75000000 1028597.62500000 
0.11100    33071892.00000000 21036038.00000000 52746596.00000000 12546.11914062  1272425.62500000 1012999.18750000 
0.11200    32743894.00000000 20838008.00000000 52236572.00000000 12293.49707031  1252615.00000000 997402.25000000 
0.11300    32414804.00000000 20638822.00000000 51724204.00000000 12042.21972656  1232802.37500000 981802.81250000 
0.11400    32084028.00000000 20438486.00000000 51209292.00000000 11792.58789062  1212999.87500000 966203.31250000 
0.11500    31751488.00000000 20236680.00000000 50691144.00000000 11544.39257812  1193204.62500000 950587.62500000 
0.11600    31417048.00000000 20033772.00000000 50169520.00000000 11297.86035156  1173395.12500000 934962.62500000 
0.11700    31080420.00000000 19828924.00000000 49644244.00000000 11053.00195312  1153583.62500000 919332.81250000 
0.11800    30741324.00000000 19622396.00000000 49114568.00000000 10810.00683594  1133791.37500000 903694.12500000 
0.11900    30399846.00000000 19414072.00000000 48581080.00000000 10568.88769531  1113981.75000000 888054.93750000 
0.12000    30055812.00000000 19204016.00000000 48043336.00000000 10329.70996094  1094204.00000000 872413.93750000 
0.12100    29709612.00000000 18992326.00000000 47501320.00000000 10092.89453125  1074438.62500000 856792.25000000 
0.12200    29360812.00000000 18778532.00000000 46955168.00000000 9858.15917969   1054718.75000000 841177.12500000 
0.12300    29009884.00000000 18563256.00000000 46405292.00000000 9625.94531250   1035024.87500000 825588.93750000 
0.12400    28656308.00000000 18346192.00000000 45850552.00000000 9396.21875000   1015391.37500000 810029.75000000 
0.12500    28300596.00000000 18127328.00000000 45292536.00000000 9169.20703125   995811.68750000 794509.37500000 
0.12600    27943106.00000000 17907016.00000000 44730816.00000000 8945.05859375   976312.81250000 779041.25000000 
0.12700    27583524.00000000 17685156.00000000 44166104.00000000 8723.78125000   956896.00000000 763634.81250000 
0.12800    27222256.00000000 17461948.00000000 43597636.00000000 8505.69628906   937574.18750000 748297.00000000 
0.12900    26859716.00000000 17237336.00000000 43026820.00000000 8290.68164062   918370.18750000 733041.43750000 
0.13000    26495666.00000000 17011750.00000000 42453772.00000000 8079.12890625   899290.81250000 717874.25000000 
0.13100    26130760.00000000 16785244.00000000 41878092.00000000 7870.98486328   880339.81250000 702800.62500000 
0.13200    25764890.00000000 16557841.00000000 41301156.00000000 7666.41064453   861547.62500000 687853.25000000 
0.13300    25398576.00000000 16329861.00000000 40722792.00000000 7465.55371094   842922.75000000 673021.37500000 
0.13400    25032224.00000000 16101243.00000000 40143448.00000000 7268.41308594   824469.37500000 658318.37500000 
0.13500    24665478.00000000 15872295.00000000 39564488.00000000 7075.17675781   806203.75000000 643768.62500000 
0.13600    24299098.00000000 15643273.00000000 38984824.00000000 6885.80712891   788139.18750000 629356.37500000 
0.13700    23933428.00000000 15414384.00000000 38405640.00000000 6700.41357422   770287.06250000 615119.62500000 
0.13800    23568506.00000000 15185420.00000000 37827588.00000000 6519.05712891   752661.06250000 601044.25000000 
0.13900    23204726.00000000 14956991.00000000 37250924.00000000 6341.81347656   735269.25000000 587155.87500000 
0.14000    22842258.00000000 14729161.00000000 36676088.00000000 6168.71826172   718113.37500000 573453.18750000 
0.14100    22481354.00000000 14502018.00000000 36103272.00000000 5999.67773438   701218.37500000 559944.56250000 
0.14200    22122394.00000000 14275707.00000000 35533004.00000000 5834.89160156   684578.56250000 546640.25000000 
0.14300    21765648.00000000 14050454.00000000 34965976.00000000 5674.23388672   668214.37500000 533549.12500000 
0.14400    21411032.00000000 13826487.00000000 34401956.00000000 5517.69531250   652118.81250000 520656.56250000 
0.14500    21059172.00000000 13603881.00000000 33842344.00000000 5365.31591797   636312.00000000 507998.81250000 
0.14600    20710450.00000000 13382776.00000000 33286730.00000000 5217.04248047   620782.62500000 495562.06250000 
0.14700    20364700.00000000 13163434.00000000 32735914.00000000 5072.81982422   605557.12500000 483350.84375000 
0.14800    20021820.00000000 12945758.00000000 32189612.00000000 4932.63525391   590616.56250000 471371.75000000 
0.14900    19682846.00000000 12730165.00000000 31648540.00000000 4796.36474609   575971.75000000 459626.84375000 
0.15000    19347164.00000000 12516589.00000000 31112954.00000000 4664.08544922   561632.00000000 448119.37500000 
0.15100    19015314.00000000 12305095.00000000 30583166.00000000 4535.61523438   547594.75000000 436847.40625000 
0.15200    18687698.00000000 12096019.00000000 30059442.00000000 4410.92333984   533856.18750000 425819.71875000 
0.15300    18363990.00000000 11889434.00000000 29542084.00000000 4289.96533203   520416.34375000 415026.50000000 
0.15400    18044512.00000000 11685070.00000000 29030842.00000000 4172.50927734   507280.12500000 404471.25000000 
0.15500    17729426.00000000 11483391.00000000 28526822.00000000 4058.63549805   494443.78125000 394154.90625000 
0.15600    17418672.00000000 11284307.00000000 28029216.00000000 3948.12500000   481900.84375000 384071.56250000 
0.15700    17112376.00000000 11087992.00000000 27538654.00000000 3841.02319336   469655.59375000 374225.21875000 
0.15800    16810714.00000000 10894360.00000000 27055278.00000000 3737.07763672   457695.59375000 364608.15625000 
0.15900    16513804.00000000 10703533.00000000 26578920.00000000 3636.28002930   446026.12500000 355224.12500000 
0.16000    16221303.00000000 10515512.00000000 26110024.00000000 3538.47924805   434638.12500000 346063.43750000 
0.16100    15933529.00000000 10330444.00000000 25648400.00000000 3443.64233398   423530.21875000 337123.46875000 
0.16200    15650532.00000000 10148275.00000000 25194308.00000000 3351.58862305   412689.37500000 328406.68750000 
0.16300    15372264.00000000 9968906.00000000 24747188.00000000 3262.25219727   402118.75000000 319898.62500000 
0.16400    15098776.00000000 9792488.00000000 24307826.00000000 3175.49829102   391810.06250000 311604.06250000 
0.16500    14829845.00000000 9619089.00000000 23875932.00000000 3091.28735352   381750.15625000 303509.75000000 
0.16600    14565625.00000000 9448480.00000000 23451376.00000000 3009.49462891   371942.62500000 295621.28125000 
0.16700    14306021.00000000 9280783.00000000 23034056.00000000 2929.99780273   362378.00000000 287925.28125000 
0.16800    14050988.00000000 9115968.00000000 22624006.00000000 2852.72265625   353044.18750000 280417.18750000 
0.16900    13800603.00000000 8954060.00000000 22221370.00000000 2777.58349609   343946.84375000 273096.56250000 
0.17000    13554612.00000000 8795065.00000000 21825600.00000000 2704.48364258   335064.40625000 265953.25000000 
0.17100    13313101.00000000 8638795.00000000 21437162.00000000 2633.34936523   326397.78125000 258986.67187500 
0.17200    13075882.00000000 8485172.00000000 21055418.00000000 2564.09692383   317940.84375000 252187.95312500 
0.17300    12842949.00000000 8334421.50000000 20680514.00000000 2496.67236328   309684.40625000 245552.89062500 
0.17400    12614348.00000000 8186368.50000000 20312554.00000000 2430.98974609   301624.65625000 239075.96875000 
0.17500    12389823.00000000 8040835.00000000 19951074.00000000 2366.96704102   293751.84375000 232749.81250000 
0.17600    12169236.00000000 7898033.50000000 19595982.00000000 2304.53955078   286063.21875000 226572.51562500 
0.17700    11952676.00000000 7757663.50000000 19247562.00000000 2243.71240234   278547.21875000 220539.84375000 
0.17800    11739921.00000000 7619817.00000000 18904974.00000000 2184.36328125   271204.21875000 214645.23437500 
0.17900    11531018.00000000 7484461.50000000 18568672.00000000 2126.47875977   264021.71875000 208883.48437500 
0.18000    11325709.00000000 7351450.50000000 18238080.00000000 2070.01171875   257002.60937500 203250.81250000 
0.18100    11124117.00000000 7220825.50000000 17913658.00000000 2014.95385742   250137.42187500 197744.48437500 
0.18200    10925922.00000000 7092390.00000000 17594676.00000000 1961.18896484   243416.78125000 192355.50000000 
0.18300    10731215.00000000 6966241.50000000 17281000.00000000 1908.74536133   236842.31250000 187085.43750000 
0.18400    10539736.00000000 6842227.50000000 16973102.00000000 1857.60437012   230403.79687500 181927.51562500 
0.18500    10351653.00000000 6720370.50000000 16670081.00000000 1807.72961426   224102.71875000 176879.92187500 
0.18600    10166576.00000000 6600563.50000000 16372390.00000000 1759.07861328   217930.32812500 171936.34375000 
0.18700    9984681.00000000 6482782.50000000 16079607.00000000 1711.66577148   211887.00000000 167095.85937500 
0.18800    9805721.00000000 6366921.00000000 15791699.00000000 1665.46044922   205967.00000000 162354.85937500 
0.18900    9629804.00000000 6253051.00000000 15508675.00000000 1620.47351074   200169.12500000 157713.62500000 
0.19000    9456560.00000000 6140909.50000000 15229875.00000000 1576.63867188   194483.62500000 153165.29687500 
0.19100    9286297.00000000 6030758.50000000 14955922.00000000 1534.05822754   188919.31250000 148713.03125000 
0.19200    9118571.00000000 5922298.00000000 14686256.00000000 1492.59008789   183465.29687500 144347.04687500 
0.19300    8953616.00000000 5815589.00000000 14420987.00000000 1452.34533691   178122.60937500 140072.56250000 
0.19400    8791185.00000000 5710582.00000000 14159845.00000000 1413.26208496   172887.65625000 135883.75000000 
0.19500    8631338.00000000 5607250.00000000 13902846.00000000 1375.38098145   167759.71875000 131780.34375000 
0.19600    8474076.00000000 5505522.50000000 13649864.00000000 1338.62792969   162736.28125000 127760.79687500 
0.19700    8319147.50000000 5405370.00000000 13400755.00000000 1303.08422852   157817.54687500 123824.32812500 
0.19800    8166672.00000000 5306851.50000000 13155576.00000000 1268.69189453   153001.73437500 119968.57812500 
0.19900    8016536.50000000 5209852.00000000 12914284.00000000 1235.48522949   148288.14062500 116195.96093750 
0.20000    7868757.00000000 5114348.00000000 12676614.00000000 1203.45092773   143672.73437500 112500.60937500 
0.20100    7723348.50000000 5020283.00000000 12442727.00000000 1172.58386230   139159.95312500 108886.60937500 
0.20200    7580059.00000000 4927687.50000000 12212427.00000000 1142.87744141   134745.32812500 105348.16406250 
0.20300    7439084.50000000 4836578.50000000 11985667.00000000 1114.37170410   130429.69531250 101889.71093750 
0.20400    7300329.00000000 4746845.00000000 11762567.00000000 1086.97875977   126211.46093750 98508.57812500  
0.20500    7163775.00000000 4658560.50000000 11542894.00000000 1060.76464844   122090.68750000 95204.18750000  
0.20600    7029364.00000000 4571620.50000000 11326546.00000000 1035.67382812   118066.91406250 91974.25781250  
0.20700    6897032.50000000 4486015.50000000 11113843.00000000 1011.74645996   114139.60156250 88820.46875000  
0.20800    6766886.50000000 4401778.00000000 10904434.00000000 988.91748047    110307.82812500 85742.39062500  
0.20900    6638901.50000000 4318961.50000000 10698420.00000000 967.24621582    106574.78125000 82742.54687500  
0.21000    6512941.00000000 4237427.00000000 10495701.00000000 946.62066650    102931.96093750 79812.94531250  
0.21100    6389097.00000000 4157180.00000000 10296383.00000000 927.10552979    99386.14062500  76959.67968750  
0.21200    6267325.00000000 4078284.25000000 10100313.00000000 908.64099121    95932.41406250  74178.80468750  
0.21300    6147598.50000000 4000643.75000000 9907420.00000000 891.20300293    92571.52343750  71470.75781250  
0.21400    6029953.50000000 3924302.25000000 9717830.00000000 874.81054688    89304.15625000  68836.30468750  
0.21500    5914372.00000000 3849277.75000000 9531471.00000000 859.42749023    86129.47656250  66274.82031250  
0.21600    5800731.00000000 3775489.00000000 9348339.00000000 844.98284912    83043.28125000  63781.98828125  
0.21700    5689190.50000000 3702986.00000000 9168442.00000000 831.49853516    80047.87500000  61361.77343750  
0.21800    5579553.50000000 3631721.75000000 8991630.00000000 818.92388916    77140.20312500  59011.16796875  
0.21900    5471928.00000000 3561648.00000000 8817870.00000000 807.21673584    74318.69531250  56727.58593750  
0.22000    5366271.00000000 3492832.00000000 8647253.00000000 796.36785889    71583.69531250  54513.07421875  
0.22100    5262613.00000000 3425310.50000000 8479907.00000000 786.36517334    68935.67968750  52366.60546875  
0.22200    5160891.50000000 3358948.50000000 8315516.50000000 777.13085938    66369.92187500  50285.92187500  
0.22300    5061087.50000000 3293797.25000000 8154191.50000000 768.64721680    63885.12500000  48269.36718750  
0.22400    4963115.00000000 3229833.25000000 7995774.50000000 760.86071777    61479.78906250  46315.91406250  
0.22500    4867145.00000000 3167075.75000000 7840522.00000000 753.79693604    59155.55078125  44427.19921875  
0.22600    4772937.50000000 3105478.75000000 7688143.00000000 747.32897949    56905.91406250  42597.69921875  
0.22700    4680658.50000000 3045022.00000000 7538722.00000000 741.50415039    54732.98046875  40829.56250000  
0.22800    4590110.00000000 2985720.25000000 7392109.50000000 736.23345947    52631.48828125  39119.07031250  
0.22900    4501385.50000000 2927538.75000000 7248359.00000000 731.48364258    50600.19140625  37465.03125000  
0.23000    4414461.00000000 2870499.50000000 7107433.50000000 727.24920654    48639.17968750  35867.44531250  
0.23100    4329277.00000000 2814539.75000000 6969378.00000000 723.47186279    46744.85156250  34323.87500000  
0.23200    4245737.00000000 2759669.75000000 6833885.00000000 720.09716797    44914.03906250  32831.24218750  
0.23300    4163848.75000000 2705849.00000000 6701091.50000000 717.13336182    43146.14453125  31390.31250000  
0.23400    4083701.25000000 2653090.25000000 6570957.50000000 714.51892090    41438.26562500  29998.50781250  
0.23500    4005043.50000000 2601317.75000000 6443369.50000000 712.20684814    39786.97265625  28652.25000000  
0.23600    3928070.00000000 2550591.75000000 6318298.00000000 710.19763184    38193.12890625  27353.01562500  
0.23700    3852560.25000000 2500832.00000000 6195720.00000000 708.44769287    36651.77343750  26097.25195312  
0.23800    3778595.00000000 2452069.25000000 6075531.50000000 706.92211914    35162.64453125  24884.46679688  
0.23900    3706079.00000000 2404242.75000000 5957691.00000000 705.58331299    33720.51953125  23711.28320312  
0.24000    3634940.75000000 2357298.00000000 5842146.50000000 704.42761230    32326.85937500  22577.04492188  
0.24100    3565278.50000000 2311330.00000000 5728907.00000000 703.43414307    30978.99804688  21481.47070312  
0.24200    3496934.75000000 2266194.00000000 5617818.50000000 702.55218506    29673.02539062  20421.24804688  
0.24300    3429882.00000000 2221940.00000000 5508874.00000000 701.77197266    28407.08593750  19394.72851562  
0.24400    3364089.75000000 2178503.25000000 5401917.50000000 701.06854248    27179.87109375  18400.57421875  
0.24500    3299521.50000000 2135868.00000000 5297020.00000000 700.43029785    25988.77343750  17437.32421875  
0.24600    3236163.25000000 2094044.62500000 5194057.00000000 699.84954834    24833.43164062  16504.24414062  
0.24700    3173968.25000000 2052987.50000000 5093057.00000000 699.28521729    23711.28125000  15599.47265625  
0.24800    3112859.75000000 2012689.50000000 4993751.00000000 698.74560547    22620.51367188  14721.36035156  
0.24900    3052835.75000000 1973076.25000000 4896243.00000000 698.21673584    21558.75000000  13868.42578125  
0.25000    2993838.50000000 1934179.75000000 4800476.50000000 697.69030762    20526.18750000  13040.47363281  
0.25100    2935844.00000000 1895950.50000000 4706281.00000000 697.13732910    19519.66992188  12235.02539062  
0.25200    2878868.25000000 1858406.12500000 4613806.00000000 696.58923340    18540.53906250  11453.35449219  
0.25300    2822771.25000000 1821493.37500000 4522829.50000000 696.02087402    17584.86328125  10692.14941406  
0.25400    2767597.50000000 1785199.75000000 4433347.50000000 695.42828369    16652.68359375  9951.39550781   
0.25500    2713256.00000000 1749459.87500000 4345259.50000000 694.80926514    15742.34667969  9229.66601562   
0.25600    2659784.75000000 1714342.37500000 4258625.00000000 694.16229248    14854.09667969  8527.05273438   
0.25700    2607100.75000000 1679753.75000000 4173286.50000000 693.50103760    13986.02246094  7842.06054688   
0.25800    2555206.75000000 1645723.87500000 4089290.25000000 692.81811523    13138.47656250  7174.80175781   
0.25900    2504057.50000000 1612217.12500000 4006535.00000000 692.12921143    12310.56250000  6524.31396484   
0.26000    2453629.00000000 1579232.00000000 3925015.50000000 691.42187500    11501.24218750  5890.45556641   
0.26100    2403907.75000000 1546717.75000000 3844638.25000000 690.70513916    10709.84667969  5271.50537109   
0.26200    2354910.75000000 1514707.37500000 3765487.00000000 690.00939941    9937.90722656   4669.46386719   
0.26300    2306521.25000000 1483146.12500000 3687365.25000000 689.30358887    9182.36816406   4080.98852539   
0.26400    2258820.50000000 1452040.75000000 3610378.50000000 688.62084961    8445.79980469   3509.01513672   
0.26500    2211748.75000000 1421391.87500000 3534456.75000000 687.97589111    7726.83349609   2951.64501953   
0.26600    2165297.50000000 1391165.37500000 3459559.75000000 687.34899902    7025.11132812   2408.78784180   
0.26700    2119444.25000000 1361381.50000000 3385716.50000000 686.77954102    6341.84619141   1881.21801758   
0.26800    2074202.37500000 1332018.87500000 3312890.00000000 686.27569580    5677.41650391   1368.95971680   
0.26900    2029532.87500000 1303052.12500000 3240959.25000000 685.81427002    5029.17675781   870.37518311    
0.27000    1985479.12500000 1274491.62500000 3170087.75000000 685.44055176    4401.30126953   387.65994263    
0.27100    1941980.12500000 1246320.00000000 3100125.75000000 685.14196777    3790.82275391   -80.63264465    
0.27200    1899092.00000000 1218587.75000000 3031208.00000000 684.95428467    3201.52612305   -531.94573975   
0.27300    1856731.00000000 1191213.75000000 2963175.75000000 684.85192871    2629.52050781   -969.60119629   
0.27400    1814897.00000000 1164199.12500000 2895968.25000000 684.84368896    2075.96020508   -1392.91955566  
0.27500    1773713.62500000 1137628.50000000 2829851.25000000 684.98815918    1545.80139160   -1797.42065430  
0.27600    1733031.37500000 1111380.62500000 2764560.25000000 685.22778320    1032.96069336   -2188.66943359  
0.27700    1692974.37500000 1085579.12500000 2700291.00000000 685.62182617    543.21862793    -2561.43334961  
0.27800    1653467.25000000 1060123.37500000 2636913.25000000 686.14385986    73.77936554     -2919.10253906  
0.27900    1614560.00000000 1035085.62500000 2574513.25000000 686.82055664    -373.41070557   -3259.12158203  
0.28000    1576217.25000000 1010404.62500000 2513027.25000000 687.63562012    -798.77691650   -3582.87304688  
0.28100    1538498.75000000 986135.68750000 2452547.25000000 688.60632324    -1202.41467285  -3889.05908203  
0.28200    1501369.12500000 962256.68750000 2393014.75000000 689.74426270    -1581.97839355  -4177.75146484  
0.28300    1464838.62500000 938762.31250000 2334474.50000000 691.04339600    -1938.77551270  -4448.88818359  
0.28400    1428903.50000000 915664.68750000 2276879.00000000 692.48864746    -2273.22119141  -4702.55615234  
0.28500    1393611.12500000 892989.31250000 2220322.25000000 694.11584473    -2582.79736328  -4937.52539062  
0.28600    1358936.75000000 870689.25000000 2164733.25000000 695.89160156    -2869.65063477  -5155.33593750  
0.28700    1324912.37500000 848816.31250000 2110168.00000000 697.83837891    -3132.17626953  -5354.58593750  
0.28800    1291500.50000000 827338.93750000 2056606.25000000 699.94012451    -3371.11840820  -5535.98828125  
0.28900    1258777.87500000 806290.18750000 2004154.37500000 702.20977783    -3584.94750977  -5698.24560547  
0.29000    1226693.87500000 785656.50000000 1952669.25000000 704.62109375    -3775.91967773  -5843.19189453  
0.29100    1195301.37500000 765454.75000000 1902323.87500000 707.20294189    -3941.44946289  -5969.10986328  
0.29200    1164560.00000000 745664.12500000 1853000.87500000 709.91162109    -4084.01635742  -6077.20703125  
0.29300    1134523.00000000 726316.31250000 1804781.62500000 712.77978516    -4201.50146484  -6166.63427734  
0.29400    1105129.25000000 707381.93750000 1757604.00000000 715.75445557    -4297.41552734  -6239.73583984  
0.29500    1076485.37500000 688898.37500000 1711572.62500000 718.87951660    -4367.90185547  -6293.39306641  
0.29600    1048487.00000000 670837.68750000 1666621.00000000 722.12042236    -4416.37451172  -6330.62597656  
0.29700    1021184.87500000 653221.06250000 1622734.87500000 725.46453857    -4442.78417969  -6350.70654297  
0.29800    994610.37500000 636044.00000000 1580000.75000000 728.91870117    -4445.75585938  -6353.34863281  
0.29900    968745.68750000 619322.25000000 1538378.50000000 732.46905518    -4426.58154297  -6338.85693359  
0.30000    943556.12500000 603019.00000000 1497849.87500000 736.09118652    -4387.39892578  -6309.29492188  
0.30100    919106.68750000 587178.25000000 1458474.62500000 739.80822754    -4325.87353516  -6262.59619141  
0.30200    895322.87500000 571755.62500000 1420156.37500000 743.57037354    -4245.45068359  -6201.62646484  
0.30300    872261.93750000 556797.50000000 1382996.25000000 747.39965820    -4144.58935547  -6124.65429688  
0.30400    849924.75000000 542273.00000000 1346948.87500000 751.27081299    -4024.63793945  -6033.23193359  
0.30500    828247.50000000 528172.81250000 1311957.75000000 755.16467285    -3887.57543945  -5928.70605469  
0.30600    807254.18750000 514509.87500000 1278073.87500000 759.08233643    -3732.73608398  -5810.33984375  
0.30700    786986.31250000 501298.62500000 1245311.37500000 763.02795410    -3559.88867188  -5678.22119141  
0.30800    767366.12500000 488488.84375000 1213603.62500000 766.96252441    -3372.16406250  -5534.60791016  
0.30900    748438.93750000 476132.00000000 1182971.00000000 770.89233398    -3168.44848633  -5378.48291016  
0.31000    730174.12500000 464182.50000000 1153417.37500000 774.80853271    -2950.63549805  -5211.39306641  
0.31100    712539.00000000 452636.65625000 1124850.75000000 778.68524170    -2719.67382812  -5033.89550781  
0.31200    695572.50000000 441512.65625000 1097341.37500000 782.52648926    -2475.81591797  -4846.14306641  
0.31300    679241.93750000 430784.62500000 1070836.87500000 786.32196045    -2220.03417969  -4649.16845703  
0.31400    663546.06250000 420472.25000000 1045376.81250000 790.05938721    -1952.48254395  -4442.82031250  
0.31500    648430.18750000 410526.81250000 1020832.12500000 793.72894287    -1675.33239746  -4228.91943359  
0.31600    633928.93750000 400973.65625000 997264.00000000 797.32415771    -1388.42150879  -4006.96093750  
0.31700    620015.68750000 391796.96875000 974637.56250000 800.83984375    -1092.59790039  -3778.00903320  
0.31800    606657.43750000 382979.09375000 952907.81250000 804.24884033    -790.06665039   -3543.39013672  
0.31900    593883.50000000 374531.31250000 932102.68750000 807.58728027    -478.97619629   -3301.84082031  
0.32000    581641.37500000 366428.56250000 912169.93750000 810.80584717    -162.38459778   -3055.54736328  
0.32100    569908.37500000 358656.56250000 893042.75000000 813.91711426    159.67115784    -2804.67089844  
0.32200    558722.75000000 351232.96875000 874797.00000000 816.91784668    487.29870605    -2548.99438477  
0.32300    547982.43750000 344101.12500000 857273.06250000 819.79321289    817.87664795    -2290.68896484  
0.32400    537737.25000000 337295.59375000 840554.00000000 822.54016113    1152.39404297   -2028.88781738  
0.32500    527962.50000000 330781.50000000 824577.12500000 825.15850830    1489.52514648   -1764.70898438  
0.32600    518629.06250000 324566.03125000 809325.43750000 827.64422607    1828.99694824   -1497.92321777  
0.32700    509720.59375000 318630.34375000 794761.31250000 830.00067139    2170.01367188   -1229.45898438  
0.32800    501248.87500000 312977.59375000 780907.50000000 832.22515869    2512.88354492   -959.29663086   
0.32900    493149.59375000 307567.96875000 767658.37500000 834.29864502    2855.41137695   -688.82971191   
0.33000    485456.90625000 302421.15625000 755056.37500000 836.24169922    3198.64892578   -417.06195068   
0.33100    478076.46875000 297483.56250000 742968.43750000 838.02630615    3540.23315430   -146.51847839   
0.33200    471113.87500000 292814.75000000 731554.56250000 839.69677734    3883.12939453   125.80023193    
0.33300    464454.56250000 288349.43750000 720631.56250000 841.21118164    4223.71191406   396.83038330    
0.33400    458116.90625000 284096.25000000 710251.18750000 842.58276367    4563.32910156   667.61456299    
0.33500    452085.31250000 280038.06250000 700334.87500000 843.81329346    4900.51171875   937.02307129    
0.33600    446336.43750000 276175.25000000 690902.81250000 844.90734863    5236.07763672   1205.46765137   
0.33700    440860.18750000 272483.96875000 681910.93750000 845.85675049    5569.01074219   1472.46533203   
0.33800    435664.00000000 268983.59375000 673371.37500000 846.68322754    5900.24804688   1738.73779297   
0.33900    430691.06250000 265620.75000000 665195.25000000 847.36547852    6227.89257812   2002.64575195   
0.34000    425970.09375000 262429.15625000 657427.56250000 847.90985107    6553.04589844   2264.88427734   
0.34100    421471.09375000 259377.26562500 650015.18750000 848.33972168    6875.25585938   2525.18945312   
0.34200    417216.93750000 256487.79687500 642998.56250000 848.64276123    7195.42138672   2784.55493164   
0.34300    413124.21875000 253699.37500000 636248.25000000 848.81011963    7511.17333984   3040.82055664   
0.34400    409264.87500000 251064.21875000 629865.93750000 848.87072754    7825.19189453   3296.26098633   
0.34500    405558.40625000 248527.70312500 623731.18750000 848.81201172    8135.36621094   3548.61352539   
0.34600    402064.71875000 246124.01562500 617938.00000000 848.64208984    8443.21386719   3799.96069336   
0.34700    398688.56250000 243789.09375000 612331.62500000 848.34661865    8746.43945312   4048.05932617   
0.34800    395490.78125000 241576.20312500 607017.75000000 847.94714355    9047.16308594   4294.38964844   
0.34900    392446.65625000 239453.04687500 601935.50000000 847.44921875    9345.14550781   4538.83740234   
0.35000    389540.78125000 237416.79687500 597075.31250000 846.83770752    9639.47851562   4780.76171875   
0.35100    386800.75000000 235478.37500000 592461.81250000 846.13873291    9931.82031250   5021.68310547   
0.35200    384136.96875000 233584.87500000 587974.68750000 845.34014893    10219.84765625  5259.18847656   
0.35300    381611.93750000 231777.81250000 583715.06250000 844.43597412    10505.23730469  5494.73925781   
0.35400    379225.40625000 230051.32812500 579656.50000000 843.45593262    10788.19726562  5728.75927734   
0.35500    376948.46875000 228384.81250000 575762.25000000 842.36602783    11068.14746094  5960.62744141   
0.35600    374756.62500000 226770.90625000 572004.25000000 841.19561768    11344.77636719  6190.17822266   
0.35700    372685.56250000 225218.31250000 568424.37500000 839.94439697    11618.99121094  6417.95507812   
0.35800    370723.09375000 223732.82812500 565012.62500000 838.60931396    11890.61914062  6643.93359375   
0.35900    368851.46875000 222296.14062500 561733.50000000 837.18841553    12159.56738281  6867.90527344   
0.36000    367093.62500000 220921.06250000 558620.81250000 835.69769287    12426.33496094  7090.37744141   
0.36100    365394.46875000 219574.54687500 555600.43750000 834.10705566    12689.44531250  7309.95410156   
0.36200    363839.65625000 218309.48437500 552789.62500000 832.45831299    12951.53027344  7528.97119141   
0.36300    362319.37500000 217051.81250000 550021.18750000 830.71520996    13209.42089844  7744.63476562   
0.36400    360886.25000000 215848.48437500 547383.06250000 828.89337158    13464.52832031  7958.35644531   
0.36500    359531.87500000 214678.54687500 544863.06250000 826.99890137    13716.83593750  8169.98730469   
0.36600    358282.96875000 213568.53125000 542489.93750000 825.03613281    13967.69628906  8380.41601562   
0.36700    357090.31250000 212480.62500000 540193.18750000 822.97973633    14214.32617188  8587.38476562   
0.36800    356017.31250000 211461.85937500 538076.62500000 820.86816406    14459.84375000  8793.81152344   
0.36900    355001.53125000 210466.42187500 536046.43750000 818.66430664    14701.88867188  8997.57421875   
0.37000    354021.62500000 209487.00000000 534060.56250000 816.37921143    14939.36035156  9197.45996094   
0.37100    353124.65625000 208548.15625000 532192.31250000 814.01464844    15174.02636719  9395.53808594   
0.37200    352328.96875000 207665.79687500 530468.43750000 811.58032227    15406.55566406  9591.77343750   
0.37300    351574.90625000 206799.82812500 528805.25000000 809.05615234    15634.68261719  9784.68554688   
0.37400    350902.71875000 205980.01562500 527276.00000000 806.46691895    15860.11328125  9975.27539062   
0.37500    350294.96875000 205189.65625000 525820.56250000 803.79150391    16081.84179688  10163.11718750  
0.37600    349757.50000000 204438.78125000 524470.56250000 801.03192139    16299.30468750  10347.46777344  
0.37700    349262.84375000 203705.39062500 523190.03125000 798.18768311    16512.66992188  10528.53613281  
0.37800    348837.03125000 203012.62500000 522002.40625000 795.26300049    16721.92773438  10706.62109375  
0.37900    348492.90625000 202365.56250000 520937.06250000 792.25976562    16927.61718750  10881.82421875  
0.38000    348177.81250000 201732.15625000 519919.06250000 789.16925049    17127.98437500  11052.72558594  
0.38100    347907.37500000 201120.57812500 518959.96875000 785.98553467    17323.09765625  11219.50488281  
0.38200    347710.87500000 200554.17187500 518127.00000000 782.72698975    17514.43554688  11383.21679688  
0.38300    347539.53125000 200000.79687500 517317.31250000 779.37872314    17699.47265625  11542.20410156  
0.38400    347449.43750000 199495.68750000 516640.68750000 775.94842529    17880.39648438  11697.77832031  
0.38500    347364.90625000 198995.45312500 515971.65625000 772.42785645    18054.93359375  11848.20703125  
0.38600    347362.71875000 198546.50000000 515433.50000000 768.83276367    18224.93164062  11995.25000000  
0.38700    347361.28125000 198097.70312500 514896.87500000 765.14508057    18387.92578125  12136.48339844  
0.38800    347406.40625000 197679.57812500 514432.25000000 761.37591553    18545.08398438  12273.47265625  
0.38900    347485.15625000 197284.39062500 514017.09375000 757.52532959    18696.12695312  12405.41601562  
0.39000    347618.90625000 196929.84375000 513707.06250000 753.60089111    18841.81054688  12533.15039062  
0.39100    347757.90625000 196577.48437500 513398.31250000 749.59460449    18980.42578125  12655.18457031  
0.39200    347938.62500000 196258.17187500 513162.03125000 745.50872803    19112.69531250  12772.33984375  
0.39300    348123.68750000 195947.25000000 512940.65625000 741.34820557    19237.85351562  12883.84863281  
0.39400    348363.68750000 195679.26562500 512820.18750000 737.12670898    19357.38085938  12991.02246094  
0.39500    348586.21875000 195402.85937500 512665.09375000 732.81756592    19468.75195312  13091.58886719  
0.39600    348824.00000000 195145.40625000 512551.40625000 728.44592285    19573.45703125  13187.05078125  
0.39700    349076.25000000 194904.45312500 512467.87500000 724.01196289    19671.10351562  13276.89062500  
0.39800    349352.15625000 194686.14062500 512432.62500000 719.51971436    19762.26757812  13361.56542969  
0.39900    349623.65625000 194473.53125000 512395.34375000 714.96948242    19846.04687500  13440.31835938  
0.40000    349894.93750000 194271.54687500 512372.75000000 710.36914062    19922.67382812  13513.51757812  
0.40100    350164.15625000 194078.53125000 512355.00000000 705.70397949    19991.85937500  13580.96582031  
0.40200    350449.25000000 193905.67187500 512376.40625000 701.01104736    20054.80664062  13643.09472656  
0.40300    350707.93750000 193723.84375000 512369.28125000 696.26672363    20109.71484375  13699.22949219  
0.40400    350969.62500000 193559.12500000 512377.59375000 691.49346924    20158.46093750  13750.39257812  
0.40500    351225.96875000 193398.71875000 512380.03125000 686.67791748    20199.66210938  13795.88769531  
0.40600    351487.53125000 193255.37500000 512407.34375000 681.85919189    20235.21484375  13836.36425781  
0.40700    351719.62500000 193103.25000000 512403.75000000 676.99926758    20262.99609375  13871.27929688  
0.40800    351934.84375000 192952.31250000 512388.12500000 672.12628174    20284.58203125  13900.80078125  
0.40900    352131.96875000 192802.43750000 512358.43750000 667.23638916    20299.41796875  13925.14648438  
0.41000    352338.56250000 192667.15625000 512345.75000000 662.35449219    20308.63085938  13945.15625000  
0.41100    352502.87500000 192523.28125000 512285.62500000 657.46496582    20311.03125000  13959.69531250  
0.41200    352642.43750000 192369.35937500 512196.65625000 652.57354736    20306.99218750  13969.09863281  
0.41300    352777.93750000 192230.51562500 512121.12500000 647.69946289    20298.30273438  13974.75488281  
0.41400    352879.93750000 192074.07812500 511995.53125000 642.83569336    20282.98437500  13975.43457031  
0.41500    352973.65625000 191929.17187500 511867.40625000 637.99420166    20262.97265625  13972.21191406  
0.41600    353015.81250000 191759.84375000 511669.46875000 633.16845703    20236.64453125  13963.84667969  
0.41700    353064.03125000 191606.46875000 511487.43750000 628.38323975    20206.39257812  13952.63964844  
0.41800    353102.46875000 191459.31250000 511321.37500000 623.63293457    20171.98242188  13938.02539062  
0.41900    353062.75000000 191267.28125000 511023.12500000 618.90344238    20130.68945312  13917.81542969  
0.42000    353036.46875000 191095.35937500 510762.78125000 614.22363281    20086.48046875  13895.45507812  
0.42100    352994.31250000 190924.26562500 510482.34375000 609.60144043    20038.55273438  13870.10742188  
0.42200    352924.68750000 190743.03125000 510173.06250000 605.02044678    19986.56054688  13841.64453125  
0.42300    352810.43750000 190543.60937500 509798.78125000 600.49224854    19930.29296875  13809.51171875  
0.42400    352682.68750000 190343.93750000 509415.59375000 596.01745605    19870.87304688  13774.95312500  
0.42500    352539.34375000 190142.01562500 509011.37500000 591.60583496    19808.33593750  13738.04003906  
0.42600    352359.59375000 189918.26562500 508548.18750000 587.24743652    19742.42773438  13698.15136719  
0.42700    352182.46875000 189709.45312500 508107.40625000 582.96765137    19674.55078125  13656.90429688  
0.42800    351964.43750000 189477.96875000 507603.25000000 578.74151611    19603.41210938  13613.06054688  
0.42900    351758.31250000 189258.07812500 507121.87500000 574.59313965    19530.93554688  13567.92871094  
0.43000    351512.59375000 189024.04687500 506592.71875000 570.52038574    19455.85937500  13520.80371094  
0.43100    351229.50000000 188764.68750000 505991.28125000 566.49468994    19377.65625000  13471.25488281  
0.43200    350961.21875000 188525.12500000 505436.46875000 562.55517578    19299.16992188  13421.54589844  
0.43300    350660.34375000 188263.67187500 504820.40625000 558.68438721    19218.34179688  13369.74902344  
0.43400    350356.18750000 188002.67187500 504207.53125000 554.88958740    19136.20898438  13317.06933594  
0.43500    350026.62500000 187732.39062500 503550.21875000 551.15698242    19052.65820312  13262.95703125  
0.43600    349719.71875000 187473.43750000 502942.09375000 547.50903320    18969.03320312  13208.98046875  
0.43700    349364.53125000 187190.54687500 502248.34375000 543.91552734    18883.22851562  13153.07519531  
0.43800    348990.09375000 186898.12500000 501536.81250000 540.39166260    18796.22460938  13096.51269531  
0.43900    348633.81250000 186613.64062500 500844.37500000 536.94042969    18709.30468750  13039.71191406  
0.44000    348264.87500000 186322.00000000 500136.43750000 533.55267334    18621.54101562  12982.28515625  
0.44100    347886.59375000 186026.60937500 499415.68750000 530.23468018    18532.83789062  12924.22167969  
0.44200    347506.90625000 185727.26562500 498691.90625000 526.96398926    18444.00000000  12865.89257812  
0.44300    347117.15625000 185426.87500000 497959.68750000 523.76177979    18354.47070312  12806.93945312  
0.44400    346734.28125000 185124.56250000 497222.65625000 520.61706543    18264.97851562  12748.14355469  
0.44500    346306.28125000 184796.96875000 496423.00000000 517.51068115    18173.55078125  12687.96093750  
0.44600    345893.59375000 184474.87500000 495640.56250000 514.46435547    18082.46289062  12627.75195312  
0.44700    345498.25000000 184165.04687500 494891.65625000 511.46917725    17991.48437500  12567.67089844  
0.44800    345072.03125000 183831.09375000 494088.53125000 508.50360107    17899.37695312  12506.72949219  
0.44900    344671.43750000 183515.48437500 493327.56250000 505.59814453    17807.63671875  12446.06640625  
0.45000    344270.59375000 183195.35937500 492562.28125000 502.72573853    17715.81640625  12385.46484375  
0.45100    343831.59375000 182850.79687500 491739.43750000 499.87478638    17622.03710938  12323.31835938  
0.45200    343418.28125000 182519.73437500 490952.50000000 497.06433105    17528.78515625  12261.61328125  
0.45300    342985.93750000 182175.07812500 490136.00000000 494.28118896    17434.61328125  12199.24609375  
0.45400    342569.21875000 181835.46875000 489333.59375000 491.51828003    17340.22851562  12136.61621094  
0.45500    342142.56250000 181492.98437500 488532.46875000 488.78082275    17245.16796875  12073.57519531  
0.45600    341711.75000000 181141.96875000 487711.21875000 486.05743408    17148.93164062  12009.76562500  
0.45700    341283.09375000 180793.35937500 486901.43750000 483.35397339    17052.61132812  11945.80664062  
0.45800    340842.40625000 180431.73437500 486061.65625000 480.66305542    16955.33007812  11881.06152344  
0.45900    340392.81250000 180069.85937500 485218.25000000 477.97512817    16856.56250000  11815.52050781  
0.46000    339978.34375000 179717.39062500 484417.03125000 475.30978394    16758.39648438  11750.31250000  
0.46100    339507.34375000 179335.98437500 483532.25000000 472.62701416    16657.28710938  11683.08105469  
0.46200    339072.71875000 178974.42187500 482706.03125000 469.96374512    16556.70703125  11616.23046875  
0.46300    338614.68750000 178595.12500000 481839.34375000 467.30267334    16454.35546875  11548.20507812  
0.46400    338142.21875000 178205.07812500 480950.21875000 464.63070679    16350.56054688  11479.06152344  
0.46500    337682.59375000 177827.20312500 480088.25000000 461.96795654    16246.26562500  11409.53222656  
0.46600    337201.37500000 177430.18750000 479186.50000000 459.29013062    16140.25292969  11338.96191406  
0.46700    336703.12500000 177022.06250000 478261.81250000 456.61279297    16032.43359375  11266.94042969  
0.46800    336233.40625000 176631.85937500 477377.71875000 453.93649292    15924.47753906  11195.20019531  
0.46900    335716.21875000 176213.29687500 476420.78125000 451.24893188    15813.85839844  11121.45507812  
0.47000    335194.15625000 175792.12500000 475463.18750000 448.55252075    15702.20312500  11046.91210938  
0.47100    334676.84375000 175370.15625000 474507.34375000 445.85787964    15589.32421875  10971.61523438  
0.47200    334143.84375000 174939.81250000 473523.56250000 443.15405273    15474.89257812  10895.21582031  
0.47300    333605.18750000 174511.29687500 472545.81250000 440.44851685    15359.23437500  10818.23046875  
0.47400    333025.00000000 174051.71875000 471497.34375000 437.73168945    15241.04492188  10739.34277344  
0.47500    332451.81250000 173602.46875000 470471.31250000 435.02011108    15122.27246094  10660.14550781  
0.47600    331888.53125000 173155.35937500 469449.56250000 432.30825806    15002.57128906  10580.45703125  
0.47700    331259.09375000 172672.04687500 468332.06250000 429.58660889    14879.60839844  10498.41796875  
0.47800    330644.21875000 172195.23437500 467231.53125000 426.87170410    14756.54882812  10416.32128906  
0.47900    330024.93750000 171720.60937500 466137.37500000 424.16235352    14632.23828125  10333.67089844  
0.48000    329359.59375000 171219.03125000 464968.75000000 421.45285034    14505.69335938  10249.28808594  
0.48100    328727.59375000 170737.51562500 463858.59375000 418.76449585    14379.18359375  10165.28417969  
0.48200    328012.53125000 170212.06250000 462618.31250000 416.06228638    14249.50781250  10078.93359375  
0.48300    327305.50000000 169686.50000000 461382.93750000 413.38354492    14119.47558594  9992.44824219   
0.48400    326593.34375000 169163.70312500 460155.56250000 410.71960449    13988.70605469  9905.63574219   
0.48500    325855.18750000 168627.85937500 458886.96875000 408.07348633    13856.50000000  9818.03613281   
0.48600    325111.71875000 168090.34375000 457615.21875000 405.44802856    13724.00488281  9730.13574219   
0.48700    324344.21875000 167539.29687500 456302.87500000 402.84393311    13590.29785156  9641.57421875   
0.48800    323531.65625000 166965.59375000 454931.50000000 400.25445557    13455.08398438  9552.13085938   
0.48900    322723.96875000 166394.75000000 453560.40625000 397.70132446    13319.68359375  9462.59667969   
0.49000    321901.84375000 165817.85937500 452175.34375000 395.17864990    13184.26855469  9373.15039062   
0.49100    321075.00000000 165244.15625000 450783.78125000 392.69213867    13048.56835938  9283.77246094   
0.49200    320202.87500000 164645.35937500 449327.56250000 390.23498535    12911.70800781  9193.71289062   
0.49300    319325.21875000 164044.18750000 447861.37500000 387.81561279    12775.11425781  9103.88378906   
0.49400    318436.90625000 163436.85937500 446377.71875000 385.44296265    12638.51562500  9014.25781250   
0.49500    317517.50000000 162817.32812500 444859.62500000 383.10971069    12501.73730469  8924.68652344   
0.49600    316604.37500000 162206.40625000 443344.12500000 380.82553101    12365.88085938  8835.65429688   
0.49700    315652.68750000 161572.81250000 441776.25000000 378.58123779    12229.48828125  8746.65625000   
0.49800    314705.03125000 160943.65625000 440211.71875000 376.39831543    12094.18847656  8658.38867188   
0.49900    313724.00000000 160295.12500000 438598.18750000 374.25512695    11958.74707031  8570.23144531   
0.50000    312743.68750000 159654.79687500 436996.18750000 372.17538452    11824.70996094  8483.17675781   
