# SAXS profile: number of points = 501, q_min = 0, q_max = 0.5, delta_q = 0.001
#    q    intensity 
0.00000    162231232.00000000 101201672.00000000 256270272.00000000 109845.60156250 8443025.00000000 6668281.00000000 
0.00100    162188976.00000000 101173048.00000000 256197264.00000000 109806.03906250 8440320.00000000 6666158.00000000 
0.00200    162056960.00000000 101086624.00000000 255978656.00000000 109689.11718750 8432156.00000000 6659727.50000000 
0.00300    161827696.00000000 100943824.00000000 255613488.00000000 109494.71093750 8418561.00000000 6649065.00000000 
0.00400    161499904.00000000 100742752.00000000 255102384.00000000 109223.02343750 8399569.00000000 6634126.50000000 
0.00500    161079552.00000000 100484664.00000000 254445984.00000000 108874.72656250 8375231.50000000 6614985.50000000 
0.00600    160571040.00000000 100171560.00000000 253648832.00000000 108452.06250000 8345653.50000000 6591788.00000000 
0.00700    159966160.00000000 99802968.00000000 252710912.00000000 107953.00781250 8310803.00000000 6564404.00000000 
0.00800    159280736.00000000 99381008.00000000 251631536.00000000 107382.25781250 8270841.50000000 6532984.00000000 
0.00900    158507728.00000000 98905800.00000000 250417536.00000000 106739.44531250 8225872.50000000 6497608.00000000 
0.01000    157651200.00000000 98375736.00000000 249068144.00000000 106027.09375000 8175950.50000000 6458391.50000000 
0.01100    156707328.00000000 97794792.00000000 247586368.00000000 105245.57031250 8121176.00000000 6415364.50000000 
0.01200    155680992.00000000 97162960.00000000 245978128.00000000 104399.36718750 8061774.00000000 6368677.00000000 
0.01300    154573920.00000000 96481496.00000000 244244864.00000000 103488.30468750 7997750.00000000 6318358.50000000 
0.01400    153395200.00000000 95752696.00000000 242388496.00000000 102515.92968750 7929333.50000000 6264581.50000000 
0.01500    152137936.00000000 94979320.00000000 240416288.00000000 101483.77343750 7856676.00000000 6207491.50000000 
0.01600    150808608.00000000 94159560.00000000 238328096.00000000 100395.18750000 7779987.50000000 6147172.00000000 
0.01700    149410240.00000000 93297208.00000000 236132128.00000000 99252.68750000  7699299.50000000 6083773.00000000 
0.01800    147943872.00000000 92393520.00000000 233829360.00000000 98059.41406250  7614942.50000000 6017403.50000000 
0.01900    146415392.00000000 91451368.00000000 231427424.00000000 96816.53906250  7527062.50000000 5948294.50000000 
0.02000    144825968.00000000 90470040.00000000 228929616.00000000 95528.64062500  7435783.50000000 5876488.00000000 
0.02100    143177056.00000000 89452888.00000000 226340896.00000000 94199.00781250  7341331.50000000 5802229.50000000 
0.02200    141475008.00000000 88402464.00000000 223665360.00000000 92829.35937500  7243980.00000000 5725603.50000000 
0.02300    139721648.00000000 87320032.00000000 220910032.00000000 91423.14843750  7143827.50000000 5646843.50000000 
0.02400    137920912.00000000 86207224.00000000 218079184.00000000 89983.52343750  7041150.50000000 5566040.50000000 
0.02500    136074768.00000000 85066944.00000000 215177776.00000000 88515.44531250  6936187.50000000 5483457.00000000 
0.02600    134187920.00000000 83900872.00000000 212211136.00000000 87019.39062500  6829038.50000000 5399160.50000000 
0.02700    132263216.00000000 82710968.00000000 209185152.00000000 85501.30468750  6720021.00000000 5313246.50000000 
0.02800    130304312.00000000 81500544.00000000 206105712.00000000 83960.59375000  6609317.50000000 5226183.00000000 
0.02900    128315272.00000000 80269728.00000000 202976944.00000000 82403.15625000  6497073.50000000 5137831.50000000 
0.03000    126298536.00000000 79022000.00000000 199802272.00000000 80832.36718750  6383605.50000000 5048452.50000000 
0.03100    124258312.00000000 77760376.00000000 196594288.00000000 79250.31250000  6269057.00000000 4958258.00000000 
0.03200    122198368.00000000 76485224.00000000 193351200.00000000 77661.07812500  6153702.50000000 4867437.00000000 
0.03300    120120888.00000000 75199560.00000000 190081856.00000000 76066.11718750  6037686.50000000 4776031.50000000 
0.03400    118030856.00000000 73904312.00000000 186790368.00000000 74469.17968750  5921197.50000000 4684288.00000000 
0.03500    115930080.00000000 72601728.00000000 183482800.00000000 72872.17968750  5804468.50000000 4592268.50000000 
0.03600    113821520.00000000 71295008.00000000 180162352.00000000 71278.21093750  5687654.50000000 4500208.00000000 
0.03700    111710224.00000000 69985368.00000000 176837520.00000000 69690.58593750  5571015.00000000 4408260.00000000 
0.03800    109598288.00000000 68675112.00000000 173511600.00000000 68111.03906250  5454657.50000000 4316523.50000000 
0.03900    107489016.00000000 67366184.00000000 170188224.00000000 66542.35156250  5338699.50000000 4225139.50000000 
0.04000    105385464.00000000 66060020.00000000 166870304.00000000 64986.46875000  5223466.50000000 4134209.00000000 
0.04100    103290016.00000000 64758312.00000000 163567632.00000000 63445.62500000  5109000.00000000 4043936.00000000 
0.04200    101205528.00000000 63463700.00000000 160280896.00000000 61921.56250000  4995503.50000000 3954383.00000000 
0.04300    99135664.00000000 62176552.00000000 157016448.00000000 60416.89843750  4883086.00000000 3865686.75000000 
0.04400    97081216.00000000 60898672.00000000 153776544.00000000 58933.08593750  4771911.00000000 3777965.75000000 
0.04500    95045856.00000000 59633032.00000000 150567024.00000000 57471.17968750  4662070.00000000 3691277.00000000 
0.04600    93030904.00000000 58379128.00000000 147387664.00000000 56033.18359375  4553702.50000000 3605728.00000000 
0.04700    91039504.00000000 57139832.00000000 144246080.00000000 54620.52343750  4446917.00000000 3521425.00000000 
0.04800    89073648.00000000 55915372.00000000 141143696.00000000 53234.24218750  4341865.00000000 3438484.00000000 
0.04900    87135336.00000000 54707820.00000000 138084416.00000000 51875.00000000  4238597.00000000 3356903.00000000 
0.05000    85225544.00000000 53517412.00000000 135068368.00000000 50544.67968750  4137175.00000000 3276775.50000000 
0.05100    83346744.00000000 52346504.00000000 132101352.00000000 49243.21875000  4037691.50000000 3198214.75000000 
0.05200    81500160.00000000 51194768.00000000 129184808.00000000 47971.55468750  3940255.75000000 3121184.50000000 
0.05300    79687544.00000000 50064136.00000000 126321416.00000000 46729.85156250  3844843.25000000 3045825.00000000 
0.05400    77909880.00000000 48954672.00000000 123512568.00000000 45519.66796875  3751591.50000000 2972109.50000000 
0.05500    76168504.00000000 47867304.00000000 120761048.00000000 44340.00781250  3660493.75000000 2900098.25000000 
0.05600    74464552.00000000 46803212.00000000 118067032.00000000 43192.26171875  3571577.25000000 2829824.75000000 
0.05700    72798144.00000000 45762240.00000000 115433176.00000000 42075.65625000  3484907.50000000 2761294.75000000 
0.05800    71170872.00000000 44745484.00000000 112860024.00000000 40990.55078125  3400469.50000000 2694534.00000000 
0.05900    69582488.00000000 43752980.00000000 110349168.00000000 39936.38281250  3318307.75000000 2629557.00000000 
0.06000    68034936.00000000 42784684.00000000 107900600.00000000 38913.47656250  3238372.25000000 2566359.75000000 
0.06100    66526736.00000000 41841940.00000000 105516664.00000000 37921.30468750  3160736.00000000 2504955.75000000 
0.06200    65059920.00000000 40924224.00000000 103195848.00000000 36959.44140625  3085346.75000000 2445299.00000000 
0.06300    63633240.00000000 40032452.00000000 100940304.00000000 36027.73828125  3012170.00000000 2387433.25000000 
0.06400    62247676.00000000 39165184.00000000 98747616.00000000 35124.93359375  2941217.75000000 2331286.75000000 
0.06500    60903300.00000000 38323972.00000000 96620960.00000000 34251.11328125  2872447.50000000 2276900.50000000 
0.06600    59599168.00000000 37508208.00000000 94558128.00000000 33405.40234375  2805860.25000000 2224213.75000000 
0.06700    58335656.00000000 36717104.00000000 92557864.00000000 32586.89062500  2741350.50000000 2173189.50000000 
0.06800    57111856.00000000 35951884.00000000 90622944.00000000 31795.40429688  2678977.75000000 2123828.75000000 
0.06900    55928408.00000000 35210916.00000000 88749808.00000000 31029.74804688  2618610.50000000 2076110.50000000 
0.07000    54782884.00000000 34494820.00000000 86939064.00000000 30289.17187500  2560233.75000000 2029947.87500000 
0.07100    53677084.00000000 33802860.00000000 85188824.00000000 29572.94140625  2503832.50000000 1985329.87500000 
0.07200    52608028.00000000 33135206.00000000 83498456.00000000 28880.08789062  2449316.75000000 1942203.37500000 
0.07300    51577528.00000000 32490648.00000000 81869088.00000000 28209.77343750  2396612.25000000 1900541.87500000 
0.07400    50582688.00000000 31868862.00000000 80296544.00000000 27561.53515625  2345713.50000000 1860304.12500000 
0.07500    49623876.00000000 31269662.00000000 78779648.00000000 26933.91601562  2296507.25000000 1821415.25000000 
0.07600    48699432.00000000 30692382.00000000 77319352.00000000 26326.08203125  2248985.25000000 1783841.00000000 
0.07700    47809188.00000000 30136912.00000000 75911976.00000000 25737.68164062  2203047.50000000 1747551.12500000 
0.07800    46951628.00000000 29601932.00000000 74557040.00000000 25167.22070312  2158641.75000000 1712470.37500000 
0.07900    46125888.00000000 29087294.00000000 73253488.00000000 24614.50976562  2115729.50000000 1678552.75000000 
0.08000    45330880.00000000 28592154.00000000 71998712.00000000 24078.30078125  2074202.62500000 1645775.62500000 
0.08100    44565924.00000000 28116146.00000000 70792240.00000000 23557.67382812  2034029.12500000 1614065.50000000 
0.08200    43829396.00000000 27658100.00000000 69630992.00000000 23052.32421875  1995155.25000000 1583385.00000000 
0.08300    43120732.00000000 27218040.00000000 68513888.00000000 22561.21289062  1957512.25000000 1553663.75000000 
0.08400    42438760.00000000 26795066.00000000 67439336.00000000 22083.56054688  1921018.87500000 1524881.75000000 
0.08500    41782300.00000000 26388004.00000000 66405520.00000000 21618.82031250  1885645.00000000 1496963.50000000 
0.08600    41150180.00000000 25996830.00000000 65410832.00000000 21166.31835938  1851302.37500000 1469896.12500000 
0.08700    40541440.00000000 25620214.00000000 64453016.00000000 20725.31640625  1817960.25000000 1443618.37500000 
0.08800    39955032.00000000 25258032.00000000 63531756.00000000 20294.98437500  1785573.50000000 1418088.50000000 
0.08900    39389464.00000000 24909332.00000000 62642948.00000000 19875.33593750  1754053.12500000 1393257.00000000 
0.09000    38844464.00000000 24573664.00000000 61787128.00000000 19465.55859375  1723381.62500000 1369088.37500000 
0.09100    38317808.00000000 24250190.00000000 60961532.00000000 19065.15039062  1693484.62500000 1345542.62500000 
0.09200    37809488.00000000 23937990.00000000 60164876.00000000 18673.60351562  1664333.25000000 1322576.12500000 
0.09300    37318404.00000000 23637014.00000000 59395704.00000000 18290.31054688  1635880.62500000 1300184.12500000 
0.09400    36842644.00000000 23345842.00000000 58651428.00000000 17915.41796875  1608070.87500000 1278280.37500000 
0.09500    36382356.00000000 23064522.00000000 57930964.00000000 17548.25781250  1580870.37500000 1256868.00000000 
0.09600    35936232.00000000 22792052.00000000 57233980.00000000 17188.28125000  1554254.87500000 1235925.37500000 
0.09700    35502944.00000000 22528208.00000000 56556980.00000000 16835.45507812  1528172.12500000 1215384.75000000 
0.09800    35082076.00000000 22272054.00000000 55899856.00000000 16489.36132812  1502586.12500000 1195244.25000000 
0.09900    34672768.00000000 22023074.00000000 55261348.00000000 16149.84277344  1477474.62500000 1175477.75000000 
0.10000    34273480.00000000 21781040.00000000 54639292.00000000 15816.58886719  1452797.25000000 1156046.37500000 
0.10100    33884388.00000000 21544742.00000000 54032664.00000000 15489.38183594  1428543.75000000 1136945.87500000 
0.10200    33504258.00000000 21314404.00000000 53440852.00000000 15168.18554688  1404679.62500000 1118141.75000000 
0.10300    33132126.00000000 21089508.00000000 52861692.00000000 14852.60253906  1381174.50000000 1099633.50000000 
0.10400    32767626.00000000 20869010.00000000 52294528.00000000 14542.66503906  1358017.62500000 1081381.37500000 
0.10500    32410396.00000000 20652894.00000000 51738288.00000000 14238.22753906  1335185.12500000 1063388.25000000 
0.10600    32058968.00000000 20440736.00000000 51192172.00000000 13939.09570312  1312638.87500000 1045626.37500000 
0.10700    31713408.00000000 20232008.00000000 50654472.00000000 13645.21093750  1290412.87500000 1028079.18750000 
0.10800    31372940.00000000 20026418.00000000 50125268.00000000 13356.31347656  1268450.37500000 1010749.43750000 
0.10900    31036952.00000000 19823490.00000000 49602768.00000000 13072.75781250  1246746.37500000 993624.68750000 
0.11000    30705362.00000000 19623318.00000000 49086948.00000000 12794.05273438  1225299.00000000 976687.68750000 
0.11100    30376888.00000000 19424802.00000000 48576248.00000000 12520.08007812  1204091.37500000 959930.68750000 
0.11200    30052086.00000000 19228514.00000000 48070348.00000000 12251.02929688  1183105.00000000 943347.68750000 
0.11300    29729888.00000000 19033656.00000000 47568920.00000000 11986.78710938  1162367.50000000 926930.62500000 
0.11400    29410192.00000000 18840002.00000000 47070748.00000000 11727.29101562  1141834.00000000 910687.25000000 
0.11500    29092544.00000000 18647436.00000000 46576004.00000000 11472.48925781  1121507.75000000 894600.50000000 
0.11600    28776558.00000000 18455758.00000000 46083528.00000000 11222.18457031  1101387.25000000 878667.25000000 
0.11700    28462184.00000000 18264898.00000000 45593112.00000000 10976.53222656  1081471.87500000 862893.31250000 
0.11800    28148892.00000000 18074408.00000000 45104576.00000000 10735.34960938  1061758.12500000 847256.93750000 
0.11900    27836750.00000000 17884192.00000000 44616576.00000000 10498.50878906  1042255.56250000 831767.25000000 
0.12000    27525488.00000000 17694352.00000000 44129876.00000000 10266.09082031  1022922.18750000 816436.18750000 
0.12100    27214818.00000000 17504364.00000000 43643748.00000000 10037.95019531  1003800.37500000 801246.50000000 
0.12200    26904690.00000000 17314566.00000000 43157932.00000000 9814.06347656   984865.43750000 786206.68750000 
0.12300    26594564.00000000 17124522.00000000 42673024.00000000 9594.48242188   966132.12500000 771308.56250000 
0.12400    26284948.00000000 16934266.00000000 42187168.00000000 9378.85058594   947579.00000000 756551.62500000 
0.12500    25975568.00000000 16743833.00000000 41701372.00000000 9167.28613281   929220.56250000 741943.50000000 
0.12600    25666166.00000000 16553206.00000000 41215404.00000000 8959.78125000   911063.75000000 727489.00000000 
0.12700    25356900.00000000 16362130.00000000 40729004.00000000 8756.16113281   893098.87500000 713173.37500000 
0.12800    25047614.00000000 16170637.00000000 40242008.00000000 8556.36132812   875324.93750000 699014.62500000 
0.12900    24738032.00000000 15978837.00000000 39754540.00000000 8360.35742188   857751.93750000 685003.68750000 
0.13000    24428814.00000000 15786818.00000000 39266752.00000000 8167.94335938   840376.43750000 671146.25000000 
0.13100    24119286.00000000 15594230.00000000 38778540.00000000 7979.22900391   823199.12500000 657439.75000000 
0.13200    23809894.00000000 15401421.00000000 38289736.00000000 7793.98632812   806223.50000000 643884.31250000 
0.13300    23500840.00000000 15208224.00000000 37801168.00000000 7612.23291016   789445.75000000 630494.43750000 
0.13400    23191624.00000000 15014841.00000000 37311776.00000000 7433.86816406   772878.18750000 617261.62500000 
0.13500    22882544.00000000 14821217.00000000 36822372.00000000 7258.77050781   756510.50000000 604183.06250000 
0.13600    22573790.00000000 14627373.00000000 36333324.00000000 7086.91259766   740355.12500000 591268.93750000 
0.13700    22265394.00000000 14433493.00000000 35843464.00000000 6918.29052734   724399.81250000 578519.06250000 
0.13800    21957462.00000000 14239370.00000000 35354668.00000000 6752.78271484   708655.25000000 565929.25000000 
0.13900    21650004.00000000 14045483.00000000 34866344.00000000 6590.23779297   693125.75000000 553508.37500000 
0.14000    21343110.00000000 13851736.00000000 34378724.00000000 6430.76416016   677810.12500000 541259.31250000 
0.14100    21037022.00000000 13657935.00000000 33891560.00000000 6274.16015625   662713.18750000 529170.56250000 
0.14200    20731908.00000000 13464597.00000000 33405452.00000000 6120.47216797   647821.68750000 517264.25000000 
0.14300    20427746.00000000 13271495.00000000 32920870.00000000 5969.62744141   633159.37500000 505517.43750000 
0.14400    20124588.00000000 13078828.00000000 32437296.00000000 5821.55761719   618710.25000000 493949.40625000 
0.14500    19822756.00000000 12886717.00000000 31955728.00000000 5676.29638672   604477.75000000 482558.65625000 
0.14600    19522120.00000000 12695199.00000000 31476058.00000000 5533.75048828   590476.62500000 471342.84375000 
0.14700    19223358.00000000 12504451.00000000 30998386.00000000 5393.83642578   576700.18750000 460306.37500000 
0.14800    18926090.00000000 12314469.00000000 30522952.00000000 5256.67138672   563135.12500000 449444.56250000 
0.14900    18630500.00000000 12125363.00000000 30050062.00000000 5122.13623047   549798.12500000 438762.25000000 
0.15000    18336686.00000000 11937202.00000000 29580030.00000000 4990.23876953   536696.56250000 428263.37500000 
0.15100    18045290.00000000 11750306.00000000 29113158.00000000 4861.02441406   523815.90625000 417946.90625000 
0.15200    17755880.00000000 11564405.00000000 28649026.00000000 4734.43798828   511170.87500000 407808.90625000 
0.15300    17468792.00000000 11380044.00000000 28188954.00000000 4610.41064453   498749.21875000 397860.12500000 
0.15400    17184142.00000000 11196800.00000000 27732094.00000000 4489.01806641   486562.34375000 388092.40625000 
0.15500    16901988.00000000 11015243.00000000 27279506.00000000 4370.29736328   474608.81250000 378509.37500000 
0.15600    16622608.00000000 10835064.00000000 26830974.00000000 4254.19580078   462883.78125000 369115.03125000 
0.15700    16346246.00000000 10656643.00000000 26386576.00000000 4140.78027344   451395.12500000 359902.43750000 
0.15800    16072523.00000000 10479880.00000000 25946658.00000000 4029.92358398   440140.09375000 350876.28125000 
0.15900    15801938.00000000 10305031.00000000 25511538.00000000 3921.78515625   429114.84375000 342040.34375000 
0.16000    15534422.00000000 10131923.00000000 25081354.00000000 3816.31005859   418329.18750000 333388.09375000 
0.16100    15270257.00000000 9960851.00000000 24656062.00000000 3713.55200195   407777.34375000 324924.75000000 
0.16200    15009426.00000000 9791683.00000000 24236088.00000000 3613.47265625   397454.43750000 316646.25000000 
0.16300    14752002.00000000 9624641.00000000 23821420.00000000 3516.04931641   387369.37500000 308554.21875000 
0.16400    14498187.00000000 9459799.00000000 23412228.00000000 3421.42846680   377516.65625000 300647.68750000 
0.16500    14247855.00000000 9297248.00000000 23008754.00000000 3329.45947266   367899.59375000 292929.75000000 
0.16600    14001298.00000000 9136847.00000000 22610960.00000000 3240.23486328   358510.71875000 285389.68750000 
0.16700    13758360.00000000 8978729.00000000 22219176.00000000 3153.74291992   349350.21875000 278036.03125000 
0.16800    13519206.00000000 8823046.00000000 21833128.00000000 3069.92236328   340424.37500000 270865.06250000 
0.16900    13284016.00000000 8669692.00000000 21453260.00000000 2988.86767578   331724.75000000 263877.53125000 
0.17000    13052571.00000000 8518817.00000000 21079436.00000000 2910.50463867   323248.06250000 257066.40625000 
0.17100    12825094.00000000 8370282.50000000 20711952.00000000 2834.80761719   314998.53125000 250435.17187500 
0.17200    12601538.00000000 8224294.00000000 20350696.00000000 2761.79541016   306970.40625000 243977.21875000 
0.17300    12381974.00000000 8080834.00000000 19995600.00000000 2691.43823242   299159.87500000 237696.15625000 
0.17400    12166343.00000000 7939797.50000000 19646914.00000000 2623.72363281   291567.40625000 231585.59375000 
0.17500    11954738.00000000 7801281.50000000 19304428.00000000 2558.57763672   284187.87500000 225645.67187500 
0.17600    11747010.00000000 7665289.00000000 18968200.00000000 2495.95800781   277012.43750000 219870.00000000 
0.17700    11543182.00000000 7531804.50000000 18638346.00000000 2435.91308594   270050.28125000 214260.50000000 
0.17800    11343428.00000000 7400790.00000000 18314742.00000000 2378.27124023   263287.40625000 208810.45312500 
0.17900    11147496.00000000 7272271.50000000 17997332.00000000 2323.04174805   256725.25000000 203518.07812500 
0.18000    10955559.00000000 7146233.50000000 17686296.00000000 2270.20239258   250354.25000000 198380.18750000 
0.18100    10767310.00000000 7022702.00000000 17381324.00000000 2219.65161133   244177.00000000 193395.23437500 
0.18200    10582883.00000000 6901491.50000000 17082218.00000000 2171.29516602   238179.40625000 188553.23437500 
0.18300    10402272.00000000 6782737.00000000 16789232.00000000 2125.11694336   232363.89062500 183857.42187500 
0.18400    10225148.00000000 6666334.50000000 16502018.00000000 2081.02441406   226723.04687500 179299.25000000 
0.18500    10051880.00000000 6552250.00000000 16220734.00000000 2038.95776367   221253.75000000 174878.15625000 
0.18600    9881891.00000000 6440485.00000000 15945173.00000000 1998.79895020   215945.28125000 170586.46875000 
0.18700    9715496.00000000 6330941.00000000 15675149.00000000 1960.51184082   210797.53125000 166420.64062500 
0.18800    9552505.00000000 6223614.00000000 15410542.00000000 1923.99853516   205801.31250000 162376.39062500 
0.18900    9392938.00000000 6118505.00000000 15151365.00000000 1889.16052246   200956.12500000 158453.60937500 
0.19000    9236369.00000000 6015384.00000000 14897320.00000000 1855.88586426   196245.78125000 154640.01562500 
0.19100    9083115.00000000 5914355.50000000 14648467.00000000 1824.16711426   191678.18750000 150939.67187500 
0.19200    8932818.00000000 5815315.00000000 14404506.00000000 1793.85412598   187235.64062500 147338.85937500 
0.19300    8785448.00000000 5718277.00000000 14165246.00000000 1764.91906738   182920.34375000 143841.90625000 
0.19400    8641050.00000000 5623087.50000000 13930693.00000000 1737.18273926   178721.53125000 140437.12500000 
0.19500    8499401.00000000 5529678.00000000 13700607.00000000 1710.64111328   174634.29687500 137124.09375000 
0.19600    8360202.50000000 5438050.50000000 13474782.00000000 1685.17517090   170652.89062500 133896.21875000 
0.19700    8223879.50000000 5348140.50000000 13253201.00000000 1660.72204590   166774.85937500 130750.37500000 
0.19800    8089837.00000000 5259891.00000000 13035694.00000000 1637.19055176   162989.14062500 127683.23437500 
0.19900    7958250.00000000 5173245.50000000 12822032.00000000 1614.52453613   159295.95312500 124687.75000000 
0.20000    7828896.00000000 5088043.00000000 12612028.00000000 1592.60754395   155686.71875000 121760.85937500 
0.20100    7701716.00000000 5004394.00000000 12405746.00000000 1571.41625977   152157.46875000 118899.67968750 
0.20200    7576670.50000000 4922092.00000000 12202853.00000000 1550.85644531   148700.70312500 116100.42968750 
0.20300    7453632.50000000 4841190.00000000 12003233.00000000 1530.89147949   145316.26562500 113358.53906250 
0.20400    7332476.00000000 4761578.50000000 11806774.00000000 1511.44641113   141996.73437500 110669.26562500 
0.20500    7213124.00000000 4683166.50000000 11613334.00000000 1492.46337891   138736.81250000 108031.41406250 
0.20600    7095553.50000000 4605964.00000000 11422789.00000000 1473.89221191   135536.09375000 105440.46093750 
0.20700    6979619.00000000 4529945.00000000 11234963.00000000 1455.72216797   132389.20312500 102895.10937500 
0.20800    6865269.00000000 4454940.00000000 11049736.00000000 1437.86596680   129290.46875000 100389.07031250 
0.20900    6752501.50000000 4381076.00000000 10867156.00000000 1420.35803223   126242.19531250 97926.92187500  
0.21000    6641123.00000000 4308139.00000000 10686870.00000000 1403.07775879   123234.43750000 95496.59375000  
0.21100    6531163.50000000 4236180.00000000 10508969.00000000 1386.05285645   120269.22656250 93102.61718750  
0.21200    6422489.00000000 4165147.00000000 10333273.00000000 1369.26721191   117341.06250000 90741.05468750  
0.21300    6315095.50000000 4094979.50000000 10159676.00000000 1352.67272949   114450.36718750 88410.28125000  
0.21400    6208918.00000000 4025669.25000000 9988079.00000000 1336.28186035   111594.21875000 86108.88281250  
0.21500    6103975.50000000 3957198.25000000 9818502.00000000 1320.11669922   108775.23437500 83837.71093750  
0.21600    6000138.00000000 3889457.25000000 9650732.00000000 1304.09741211   105983.89843750 81589.88281250  
0.21700    5897279.50000000 3822520.50000000 9484921.00000000 1288.28613281   103224.16406250 79371.21875000  
0.21800    5795605.50000000 3756317.50000000 9320724.00000000 1272.63598633   100495.83593750 77176.93750000  
0.21900    5694871.00000000 3690773.00000000 9158237.00000000 1257.19067383   97795.96093750  75006.50000000  
0.22000    5595174.00000000 3625978.50000000 8997398.00000000 1241.93005371   95124.61718750  72860.70312500  
0.22100    5496503.50000000 3561862.25000000 8838360.00000000 1226.91601562   92484.68750000  70741.35156250  
0.22200    5398769.50000000 3498408.25000000 8680976.00000000 1212.11315918   89874.85156250  68645.46093750  
0.22300    5301978.00000000 3435580.25000000 8525043.00000000 1197.54235840   87292.80468750  66573.38281250  
0.22400    5206125.00000000 3373414.50000000 8370596.50000000 1183.20129395   84739.24218750  64526.31640625  
0.22500    5111264.00000000 3311935.50000000 8217886.00000000 1169.18481445   82221.86718750  62506.40625000  
0.22600    5017400.00000000 3251048.50000000 8066649.50000000 1155.42480469   79732.03125000  60510.03515625  
0.22700    4924392.00000000 3190822.50000000 7916969.00000000 1141.97644043   77276.88281250  58542.61328125  
0.22800    4832336.50000000 3131226.50000000 7768830.50000000 1128.87658691   74855.43750000  56600.57031250  
0.22900    4741246.50000000 3072241.00000000 7622216.00000000 1116.08386230   72467.61718750  54687.26953125  
0.23000    4651135.00000000 3013917.50000000 7477211.50000000 1103.70007324   70116.09375000  52803.17578125  
0.23100    4562019.00000000 2956235.75000000 7333897.00000000 1091.66662598   67802.50000000  50950.39843750  
0.23200    4473815.00000000 2899177.25000000 7192015.00000000 1080.01818848   65527.32421875  49126.26953125  
0.23300    4386711.50000000 2842771.00000000 7051866.50000000 1068.79614258   63292.05859375  47334.96093750  
0.23400    4300568.50000000 2787074.25000000 6913302.00000000 1058.00781250   61098.73046875  45577.08203125  
0.23500    4215446.50000000 2731980.75000000 6776352.50000000 1047.62072754   58946.11718750  43851.67968750  
0.23600    4131462.00000000 2677619.00000000 6641179.00000000 1037.70019531   56838.65234375  42162.71875000  
0.23700    4048495.00000000 2623924.25000000 6507679.50000000 1028.23095703   54776.33593750  40508.64062500  
0.23800    3966633.75000000 2570922.75000000 6376000.50000000 1019.21380615   52760.72265625  38892.60937500  
0.23900    3885896.25000000 2518649.75000000 6246083.50000000 1010.66162109   50791.87109375  37312.95312500  
0.24000    3806283.75000000 2467054.50000000 6117899.50000000 1002.56756592   48871.54296875  35772.62109375  
0.24100    3727860.75000000 2416241.25000000 5991656.00000000 994.96624756    47002.91796875  34272.22265625  
0.24200    3650616.00000000 2366150.75000000 5867178.00000000 987.80389404    45184.00781250  32811.83984375  
0.24300    3574545.00000000 2316800.00000000 5744688.00000000 981.10266113    43415.76171875  31391.63476562  
0.24400    3499662.25000000 2268203.75000000 5624052.00000000 974.84899902    41699.90625000  30012.97851562  
0.24500    3425983.00000000 2220371.75000000 5505400.00000000 969.03131104    40035.84765625  28675.38867188  
0.24600    3353579.75000000 2173334.75000000 5388601.50000000 963.64477539    38425.55468750  27380.47656250  
0.24700    3282441.00000000 2127081.00000000 5273867.50000000 958.66589355    36869.11718750  26128.16601562  
0.24800    3212538.00000000 2081606.75000000 5161120.50000000 954.09991455    35365.80078125  24918.35742188  
0.24900    3143891.75000000 2036906.37500000 5050347.50000000 949.91656494    33915.36328125  23750.58789062  
0.25000    3076520.25000000 1993028.87500000 4941639.50000000 946.10473633    32519.34179688  22626.02929688  
0.25100    3010434.00000000 1949934.75000000 4834849.00000000 942.62615967    31175.41406250  21542.97460938  
0.25200    2945669.75000000 1907666.75000000 4730238.00000000 939.49426270    29886.83593750  20503.91601562  
0.25300    2882177.50000000 1866195.62500000 4627634.50000000 936.66601562    28650.10742188  19506.01562500  
0.25400    2819965.50000000 1825533.12500000 4526987.50000000 934.11645508    27464.95312500  18549.71093750  
0.25500    2759034.75000000 1785671.00000000 4428427.00000000 931.83557129    26330.91601562  17634.55468750  
0.25600    2699390.00000000 1746621.12500000 4331931.50000000 929.79675293    25248.53515625  16760.13671875  
0.25700    2641021.50000000 1708358.75000000 4237405.00000000 927.97265625    24215.12109375  15925.04882812  
0.25800    2583933.00000000 1670918.50000000 4144901.00000000 926.35601807    23231.17187500  15129.69140625  
0.25900    2528082.25000000 1634251.75000000 4054406.50000000 924.91705322    22294.74609375  14372.63378906  
0.26000    2473493.25000000 1598370.62500000 3965911.75000000 923.62823486    21405.33789062  13653.11132812  
0.26100    2420114.25000000 1563261.00000000 3879283.25000000 922.45977783    20560.31054688  12969.17089844  
0.26200    2367979.75000000 1528943.37500000 3794700.25000000 921.43768311    19761.27929688  12322.57128906  
0.26300    2317001.25000000 1495353.50000000 3711955.25000000 920.46783447    19003.13867188  11708.64257812  
0.26400    2267238.25000000 1462536.37500000 3631111.00000000 919.59497070    18287.51757812  11129.17871094  
0.26500    2218667.75000000 1430476.50000000 3552167.50000000 918.78936768    17611.97460938  10581.89062500  
0.26600    2171199.25000000 1399123.12500000 3474982.25000000 918.01672363    16975.17773438  10065.75390625  
0.26700    2124898.75000000 1368493.87500000 3399628.00000000 917.28466797    16375.97558594  9580.16992188   
0.26800    2079646.62500000 1338584.12500000 3326070.25000000 916.56750488    15812.74023438  9123.60156250   
0.26900    2035481.37500000 1309337.00000000 3254218.25000000 915.85894775    15282.66699219  8693.87695312   
0.27000    1992395.75000000 1280808.87500000 3184067.75000000 915.14025879    14786.62304688  8291.66015625   
0.27100    1950320.25000000 1252907.12500000 3115519.00000000 914.41198730    14321.03027344  7914.45068359   
0.27200    1909308.87500000 1225683.37500000 3048654.75000000 913.70056152    13888.02050781  7562.73388672   
0.27300    1869212.12500000 1199073.00000000 2983340.00000000 912.93499756    13480.70703125  7232.80126953   
0.27400    1830027.62500000 1173069.37500000 2919464.50000000 912.12463379    13099.80175781  6923.74365234   
0.27500    1791853.87500000 1147708.62500000 2857240.25000000 911.33410645    12747.89648438  6637.98730469   
0.27600    1754510.87500000 1122896.87500000 2796337.50000000 910.47912598    12417.10546875  6369.99609375   
0.27700    1718101.12500000 1098690.12500000 2736943.50000000 909.62292480    12111.98046875  6122.20410156   
0.27800    1682515.62500000 1075021.12500000 2678880.00000000 908.74566650    11827.92675781  5891.25439453   
0.27900    1647777.12500000 1051909.25000000 2622189.00000000 907.83630371    11565.17285156  5677.74316406   
0.28000    1613814.50000000 1029312.31250000 2566773.50000000 906.91516113    11321.65527344  5479.55712891   
0.28100    1580632.87500000 1007237.56250000 2512632.25000000 905.98638916    11096.75390625  5296.32666016   
0.28200    1548227.62500000 985667.50000000 2459734.25000000 905.05505371    10890.14941406  5127.56835938   
0.28300    1516535.50000000 964583.93750000 2408010.75000000 904.13635254    10699.70898438  4972.26757812   
0.28400    1485550.25000000 943957.62500000 2357418.50000000 903.21984863    10524.70703125  4828.56591797   
0.28500    1455277.25000000 923812.56250000 2308004.75000000 902.32971191    10365.52832031  4697.77099609   
0.28600    1425636.87500000 904086.12500000 2259633.25000000 901.45373535    10219.27734375  4577.06445312   
0.28700    1396662.37500000 884817.06250000 2212326.25000000 900.61761475    10086.90625000  4467.49560547   
0.28800    1368298.00000000 865947.81250000 2166047.25000000 899.83050537    9966.78417969   4367.26367188   
0.28900    1340576.37500000 847512.50000000 2120820.75000000 899.09997559    9859.48925781   4276.98583984   
0.29000    1313423.37500000 829454.62500000 2076490.75000000 898.41827393    9762.52636719   4194.72998047   
0.29100    1286865.50000000 811800.56250000 2033175.87500000 897.81506348    9677.23730469   4121.89355469   
0.29200    1260862.62500000 794513.06250000 1990736.37500000 897.27966309    9601.94531250   4056.15649414   
0.29300    1235430.25000000 777616.68750000 1949240.37500000 896.83428955    9537.24121094   3998.79565430   
0.29400    1210495.25000000 761047.50000000 1908532.62500000 896.45648193    9479.97363281   3947.14916992   
0.29500    1186106.62500000 744857.31250000 1868776.12500000 896.19750977    9433.23046875   3903.58764648   
0.29600    1162203.00000000 728992.25000000 1829800.25000000 896.00018311    9394.44531250   3865.87109375   
0.29700    1138794.62500000 713464.25000000 1791647.75000000 895.91943359    9363.19042969   3834.07519531   
0.29800    1115908.75000000 698278.31250000 1754299.12500000 895.93585205    9340.78125000   3808.69165039   
0.29900    1093492.12500000 683410.43750000 1717766.25000000 896.05908203    9326.21875000   3789.24511719   
0.30000    1071524.87500000 668843.50000000 1681951.12500000 896.27069092    9317.53613281   3774.24780273   
0.30100    1050036.62500000 654606.50000000 1646934.50000000 896.60217285    9317.05761719   3765.51171875   
0.30200    1028984.12500000 640651.75000000 1612604.50000000 897.01080322    9322.24121094   3761.05200195   
0.30300    1008392.62500000 627015.37500000 1579060.12500000 897.52941895    9334.46386719   3761.94702148   
0.30400    988247.00000000 613670.06250000 1546239.12500000 898.13690186    9353.06250000   3767.77514648   
0.30500    968517.31250000 600599.56250000 1514087.75000000 898.81634521    9376.40820312   3777.35400391   
0.30600    949205.00000000 587814.00000000 1482603.00000000 899.58007812    9405.70703125   3790.98486328   
0.30700    930337.12500000 575334.43750000 1451876.37500000 900.43334961    9441.70605469   3810.02685547   
0.30800    911864.81250000 563102.81250000 1421786.12500000 901.32910156    9481.24023438   3832.18994141   
0.30900    893832.12500000 551167.12500000 1392392.87500000 902.30303955    9526.67187500   3859.04980469   
0.31000    876202.31250000 539501.43750000 1363645.12500000 903.31597900    9576.42968750   3889.19189453   
0.31100    858934.43750000 528087.06250000 1335547.50000000 904.36883545    9630.57128906   3922.95532227   
0.31200    842096.62500000 516947.71875000 1308119.50000000 905.44329834    9688.89550781   3960.36547852   
0.31300    825653.31250000 506067.96875000 1281320.50000000 906.53796387    9751.10156250   4001.06689453   
0.31400    809614.12500000 495452.75000000 1255195.75000000 907.65313721    9817.91015625   4045.56909180   
0.31500    793924.93750000 485080.43750000 1229650.00000000 908.75225830    9886.98828125   4092.42919922   
0.31600    778635.62500000 474970.28125000 1204745.62500000 909.83764648    9960.15039062   4142.73193359   
0.31700    763736.87500000 465109.09375000 1180452.87500000 910.90637207    10036.08984375  4196.12939453   
0.31800    749190.43750000 455491.00000000 1156759.62500000 911.92022705    10114.20214844  4251.24365234   
0.31900    735043.12500000 446124.53125000 1133698.50000000 912.92047119    10196.09765625  4310.33447266   
0.32000    721239.06250000 436997.56250000 1111237.87500000 913.84704590    10279.68359375  4371.43359375   
0.32100    707794.87500000 428103.43750000 1089317.12500000 914.71099854    10365.16699219  4434.65429688   
0.32200    694735.56250000 419465.59375000 1068044.25000000 915.50555420    10453.25097656  4500.95263672   
0.32300    681984.93750000 411027.68750000 1047271.43750000 916.20703125    10542.09277344  4568.39111328   
0.32400    669593.62500000 402838.75000000 1027093.31250000 916.82714844    10632.62890625  4638.02197266   
0.32500    657551.31250000 394870.87500000 1007465.18750000 917.34051514    10724.40527344  4709.80908203   
0.32600    645849.81250000 387130.53125000 988404.31250000 917.75030518    10817.58496094  4783.53369141   
0.32700    634476.68750000 379609.00000000 969889.68750000 918.06042480    10911.97070312  4859.17333984   
0.32800    623451.68750000 372322.09375000 951930.18750000 918.25561523    11007.85937500  4937.04003906   
0.32900    612727.37500000 365230.56250000 934474.50000000 918.33319092    11103.27539062  5015.81591797   
0.33000    602337.06250000 358364.09375000 917561.00000000 918.29089355    11200.57421875  5096.81884766   
0.33100    592211.81250000 351680.06250000 901091.50000000 918.11730957    11296.82812500  5178.42480469   
0.33200    582468.62500000 345237.84375000 885239.37500000 917.83563232    11395.73144531  5263.08935547   
0.33300    572989.00000000 338979.43750000 869809.18750000 917.42712402    11493.95410156  5348.38671875   
0.33400    563812.12500000 332930.09375000 854899.87500000 916.89807129    11593.56152344  5435.74658203   
0.33500    554919.75000000 327063.18750000 840448.00000000 916.24249268    11692.84960938  5524.00244141   
0.33600    546317.87500000 321391.87500000 826477.00000000 915.47619629    11792.76269531  5614.29736328   
0.33700    537993.43750000 315906.40625000 812953.68750000 914.59698486    11893.31445312  5705.90966797   
0.33800    529954.68750000 310617.06250000 799926.31250000 913.60577393    11994.90234375  5799.47216797   
0.33900    522167.15625000 305491.37500000 787286.06250000 912.51519775    12096.40234375  5894.13818359   
0.34000    514651.59375000 300552.46875000 775098.06250000 911.32879639    12199.22949219  5990.70556641   
0.34100    507395.93750000 295784.62500000 763349.81250000 910.03955078    12302.76074219  6089.14111328   
0.34200    500419.43750000 291211.81250000 752058.12500000 908.67358398    12408.23925781  6190.12207031   
0.34300    493660.59375000 286779.87500000 741119.31250000 907.21862793    12513.83300781  6292.04638672   
0.34400    487186.46875000 282540.81250000 730651.62500000 905.71301270    12621.88476562  6396.96142578   
0.34500    480920.37500000 278440.75000000 720527.87500000 904.12359619    12730.68554688  6503.30371094   
0.34600    474922.12500000 274528.56250000 710856.18750000 902.50573730    12842.28125000  6612.81982422   
0.34700    469112.09375000 270734.15625000 701486.37500000 900.81030273    12954.27734375  6723.28759766   
0.34800    463553.43750000 267112.34375000 692534.68750000 899.08752441    13068.73535156  6836.70605469   
0.34900    458214.12500000 263641.59375000 683951.12500000 897.33245850    13185.81933594  6952.96728516   
0.35000    453090.25000000 260310.00000000 675707.93750000 895.55035400    13304.86425781  7071.10839844   
0.35100    448200.34375000 257139.78125000 667866.87500000 893.75988770    13427.27929688  7192.90771484   
0.35200    443476.96875000 254076.87500000 660287.81250000 891.93865967    13551.21582031  7316.26220703   
0.35300    438976.56250000 251165.03125000 653076.00000000 890.12127686    13678.05175781  7442.52294922   
0.35400    434685.15625000 248396.06250000 646210.56250000 888.31665039    13808.63867188  7572.07714844   
0.35500    430591.18750000 245753.98437500 639658.81250000 886.51098633    13942.32128906  7704.54785156   
0.35600    426665.68750000 243226.43750000 633395.87500000 884.71545410    14078.55957031  7839.43945312   
0.35700    422944.15625000 240829.67187500 627458.81250000 882.92596436    14218.33886719  7977.47509766   
0.35800    419417.12500000 238564.85937500 621840.68750000 881.17211914    14361.85839844  8118.70947266   
0.35900    416067.53125000 236412.48437500 616501.75000000 879.44183350    14509.21875000  8263.07128906   
0.36000    412910.03125000 234387.62500000 611482.43750000 877.73895264    14660.38476562  8410.51855469   
0.36100    409894.15625000 232456.10937500 606695.93750000 876.04693604    14814.29687500  8560.30371094   
0.36200    407101.68750000 230670.06250000 602259.75000000 874.41192627    14973.56542969  8714.36035156   
0.36300    404426.12500000 228957.15625000 598018.50000000 872.77935791    15134.69335938  8869.75292969   
0.36400    401916.03125000 227351.00000000 594040.31250000 871.16931152    15299.27050781  9028.23339844   
0.36500    399569.31250000 225848.14062500 590320.31250000 869.59509277    15467.65820312  9189.25781250   
0.36600    397396.59375000 224459.43750000 586881.37500000 868.04730225    15640.35742188  9353.58789062   
0.36700    395353.15625000 223150.67187500 583645.00000000 866.51226807    15815.10156250  9519.32226562   
0.36800    393500.65625000 221961.48437500 580716.68750000 865.00793457    15994.80371094  9688.91503906   
0.36900    391778.18750000 220849.43750000 577986.68750000 863.51245117    16176.97070312  9860.14746094   
0.37000    390160.87500000 219807.21875000 575421.81250000 862.01110840    16360.28906250  10032.13183594  
0.37100    388694.06250000 218854.76562500 573086.56250000 860.51544189    16546.82617188  10206.26367188  
0.37200    387382.06250000 218003.00000000 571007.31250000 859.03106689    16736.64257812  10382.95996094  
0.37300    386181.43750000 217213.01562500 569095.25000000 857.52154541    16927.85546875  10560.12011719  
0.37400    385119.93750000 216512.18750000 567399.93750000 856.01739502    17121.50976562  10739.08789062  
0.37500    384173.50000000 215880.31250000 565884.00000000 854.48150635    17316.69726562  10918.79394531  
0.37600    383363.81250000 215324.04687500 564571.87500000 852.92187500    17512.99804688  11098.93750000  
0.37700    382638.28125000 214821.09375000 563391.25000000 851.31207275    17709.45117188  11279.02343750  
0.37800    382035.56250000 214391.93750000 562394.00000000 849.67224121    17907.34179688  11459.61328125  
0.37900    381558.43750000 214034.21875000 561594.37500000 847.97857666    18105.86132812  11640.45312500  
0.38000    381159.46875000 213724.48437500 560911.06250000 846.22735596    18303.32812500  11820.10937500  
0.38100    380845.18750000 213459.54687500 560354.87500000 844.40313721    18499.78710938  11998.66015625  
0.38200    380646.59375000 213259.70312500 559967.56250000 842.51873779    18696.45117188  12176.60546875  
0.38300    380512.31250000 213095.40625000 559677.50000000 840.54809570    18890.93164062  12352.72167969  
0.38400    380494.78125000 212999.73437500 559560.50000000 838.50457764    19084.44726562  12527.80175781  
0.38500    380519.15625000 212925.75000000 559505.75000000 836.35369873    19274.99609375  12699.98144531  
0.38600    380652.68750000 212915.68750000 559610.31250000 834.11975098    19464.24414062  12870.96875000  
0.38700    380826.68750000 212918.81250000 559771.31250000 831.77215576    19649.16210938  13038.03808594  
0.38800    381067.50000000 212964.29687500 560033.62500000 829.32269287    19831.61718750  13202.80078125  
0.38900    381371.12500000 213036.89062500 560375.00000000 826.74957275    20009.87500000  13363.88378906  
0.39000    381756.81250000 213159.42187500 560848.25000000 824.07922363    20185.13085938  13522.54003906  
0.39100    382168.46875000 213290.26562500 561348.12500000 821.28125000    20355.50390625  13676.90332031  
0.39200    382644.46875000 213452.95312500 561941.50000000 818.35675049    20521.53125000  13827.59863281  
0.39300    383147.06250000 213630.10937500 562566.87500000 815.31567383    20682.11523438  13973.64941406  
0.39400    383720.68750000 213845.25000000 563296.87500000 812.14752197    20838.51171875  14116.07128906  
0.39500    384295.71875000 214052.57812500 564019.68750000 808.84698486    20988.08203125  14252.86035156  
0.39600    384901.56250000 214279.10937500 564793.68750000 805.41809082    21131.77929688  14385.24218750  
0.39700    385540.90625000 214513.70312500 565597.06250000 801.86199951    21269.60156250  14512.20898438  
0.39800    386215.50000000 214768.93750000 566451.25000000 798.18829346    21401.16406250  14634.78808594  
0.39900    386893.71875000 215021.98437500 567309.43750000 794.38122559    21526.22656250  14751.36718750  
0.40000    387591.28125000 215279.73437500 568187.62500000 790.44799805    21644.49023438  14862.63574219  
0.40100    388294.59375000 215537.54687500 569064.12500000 786.39813232    21755.32421875  14968.06054688  
0.40200    389025.84375000 215804.17187500 569980.75000000 782.23333740    21859.81054688  15068.24609375  
0.40300    389733.59375000 216058.10937500 570858.37500000 777.94799805    21956.13867188  15161.91210938  
0.40400    390456.34375000 216316.70312500 571745.31250000 773.55389404    22046.17773438  15250.19335938  
0.40500    391175.59375000 216569.82812500 572634.62500000 769.05157471    22127.96679688  15332.34472656  
0.40600    391906.65625000 216819.87500000 573529.31250000 764.45599365    22203.78125000  15409.12402344  
0.40700    392613.37500000 217057.73437500 574383.93750000 759.76000977    22270.82226562  15479.67285156  
0.40800    393313.25000000 217286.92187500 575218.37500000 754.96917725    22330.66601562  15543.94433594  
0.40900    393993.93750000 217498.56250000 576016.68750000 750.08990479    22382.58984375  15602.07617188  
0.41000    394681.90625000 217715.53125000 576827.50000000 745.14666748    22428.07226562  15654.95507812  
0.41100    395337.06250000 217906.14062500 577582.37500000 740.12463379    22465.33593750  15701.32617188  
0.41200    395961.93750000 218079.70312500 578287.37500000 735.02227783    22495.05468750  15741.78710938  
0.41300    396588.06250000 218251.57812500 578994.18750000 729.86602783    22518.26562500  15777.04589844  
0.41400    397175.81250000 218393.29687500 579626.12500000 724.65380859    22533.34179688  15805.79589844  
0.41500    397751.15625000 218532.46875000 580253.06250000 719.40014648    22542.30078125  15829.44433594  
0.41600    398272.71875000 218629.81250000 580784.43750000 714.09014893    22542.92578125  15846.96191406  
0.41700    398794.50000000 218731.81250000 581313.75000000 708.75842285    22537.70312500  15859.67382812  
0.41800    399304.90625000 218829.12500000 581833.37500000 703.40393066    22526.53710938  15867.53613281  
0.41900    399728.84375000 218866.35937500 582209.31250000 698.00280762    22506.74609375  15868.46289062  
0.42000    400159.12500000 218908.67187500 582599.68750000 692.60046387    22481.94335938  15865.57519531  
0.42100    400562.18750000 218937.75000000 582949.37500000 687.18267822    22451.06445312  15857.75683594  
0.42200    400931.00000000 218941.81250000 583237.43750000 681.76251221    22414.13867188  15845.13671875  
0.42300    401244.90625000 218917.01562500 583451.18750000 676.33337402    22370.58593750  15827.29101562  
0.42400    401538.06250000 218874.54687500 583628.31250000 670.90405273    22321.90429688  15805.15234375  
0.42500    401795.87500000 218813.75000000 583749.62500000 665.49774170    22267.93554688  15778.89355469  
0.42600    402003.18750000 218723.00000000 583790.87500000 660.09149170    22208.00000000  15747.95898438  
0.42700    402202.43750000 218629.34375000 583824.68750000 654.71697998    22143.99023438  15713.71582031  
0.42800    402341.84375000 218499.70312500 583767.93750000 649.35546875    22074.67187500  15674.89843750  
0.42900    402476.12500000 218366.79687500 583707.18750000 644.03033447    22001.49609375  15632.90820312  
0.43000    402556.68750000 218203.54687500 583564.31250000 638.72888184    21923.25585938  15587.18164062  
0.43100    402574.12500000 218005.67187500 583328.68750000 633.45001221    21839.89257812  15537.25585938  
0.43200    402590.18750000 217807.56250000 583087.75000000 628.21807861    21754.05859375  15485.00585938  
0.43300    402553.15625000 217578.01562500 582765.56250000 623.01562500    21663.61132812  15429.29687500  
0.43400    402490.50000000 217336.10937500 582403.56250000 617.85906982    21569.53320312  15370.67089844  
0.43500    402376.87500000 217063.75000000 581973.68750000 612.74346924    21472.16796875  15308.89257812  
0.43600    402262.87500000 216795.29687500 581541.31250000 607.68945312    21372.85546875  15245.58593750  
0.43700    402071.59375000 216486.35937500 581002.62500000 602.66094971    21269.10351562  15178.82031250  
0.43800    401845.96875000 216151.34375000 580399.37500000 597.68377686    21162.47070312  15109.63964844  
0.43900    401604.71875000 215810.50000000 579778.87500000 592.76367188    21053.63281250  15038.54687500  
0.44000    401321.87500000 215451.84375000 579103.62500000 587.89385986    20942.47265625  14965.30859375  
0.44100    401005.56250000 215073.67187500 578377.75000000 583.06927490    20829.06054688  14890.08300781  
0.44200    400658.31250000 214676.71875000 577606.37500000 578.29840088    20713.76953125  14813.16992188  
0.44300    400281.59375000 214269.56250000 576785.43750000 573.59082031    20596.42578125  14734.96777344  
0.44400    399872.81250000 213845.26562500 575925.37500000 568.93286133    20477.70117188  14654.91503906  
0.44500    399397.84375000 213380.43750000 574952.56250000 564.31683350    20355.82421875  14572.63964844  
0.44600    398899.46875000 212910.82812500 573973.87500000 559.76525879    20233.46484375  14489.56835938  
0.44700    398399.18750000 212435.92187500 572981.75000000 555.27374268    20110.15625000  14405.61914062  
0.44800    397835.12500000 211928.92187500 571880.56250000 550.82238770    19985.15820312  14320.18750000  
0.44900    397267.90625000 211425.20312500 570796.81250000 546.45068359    19859.88085938  14234.33886719  
0.45000    396673.87500000 210905.68750000 569660.75000000 542.13085938    19733.97851562  14148.00097656  
0.45100    396015.03125000 210352.98437500 568437.87500000 537.85211182    19605.96484375  14059.71875000  
0.45200    395354.56250000 209799.92187500 567213.00000000 533.63769531    19478.40234375  13971.49316406  
0.45300    394649.90625000 209224.90625000 565921.12500000 529.48571777    19349.80468750  13882.57714844  
0.45400    393931.37500000 208642.31250000 564611.68750000 525.37744141    19221.25390625  13793.27734375  
0.45500    393181.31250000 208049.50000000 563263.00000000 521.34570312    19092.38671875  13703.77246094  
0.45600    392401.25000000 207436.75000000 561857.18750000 517.35607910    18963.00585938  13613.85546875  
0.45700    391606.15625000 206819.40625000 560435.12500000 513.42956543    18834.21484375  13523.80761719  
0.45800    390771.25000000 206182.18750000 558958.62500000 509.56365967    18705.04882812  13433.56054688  
0.45900    389912.40625000 205533.62500000 557445.31250000 505.74987793    18575.74218750  13343.13085938  
0.46000    389059.62500000 204894.29687500 555949.56250000 502.01318359    18448.04882812  13253.77441406  
0.46100    388137.09375000 204212.43750000 554343.62500000 498.30307007    18318.67578125  13163.16210938  
0.46200    387238.43750000 203550.32812500 552771.18750000 494.67068481    18191.28125000  13073.75683594  
0.46300    386296.09375000 202866.73437500 551145.37500000 491.09686279    18063.67578125  12984.31933594  
0.46400    385328.15625000 202166.71875000 549476.62500000 487.57806396    17936.50781250  12895.01953125  
0.46500    384359.93750000 201474.01562500 547805.06250000 484.13000488    17810.39062500  12806.43652344  
0.46600    383361.15625000 200761.32812500 546090.81250000 480.73248291    17684.65234375  12718.07226562  
0.46700    382330.78125000 200038.18750000 544330.68750000 477.39294434    17559.09960938  12629.91406250  
0.46800    381323.53125000 199328.21875000 542613.75000000 474.12286377    17435.51367188  12543.16699219  
0.46900    380259.84375000 198592.06250000 540808.25000000 470.90438843    17311.45898438  12456.09179688  
0.47000    379193.37500000 197852.68750000 538992.12500000 467.74838257    17188.63281250  12369.80273438  
0.47100    378116.50000000 197111.18750000 537179.00000000 464.65554810    17066.60937500  12284.45605469  
0.47200    377027.87500000 196368.23437500 535334.12500000 461.62710571    16945.62109375  12199.65820312  
0.47300    375937.43750000 195623.01562500 533488.68750000 458.66015625    16825.89453125  12115.90429688  
0.47400    374798.87500000 194856.73437500 531580.12500000 455.73645020    16706.02929688  12031.79199219  
0.47500    373673.93750000 194100.39062500 529687.56250000 452.89154053    16587.76171875  11949.26562500  
0.47600    372554.28125000 193351.95312500 527815.06250000 450.10742188    16470.93164062  11867.91308594  
0.47700    371378.12500000 192569.42187500 525848.06250000 447.36938477    16353.29687500  11785.77539062  
0.47800    370215.09375000 191801.00000000 523907.87500000 444.69885254    16237.57617188  11705.35058594  
0.47900    369061.15625000 191040.75000000 521984.25000000 442.08859253    16123.05371094  11625.94628906  
0.48000    367864.37500000 190254.78125000 519994.15625000 439.53378296    16008.29882812  11546.46875000  
0.48100    366707.06250000 189501.90625000 518069.93750000 437.05261230    15895.86718750  11468.74316406  
0.48200    365478.87500000 188703.50000000 516042.15625000 434.60092163    15782.17675781  11390.13281250  
0.48300    364261.28125000 187918.14062500 514022.62500000 432.21881104    15669.93945312  11312.80566406  
0.48400    363053.53125000 187139.14062500 512025.18750000 429.89785767    15558.91894531  11236.52050781  
0.48500    361825.59375000 186355.60937500 509999.59375000 427.62847900    15448.04296875  11160.37988281  
0.48600    360601.53125000 185578.56250000 507988.62500000 425.42013550    15338.43554688  11085.35742188  
0.48700    359362.53125000 184793.00000000 505951.40625000 423.26306152    15228.81640625  11010.68847656  
0.48800    358100.40625000 183994.03125000 503880.06250000 421.14901733    15119.22265625  10935.87988281  
0.48900    356840.15625000 183202.95312500 501821.78125000 419.09533691    15010.26171875  10861.81542969  
0.49000    355579.06250000 182416.79687500 499758.68750000 417.09439087    14902.22363281  10788.44140625  
0.49100    354324.37500000 181635.43750000 497711.84375000 415.15426636    14794.78515625  10715.95410156  
0.49200    353037.12500000 180835.76562500 495614.65625000 413.25387573    14686.72167969  10643.08593750  
0.49300    351748.46875000 180044.23437500 493526.34375000 411.40219116    14579.43359375  10570.69335938  
0.49400    350456.03125000 179251.65625000 491436.59375000 409.60299683    14472.38964844  10498.76855469  
0.49500    349149.87500000 178451.31250000 489323.09375000 407.85052490    14365.05761719  10426.83886719  
0.49600    347851.78125000 177664.70312500 487228.56250000 406.15219116    14258.71972656  10355.68457031  
0.49700    346523.71875000 176862.82812500 485097.84375000 404.49035645    14151.64746094  10284.14160156  
0.49800    345204.09375000 176068.42187500 482981.56250000 402.88516235    14045.20703125  10213.28222656  
0.49900    343863.75000000 175261.81250000 480829.37500000 401.31573486    13938.06542969  10141.94238281  
0.50000    342527.25000000 174464.75000000 478691.37500000 399.80252075    13831.51953125  10071.25195312  
