# SAXS profile: number of points = 501, q_min = 0, q_max = 0.5, delta_q = 0.001
#    q    intensity 
0.00000    162236256.00000000 101202128.00000000 256270928.00000000 100336.17968750 8069330.00000000 6373134.50000000 
0.00100    162204944.00000000 101181176.00000000 256218896.00000000 100311.73437500 8067479.00000000 6371680.50000000 
0.00200    162107936.00000000 101120064.00000000 256063600.00000000 100236.08593750 8062004.00000000 6367320.50000000 
0.00300    161944624.00000000 101017040.00000000 255804096.00000000 100111.04687500 8052762.50000000 6360070.00000000 
0.00400    161712464.00000000 100873720.00000000 255438080.00000000 99936.37500000  8039886.50000000 6349995.00000000 
0.00500    161415120.00000000 100689400.00000000 254970960.00000000 99712.08593750  8023410.50000000 6336958.00000000 
0.00600    161051696.00000000 100464072.00000000 254399984.00000000 99438.46875000  8003320.00000000 6321125.00000000 
0.00700    160624256.00000000 100199416.00000000 253727056.00000000 99116.92187500  7979610.50000000 6302476.00000000 
0.00800    160131744.00000000 99895648.00000000 252954896.00000000 98746.75781250  7952375.50000000 6280987.00000000 
0.00900    159575856.00000000 99551864.00000000 252081696.00000000 98329.38281250  7921645.50000000 6256820.00000000 
0.01000    158959440.00000000 99170792.00000000 251111008.00000000 97864.98437500  7887457.00000000 6229862.50000000 
0.01100    158281904.00000000 98750144.00000000 250043888.00000000 97354.88281250  7849876.50000000 6200261.50000000 
0.01200    157544368.00000000 98292560.00000000 248880768.00000000 96799.57812500  7808944.50000000 6168000.50000000 
0.01300    156746592.00000000 97797152.00000000 247621728.00000000 96199.75000000  7764730.00000000 6133148.00000000 
0.01400    155887360.00000000 97266032.00000000 246270576.00000000 95556.86718750  7717300.00000000 6095799.50000000 
0.01500    154972416.00000000 96698440.00000000 244832736.00000000 94871.92968750  7666720.00000000 6055960.00000000 
0.01600    154001632.00000000 96096392.00000000 243302768.00000000 94145.33593750  7613079.50000000 6013720.50000000 
0.01700    152977456.00000000 95461280.00000000 241688064.00000000 93379.49218750  7556506.50000000 5969093.00000000 
0.01800    151897712.00000000 94792944.00000000 239989648.00000000 92574.38281250  7496939.00000000 5922196.00000000 
0.01900    150767456.00000000 94092000.00000000 238210416.00000000 91731.85156250  7434649.50000000 5873101.00000000 
0.02000    149587440.00000000 93360008.00000000 236349952.00000000 90853.89062500  7369556.00000000 5821829.00000000 
0.02100    148358736.00000000 92598120.00000000 234415376.00000000 89940.25000000  7301908.00000000 5768497.00000000 
0.02200    147080400.00000000 91806288.00000000 232405072.00000000 88994.46093750  7231707.50000000 5713231.00000000 
0.02300    145759552.00000000 90987264.00000000 230322912.00000000 88016.25781250  7159083.00000000 5655988.00000000 
0.02400    144394688.00000000 90140512.00000000 228173904.00000000 87007.93750000  7084120.00000000 5596956.00000000 
0.02500    142987872.00000000 89268224.00000000 225958096.00000000 85970.14843750  7007002.00000000 5536158.00000000 
0.02600    141540784.00000000 88371704.00000000 223679152.00000000 84905.55468750  6927774.50000000 5473692.00000000 
0.02700    140056560.00000000 87450568.00000000 221341024.00000000 83815.24218750  6846520.00000000 5409655.00000000 
0.02800    138535984.00000000 86507264.00000000 218945968.00000000 82701.10156250  6763408.50000000 5344145.00000000 
0.02900    136981568.00000000 85543360.00000000 216497296.00000000 81564.46875000  6678520.00000000 5277284.00000000 
0.03000    135394192.00000000 84558584.00000000 213997056.00000000 80406.85156250  6591983.00000000 5209072.50000000 
0.03100    133777312.00000000 83555184.00000000 211450336.00000000 79230.15625000  6503939.50000000 5139662.00000000 
0.03200    132132384.00000000 82534488.00000000 208857744.00000000 78035.72656250  6414437.00000000 5069139.50000000 
0.03300    130461192.00000000 81497832.00000000 206225168.00000000 76825.78906250  6323690.50000000 4997590.00000000 
0.03400    128765584.00000000 80445488.00000000 203554560.00000000 75601.85937500  6231722.50000000 4925105.00000000 
0.03500    127048560.00000000 79379888.00000000 200848784.00000000 74365.08593750  6138677.50000000 4851769.50000000 
0.03600    125311288.00000000 78301456.00000000 198110368.00000000 73117.58593750  6044719.00000000 4777670.50000000 
0.03700    123555664.00000000 77211624.00000000 195344432.00000000 71860.53125000  5949929.50000000 4702931.00000000 
0.03800    121784672.00000000 76112224.00000000 192553728.00000000 70596.02343750  5854398.50000000 4627643.00000000 
0.03900    119999744.00000000 75004104.00000000 189741040.00000000 69325.74218750  5758284.00000000 4551845.50000000 
0.04000    118202168.00000000 73889472.00000000 186908928.00000000 68050.43750000  5661682.00000000 4475701.00000000 
0.04100    116395168.00000000 72767224.00000000 184060208.00000000 66772.40625000  5564710.50000000 4399248.50000000 
0.04200    114579952.00000000 71639768.00000000 181199808.00000000 65492.69140625  5467494.50000000 4322574.00000000 
0.04300    112758392.00000000 70508064.00000000 178328320.00000000 64213.27734375  5370084.00000000 4245760.00000000 
0.04400    110933072.00000000 69373912.00000000 175450384.00000000 62934.86718750  5272652.50000000 4168899.25000000 
0.04500    109105352.00000000 68238888.00000000 172569968.00000000 61659.65625000  5175279.00000000 4092092.25000000 
0.04600    107277600.00000000 67103056.00000000 169688176.00000000 60388.37890625  5078001.00000000 4015393.50000000 
0.04700    105451000.00000000 65967868.00000000 166808096.00000000 59122.65234375  4981033.50000000 3938877.00000000 
0.04800    103626800.00000000 64834696.00000000 163932256.00000000 57863.80468750  4884350.50000000 3862664.25000000 
0.04900    101807600.00000000 63703936.00000000 161064336.00000000 56613.04296875  4788143.00000000 3786784.00000000 
0.05000    99994808.00000000 62577552.00000000 158205744.00000000 55371.07812500  4692486.50000000 3711282.50000000 
0.05100    98190704.00000000 61455804.00000000 155360960.00000000 54139.83984375  4597437.00000000 3636301.00000000 
0.05200    96395616.00000000 60339892.00000000 152530208.00000000 52919.67968750  4503064.50000000 3561848.25000000 
0.05300    94612008.00000000 59230612.00000000 149716512.00000000 51712.05078125  4409489.00000000 3488012.50000000 
0.05400    92840440.00000000 58129368.00000000 146921952.00000000 50517.60937500  4316752.00000000 3414847.50000000 
0.05500    91083000.00000000 57036252.00000000 144150864.00000000 49337.73828125  4224959.50000000 3342411.50000000 
0.05600    89340808.00000000 55952800.00000000 141402432.00000000 48172.75390625  4134150.25000000 3270737.00000000 
0.05700    87615200.00000000 54879564.00000000 138679968.00000000 47023.94921875  4044353.25000000 3199898.00000000 
0.05800    85907360.00000000 53817268.00000000 135985904.00000000 45891.60156250  3955723.25000000 3129953.00000000 
0.05900    84218320.00000000 52766272.00000000 133322800.00000000 44776.44921875  3868247.50000000 3060907.25000000 
0.06000    82548808.00000000 51728252.00000000 130689456.00000000 43679.73046875  3782027.25000000 2992859.00000000 
0.06100    80901032.00000000 50702648.00000000 128089640.00000000 42601.29296875  3697081.25000000 2925805.75000000 
0.06200    79275696.00000000 49690732.00000000 125524296.00000000 41542.30468750  3613435.50000000 2859778.25000000 
0.06300    77672368.00000000 48693024.00000000 122995000.00000000 40502.51171875  3531166.00000000 2794829.50000000 
0.06400    76092400.00000000 47709948.00000000 120502512.00000000 39482.39843750  3450270.50000000 2730978.75000000 
0.06500    74537680.00000000 46742164.00000000 118049376.00000000 38483.01171875  3370878.75000000 2668266.50000000 
0.06600    73008560.00000000 45789980.00000000 115635784.00000000 37504.04687500  3292873.50000000 2606723.50000000 
0.06700    71504352.00000000 44853736.00000000 113262296.00000000 36546.12890625  3216399.50000000 2546321.75000000 
0.06800    70026968.00000000 43933872.00000000 110930208.00000000 35609.01562500  3141428.75000000 2487127.50000000 
0.06900    68576376.00000000 43030564.00000000 108640936.00000000 34693.44921875  3067974.50000000 2429121.00000000 
0.07000    67153144.00000000 42144136.00000000 106394496.00000000 33798.54296875  2996078.25000000 2372346.00000000 
0.07100    65757672.00000000 41274980.00000000 104191848.00000000 32925.48437500  2925710.50000000 2316793.75000000 
0.07200    64389932.00000000 40423676.00000000 102033464.00000000 32073.43164062  2856934.50000000 2262456.25000000 
0.07300    63050656.00000000 39589408.00000000 99919392.00000000 31242.67382812  2789736.50000000 2209386.25000000 
0.07400    61740296.00000000 38773072.00000000 97850376.00000000 30433.08398438  2724086.00000000 2157541.50000000 
0.07500    60457996.00000000 37974580.00000000 95826576.00000000 29644.78710938  2660015.75000000 2106921.75000000 
0.07600    59204580.00000000 37193536.00000000 93848432.00000000 28877.22265625  2597498.00000000 2057546.75000000 
0.07700    57979984.00000000 36430920.00000000 91915152.00000000 28130.56054688  2536534.00000000 2009390.12500000 
0.07800    56784096.00000000 35685700.00000000 90027448.00000000 27404.34375000  2477129.00000000 1962460.62500000 
0.07900    55616696.00000000 34958596.00000000 88184872.00000000 26698.11523438  2419233.25000000 1916732.25000000 
0.08000    54478480.00000000 34249512.00000000 86387392.00000000 26011.87109375  2362865.00000000 1872197.75000000 
0.08100    53368064.00000000 33558076.00000000 84635000.00000000 25345.38671875  2307984.50000000 1828856.37500000 
0.08200    52285968.00000000 32883924.00000000 82926616.00000000 24698.13867188  2254605.25000000 1786679.87500000 
0.08300    51231960.00000000 32227306.00000000 81262720.00000000 24069.66406250  2202688.75000000 1745643.12500000 
0.08400    50205252.00000000 31587980.00000000 79642208.00000000 23459.70898438  2152168.75000000 1705748.87500000 
0.08500    49205940.00000000 30966018.00000000 78065376.00000000 22867.95703125  2103087.25000000 1666963.25000000 
0.08600    48233848.00000000 30360408.00000000 76530744.00000000 22293.75781250  2055368.37500000 1629259.37500000 
0.08700    47288120.00000000 29771560.00000000 75037880.00000000 21736.88671875  2009004.37500000 1592627.87500000 
0.08800    46368548.00000000 29199010.00000000 73586432.00000000 21196.66015625  1963964.37500000 1557045.62500000 
0.08900    45474364.00000000 28642366.00000000 72175464.00000000 20672.89062500  1920205.75000000 1522471.25000000 
0.09000    44605476.00000000 28101488.00000000 70804008.00000000 20164.60156250  1877719.00000000 1488888.75000000 
0.09100    43761284.00000000 27576212.00000000 69472568.00000000 19672.18554688  1836447.12500000 1456274.87500000 
0.09200    42941200.00000000 27065924.00000000 68178232.00000000 19194.20507812  1796370.50000000 1424611.25000000 
0.09300    42144724.00000000 26570486.00000000 66921780.00000000 18730.81640625  1757422.12500000 1393845.87500000 
0.09400    41370984.00000000 26089172.00000000 65701416.00000000 18281.29687500  1719614.50000000 1363966.37500000 
0.09500    40619536.00000000 25622002.00000000 64515984.00000000 17845.02539062  1682887.12500000 1334939.00000000 
0.09600    39890056.00000000 25168342.00000000 63365476.00000000 17421.79687500  1647208.87500000 1306745.12500000 
0.09700    39181424.00000000 24728122.00000000 62248512.00000000 17011.05078125  1612532.87500000 1279347.87500000 
0.09800    38493420.00000000 24300718.00000000 61163632.00000000 16612.15429688  1578844.87500000 1252728.62500000 
0.09900    37825708.00000000 23885838.00000000 60110736.00000000 16224.93554688  1546098.62500000 1226854.75000000 
0.10000    37176688.00000000 23482996.00000000 59088220.00000000 15848.61523438  1514252.12500000 1201685.75000000 
0.10100    36546308.00000000 23091786.00000000 58094800.00000000 15482.78515625  1483273.37500000 1177204.25000000 
0.10200    35934196.00000000 22711810.00000000 57129668.00000000 15127.14355469  1453129.12500000 1153386.00000000 
0.10300    35338840.00000000 22342748.00000000 56192432.00000000 14781.23632812  1423777.25000000 1130186.37500000 
0.10400    34760540.00000000 21984150.00000000 55281316.00000000 14444.49804688  1395197.62500000 1107600.50000000 
0.10500    34198292.00000000 21635572.00000000 54395792.00000000 14116.84960938  1367353.37500000 1085597.62500000 
0.10600    33650856.00000000 21296590.00000000 53534036.00000000 13797.36328125  1340201.37500000 1064128.87500000 
0.10700    33118930.00000000 20967014.00000000 52696256.00000000 13486.08691406  1313714.25000000 1043197.31250000 
0.10800    32600594.00000000 20646198.00000000 51880148.00000000 13182.59863281  1287864.12500000 1022772.81250000 
0.10900    32095824.00000000 20333874.00000000 51085976.00000000 12886.40625000  1262626.12500000 1002821.81250000 
0.11000    31603884.00000000 20029430.00000000 50312136.00000000 12597.25585938  1237960.62500000 983326.87500000 
0.11100    31124410.00000000 19733046.00000000 49557744.00000000 12314.92773438  1213847.25000000 964263.12500000 
0.11200    30656546.00000000 19443798.00000000 48822336.00000000 12038.92187500  1190267.00000000 945607.43750000 
0.11300    30199830.00000000 19161672.00000000 48103932.00000000 11768.99218750  1167169.87500000 927352.37500000 
0.11400    29753754.00000000 18886144.00000000 47402608.00000000 11504.96289062  1144554.12500000 909458.81250000 
0.11500    29317744.00000000 18617106.00000000 46717336.00000000 11246.54492188  1122380.62500000 891921.68750000 
0.11600    28891516.00000000 18353818.00000000 46047124.00000000 10993.49804688  1100635.87500000 874725.75000000 
0.11700    28474098.00000000 18096470.00000000 45391336.00000000 10745.56738281  1079292.00000000 857847.31250000 
0.11800    28065180.00000000 17844310.00000000 44748868.00000000 10502.48242188  1058343.12500000 841258.50000000 
0.11900    27664552.00000000 17597154.00000000 44119356.00000000 10264.17480469  1037739.12500000 824969.93750000 
0.12000    27271416.00000000 17354852.00000000 43502032.00000000 10030.31542969  1017499.06250000 808940.06250000 
0.12100    26885682.00000000 17117226.00000000 42895900.00000000 9801.03613281   997588.37500000 793178.93750000 
0.12200    26506840.00000000 16883666.00000000 42300984.00000000 9575.91503906   977992.31250000 777659.31250000 
0.12300    26134240.00000000 16654083.00000000 41716016.00000000 9354.82031250   958693.43750000 762380.25000000 
0.12400    25767844.00000000 16428410.00000000 41140364.00000000 9137.70410156   939691.56250000 747321.56250000 
0.12500    25407094.00000000 16206155.00000000 40573872.00000000 8924.45996094   920955.68750000 732484.06250000 
0.12600    25051918.00000000 15987366.00000000 40016008.00000000 8715.04003906   902490.68750000 717850.56250000 
0.12700    24701732.00000000 15771560.00000000 39466020.00000000 8509.22460938   884278.37500000 703414.43750000 
0.12800    24356326.00000000 15558814.00000000 38923656.00000000 8307.02343750   866315.87500000 689168.12500000 
0.12900    24015510.00000000 15348839.00000000 38388412.00000000 8108.34570312   848591.75000000 675109.62500000 
0.13000    23679024.00000000 15141327.00000000 37859844.00000000 7913.12353516   831093.00000000 661229.93750000 
0.13100    23346354.00000000 14936404.00000000 37337380.00000000 7721.31738281   813820.43750000 647524.43750000 
0.13200    23017568.00000000 14733770.00000000 36820772.00000000 7532.86962891   796765.93750000 633984.43750000 
0.13300    22692582.00000000 14533346.00000000 36310260.00000000 7347.73876953   779930.56250000 620614.43750000 
0.13400    22371018.00000000 14334900.00000000 35804872.00000000 7165.96582031   763300.12500000 607406.75000000 
0.13500    22052652.00000000 14138444.00000000 35304384.00000000 6987.47802734   746882.37500000 594357.25000000 
0.13600    21737446.00000000 13943832.00000000 34808976.00000000 6812.23242188   730666.43750000 581467.06250000 
0.13700    21425198.00000000 13751039.00000000 34317772.00000000 6640.19677734   714650.75000000 568735.31250000 
0.13800    21116046.00000000 13559910.00000000 33831196.00000000 6471.37060547   698830.87500000 556155.87500000 
0.13900    20809426.00000000 13370374.00000000 33349016.00000000 6305.82080078   683217.87500000 543736.31250000 
0.14000    20505706.00000000 13182449.00000000 32871150.00000000 6143.48730469   667808.06250000 531468.43750000 
0.14100    20204656.00000000 12995993.00000000 32396958.00000000 5984.38574219   652596.93750000 519360.25000000 
0.14200    19905990.00000000 12811003.00000000 31926674.00000000 5828.50292969   637590.00000000 507400.46875000 
0.14300    19609968.00000000 12627553.00000000 31460328.00000000 5675.83886719   622777.68750000 495599.37500000 
0.14400    19316370.00000000 12445345.00000000 30997548.00000000 5526.34960938   608165.56250000 483955.56250000 
0.14500    19025166.00000000 12264590.00000000 30538498.00000000 5380.12304688   593762.18750000 472467.71875000 
0.14600    18736566.00000000 12085216.00000000 30082964.00000000 5237.06982422   579569.62500000 461147.53125000 
0.14700    18450118.00000000 11907176.00000000 29631456.00000000 5097.28320312   565574.37500000 449986.53125000 
0.14800    18166116.00000000 11730422.00000000 29183174.00000000 4960.65039062   551793.37500000 438981.21875000 
0.14900    17884718.00000000 11554997.00000000 28738438.00000000 4827.21728516   538219.00000000 428145.43750000 
0.15000    17605450.00000000 11381021.00000000 28297560.00000000 4696.98828125   524856.37500000 417474.00000000 
0.15100    17328954.00000000 11208366.00000000 27860208.00000000 4569.95263672   511711.68750000 406966.34375000 
0.15200    17054778.00000000 11037053.00000000 27426614.00000000 4446.04101562   498784.90625000 396634.28125000 
0.15300    16782984.00000000 10867202.00000000 26996780.00000000 4325.34521484   486072.53125000 386469.18750000 
0.15400    16513728.00000000 10698648.00000000 26570584.00000000 4207.74316406   473579.31250000 376474.84375000 
0.15500    16246983.00000000 10531638.00000000 26148390.00000000 4093.27978516   461309.31250000 366658.28125000 
0.15600    15982894.00000000 10365985.00000000 25729908.00000000 3981.86938477   449260.59375000 357012.31250000 
0.15700    15721531.00000000 10201866.00000000 25315410.00000000 3873.56884766   437441.43750000 347549.84375000 
0.15800    15462620.00000000 10039156.00000000 24904804.00000000 3768.27368164   425839.00000000 338257.34375000 
0.15900    15206492.00000000 9878093.00000000 24498402.00000000 3666.02734375   414471.21875000 329148.50000000 
0.16000    14953153.00000000 9718417.00000000 24096142.00000000 3566.67578125   403325.31250000 320212.84375000 
0.16100    14702534.00000000 9560538.00000000 23698220.00000000 3470.31445312   392411.28125000 311463.50000000 
0.16200    14454865.00000000 9404196.00000000 23304340.00000000 3376.79003906   381722.90625000 302891.93750000 
0.16300    14209857.00000000 9249501.00000000 22915042.00000000 3286.10375977   371266.12500000 294500.93750000 
0.16400    13967938.00000000 9096490.00000000 22530088.00000000 3198.22290039   361035.96875000 286290.46875000 
0.16500    13728944.00000000 8945113.00000000 22149720.00000000 3113.08496094   351036.71875000 278265.28125000 
0.16600    13492970.00000000 8795491.00000000 21773716.00000000 3030.62597656   341260.15625000 270415.65625000 
0.16700    13259953.00000000 8647643.00000000 21402334.00000000 2950.75610352   331711.40625000 262746.78125000 
0.16800    13029989.00000000 8501577.00000000 21035708.00000000 2873.45190430   322385.09375000 255257.40625000 
0.16900    12803167.00000000 8357305.00000000 20673846.00000000 2798.69433594   313288.21875000 247948.68750000 
0.17000    12579511.00000000 8214882.00000000 20316726.00000000 2726.35229492   304409.93750000 240814.20312500 
0.17100    12358894.00000000 8074299.00000000 19964440.00000000 2656.39965820   295752.03125000 233855.46875000 
0.17200    12141431.00000000 7935562.00000000 19616974.00000000 2588.74243164   287317.65625000 227072.45312500 
0.17300    11927237.00000000 7798715.50000000 19274412.00000000 2523.35156250   279093.65625000 220460.37500000 
0.17400    11716211.00000000 7663755.50000000 18936962.00000000 2460.13452148   271085.62500000 214022.32812500 
0.17500    11508467.00000000 7530732.50000000 18604364.00000000 2399.03808594   263285.84375000 207748.96875000 
0.17600    11303838.00000000 7399593.50000000 18276566.00000000 2339.94433594   255693.75000000 201642.68750000 
0.17700    11102445.00000000 7270372.50000000 17954002.00000000 2282.86450195   248307.71875000 195701.40625000 
0.17800    10904383.00000000 7143126.00000000 17636536.00000000 2227.67578125   241119.12500000 189918.93750000 
0.17900    10709440.00000000 7017768.50000000 17323792.00000000 2174.32177734   234131.12500000 184297.04687500 
0.18000    10517793.00000000 6894436.50000000 17016350.00000000 2122.73095703   227334.76562500 178830.31250000 
0.18100    10329431.00000000 6773011.00000000 16713704.00000000 2072.88476562   220733.53125000 173519.17187500 
0.18200    10144114.00000000 6653425.00000000 16416008.00000000 2024.59680176   214307.95312500 168351.82812500 
0.18300    9962033.00000000 6535893.00000000 16123464.00000000 1977.91467285   208068.59375000 163334.21875000 
0.18400    9783140.00000000 6420232.00000000 15835773.00000000 1932.73754883   202008.10937500 158458.92187500 
0.18500    9607404.00000000 6306514.50000000 15553111.00000000 1888.99267578   196120.06250000 153724.23437500 
0.18600    9434766.00000000 6194716.50000000 15275251.00000000 1846.61437988   190399.18750000 149126.18750000 
0.18700    9265227.00000000 6084763.50000000 15002160.00000000 1805.57727051   184842.78125000 144659.29687500 
0.18800    9098711.00000000 5976730.50000000 14733876.00000000 1765.77392578   179444.98437500 140321.48437500 
0.18900    8935342.00000000 5870616.00000000 14470655.00000000 1727.22314453   174206.71875000 136112.43750000 
0.19000    8774840.00000000 5766251.50000000 14211687.00000000 1689.75305176   169112.40625000 132021.12500000 
0.19100    8617459.00000000 5663800.50000000 13957850.00000000 1653.44335938   164170.34375000 128052.81250000 
0.19200    8462805.00000000 5563077.50000000 13708197.00000000 1618.13793945   159367.04687500 124196.78125000 
0.19300    8311177.50000000 5464225.50000000 13463429.00000000 1583.86779785   154702.70312500 120455.14843750 
0.19400    8162331.00000000 5367064.00000000 13222921.00000000 1550.54187012   150169.56250000 116818.84375000 
0.19500    8016256.50000000 5271709.50000000 12986912.00000000 1518.13305664   145765.57812500 113287.90625000 
0.19600    7872897.00000000 5178019.00000000 12755262.00000000 1486.59704590   141486.26562500 109857.64843750 
0.19700    7732258.50000000 5086018.00000000 12527861.00000000 1455.89343262   137325.29687500 106526.15625000 
0.19800    7594259.50000000 4995729.50000000 12304553.00000000 1425.98144531   133279.10937500 103286.34375000 
0.19900    7458926.50000000 4907050.00000000 12085476.00000000 1396.87280273   129347.69531250 100140.54687500 
0.20000    7326042.50000000 4820004.00000000 11870355.00000000 1368.46594238   125521.17968750 97079.89843750  
0.20100    7195738.00000000 4734462.50000000 11659356.00000000 1340.79187012   121799.27343750 94105.57812500  
0.20200    7067738.50000000 4650525.00000000 11452193.00000000 1313.76904297   118176.54687500 91211.86718750  
0.20300    6942242.50000000 4568108.00000000 11248754.00000000 1287.44482422   114650.43750000 88397.25781250  
0.20400    6819065.00000000 4487156.00000000 11049227.00000000 1261.74121094   111216.90625000 85657.17187500  
0.20500    6698141.00000000 4407638.50000000 10853191.00000000 1236.67053223   107872.32031250 82991.22656250  
0.20600    6579459.00000000 4329578.50000000 10660757.00000000 1212.16540527   104612.54687500 80393.24218750  
0.20700    6462943.00000000 4252907.00000000 10471806.00000000 1188.27478027   101437.58593750 77864.65625000  
0.20800    6348579.50000000 4177630.50000000 10286149.00000000 1164.93066406   98338.81250000  75399.26562500  
0.20900    6236334.50000000 4103704.75000000 10104183.00000000 1142.19628906   95322.19531250  72999.71093750  
0.21000    6126053.50000000 4031035.50000000 9925230.00000000 1119.96313477   92374.78906250  70656.57031250  
0.21100    6017785.50000000 3959657.00000000 9749430.00000000 1098.29565430   89500.43750000  68372.72656250  
0.21200    5911408.00000000 3889531.00000000 9576795.00000000 1077.14196777   86694.03125000  66145.08593750  
0.21300    5806917.00000000 3820616.50000000 9407169.00000000 1056.50415039   83953.03906250  63970.67578125  
0.21400    5704265.50000000 3752907.75000000 9240569.00000000 1036.40270996   81277.46875000  61848.56250000  
0.21500    5603445.50000000 3686390.75000000 9076915.00000000 1016.83819580   78665.46875000  59777.60937500  
0.21600    5504342.50000000 3620978.75000000 8915839.00000000 997.74432373    76111.00000000  57753.56250000  
0.21700    5406972.50000000 3556676.75000000 8757693.00000000 979.17864990    73615.07812500  55778.07031250  
0.21800    5311207.00000000 3493449.75000000 8602203.00000000 961.11322021    71175.71093750  53846.71093750  
0.21900    5217039.00000000 3431294.50000000 8449306.00000000 943.53454590    68788.89062500  51959.20312500  
0.22000    5124461.50000000 3370148.00000000 8298969.50000000 926.46600342    66455.57031250  50113.66406250  
0.22100    5033492.50000000 3310065.25000000 8151201.50000000 909.91888428    64176.55078125  48312.00781250  
0.22200    4943989.50000000 3250935.25000000 8005823.00000000 893.86529541    61945.42968750  46549.40234375  
0.22300    4855945.00000000 3192764.25000000 7862782.00000000 878.29058838    59764.36718750  44825.73437500  
0.22400    4769317.50000000 3135530.25000000 7722024.00000000 863.20947266    57628.46093750  43139.49218750  
0.22500    4684185.00000000 3079275.50000000 7583705.00000000 848.67211914    55543.73828125  41493.41796875  
0.22600    4600297.00000000 3023854.00000000 7447443.50000000 834.58386230    53501.65234375  39881.00000000  
0.22700    4517863.50000000 2969362.25000000 7313509.50000000 821.02423096    51506.85546875  38306.46093750  
0.22800    4436653.00000000 2915735.75000000 7181641.50000000 807.93908691    49554.61718750  36766.01562500  
0.22900    4356716.00000000 2862912.25000000 7051751.00000000 795.33795166    47644.92968750  35258.81250000  
0.23000    4278113.00000000 2810961.25000000 6924082.00000000 783.24005127    45778.67187500  33785.81250000  
0.23100    4200725.00000000 2759820.50000000 6798285.50000000 771.63757324    43954.71875000  32346.99804688  
0.23200    4124471.00000000 2709462.25000000 6674513.00000000 760.49291992    42171.20312500  30939.59960938  
0.23300    4049462.75000000 2659890.75000000 6552645.00000000 749.84472656    40428.65234375  29564.38671875  
0.23400    3975608.75000000 2611094.75000000 6432640.50000000 739.67132568    38727.07812500  28221.42382812  
0.23500    3902835.50000000 2563007.50000000 6314459.00000000 729.94329834    37062.75781250  26907.69921875  
0.23600    3831280.25000000 2515713.25000000 6198106.00000000 720.71350098    35439.48828125  25626.31835938  
0.23700    3760748.00000000 2469108.75000000 6083597.00000000 711.92840576    33854.71093750  24374.97851562  
0.23800    3691336.75000000 2423258.75000000 5970864.50000000 703.60925293    32308.62500000  23154.10546875  
0.23900    3622947.25000000 2378072.75000000 5859759.50000000 695.71978760    30799.07031250  21961.75976562  
0.24000    3555613.75000000 2333601.25000000 5750400.00000000 688.27227783    29327.88867188  20799.41406250  
0.24100    3489391.25000000 2289819.75000000 5642765.00000000 681.27191162    27895.18945312  19666.81640625  
0.24200    3424160.00000000 2246725.25000000 5536763.50000000 674.69085693    26498.71875000  18562.86132812  
0.24300    3359906.50000000 2204264.00000000 5432433.00000000 668.51196289    25138.61523438  17486.87304688  
0.24400    3296655.00000000 2162464.50000000 5329684.00000000 662.73779297    23814.26367188  16439.07226562  
0.24500    3234359.75000000 2121322.75000000 5228457.00000000 657.35424805    22525.34375000  15418.75097656  
0.24600    3173061.25000000 2080791.37500000 5128869.00000000 652.36602783    21272.12109375  14426.91113281  
0.24700    3112699.75000000 2040907.75000000 5030820.00000000 647.73669434    20054.81445312  13462.36914062  
0.24800    3053292.25000000 2001656.12500000 4934292.50000000 643.47271729    18871.74023438  12524.81640625  
0.24900    2994800.25000000 1962982.62500000 4839266.00000000 639.55914307    17722.56835938  11613.43554688  
0.25000    2937221.50000000 1924939.75000000 4745729.50000000 635.98632812    16607.77734375  10728.93359375  
0.25100    2880564.50000000 1887482.25000000 4653629.00000000 632.72784424    15525.19238281  9870.28125000   
0.25200    2824842.50000000 1850641.25000000 4563085.50000000 629.80352783    14478.19824219  9038.89257812   
0.25300    2769988.75000000 1814375.00000000 4473954.50000000 627.17004395    13462.86718750  8232.30273438   
0.25400    2716027.75000000 1778692.87500000 4386222.50000000 624.83337402    12480.10546875  7451.32519531   
0.25500    2662892.50000000 1743552.37500000 4299886.00000000 622.76165771    11528.60351562  6694.55664062   
0.25600    2610660.25000000 1709018.62500000 4214971.50000000 620.96154785    10609.08300781  5963.15722656   
0.25700    2559267.25000000 1675022.62500000 4131455.25000000 619.41253662    9720.38964844   5255.62500000   
0.25800    2508722.75000000 1641575.50000000 4049271.25000000 618.11431885    8862.57226562   4572.69238281   
0.25900    2458999.25000000 1608688.75000000 3968446.50000000 617.04516602    8035.26708984   3913.46142578   
0.26000    2410136.25000000 1576343.00000000 3888972.00000000 616.19531250    7237.20703125   3277.64599609   
0.26100    2362025.00000000 1544515.62500000 3810741.00000000 615.54034424    6467.33984375   2663.78491211   
0.26200    2314784.75000000 1513245.12500000 3733922.25000000 615.10266113    5728.09667969   2074.36401367   
0.26300    2268294.75000000 1482474.62500000 3658313.25000000 614.82226562    5015.46875000   1505.24963379   
0.26400    2222626.25000000 1452236.12500000 3584019.00000000 614.73663330    4331.20166016   959.41748047    
0.26500    2177731.75000000 1422509.62500000 3511021.50000000 614.81115723    3674.34155273   434.59213257    
0.26600    2133595.00000000 1393292.50000000 3439192.50000000 615.03906250    3043.50415039   -69.02242279    
0.26700    2090241.62500000 1364574.00000000 3368680.00000000 615.41772461    2439.93359375   -551.37634277   
0.26800    2047668.75000000 1336365.87500000 3299393.25000000 615.93847656    1862.27307129   -1012.96966553  
0.26900    2005775.50000000 1308628.00000000 3231259.25000000 616.57055664    1308.64709473   -1455.59533691  
0.27000    1964675.50000000 1281390.75000000 3164360.75000000 617.33868408    780.56530762    -1877.51025391  
0.27100    1924281.00000000 1254624.00000000 3098605.75000000 618.20727539    276.35507202    -2280.84301758  
0.27200    1884649.37500000 1228366.50000000 3034139.25000000 619.20117188    -201.79533386   -2663.36206055  
0.27300    1845683.87500000 1202533.37500000 2970726.00000000 620.27929688    -659.19165039   -3028.91723633  
0.27400    1807382.50000000 1177143.00000000 2908359.75000000 621.42864990    -1094.83361816  -3377.25634766  
0.27500    1769858.62500000 1152272.12500000 2847293.00000000 622.69927979    -1505.22180176  -3705.11547852  
0.27600    1732945.25000000 1127799.87500000 2787173.00000000 624.01348877    -1896.42761230  -4018.04052734  
0.27700    1696766.87500000 1103809.00000000 2728272.75000000 625.43280029    -2263.90161133  -4311.61523438  
0.27800    1661225.25000000 1080244.12500000 2670430.75000000 626.91607666    -2611.97363281  -4589.64013672  
0.27900    1626354.12500000 1057117.37500000 2613633.00000000 628.45239258    -2938.55859375  -4850.21484375  
0.28000    1592124.62500000 1034415.12500000 2557910.50000000 630.05670166    -3245.71508789  -5095.16796875  
0.28100    1558541.87500000 1012133.18750000 2503238.00000000 631.71832275    -3532.95263672  -5324.23583984  
0.28200    1525612.37500000 990292.62500000 2449574.75000000 633.44238281    -3800.48339844  -5537.28906250  
0.28300    1493293.37500000 968861.12500000 2396979.00000000 635.20721436    -4049.40771484  -5735.30224609  
0.28400    1461587.62500000 947816.06250000 2345316.50000000 637.01812744    -4280.13232422  -5918.83593750  
0.28500    1430506.37500000 927204.18750000 2294689.00000000 638.88208008    -4491.76953125  -6086.68212891  
0.28600    1400001.87500000 906963.50000000 2245024.25000000 640.78112793    -4686.97851562  -6241.22119141  
0.28700    1370107.87500000 887139.31250000 2196345.75000000 642.72186279    -4864.17919922  -6381.18847656  
0.28800    1340787.25000000 867670.81250000 2148554.50000000 644.70733643    -5024.58544922  -6507.61962891  
0.28900    1312078.62500000 848624.56250000 2101802.25000000 646.72393799    -5167.23632812  -6619.90478516  
0.29000    1283885.25000000 829926.62500000 2055879.87500000 648.76953125    -5295.01611328  -6719.70751953  
0.29100    1256315.75000000 811621.43750000 2010948.25000000 650.86096191    -5405.16748047  -6805.59033203  
0.29200    1229263.37500000 793669.18750000 1966894.00000000 652.97808838    -5500.45312500  -6879.23242188  
0.29300    1202792.00000000 776099.31250000 1923751.37500000 655.13146973    -5579.12451172  -6939.42919922  
0.29400    1176808.37500000 758860.56250000 1881424.62500000 657.29516602    -5644.34814453  -6989.13525391  
0.29500    1151416.50000000 742005.31250000 1840054.00000000 659.51135254    -5692.85400391  -7024.75341797  
0.29600    1126517.62500000 725479.87500000 1799480.00000000 661.73785400    -5727.84375000  -7049.80908203  
0.29700    1102130.37500000 709298.06250000 1759734.25000000 663.97930908    -5748.49755859  -7063.35546875  
0.29800    1078287.75000000 693462.12500000 1720864.50000000 666.25677490    -5754.55224609  -7064.79052734  
0.29900    1054951.37500000 677976.00000000 1682844.50000000 668.55352783    -5745.89746094  -7054.82080078  
0.30000    1032081.87500000 662799.43750000 1645579.62500000 670.85839844    -5725.28710938  -7034.97558594  
0.30100    1009753.56250000 647969.56250000 1609181.25000000 673.19659424    -5689.72802734  -7003.15820312  
0.30200    987869.68750000 633439.56250000 1573503.50000000 675.53906250    -5642.34960938  -6961.75585938  
0.30300    966502.56250000 619246.37500000 1538665.87500000 677.90441895    -5581.01269531  -6909.22412109  
0.30400    945618.37500000 605369.00000000 1504610.37500000 680.27465820    -5507.09082031  -6846.55419922  
0.30500    925171.68750000 591791.62500000 1471271.50000000 682.65216064    -5421.70703125  -6774.65478516  
0.30600    905194.00000000 578513.43750000 1438688.62500000 685.03790283    -5323.79345703  -6692.81738281  
0.30700    885709.06250000 565559.25000000 1406892.62500000 687.43939209    -5212.83203125  -6600.55273438  
0.30800    866649.87500000 552885.93750000 1375795.12500000 689.83428955    -5091.34033203  -6499.97167969  
0.30900    848055.75000000 540526.12500000 1345460.87500000 692.23364258    -4957.38232422  -6389.53271484  
0.31000    829909.31250000 528457.43750000 1315822.87500000 694.62658691    -4812.86572266  -6270.52587891  
0.31100    812181.00000000 516658.09375000 1286887.75000000 697.01965332    -4657.06103516  -6142.76708984  
0.31200    794903.31250000 505150.87500000 1258671.87500000 699.39770508    -4490.72216797  -6006.48144531  
0.31300    778053.12500000 493925.56250000 1231140.50000000 701.77447510    -4313.36669922  -5861.76660156  
0.31400    761637.56250000 482989.59375000 1204319.50000000 704.14050293    -4125.46875000  -5708.63574219  
0.31500    745622.68750000 472312.71875000 1178134.62500000 706.47827148    -3928.39306641  -5548.24609375  
0.31600    730034.25000000 461911.90625000 1152653.25000000 708.80639648    -3720.69750977  -5379.66796875  
0.31700    714853.93750000 451777.84375000 1127819.12500000 711.11505127    -3503.61718750  -5203.50927734  
0.31800    700076.12500000 441903.90625000 1103618.12500000 713.38763428    -3278.27734375  -5020.98779297  
0.31900    685715.81250000 432300.09375000 1080111.00000000 715.64605713    -3042.18090820  -4830.21533203  
0.32000    671744.18750000 422951.59375000 1057217.50000000 717.86358643    -2798.24096680  -4633.23144531  
0.32100    658152.62500000 413844.40625000 1034938.56250000 720.05255127    -2545.77636719  -4429.79199219  
0.32200    644975.06250000 405005.40625000 1013321.62500000 722.20550537    -2284.54663086  -4219.32470703  
0.32300    632136.37500000 396391.06250000 992257.43750000 724.31628418    -2016.39404297  -4003.59399414  
0.32400    619687.87500000 388031.68750000 971811.93750000 726.38116455    -1740.34790039  -3781.73974609  
0.32500    607620.93750000 379904.28125000 951969.06250000 728.40551758    -1457.08093262  -3554.47314453  
0.32600    595910.93750000 372021.09375000 932722.93750000 730.37646484    -1166.63024902  -3321.73706055  
0.32700    584567.81250000 364371.21875000 914053.00000000 732.30322266    -869.23657227   -3083.53588867  
0.32800    573609.75000000 356961.34375000 895983.75000000 734.17736816    -564.94097900   -2840.08666992  
0.32900    562971.93750000 349763.06250000 878441.56250000 735.98632812    -255.37193298   -2592.63281250  
0.33000    552699.93750000 342799.81250000 861484.43750000 737.75354004    60.77084732     -2340.23071289  
0.33100    542730.56250000 336025.62500000 845008.56250000 739.44152832    380.87084961    -2084.83398438  
0.33200    533160.31250000 329512.09375000 829173.93750000 741.08245850    708.54162598    -1823.63793945  
0.33300    523890.65625000 323187.40625000 813809.50000000 742.65307617    1039.79443359   -1559.94836426  
0.33400    514965.37500000 317084.09375000 799010.43750000 744.16412354    1376.24890137   -1292.06372070  
0.33500    506343.68750000 311179.75000000 784685.31250000 745.59490967    1716.00891113   -1021.75494385  
0.33600    498037.06250000 305473.84375000 770874.56250000 746.96557617    2059.98315430   -748.38525391   
0.33700    490051.21875000 299970.78125000 757556.56250000 748.26208496    2407.66162109   -472.26632690   
0.33800    482380.59375000 294670.68750000 744755.43750000 749.48950195    2759.02954102   -193.37541199   
0.33900    474983.34375000 289546.31250000 732398.37500000 750.64373779    3112.78393555   87.04815674     
0.34000    467897.75000000 284614.31250000 720522.18750000 751.72485352    3469.11938477   369.71105957    
0.34100    461098.09375000 279866.62500000 709092.75000000 752.72888184    3827.80517578   653.98260498    
0.34200    454613.84375000 275326.65625000 698196.25000000 753.67236328    4189.79150391   940.58056641    
0.34300    448363.59375000 270933.96875000 687659.56250000 754.52453613    4552.05517578   1227.36145020   
0.34400    442427.90625000 266742.62500000 677633.93750000 755.31719971    4916.95849609   1516.15576172   
0.34500    436740.25000000 262704.87500000 667984.25000000 756.01977539    5282.29736328   1805.13073730   
0.34600    431340.03125000 258855.15625000 658817.00000000 756.66308594    5649.35400391   2095.51147461   
0.34700    426153.25000000 255140.18750000 649977.37500000 757.22094727    6015.61523438   2385.02636719   
0.34800    421238.93750000 251602.40625000 641580.93750000 757.70544434    6382.59179688   2675.11059570   
0.34900    416575.03125000 248224.06250000 633576.06250000 758.11779785    6750.02148438   2965.31250000   
0.35000    412143.62500000 244988.73437500 625948.06250000 758.45367432    7116.17480469   3254.79785156   
0.35100    407966.96875000 241923.67187500 618736.81250000 758.71746826    7483.20312500   3544.81909180   
0.35200    403974.62500000 238974.93750000 611808.06250000 758.90643311    7847.54736328   3832.60351562   
0.35300    400211.75000000 236176.64062500 605260.56250000 759.02148438    8211.05175781   4119.89453125   
0.35400    396686.90625000 233529.78125000 599089.87500000 759.06451416    8573.72753906   4406.25537109   
0.35500    393362.06250000 231012.03125000 593234.12500000 759.03686523    8934.27832031   4691.48095703   
0.35600    390221.56250000 228615.96875000 587682.00000000 758.93841553    9292.54101562   4974.57226562   
0.35700    387290.50000000 226349.25000000 582458.68750000 758.76934814    9648.72753906   5256.21875000   
0.35800    384555.15625000 224215.59375000 577567.06250000 758.53094482    10002.56445312  5536.15332031   
0.35900    382000.00000000 222200.25000000 572960.56250000 758.22430420    10353.70019531  5813.98730469   
0.36000    379638.25000000 220311.15625000 568663.50000000 757.85443115    10702.40917969  6089.88916016   
0.36100    377419.62500000 218513.00000000 564610.50000000 757.40643311    11046.88378906  6362.84765625   
0.36200    375422.50000000 216863.03125000 560897.81250000 756.90747070    11389.59472656  6634.45556641   
0.36300    373535.78125000 215280.32812500 557367.81250000 756.32775879    11726.87988281  6901.85986328   
0.36400    371801.71875000 213802.71875000 554104.81250000 755.67645264    12060.31054688  7166.55859375   
0.36500    370217.78125000 212424.75000000 551072.25000000 754.96087646    12389.86230469  7428.17480469   
0.36600    368803.81250000 211162.00000000 548323.81250000 754.18811035    12716.09082031  7687.52294922   
0.36700    367493.56250000 209967.00000000 545744.37500000 753.33728027    13036.23632812  7942.51171875   
0.36800    366370.09375000 208893.32812500 543462.25000000 752.44274902    13353.79199219  8195.42968750   
0.36900    365346.46875000 207892.81250000 541357.50000000 751.47277832    13665.93945312  8444.39453125   
0.37000    364406.28125000 206950.43750000 539394.12500000 750.41900635    13971.56640625  8688.42382812   
0.37100    363597.65625000 206092.42187500 537631.87500000 749.31158447    14272.16406250  8928.90332031   
0.37200    362922.90625000 205331.28125000 536107.12500000 748.14318848    14568.79785156  9166.39062500   
0.37300    362328.50000000 204625.04687500 534712.37500000 746.89727783    14858.86621094  9399.15234375   
0.37400    361849.71875000 203998.76562500 533511.31250000 745.59863281    15144.22558594  9628.36425781   
0.37500    361463.09375000 203431.45312500 532458.81250000 744.22503662    15423.53613281  9853.29003906   
0.37600    361167.21875000 202938.12500000 531571.18750000 742.78607178    15696.64941406  10073.48144531  
0.37700    360937.46875000 202485.87500000 530789.18750000 741.27093506    15963.24902344  10289.02148438  
0.37800    360800.18750000 202098.71875000 530164.18750000 739.69091797    16224.26171875  10500.36523438  
0.37900    360756.34375000 201779.48437500 529701.12500000 738.04730225    16479.44140625  10707.60742188  
0.38000    360757.03125000 201497.60937500 529317.25000000 736.32489014    16727.45312500  10909.45214844  
0.38100    360814.81250000 201254.51562500 529022.93750000 734.52551270    16968.58398438  11106.07910156  
0.38200    360949.34375000 201072.73437500 528873.06250000 732.66473389    17204.10156250  11298.59472656  
0.38300    361122.40625000 200913.70312500 528786.50000000 730.71704102    17431.57226562  11485.59277344  
0.38400    361373.93750000 200819.06250000 528841.56250000 728.71130371    17653.44726562  11668.15625000  
0.38500    361637.18750000 200741.20312500 528921.25000000 726.61273193    17867.53906250  11844.83984375  
0.38600    361991.21875000 200715.96875000 529145.81250000 724.45550537    18075.78125000  12017.57617188  
0.38700    362336.78125000 200702.79687500 529376.87500000 722.20501709    18275.44140625  12183.73242188  
0.38800    362733.28125000 200724.48437500 529697.93750000 719.88079834    18468.64648438  12345.21582031  
0.38900    363155.96875000 200770.17187500 530065.43750000 717.47534180    18654.16601562  12501.18457031  
0.39000    363638.46875000 200863.10937500 530535.56250000 715.00134277    18833.87695312  12652.49902344  
0.39100    364118.53125000 200960.10937500 531020.25000000 712.44476318    19005.65820312  12797.96777344  
0.39200    364638.09375000 201085.21875000 531560.50000000 709.80426025    19170.36328125  12938.22558594  
0.39300    365161.87500000 201218.89062500 532121.18750000 707.08587646    19327.11132812  13072.63671875  
0.39400    365733.09375000 201392.20312500 532771.81250000 704.29003906    19478.10742188  13202.53808594  
0.39500    366279.43750000 201557.60937500 533387.00000000 701.40447998    19619.85937500  13326.07714844  
0.39600    366845.03125000 201739.81250000 534045.93750000 698.43469238    19755.08398438  13444.15820312  
0.39700    367421.18750000 201929.39062500 534711.75000000 695.38726807    19882.73632812  13556.80273438  
0.39800    368014.40625000 202142.57812500 535430.12500000 692.26483154    20003.87109375  13664.54492188  
0.39900    368600.40625000 202352.81250000 536138.37500000 689.05987549    20117.17187500  13766.31250000  
0.40000    369189.09375000 202569.65625000 536855.31250000 685.77197266    20223.37304688  13862.73632812  
0.40100    369766.59375000 202787.90625000 537562.62500000 682.40332031    20321.79101562  13953.32714844  
0.40200    370365.34375000 203018.03125000 538315.75000000 678.96716309    20413.91796875  14039.01953125  
0.40300    370930.34375000 203239.07812500 539016.31250000 675.44189453    20497.91015625  14118.59863281  
0.40400    371507.59375000 203467.48437500 539736.18750000 671.84252930    20575.47265625  14193.47070312  
0.40500    372073.56250000 203691.26562500 540439.37500000 668.17144775    20645.78906250  14262.36718750  
0.40600    372643.15625000 203925.57812500 541170.93750000 664.43902588    20710.16601562  14327.01953125  
0.40700    373191.15625000 204145.06250000 541851.37500000 660.62097168    20766.66210938  14385.61328125  
0.40800    373724.84375000 204359.81250000 542518.81250000 656.74365234    20816.27148438  14439.00683594  
0.40900    374237.84375000 204565.65625000 543173.25000000 652.79010010    20859.18164062  14487.06054688  
0.41000    374762.90625000 204782.64062500 543834.56250000 648.78814697    20896.61718750  14530.91699219  
0.41100    375256.12500000 204978.60937500 544446.06250000 644.71759033    20926.73242188  14568.94531250  
0.41200    375722.00000000 205160.00000000 545026.50000000 640.57928467    20949.81054688  14601.78417969  
0.41300    376195.68750000 205348.12500000 545618.31250000 636.40148926    20967.86328125  14630.37402344  
0.41400    376632.93750000 205513.01562500 546151.00000000 632.16571045    20979.25195312  14653.81152344  
0.41500    377073.59375000 205683.87500000 546688.87500000 627.88061523    20984.94335938  14672.94335938  
0.41600    377462.28125000 205821.01562500 547142.50000000 623.54626465    20983.61914062  14686.41015625  
0.41700    377864.46875000 205965.56250000 547619.62500000 619.18139648    20977.91796875  14696.62695312  
0.41800    378265.31250000 206113.90625000 548101.31250000 614.78387451    20967.21484375  14702.40527344  
0.41900    378585.21875000 206207.56250000 548447.68750000 610.32678223    20948.53906250  14702.39160156  
0.42000    378926.21875000 206316.25000000 548832.12500000 605.86389160    20926.45898438  14699.28710938  
0.42100    379258.65625000 206417.54687500 549194.93750000 601.36804199    20899.41992188  14692.35449219  
0.42200    379567.06250000 206501.48437500 549519.43750000 596.85314941    20867.26953125  14681.27441406  
0.42300    379834.15625000 206560.15625000 549779.81250000 592.31652832    20829.50000000  14665.79101562  
0.42400    380098.43750000 206612.90625000 550024.62500000 587.77215576    20787.75390625  14646.68554688  
0.42500    380339.43750000 206652.32812500 550250.06250000 583.22143555    20741.36328125  14624.13183594  
0.42600    380549.09375000 206667.56250000 550406.62500000 578.65655518    20690.27539062  14597.58203125  
0.42700    380768.53125000 206687.39062500 550578.31250000 574.10443115    20635.93164062  14568.55859375  
0.42800    380946.15625000 206680.57812500 550682.06250000 569.54785156    20576.95507812  14535.56542969  
0.42900    381137.96875000 206678.70312500 550809.25000000 565.01721191    20515.31835938  14500.26171875  
0.43000    381290.93750000 206650.14062500 550872.12500000 560.49023438    20449.34960938  14461.49023438  
0.43100    381401.18750000 206591.04687500 550862.43750000 555.97113037    20379.21093750  14419.25000000  
0.43200    381534.12500000 206545.67187500 550878.00000000 551.48956299    20307.18945312  14375.46093750  
0.43300    381630.81250000 206470.60937500 550830.25000000 547.02813721    20231.05664062  14328.13085938  
0.43400    381717.84375000 206389.29687500 550767.31250000 542.59674072    20152.43164062  14278.70996094  
0.43500    381778.81250000 206288.04687500 550663.50000000 538.20294189    20070.89843750  14226.85644531  
0.43600    381860.81250000 206193.00000000 550584.68750000 533.85815430    19988.05859375  14173.80664062  
0.43700    381887.37500000 206066.18750000 550411.12500000 529.53918457    19901.70117188  14117.58300781  
0.43800    381897.75000000 205921.21875000 550209.43750000 525.27301025    19812.77539062  14059.49511719  
0.43900    381911.43750000 205775.28125000 550011.12500000 521.06268311    19722.55273438  13999.95312500  
0.44000    381909.90625000 205617.75000000 549782.56250000 516.90441895    19630.38867188  13938.86328125  
0.44100    381893.96875000 205445.78125000 549522.87500000 512.80224609    19536.30078125  13876.09375000  
0.44200    381867.43750000 205265.45312500 549246.18750000 508.76260376    19441.03320312  13812.15136719  
0.44300    381827.37500000 205074.75000000 548947.75000000 504.78826904    19344.33203125  13746.87402344  
0.44400    381779.87500000 204872.35937500 548635.31250000 500.87896729    19246.62109375  13680.59179688  
0.44500    381681.53125000 204637.07812500 548231.75000000 497.02655029    19146.28906250  13612.36132812  
0.44600    381592.28125000 204401.46875000 547831.68750000 493.25473022    19045.59375000  13543.57812500  
0.44700    381511.00000000 204171.32812500 547453.06250000 489.56472778    18944.83984375  13474.52050781  
0.44800    381388.31250000 203909.67187500 546995.43750000 485.93887329    18842.44140625  13404.20312500  
0.44900    381280.21875000 203658.89062500 546568.87500000 482.40228271    18740.20703125  13333.83203125  
0.45000    381164.78125000 203395.14062500 546117.31250000 478.94866943    18638.06250000  13263.28515625  
0.45100    381001.56250000 203101.40625000 545597.43750000 475.55648804    18533.66992188  13191.10839844  
0.45200    380855.75000000 202816.26562500 545082.75000000 472.26211548    18430.17187500  13119.34960938  
0.45300    380680.84375000 202508.29687500 544534.37500000 469.04696655    18326.14843750  13047.04101562  
0.45400    380503.75000000 202202.01562500 543981.12500000 465.91848755    18222.06835938  12974.83300781  
0.45500    380316.96875000 201888.62500000 543407.50000000 462.87741089    18118.32031250  12902.72656250  
0.45600    380109.31250000 201555.62500000 542798.81250000 459.91763306    18013.97460938  12830.08007812  
0.45700    379897.84375000 201222.17187500 542186.00000000 457.05380249    17910.35546875  12758.07910156  
0.45800    379663.65625000 200872.60937500 541534.00000000 454.27291870    17806.54296875  12685.97753906  
0.45900    379416.68750000 200515.79687500 540860.12500000 451.57843018    17702.75976562  12613.62207031  
0.46000    379186.84375000 200166.87500000 540211.81250000 448.98190308    17600.73437500  12542.89648438  
0.46100    378893.62500000 199778.87500000 539469.06250000 446.45254517    17497.07031250  12470.88671875  
0.46200    378633.03125000 199411.35937500 538773.68750000 444.02780151    17395.37109375  12400.34375000  
0.46300    378338.28125000 199024.29687500 538023.93750000 441.68273926    17293.53906250  12329.83984375  
0.46400    378023.37500000 198623.01562500 537243.06250000 439.43099976    17191.95703125  12259.48632812  
0.46500    377710.18750000 198227.87500000 536467.75000000 437.26480103    17091.51953125  12190.23925781  
0.46600    377371.68750000 197814.56250000 535659.75000000 435.18109131    16991.35937500  12121.22363281  
0.46700    377004.87500000 197387.21875000 534799.18750000 433.17413330    16891.28320312  12052.38574219  
0.46800    376661.56250000 196975.15625000 533988.31250000 431.26354980    16792.80468750  11984.86621094  
0.46900    376262.87500000 196535.25000000 533088.87500000 429.42822266    16694.08203125  11917.25390625  
0.47000    375858.50000000 196089.78125000 532184.62500000 427.67431641    16595.83789062  11850.44335938  
0.47100    375443.59375000 195645.25000000 531269.25000000 426.00503540    16498.76171875  11784.45605469  
0.47200    375013.12500000 195188.00000000 530328.68750000 424.41378784    16402.19335938  11719.09082031  
0.47300    374573.28125000 194733.39062500 529385.75000000 422.90039062    16306.70605469  11654.60546875  
0.47400    374087.03125000 194249.78125000 528361.37500000 421.45846558    16210.76171875  11590.05371094  
0.47500    373601.25000000 193774.09375000 527354.18750000 420.09817505    16116.07812500  11526.66601562  
0.47600    373116.43750000 193303.15625000 526349.93750000 418.81713867    16022.68750000  11464.64550781  
0.47700    372563.96875000 192794.10937500 525245.31250000 417.58987427    15928.09765625  11401.68554688  
0.47800    372017.87500000 192294.29687500 524158.46875000 416.44836426    15835.33007812  11340.35742188  
0.47900    371466.75000000 191796.76562500 523077.50000000 415.37713623    15743.45312500  11280.06347656  
0.48000    370864.15625000 191272.65625000 521919.28125000 414.36404419    15651.07714844  11219.58398438  
0.48100    370287.56250000 190770.82812500 520798.68750000 413.43322754    15560.60253906  11160.78808594  
0.48200    369623.62500000 190219.31250000 519559.62500000 412.54342651    15468.63867188  11101.09179688  
0.48300    368962.25000000 189678.28125000 518326.03125000 411.72988892    15378.00195312  11042.70410156  
0.48400    368289.40625000 189135.54687500 517090.18750000 410.97418213    15288.16113281  10985.34472656  
0.48500    367587.46875000 188582.26562500 515808.53125000 410.28198242    15198.36230469  10928.04882812  
0.48600    366874.03125000 188029.98437500 514529.68750000 409.64877319    15109.63867188  10871.85937500  
0.48700    366128.71875000 187462.71875000 513197.00000000 409.07376099    15020.74609375  10816.02148438  
0.48800    365337.18750000 186876.20312500 511806.15625000 408.54339600    14931.61132812  10760.03906250  
0.48900    364537.28125000 186290.20312500 510414.09375000 408.06915283    14843.16015625  10704.96386719  
0.49000    363719.12500000 185701.79687500 509000.00000000 407.64691162    14755.31445312  10650.59179688  
0.49100    362887.03125000 185114.54687500 507578.84375000 407.28591919    14668.15527344  10597.04199219  
0.49200    362004.21875000 184501.21875000 506085.28125000 406.96258545    14580.32324219  10543.21386719  
0.49300    361106.65625000 183887.71875000 504583.53125000 406.68862915    14493.16992188  10490.22949219  
0.49400    360185.43750000 183268.25000000 503044.65625000 406.46234131    14406.10449219  10437.59863281  
0.49500    359227.71875000 182635.03125000 501468.12500000 406.27163696    14319.10644531  10385.19335938  
0.49600    358269.50000000 182009.20312500 499896.28125000 406.13528442    14232.84667969  10333.67285156  
0.49700    357257.87500000 181361.29687500 498255.59375000 406.02841187    14145.94628906  10281.91992188  
0.49800    356243.31250000 180714.78125000 496611.93750000 405.96716309    14059.88671875  10230.99804688  
0.49900    355177.40625000 180051.54687500 494912.53125000 405.93243408    13973.11035156  10179.88183594  
0.50000    354107.46875000 179390.75000000 493212.18750000 405.94400024    13887.10058594  10129.59082031  
