# SAXS profile: number of points = 501, q_min = 0, q_max = 0.5, delta_q = 0.001
#    q    intensity 
0.00000    162236880.00000000 101201960.00000000 256271040.00000000 99996.01562500  8055626.50000000 6362295.00000000 
0.00100    162213680.00000000 101187176.00000000 256233328.00000000 99976.27343750  8054214.50000000 6361201.00000000 
0.00200    162143984.00000000 101142952.00000000 256121408.00000000 99916.46093750  8050027.00000000 6357903.50000000 
0.00300    162025392.00000000 101069080.00000000 255933520.00000000 99817.06250000  8043054.00000000 6352435.00000000 
0.00400    161858192.00000000 100966432.00000000 255671360.00000000 99678.56250000  8033266.50000000 6344758.00000000 
0.00500    161643376.00000000 100834432.00000000 255333648.00000000 99499.83593750  8020741.50000000 6334890.00000000 
0.00600    161380928.00000000 100673152.00000000 254923248.00000000 99282.03125000  8005408.50000000 6322899.50000000 
0.00700    161070800.00000000 100482528.00000000 254436688.00000000 99025.78906250  7987379.00000000 6308736.00000000 
0.00800    160714256.00000000 100262968.00000000 253877616.00000000 98730.56250000  7966568.00000000 6292418.50000000 
0.00900    160310096.00000000 100015464.00000000 253245776.00000000 98397.27343750  7943110.50000000 6273981.00000000 
0.01000    159858080.00000000 99739608.00000000 252542096.00000000 98025.78906250  7916947.50000000 6253454.50000000 
0.01100    159363728.00000000 99435488.00000000 251765728.00000000 97617.50781250  7888139.50000000 6230791.50000000 
0.01200    158822624.00000000 99103584.00000000 250918208.00000000 97171.40625000  7856700.00000000 6206111.50000000 
0.01300    158238720.00000000 98744432.00000000 250000928.00000000 96689.01562500  7822670.50000000 6179395.50000000 
0.01400    157610512.00000000 98357256.00000000 249013328.00000000 96171.23437500  7786084.00000000 6150678.50000000 
0.01500    156937264.00000000 97943008.00000000 247958304.00000000 95617.85937500  7746997.00000000 6120001.50000000 
0.01600    156221728.00000000 97503144.00000000 246835152.00000000 95030.15625000  7705421.50000000 6087368.50000000 
0.01700    155462368.00000000 97036464.00000000 245646016.00000000 94408.40625000  7661455.00000000 6052789.50000000 
0.01800    154660976.00000000 96544136.00000000 244389376.00000000 93753.42187500  7615048.50000000 6016350.00000000 
0.01900    153819552.00000000 96026432.00000000 243070544.00000000 93065.80468750  7566313.00000000 5978091.50000000 
0.02000    152938080.00000000 95484560.00000000 241687616.00000000 92346.87500000  7515323.00000000 5938063.00000000 
0.02100    152016944.00000000 94918280.00000000 240243200.00000000 91597.09375000  7462084.50000000 5896212.00000000 
0.02200    151057056.00000000 94328064.00000000 238737248.00000000 90817.05468750  7406630.50000000 5852690.50000000 
0.02300    150059616.00000000 93714168.00000000 237171488.00000000 90008.00000000  7349084.00000000 5807458.00000000 
0.02400    149024784.00000000 93078064.00000000 235548000.00000000 89170.67187500  7289475.50000000 5760619.50000000 
0.02500    147954624.00000000 92418800.00000000 233868736.00000000 88306.26562500  7227798.50000000 5712196.50000000 
0.02600    146847936.00000000 91738688.00000000 232134016.00000000 87415.52343750  7164237.50000000 5662241.50000000 
0.02700    145707728.00000000 91037032.00000000 230344480.00000000 86499.47656250  7098778.00000000 5610814.00000000 
0.02800    144534736.00000000 90314928.00000000 228503776.00000000 85559.50000000  7031505.50000000 5557937.50000000 
0.02900    143329232.00000000 89573104.00000000 226612432.00000000 84595.57031250  6962444.00000000 5503683.00000000 
0.03000    142092656.00000000 88811824.00000000 224671936.00000000 83609.71093750  6891722.00000000 5448106.50000000 
0.03100    140826128.00000000 88032376.00000000 222684112.00000000 82603.25781250  6819334.00000000 5391231.00000000 
0.03200    139530784.00000000 87234712.00000000 220651536.00000000 81576.07812500  6745434.50000000 5333163.50000000 
0.03300    138206848.00000000 86420224.00000000 218574016.00000000 80530.25781250  6670070.00000000 5273912.50000000 
0.03400    136856896.00000000 85587992.00000000 216453744.00000000 79466.13281250  6593268.50000000 5213523.50000000 
0.03500    135482016.00000000 84739968.00000000 214294176.00000000 78385.50781250  6515137.00000000 5152111.00000000 
0.03600    134080528.00000000 83877024.00000000 212095408.00000000 77289.26562500  6435719.50000000 5089695.50000000 
0.03700    132656888.00000000 82999304.00000000 209860416.00000000 76178.85937500  6355140.00000000 5026345.00000000 
0.03800    131210616.00000000 82108696.00000000 207588720.00000000 75054.08593750  6273438.00000000 4962081.00000000 
0.03900    129743328.00000000 81203792.00000000 205284384.00000000 73917.47656250  6190689.50000000 4897019.50000000 
0.04000    128255880.00000000 80286584.00000000 202948496.00000000 72769.62500000  6106956.50000000 4831183.00000000 
0.04100    126750064.00000000 79358184.00000000 200583024.00000000 71612.35937500  6022319.50000000 4764600.00000000 
0.04200    125226608.00000000 78418320.00000000 198189904.00000000 70445.29687500  5936853.00000000 4697388.00000000 
0.04300    123686224.00000000 77468304.00000000 195770240.00000000 69270.71875000  5850680.00000000 4629601.50000000 
0.04400    122131080.00000000 76508416.00000000 193326800.00000000 68089.39062500  5763794.50000000 4561277.50000000 
0.04500    120561784.00000000 75540472.00000000 190862480.00000000 66902.89062500  5676312.00000000 4492426.50000000 
0.04600    118979864.00000000 74563688.00000000 188375600.00000000 65711.09375000  5588310.00000000 4423205.00000000 
0.04700    117385992.00000000 73579960.00000000 185870832.00000000 64516.01171875  5499840.00000000 4353590.00000000 
0.04800    115781496.00000000 72589216.00000000 183349088.00000000 63318.55078125  5411039.50000000 4283688.00000000 
0.04900    114167784.00000000 71592960.00000000 180812592.00000000 62120.17578125  5321851.50000000 4213511.50000000 
0.05000    112546040.00000000 70590632.00000000 178262992.00000000 60921.17968750  5232457.50000000 4143114.00000000 
0.05100    110917168.00000000 69584192.00000000 175702064.00000000 59722.40234375  5142892.00000000 4072607.50000000 
0.05200    109282696.00000000 68573536.00000000 173130352.00000000 58525.76171875  5053215.00000000 4001988.75000000 
0.05300    107642832.00000000 67559784.00000000 170551744.00000000 57331.33984375  4963470.50000000 3931347.00000000 
0.05400    105999688.00000000 66543536.00000000 167968224.00000000 56140.72265625  4873788.50000000 3860693.50000000 
0.05500    104354040.00000000 65525364.00000000 165378624.00000000 54954.55468750  4784172.00000000 3790135.75000000 
0.05600    102706696.00000000 64505992.00000000 162787344.00000000 53773.59375000  4694726.00000000 3719669.25000000 
0.05700    101059368.00000000 63486512.00000000 160194960.00000000 52599.05468750  4605530.50000000 3649377.75000000 
0.05800    99411904.00000000 62466988.00000000 157603216.00000000 51431.57812500  4516561.00000000 3579300.50000000 
0.05900    97767064.00000000 61448048.00000000 155013312.00000000 50271.92578125  4427973.00000000 3509474.75000000 
0.06000    96123824.00000000 60430732.00000000 152428240.00000000 49121.00781250  4339775.00000000 3439965.25000000 
0.06100    94484976.00000000 59415164.00000000 149847696.00000000 47979.62109375  4252010.00000000 3370796.00000000 
0.06200    92851088.00000000 58402504.00000000 147274848.00000000 46848.42968750  4164782.00000000 3302020.75000000 
0.06300    91222808.00000000 57392984.00000000 144709872.00000000 45728.19531250  4078113.50000000 3233687.50000000 
0.06400    89600640.00000000 56386988.00000000 142154576.00000000 44619.14843750  3992052.75000000 3165819.00000000 
0.06500    87986296.00000000 55385532.00000000 139611760.00000000 43522.72265625  3906656.25000000 3098477.75000000 
0.06600    86379984.00000000 54389012.00000000 137081024.00000000 42439.02343750  3821981.75000000 3031673.00000000 
0.06700    84782680.00000000 53397804.00000000 134564464.00000000 41368.50000000  3738053.50000000 2965450.00000000 
0.06800    83195576.00000000 52412412.00000000 132064440.00000000 40312.09765625  3654924.00000000 2899861.75000000 
0.06900    81618984.00000000 51433572.00000000 129579664.00000000 39270.32031250  3572643.25000000 2834939.75000000 
0.07000    80054880.00000000 50461584.00000000 127113216.00000000 38243.08203125  3491254.75000000 2770690.00000000 
0.07100    78502552.00000000 49496784.00000000 124665752.00000000 37231.47656250  3410761.75000000 2707161.25000000 
0.07200    76963464.00000000 48539892.00000000 122238296.00000000 36235.69531250  3331260.50000000 2644361.50000000 
0.07300    75438136.00000000 47591516.00000000 119832496.00000000 35256.14453125  3252743.50000000 2582358.50000000 
0.07400    73926984.00000000 46651608.00000000 117449160.00000000 34293.14453125  3175238.25000000 2521153.75000000 
0.07500    72431528.00000000 45720652.00000000 115088696.00000000 33346.80468750  3098795.75000000 2460768.25000000 
0.07600    70951344.00000000 44799332.00000000 112753248.00000000 32417.70312500  3023414.75000000 2401206.00000000 
0.07700    69487152.00000000 43887728.00000000 110443280.00000000 31506.07617188  2949170.75000000 2342526.75000000 
0.07800    68039872.00000000 42986456.00000000 108158488.00000000 30611.95117188  2876056.50000000 2284752.50000000 
0.07900    66610456.00000000 42095632.00000000 105900728.00000000 29735.65820312  2804097.75000000 2227838.25000000 
0.08000    65198748.00000000 41215320.00000000 103671464.00000000 28877.48828125  2733315.50000000 2171871.00000000 
0.08100    63804840.00000000 40346380.00000000 101470016.00000000 28037.46679688  2663712.75000000 2116835.00000000 
0.08200    62429996.00000000 39488736.00000000 99297984.00000000 27215.63671875  2595331.75000000 2062754.25000000 
0.08300    61074156.00000000 38642352.00000000 97156120.00000000 26412.08398438  2528184.75000000 2009604.25000000 
0.08400    59737884.00000000 37807960.00000000 95044176.00000000 25626.99804688  2462258.75000000 1957441.37500000 
0.08500    58421308.00000000 36986116.00000000 92963440.00000000 24860.23437500  2397592.75000000 1906259.62500000 
0.08600    57124972.00000000 36175884.00000000 90913928.00000000 24111.89648438  2334181.00000000 1856065.00000000 
0.08700    55849004.00000000 35378600.00000000 88896872.00000000 23382.03515625  2272035.75000000 1806857.25000000 
0.08800    54593892.00000000 34593804.00000000 86911512.00000000 22670.26367188  2211173.50000000 1758645.00000000 
0.08900    53359532.00000000 33821856.00000000 84959416.00000000 21976.83007812  2151557.50000000 1711431.25000000 
0.09000    52146360.00000000 33062788.00000000 83039936.00000000 21301.65625000  2093241.25000000 1665217.12500000 
0.09100    50954532.00000000 32316592.00000000 81153488.00000000 20644.48828125  2036196.00000000 1620011.50000000 
0.09200    49784188.00000000 31583598.00000000 79301288.00000000 20004.96484375  1980418.62500000 1575798.50000000 
0.09300    48635228.00000000 30863818.00000000 77482464.00000000 19383.47460938  1925929.87500000 1532599.12500000 
0.09400    47508104.00000000 30157558.00000000 75697608.00000000 18779.36718750  1872694.25000000 1490373.00000000 
0.09500    46402596.00000000 29464288.00000000 73947232.00000000 18192.54296875  1820728.62500000 1449156.62500000 
0.09600    45318984.00000000 28784596.00000000 72230624.00000000 17622.91992188  1770015.12500000 1408930.75000000 
0.09700    44256988.00000000 28118460.00000000 70548296.00000000 17070.24804688  1720566.37500000 1369680.12500000 
0.09800    43217084.00000000 27465648.00000000 68900608.00000000 16534.26562500  1672351.25000000 1331414.75000000 
0.09900    42199060.00000000 26826318.00000000 67286248.00000000 16014.61328125  1625359.00000000 1294106.75000000 
0.10000    41202512.00000000 26200200.00000000 65707116.00000000 15511.00292969  1579592.62500000 1257754.87500000 
0.10100    40227644.00000000 25587538.00000000 64161512.00000000 15023.39453125  1535015.75000000 1222355.12500000 
0.10200    39274644.00000000 24988374.00000000 62649988.00000000 14551.19531250  1491642.50000000 1187893.25000000 
0.10300    38342564.00000000 24402308.00000000 61171856.00000000 14094.27832031  1449436.50000000 1154357.25000000 
0.10400    37432344.00000000 23829620.00000000 59727624.00000000 13652.31933594  1408395.37500000 1121736.00000000 
0.10500    36543412.00000000 23269956.00000000 58316628.00000000 13224.94824219  1368498.25000000 1090014.12500000 
0.10600    35674976.00000000 22723262.00000000 56938696.00000000 12811.87695312  1329717.75000000 1059181.25000000 
0.10700    34827888.00000000 22189608.00000000 55593884.00000000 12412.65429688  1292055.00000000 1029211.25000000 
0.10800    34001424.00000000 21668824.00000000 54281548.00000000 12027.05566406  1255479.62500000 1000111.12500000 
0.10900    33195216.00000000 21160524.00000000 53001540.00000000 11654.71484375  1219958.12500000 971856.00000000 
0.11000    32409320.00000000 20665058.00000000 51753204.00000000 11295.16699219  1185498.12500000 944420.93750000 
0.11100    31643496.00000000 20181832.00000000 50536508.00000000 10948.22851562  1152057.87500000 917803.50000000 
0.11200    30897284.00000000 19710892.00000000 49351044.00000000 10613.48242188  1119635.25000000 891976.12500000 
0.11300    30170538.00000000 19252088.00000000 48196204.00000000 10290.59863281  1088186.00000000 866931.31250000 
0.11400    29463242.00000000 18805434.00000000 47071576.00000000 9979.13574219   1057705.75000000 842651.31250000 
0.11500    28774546.00000000 18370576.00000000 45977220.00000000 9678.80859375   1028172.06250000 819110.18750000 
0.11600    28104702.00000000 17947104.00000000 44911872.00000000 9389.27832031   999552.25000000 796299.93750000 
0.11700    27453058.00000000 17535288.00000000 43875784.00000000 9110.19140625   971822.56250000 774196.00000000 
0.11800    26819382.00000000 17134452.00000000 42867908.00000000 8841.14257812   944962.81250000 752777.75000000 
0.11900    26203484.00000000 16744839.00000000 41887892.00000000 8581.76660156   918961.93750000 732041.75000000 
0.12000    25604696.00000000 16366105.00000000 40935504.00000000 8331.79199219   893778.37500000 711952.56250000 
0.12100    25023188.00000000 15998014.00000000 40010236.00000000 8090.87744141   869404.56250000 692507.87500000 
0.12200    24458134.00000000 15640372.00000000 39110728.00000000 7858.68554688   845809.62500000 673674.43750000 
0.12300    23909432.00000000 15292936.00000000 38237484.00000000 7634.87500000   822974.93750000 655452.12500000 
0.12400    23376734.00000000 14955517.00000000 37389564.00000000 7419.10400391   800871.87500000 637806.81250000 
0.12500    22859412.00000000 14627890.00000000 36566040.00000000 7211.08984375   779478.87500000 620725.81250000 
0.12600    22357526.00000000 14309889.00000000 35767172.00000000 7010.56005859   758778.56250000 604195.18750000 
0.12700    21870510.00000000 14001214.00000000 34991588.00000000 6817.16357422   738745.81250000 588192.87500000 
0.12800    21397970.00000000 13701675.00000000 34238856.00000000 6630.58740234   719355.00000000 572707.56250000 
0.12900    20939556.00000000 13411180.00000000 33509196.00000000 6450.62402344   700584.56250000 557713.06250000 
0.13000    20494974.00000000 13129275.00000000 32800956.00000000 6276.93310547   682425.68750000 543200.31250000 
0.13100    20063600.00000000 12855843.00000000 32114204.00000000 6109.25537109   664839.87500000 529146.68750000 
0.13200    19645476.00000000 12590773.00000000 31448172.00000000 5947.29150391   647810.00000000 515543.34375000 
0.13300    19239848.00000000 12333616.00000000 30802308.00000000 5790.90869141   631325.43750000 502366.59375000 
0.13400    18846952.00000000 12084334.00000000 30176062.00000000 5639.78906250   615356.68750000 489601.84375000 
0.13500    18465720.00000000 11842686.00000000 29568834.00000000 5493.67236328   599888.56250000 477240.56250000 
0.13600    18096156.00000000 11608372.00000000 28980248.00000000 5352.38916016   584897.56250000 465258.15625000 
0.13700    17737820.00000000 11381170.00000000 28409472.00000000 5215.66650391   570372.56250000 453644.75000000 
0.13800    17390480.00000000 11160800.00000000 27856060.00000000 5083.35253906   556291.68750000 442384.25000000 
0.13900    17053534.00000000 10947337.00000000 27319706.00000000 4955.19775391   542637.50000000 431467.78125000 
0.14000    16726996.00000000 10740318.00000000 26799632.00000000 4831.04736328   529389.62500000 420875.18750000 
0.14100    16410302.00000000 10539610.00000000 26295406.00000000 4710.72802734   516533.00000000 410595.93750000 
0.14200    16103117.00000000 10345003.00000000 25806138.00000000 4594.04150391   504052.71875000 400617.12500000 
0.14300    15805234.00000000 10156261.00000000 25331922.00000000 4480.80566406   491933.03125000 390925.90625000 
0.14400    15516222.00000000 9973129.00000000 24871798.00000000 4370.89013672   480153.37500000 381509.56250000 
0.14500    15235800.00000000 9795576.00000000 24425382.00000000 4264.14257812   468708.78125000 372358.84375000 
0.14600    14963645.00000000 9623313.00000000 23992298.00000000 4160.50097656   457579.90625000 363460.59375000 
0.14700    14699564.00000000 9456185.00000000 23571994.00000000 4059.69726562   446754.68750000 354807.40625000 
0.14800    14443123.00000000 9293936.00000000 23163846.00000000 3961.68261719   436215.40625000 346383.28125000 
0.14900    14193999.00000000 9136333.00000000 22767524.00000000 3866.30786133   425955.78125000 338179.46875000 
0.15000    13952077.00000000 8983345.00000000 22382710.00000000 3773.50024414   415961.87500000 330191.59375000 
0.15100    13716966.00000000 8834791.00000000 22008672.00000000 3683.15747070   406215.50000000 322403.71875000 
0.15200    13488461.00000000 8690465.00000000 21645424.00000000 3595.19091797   396723.25000000 314813.50000000 
0.15300    13266251.00000000 8550106.00000000 21292242.00000000 3509.45678711   387459.81250000 307406.90625000 
0.15400    13050014.00000000 8413641.00000000 20948558.00000000 3425.90283203   378411.34375000 300176.46875000 
0.15500    12839714.00000000 8280902.00000000 20614202.00000000 3344.46875000   369582.71875000 293121.90625000 
0.15600    12634847.00000000 8151754.00000000 20288814.00000000 3265.04589844   360954.50000000 286228.84375000 
0.15700    12435424.00000000 8025993.50000000 19972062.00000000 3187.66601562   352528.03125000 279492.68750000 
0.15800    12240986.00000000 7903475.00000000 19663268.00000000 3112.11499023   344284.15625000 272905.09375000 
0.15900    12051513.00000000 7784130.50000000 19362466.00000000 3038.46679688   336221.28125000 266463.93750000 
0.16000    11866690.00000000 7667820.50000000 19069050.00000000 2966.58276367   328331.06250000 260158.81250000 
0.16100    11686421.00000000 7554377.50000000 18783056.00000000 2896.50415039   320610.71875000 253989.71875000 
0.16200    11510407.00000000 7443658.50000000 18503640.00000000 2828.12231445   313048.34375000 247947.06250000 
0.16300    11338560.00000000 7335518.50000000 18230896.00000000 2761.38549805   305640.37500000 242026.37500000 
0.16400    11170513.00000000 7229957.50000000 17964432.00000000 2696.32861328   298383.90625000 236227.14062500 
0.16500    11006246.00000000 7126794.50000000 17703892.00000000 2632.85961914   291267.81250000 230541.96875000 
0.16600    10845597.00000000 7025846.00000000 17449252.00000000 2570.97680664   284291.53125000 224968.07812500 
0.16700    10688251.00000000 6927102.50000000 17199778.00000000 2510.63452148   277449.68750000 219499.32812500 
0.16800    10534299.00000000 6830426.50000000 16955594.00000000 2451.79565430   270738.18750000 214136.45312500 
0.16900    10383402.00000000 6735762.50000000 16716571.00000000 2394.49487305   264156.25000000 208874.07812500 
0.17000    10235490.00000000 6642996.00000000 16482115.00000000 2338.65917969   257695.00000000 203710.00000000 
0.17100    10090430.00000000 6551999.00000000 16252196.00000000 2284.27197266   251355.85937500 198640.17187500 
0.17200    9948090.00000000 6462713.50000000 16026669.00000000 2231.32690430   245131.78125000 193664.56250000 
0.17300    9808354.00000000 6375096.50000000 15805256.00000000 2179.79174805   239022.17187500 188778.32812500 
0.17400    9671137.00000000 6289041.50000000 15587782.00000000 2129.70703125   233026.70312500 183983.73437500 
0.17500    9536298.00000000 6204445.50000000 15374126.00000000 2080.99389648   227141.82812500 179273.42187500 
0.17600    9403634.00000000 6121289.50000000 15163928.00000000 2033.63696289   221359.46875000 174646.87500000 
0.17700    9273278.00000000 6039512.50000000 14957342.00000000 1987.68518066   215686.18750000 170107.31250000 
0.17800    9144921.00000000 5959019.50000000 14753889.00000000 1943.03088379   210114.96875000 165646.23437500 
0.17900    9018610.00000000 5879744.00000000 14553753.00000000 1899.75964355   204648.35937500 161269.06250000 
0.18000    8894190.00000000 5801682.00000000 14356527.00000000 1857.78613281   199282.03125000 156971.64062500 
0.18100    8771680.00000000 5724790.50000000 14162343.00000000 1817.14477539   194018.59375000 152753.21875000 
0.18200    8650866.00000000 5648905.00000000 13970694.00000000 1777.74584961   188849.59375000 148610.04687500 
0.18300    8531774.00000000 5574087.00000000 13781797.00000000 1739.65136719   183778.64062500 144545.01562500 
0.18400    8414408.00000000 5500246.00000000 13595454.00000000 1702.82116699   178805.04687500 140554.95312500 
0.18500    8298520.50000000 5427425.00000000 13411692.00000000 1667.23583984   173927.06250000 136642.93750000 
0.18600    8184184.00000000 5355467.50000000 13230167.00000000 1632.86462402   169145.01562500 132803.34375000 
0.18700    8071354.00000000 5284385.50000000 13050916.00000000 1599.71887207   164455.35937500 129037.82031250 
0.18800    7959874.00000000 5214119.00000000 12873968.00000000 1567.75537109   159860.10937500 125345.90625000 
0.18900    7849898.00000000 5144749.00000000 12699074.00000000 1536.98278809   155359.65625000 121729.45312500 
0.19000    7741090.50000000 5076049.50000000 12526099.00000000 1507.32495117   150946.03125000 118181.46093750 
0.19100    7633794.00000000 5008229.00000000 12355436.00000000 1478.86938477   146630.39062500 114709.61718750 
0.19200    7527623.00000000 4941070.00000000 12186447.00000000 1451.47155762   142401.14062500 111305.92187500 
0.19300    7422812.00000000 4874754.00000000 12019548.00000000 1425.19445801   138266.79687500 107977.37500000 
0.19400    7319065.00000000 4809002.50000000 11854356.00000000 1399.96618652   134217.54687500 104715.81250000 
0.19500    7216595.50000000 4743976.00000000 11690937.00000000 1375.79418945   130259.63281250 101525.63281250 
0.19600    7115256.00000000 4679590.50000000 11529344.00000000 1352.63647461   126390.73437500 98405.93750000  
0.19700    7015012.00000000 4615884.00000000 11369415.00000000 1330.48107910   122609.42187500 95355.82812500  
0.19800    6915922.50000000 4552754.00000000 11211160.00000000 1309.27868652   118914.54687500 92374.39843750  
0.19900    6817986.50000000 4490316.00000000 11054674.00000000 1289.03906250   115309.02343750 89462.42968750  
0.20000    6720975.50000000 4428418.00000000 10899671.00000000 1269.70056152   111788.24218750 86617.09375000  
0.20100    6625112.00000000 4367149.50000000 10746331.00000000 1251.26196289   108352.64062500 83840.15625000  
0.20200    6530283.50000000 4306437.50000000 10594422.00000000 1233.66076660   105001.75781250 81129.56250000  
0.20300    6436480.00000000 4246340.00000000 10444217.00000000 1216.91870117   101736.11718750 78486.17968750  
0.20400    6343672.50000000 4186800.75000000 10295476.00000000 1200.96337891   98552.76562500  75908.14843750  
0.20500    6251907.00000000 4127796.00000000 10148317.00000000 1185.79248047   95450.85937500  73396.71875000  
0.20600    6161101.00000000 4069328.75000000 10002525.00000000 1171.33654785   92430.03125000  70946.83593750  
0.20700    6071312.50000000 4011473.00000000 9858301.00000000 1157.61608887   89491.32812500  68563.19531250  
0.20800    5982481.50000000 3954131.75000000 9715434.00000000 1144.55676270   86629.71093750  66241.28125000  
0.20900    5894723.00000000 3897383.00000000 9574268.00000000 1132.20471191   83851.65625000  63986.12890625  
0.21000    5807806.00000000 3841117.75000000 9434363.00000000 1120.41674805   81145.92968750  61787.66015625  
0.21100    5721910.50000000 3785425.75000000 9295954.00000000 1109.25036621   78518.53125000  59652.50781250  
0.21200    5636960.50000000 3730237.25000000 9158964.00000000 1098.64074707   75965.56250000  57575.97265625  
0.21300    5552917.50000000 3675582.50000000 9023403.00000000 1088.56225586   73485.60156250  55559.52734375  
0.21400    5469906.50000000 3621468.25000000 8889293.00000000 1078.98254395   71079.54687500  53601.12109375  
0.21500    5387795.50000000 3567924.75000000 8756602.00000000 1069.91796875   68747.39843750  51701.80078125  
0.21600    5306612.00000000 3514860.50000000 8625287.00000000 1061.26110840   66481.92968750  49855.96484375  
0.21700    5226379.00000000 3462326.75000000 8495384.00000000 1053.04443359   64287.10546875  48067.20703125  
0.21800    5147044.00000000 3410322.75000000 8366923.50000000 1045.22351074   62158.96875000  46332.92968750  
0.21900    5068589.00000000 3358830.00000000 8239757.50000000 1037.74707031   60094.91406250  44649.67187500  
0.22000    4991113.50000000 3307875.00000000 8114001.50000000 1030.62121582   58097.25781250  43020.48437500  
0.22100    4914556.50000000 3257470.00000000 7989788.00000000 1023.82891846   56164.83593750  41443.51562500  
0.22200    4838941.00000000 3207569.50000000 7866829.00000000 1017.32116699   54292.72265625  39915.94921875  
0.22300    4764175.50000000 3158200.50000000 7745304.50000000 1011.06896973   52480.48046875  38436.73828125  
0.22400    4690234.00000000 3109321.75000000 7625044.00000000 1005.06152344   50726.85156250  37004.90234375  
0.22500    4617354.50000000 3061017.25000000 7506320.00000000 999.31225586    49033.32812500  35621.91406250  
0.22600    4545238.50000000 3013191.25000000 7388828.50000000 993.72979736    47391.57421875  34283.12500000  
0.22700    4474105.00000000 2965923.00000000 7272859.50000000 988.36682129    45808.42187500  32990.26953125  
0.22800    4403808.00000000 2919166.50000000 7158149.00000000 983.14776611    44276.25781250  31739.42578125  
0.22900    4334370.00000000 2872903.25000000 7044788.50000000 978.07482910    42795.32812500  30530.31445312  
0.23000    4265832.50000000 2827184.75000000 6932823.50000000 973.14447021    41365.19140625  29363.35742188  
0.23100    4198170.00000000 2781999.50000000 6822229.50000000 968.33374023    39983.53515625  28236.63671875  
0.23200    4131355.25000000 2737315.00000000 6712850.00000000 963.61383057    38647.99218750  27147.52343750  
0.23300    4065410.25000000 2693142.50000000 6604893.00000000 958.98583984    37357.87890625  26096.45507812  
0.23400    4000305.50000000 2649476.25000000 6498275.00000000 954.44384766    36113.09375000  25082.62695312  
0.23500    3936011.00000000 2606329.25000000 6392889.50000000 949.94030762    34907.99609375  24102.24414062  
0.23600    3872584.00000000 2563716.50000000 6288892.50000000 945.51409912    33746.20312500  23156.86914062  
0.23700    3809986.75000000 2521609.50000000 6186211.50000000 941.13470459    32623.82226562  22245.25781250  
0.23800    3748206.25000000 2480010.00000000 6084828.00000000 936.78894043    31540.28320312  21365.37890625  
0.23900    3687231.25000000 2438912.25000000 5984663.00000000 932.46423340    30492.63085938  20515.55859375  
0.24000    3627090.50000000 2398285.00000000 5885781.00000000 928.16375732    29480.88671875  19696.05468750  
0.24100    3567750.00000000 2358236.00000000 5788287.50000000 923.91058350    28505.29882812  18906.85546875  
0.24200    3509227.50000000 2318665.50000000 5692026.00000000 919.66595459    27561.83007812  18144.94140625  
0.24300    3451463.25000000 2279580.75000000 5597031.50000000 915.40832520    26649.59960938  17409.26367188  
0.24400    3394475.00000000 2241000.50000000 5503202.50000000 911.17810059    25768.09179688  16699.68359375  
0.24500    3338246.25000000 2202897.00000000 5410639.50000000 906.94934082    24916.24414062  16014.70605469  
0.24600    3282806.25000000 2165300.25000000 5319356.50000000 902.73773193    24093.26171875  15354.15332031  
0.24700    3228135.00000000 2128203.00000000 5229273.00000000 898.52636719    23297.07031250  14716.89648438  
0.24800    3174201.00000000 2091589.00000000 5140413.00000000 894.32153320    22527.11328125  14101.83593750  
0.24900    3120989.25000000 2055449.12500000 5052694.00000000 890.12713623    21782.05664062  13507.80468750  
0.25000    3068524.25000000 2019790.87500000 4966218.50000000 885.93811035    21061.46093750  12934.60351562  
0.25100    3016772.25000000 1984601.00000000 4880834.50000000 881.75451660    20363.06250000  12380.77343750  
0.25200    2965786.75000000 1949911.75000000 4796752.50000000 877.61578369    19689.10351562  11847.66601562  
0.25300    2915468.25000000 1915684.87500000 4713773.50000000 873.47052002    19035.04296875  11331.56542969  
0.25400    2865864.00000000 1881938.62500000 4631944.50000000 869.35949707    18402.25781250  10833.67871094  
0.25500    2816928.50000000 1848618.37500000 4551210.50000000 865.26928711    17788.64257812  10352.08007812  
0.25600    2768727.75000000 1815779.87500000 4471651.50000000 861.21588135    17194.14062500  9887.26464844   
0.25700    2721154.00000000 1783397.87500000 4393163.00000000 857.18853760    16618.41992188  9437.84472656   
0.25800    2674271.00000000 1751482.12500000 4315795.50000000 853.20635986    16059.84863281  9003.96386719   
0.25900    2628042.75000000 1719999.12500000 4239545.00000000 849.26629639    15518.17675781  8584.52246094   
0.26000    2582494.00000000 1688975.25000000 4164391.00000000 845.38159180    14993.81347656  8179.64453125   
0.26100    2537551.50000000 1658365.37500000 4090221.25000000 841.54406738    14483.21875000  7786.60400391   
0.26200    2493285.00000000 1628241.25000000 4017207.75000000 837.79644775    13990.64648438  7408.68115234   
0.26300    2449600.25000000 1598506.50000000 3945161.00000000 834.06994629    13509.91308594  7041.54101562   
0.26400    2406568.50000000 1569221.87500000 3874205.50000000 830.44659424    13044.62011719  6687.60742188   
0.26500    2364161.50000000 1540366.75000000 3804258.00000000 826.89093018    12593.31835938  6345.19628906   
0.26600    2322354.50000000 1511928.12500000 3735328.00000000 823.41766357    12154.99902344  6013.90039062   
0.26700    2281149.50000000 1483917.25000000 3667410.75000000 820.03668213    11730.14062500  5693.98583984   
0.26800    2240557.50000000 1456334.25000000 3600536.50000000 816.74414062    11318.70019531  5385.33154297   
0.26900    2200530.50000000 1429135.87500000 3534572.50000000 813.53710938    10918.16601562  5085.97363281   
0.27000    2161090.25000000 1402378.50000000 3469642.25000000 810.44256592    10530.39648438  4797.24218750   
0.27100    2122232.50000000 1375991.75000000 3405642.00000000 807.44207764    10153.42285156  4518.00146484   
0.27200    2083994.62500000 1350052.50000000 3342681.75000000 804.57373047    9790.75585938   4250.01123047   
0.27300    2046255.00000000 1324473.62500000 3280605.00000000 801.80285645    9436.80468750   3989.70190430   
0.27400    2009028.37500000 1299266.25000000 3219358.50000000 799.11999512    9092.42968750   3737.07373047   
0.27500    1972454.75000000 1274501.87500000 3159207.75000000 796.58044434    8762.30566406   3496.30981445   
0.27600    1936319.25000000 1250075.75000000 3099821.25000000 794.13714600    8439.58496094   3261.61328125   
0.27700    1900806.12500000 1226063.12500000 3041470.50000000 791.83746338    8130.11523438   3037.44213867   
0.27800    1865793.25000000 1202416.62500000 2983949.50000000 789.64617920    7829.50000000   2820.53051758   
0.27900    1831312.50000000 1179141.62500000 2927363.75000000 787.58465576    7539.33447266   2612.11303711   
0.28000    1797348.50000000 1156245.00000000 2871628.25000000 785.63995361    7259.67724609   2411.64135742   
0.28100    1763890.00000000 1133708.00000000 2816722.75000000 783.81964111    6989.46191406   2219.11718750   
0.28200    1730975.75000000 1111551.37500000 2762773.00000000 782.12542725    6730.07812500   2034.98999023   
0.28300    1698555.87500000 1089740.87500000 2709634.00000000 780.55194092    6480.01220703   1858.53698730   
0.28400    1666625.12500000 1068281.00000000 2657318.00000000 779.09594727    6239.17041016   1689.05249023   
0.28500    1635213.50000000 1047200.93750000 2605882.50000000 777.77453613    6008.85449219   1527.81774902   
0.28600    1604266.75000000 1026437.37500000 2555249.00000000 776.55303955    5787.27050781   1373.21850586   
0.28700    1573838.25000000 1006041.87500000 2505434.50000000 775.45227051    5575.88378906   1226.67578125   
0.28800    1543835.12500000 985970.56250000 2456416.50000000 774.46429443    5373.81103516   1086.93615723   
0.28900    1514373.00000000 966260.87500000 2408262.50000000 773.58801270    5181.33056641   955.00793457    
0.29000    1485355.62500000 946866.68750000 2360829.25000000 772.81207275    4997.78710938   829.41918945    
0.29100    1456829.25000000 927827.00000000 2314280.75000000 772.15075684    4824.28417969   711.88702393    
0.29200    1428744.00000000 909102.31250000 2268442.25000000 771.58337402    4659.85595703   600.78814697    
0.29300    1401170.00000000 890716.43750000 2223434.75000000 771.12158203    4505.10742188   497.52755737    
0.29400    1373974.75000000 872625.12500000 2179121.75000000 770.72363281    4358.32812500   399.41781616    
0.29500    1347308.37500000 854883.12500000 2135639.25000000 770.43560791    4222.24218750   309.96051025    
0.29600    1321054.62500000 837436.18750000 2092847.50000000 770.21697998    4093.89184570   226.11523438    
0.29700    1295234.75000000 820298.75000000 2050818.87500000 770.06536865    3974.36108398   148.90756226    
0.29800    1269879.87500000 803481.75000000 2009556.75000000 769.98974609    3864.84741211   78.63472748     
0.29900    1244974.75000000 786978.25000000 1969017.62500000 769.98809814    3764.61425781   15.72187519     
0.30000    1220466.87500000 770760.06250000 1929178.00000000 770.02319336    3671.73608398   -41.91948318    
0.30100    1196428.75000000 754856.18750000 1890099.50000000 770.13110352    3589.08374023   -91.96284485    
0.30200    1172780.12500000 739227.87500000 1851666.12500000 770.26959229    3513.90966797   -136.38789368   
0.30300    1149580.75000000 723914.43750000 1813996.25000000 770.45587158    3448.23681641   -174.13150024   
0.30400    1126817.25000000 708882.56250000 1777018.62500000 770.67962646    3391.28564453   -205.18145752   
0.30500    1104426.25000000 694124.12500000 1740688.50000000 770.92034912    3341.58984375   -231.05606079   
0.30600    1082461.37500000 679651.37500000 1705032.50000000 771.17761230    3300.33398438   -250.90827942   
0.30700    1060935.25000000 665479.75000000 1670118.62500000 771.46948242    3268.55541992   -263.42767334   
0.30800    1039773.43750000 651561.93750000 1635799.00000000 771.74957275    3243.71386719   -271.28384399   
0.30900    1019046.31250000 637933.31250000 1602205.87500000 772.05163574    3227.47680664   -272.36093140   
0.31000    998714.25000000 624568.68750000 1569236.00000000 772.33850098    3218.79589844   -268.27365112   
0.31100    978753.75000000 611463.31250000 1536902.12500000 772.62084961    3218.01171875   -258.23068237   
0.31200    959208.43750000 598630.18750000 1505227.00000000 772.88256836    3224.86621094   -242.76081848   
0.31300    940031.00000000 586056.68750000 1474177.12500000 773.13647461    3239.23950195   -221.75157166   
0.31400    921264.25000000 573749.87500000 1443783.12500000 773.35858154    3261.25732422   -195.00543213   
0.31500    902858.25000000 561685.93750000 1413986.00000000 773.54119873    3289.65185547   -163.59136963   
0.31600    884840.87500000 549879.93750000 1384801.12500000 773.70318604    3325.98095703   -126.35044861   
0.31700    867195.43750000 538324.50000000 1356250.87500000 773.82617188    3369.22485352   -84.14937592    
0.31800    849908.87500000 527005.31250000 1328258.87500000 773.88104248    3417.79321289   -37.88570023    
0.31900    833015.50000000 515952.75000000 1300918.75000000 773.91857910    3475.14160156   14.91235447     
0.32000    816467.43750000 505124.31250000 1274142.62500000 773.88116455    3537.71508789   71.48364258     
0.32100    800271.62500000 494524.40625000 1247936.87500000 773.78839111    3606.42407227   132.75729370    
0.32200    784463.12500000 484181.31250000 1222343.00000000 773.64239502    3682.06860352   199.07975769    
0.32300    768961.56250000 474040.43750000 1197258.75000000 773.42919922    3762.59936523   269.11032104    
0.32400    753825.50000000 464137.12500000 1172756.12500000 773.14489746    3849.07641602   343.52139282    
0.32500    739023.81250000 454460.87500000 1148809.87500000 772.78894043    3940.80639648   421.98599243    
0.32600    724572.25000000 445006.12500000 1125403.12500000 772.36346436    4038.13183594   504.40261841    
0.32700    710454.31250000 435772.03125000 1102547.87500000 771.86614990    4140.67285156   591.27600098    
0.32800    696689.43750000 426765.65625000 1080260.75000000 771.30078125    4249.03027344   682.41290283    
0.32900    683221.12500000 417952.43750000 1058445.00000000 770.64422607    4361.12353516   776.11517334    
0.33000    670100.50000000 409363.78125000 1037196.75000000 769.91467285    4478.61279297   874.03295898    
0.33100    657265.68750000 400952.03125000 1016392.18750000 769.09069824    4598.86718750   974.37689209    
0.33200    644798.56250000 392786.81250000 996194.62500000 768.21093750    4725.95556641   1079.88574219   
0.33300    632611.62500000 384798.81250000 976425.50000000 767.23321533    4855.50439453   1187.27893066   
0.33400    620749.43750000 377021.90625000 957192.68750000 766.18261719    4989.54443359   1298.24340820   
0.33500    609174.81250000 369429.40625000 938416.81250000 765.04278564    5126.67382812   1411.64953613   
0.33600    597904.87500000 362026.84375000 920126.18750000 763.82312012    5267.26611328   1527.96008301   
0.33700    586926.62500000 354815.75000000 902295.12500000 762.52325439    5411.39355469   1647.23486328   
0.33800    576256.68750000 347798.84375000 884957.31250000 761.14855957    5559.08105469   1769.17089844   
0.33900    565843.37500000 340949.90625000 868045.87500000 759.68231201    5708.71142578   1892.91516113   
0.34000    555728.18750000 334290.09375000 851584.81250000 758.14764404    5861.55078125   2019.05981445   
0.34100    545891.37500000 327803.78125000 835586.93750000 756.53430176    6016.83154297   2147.31713867   
0.34200    536357.81250000 321515.09375000 820067.37500000 754.85864258    6175.47265625   2278.88061523   
0.34300    527057.06250000 315374.56250000 804924.81250000 753.09442139    6335.16308594   2411.05371094   
0.34400    518061.62500000 309422.50000000 790252.93750000 751.28143311    6498.20800781   2546.17260742   
0.34500    509299.71875000 303628.56250000 775967.37500000 749.38391113    6662.31591797   2682.36645508   
0.34600    500837.81250000 298015.68750000 762161.81250000 747.43579102    6829.34912109   2821.19921875   
0.34700    492577.03125000 292537.84375000 748662.56250000 745.41070557    6996.44726562   2960.14062500   
0.34800    484591.65625000 287228.43750000 735614.75000000 743.33715820    7165.33837891   3101.19384766   
0.34900    476859.37500000 282080.46875000 722962.31250000 741.20153809    7336.35986328   3243.72338867   
0.35000    469351.03125000 277080.84375000 710681.31250000 739.01031494    7507.56689453   3386.98657227   
0.35100    462118.84375000 272253.59375000 698832.06250000 736.77624512    7681.13574219   3532.39965820   
0.35200    455073.71875000 267543.78125000 687270.68750000 734.48760986    7854.16210938   3677.43408203   
0.35300    448269.65625000 262986.09375000 676109.56250000 732.15460205    8028.04003906   3823.93676758   
0.35400    441705.37500000 258586.93750000 665323.87500000 729.78253174    8203.04492188   3971.40454102   
0.35500    435361.21875000 254320.32812500 654891.75000000 727.37463379    8378.15527344   4119.39843750   
0.35600    429215.53125000 250180.32812500 644777.37500000 724.92071533    8553.54882812   4268.02490234   
0.35700    423291.46875000 246184.35937500 635011.31250000 722.44348145    8729.31445312   4417.04052734   
0.35800    417585.40625000 242330.21875000 625595.50000000 719.93707275    8905.25292969   4566.86767578   
0.35900    412081.34375000 238597.68750000 616511.12500000 717.40826416    9081.13085938   4716.94726562   
0.36000    406794.25000000 235009.10937500 607770.18750000 714.86187744    9257.60546875   4867.81054688   
0.36100    401675.59375000 231525.35937500 599290.31250000 712.28765869    9432.79882812   5017.97460938   
0.36200    396799.56250000 228198.92187500 591213.81250000 709.71606445    9609.42675781   5169.83056641   
0.36300    392066.84375000 224958.68750000 583349.25000000 707.11303711    9783.68261719   5319.98828125   
0.36400    387518.84375000 221841.07812500 575790.25000000 704.50372314    9957.73339844   5470.42529297   
0.36500    383149.87500000 218837.95312500 568517.87500000 701.88299561    10130.86523438  5620.76074219   
0.36600    378990.40625000 215969.37500000 561588.87500000 699.28430176    10305.01757812  5771.86523438   
0.36700    374969.78125000 213186.21875000 554872.43750000 696.65771484    10476.45898438  5921.52343750   
0.36800    371169.00000000 210548.57812500 548515.25000000 694.05603027    10649.04980469  6072.43505859   
0.36900    367516.81250000 208005.70312500 542405.37500000 691.45123291    10820.36230469  6222.56396484   
0.37000    363989.00000000 205541.84375000 536479.12500000 688.84777832    10988.75683594  6370.81542969   
0.37100    360628.50000000 203188.65625000 530840.37500000 686.24749756    11156.86230469  6518.92675781   
0.37200    357459.15625000 200958.92187500 525501.62500000 683.67999268    11324.88476562  6667.60546875   
0.37300    354412.84375000 198805.82812500 520357.50000000 681.11151123    11490.83300781  6814.75976562   
0.37400    351533.75000000 196763.59375000 515497.09375000 678.56976318    11656.40917969  6962.02734375   
0.37500    348802.84375000 194813.64062500 510859.87500000 676.05004883    11820.75488281  7108.52197266   
0.37600    346214.28125000 192959.00000000 506461.71875000 673.54986572    11983.20019531  7253.87207031   
0.37700    343740.90625000 191179.42187500 502244.34375000 671.05584717    12143.81542969  7398.19775391   
0.37800    341418.06250000 189497.70312500 498280.50000000 668.59191895    12303.80761719  7542.03417969   
0.37900    339245.75000000 187915.92187500 494559.09375000 666.16333008    12462.84863281  7685.42480469   
0.38000    337174.75000000 186403.70312500 491002.34375000 663.75177002    12619.49023438  7827.17285156   
0.38100    335224.21875000 184963.51562500 487649.25000000 661.36053467    12774.35253906  7967.59375000   
0.38200    333415.46875000 183618.89062500 484513.84375000 659.01086426    12928.19531250  8107.70654297   
0.38300    331702.81250000 182335.76562500 481535.84375000 656.67803955    13079.67187500  8246.06445312   
0.38400    330135.71875000 181152.12500000 478799.56250000 654.37829590    13230.66210938  8383.92187500   
0.38500    328648.53125000 180018.48437500 476196.25000000 652.10284424    13379.02929688  8519.75781250   
0.38600    327308.75000000 178984.32812500 473830.46875000 649.87213135    13526.61132812  8655.61621094   
0.38700    326032.12500000 177992.17187500 471571.56250000 647.65301514    13670.98242188  8788.75781250   
0.38800    324872.15625000 177077.48437500 469501.40625000 645.47253418    13814.45214844  8921.17480469   
0.38900    323806.34375000 176219.71875000 467585.71875000 643.31555176    13955.56445312  9051.86425781   
0.39000    322872.62500000 175455.59375000 465886.06250000 641.20001221    14095.99414062  9182.04687500   
0.39100    322003.93750000 174730.62500000 464291.71875000 639.10797119    14233.88671875  9310.18847656   
0.39200    321240.53125000 174078.64062500 462871.46875000 637.04608154    14370.24121094  9437.15136719   
0.39300    320547.37500000 173473.92187500 461568.25000000 635.00964355    14504.05957031  9562.26269531   
0.39400    319979.65625000 172952.18750000 460470.78125000 633.00585938    14637.41894531  9686.82519531   
0.39500    319456.50000000 172457.32812500 459442.12500000 631.02178955    14767.11816406  9808.46191406   
0.39600    319021.65625000 172025.51562500 458561.84375000 629.06536865    14895.35546875  9928.96386719   
0.39700    318662.18750000 171640.68750000 457800.00000000 627.13598633    15021.60546875  10047.63085938  
0.39800    318394.06250000 171321.09375000 457191.59375000 625.23101807    15146.40234375  10165.23242188  
0.39900    318185.06250000 171037.60937500 456688.84375000 623.34722900    15268.68554688  10280.67773438  
0.40000    318047.50000000 170802.42187500 456291.06250000 621.48352051    15389.25683594  10394.49707031  
0.40100    317966.93750000 170608.31250000 455998.75000000 619.63598633    15506.97265625  10506.08886719  
0.40200    317980.31250000 170471.21875000 455849.12500000 617.81732178    15623.62597656  10616.55078125  
0.40300    318022.03125000 170358.50000000 455752.75000000 616.00244141    15737.01757812  10724.18652344  
0.40400    318143.00000000 170299.18750000 455785.96875000 614.21160889    15849.11132812  10830.86132812  
0.40500    318315.65625000 170271.64062500 455906.96875000 612.43481445    15958.75195312  10935.04199219  
0.40600    318563.43750000 170296.26562500 456147.50000000 610.67816162    16067.07812500  11038.24902344  
0.40700    318846.93750000 170343.85937500 456442.12500000 608.92315674    16172.29296875  11138.63671875  
0.40800    319178.87500000 170422.17187500 456822.18750000 607.17401123    16275.19042969  11237.00683594  
0.40900    319549.06250000 170532.04687500 457269.25000000 605.43304443    16375.92675781  11333.26171875  
0.41000    319998.84375000 170688.37500000 457833.46875000 603.70935059    16475.21289062  11428.21093750  
0.41100    320466.34375000 170861.78125000 458442.46875000 601.98040771    16571.47070312  11520.30566406  
0.41200    320968.53125000 171056.68750000 459098.28125000 600.24737549    16664.79492188  11610.08789062  
0.41300    321529.75000000 171291.37500000 459855.87500000 598.52764893    16756.89648438  11698.34375000  
0.41400    322110.00000000 171537.95312500 460642.65625000 596.79821777    16846.00390625  11783.97753906  
0.41500    322750.40625000 171824.03125000 461521.50000000 595.07208252    16933.05664062  11867.81347656  
0.41600    323383.31250000 172105.00000000 462382.37500000 593.32751465    17016.46093750  11948.36621094  
0.41700    324076.59375000 172427.90625000 463356.46875000 591.58758545    17098.82226562  12027.71093750  
0.41800    324819.71875000 172784.53125000 464407.21875000 589.85180664    17179.23437500  12105.12011719  
0.41900    325523.71875000 173113.10937500 465390.68750000 588.07885742    17254.52929688  12178.32812500  
0.42000    326292.90625000 173488.51562500 466486.90625000 586.30895996    17328.99609375  12250.38769531  
0.42100    327094.28125000 173884.06250000 467629.12500000 584.52740479    17401.05273438  12320.39160156  
0.42200    327906.62500000 174287.35937500 468787.93750000 582.73223877    17470.33007812  12387.73046875  
0.42300    328719.96875000 174689.01562500 469955.71875000 580.91259766    17536.08984375  12451.92773438  
0.42400    329559.68750000 175110.17187500 471154.50000000 579.08190918    17599.70703125  12514.01855469  
0.42500    330414.09375000 175540.60937500 472386.00000000 577.23327637    17660.56640625  12573.66796875  
0.42600    331261.93750000 175965.26562500 473599.90625000 575.34869385    17717.99023438  12630.25878906  
0.42700    332149.50000000 176421.65625000 474887.31250000 573.46514893    17773.53906250  12685.30566406  
0.42800    333025.31250000 176862.89062500 476137.68750000 571.54064941    17825.43164062  12736.85742188  
0.42900    333932.46875000 177331.21875000 477455.71875000 569.60626221    17875.41210938  12786.56933594  
0.43000    334825.06250000 177787.75000000 478747.00000000 567.64318848    17921.97070312  12833.33886719  
0.43100    335697.93750000 178229.89062500 479994.31250000 565.63848877    17964.50585938  12876.61132812  
0.43200    336605.87500000 178698.75000000 481312.28125000 563.62445068    18005.51171875  12918.38183594  
0.43300    337492.65625000 179153.65625000 482587.75000000 561.57519531    18042.36523438  12956.62304688  
0.43400    338385.28125000 179610.93750000 483863.75000000 559.49871826    18076.48437500  12992.40332031  
0.43500    339262.50000000 180058.01562500 485127.03125000 557.39105225    18107.23437500  13025.30273438  
0.43600    340165.03125000 180523.03125000 486423.03125000 555.26666260    18136.31250000  13056.31445312  
0.43700    341025.65625000 180960.35937500 487654.00000000 553.09881592    18160.55468750  13083.60156250  
0.43800    341866.31250000 181389.90625000 488855.43750000 550.90008545    18181.57031250  13107.96972656  
0.43900    342717.37500000 181821.56250000 490076.46875000 548.67132568    18199.91796875  13130.07812500  
0.44000    343551.96875000 182247.06250000 491263.68750000 546.41552734    18215.04296875  13149.32519531  
0.44100    344373.84375000 182660.68750000 492429.12500000 544.12927246    18226.54296875  13165.56054688  
0.44200    345181.12500000 183065.82812500 493568.62500000 541.81207275    18235.16406250  13179.17773438  
0.44300    345968.84375000 183463.03125000 494684.62500000 539.46234131    18240.27148438  13190.09667969  
0.44400    346744.18750000 183850.89062500 495772.53125000 537.08386230    18242.16796875  13198.20800781  
0.44500    347455.21875000 184200.21875000 496771.62500000 534.66418457    18239.30468750  13202.50292969  
0.44600    348169.31250000 184546.81250000 497760.78125000 532.21813965    18233.65820312  13204.41699219  
0.44700    348873.53125000 184894.96875000 498747.75000000 529.75390625    18225.04882812  13203.97363281  
0.44800    349529.53125000 185208.17187500 499643.62500000 527.24938965    18212.55078125  13200.08691406  
0.44900    350183.62500000 185526.76562500 500547.96875000 524.72784424    18197.35546875  13193.96679688  
0.45000    350817.90625000 185827.37500000 501410.56250000 522.17926025    18178.79492188  13185.55761719  
0.45100    351377.62500000 186088.62500000 502166.53125000 519.59112549    18155.28320312  13172.80371094  
0.45200    351941.18750000 186347.76562500 502924.75000000 516.99224854    18129.48437500  13158.22851562  
0.45300    352455.25000000 186576.06250000 503598.40625000 514.35815430    18099.66992188  13140.44042969  
0.45400    352949.21875000 186796.34375000 504241.78125000 511.70690918    18066.51171875  13120.21289062  
0.45500    353411.53125000 186999.03125000 504841.78125000 509.03421021    18030.32031250  13097.47558594  
0.45600    353826.96875000 187171.59375000 505360.21875000 506.33450317    17990.11914062  13071.33007812  
0.45700    354216.90625000 187332.34375000 505851.25000000 503.62588501    17946.72070312  13043.11523438  
0.45800    354558.34375000 187460.96875000 506261.15625000 500.89593506    17900.02343750  13011.92675781  
0.45900    354859.65625000 187570.75000000 506610.96875000 498.14916992    17849.25585938  12977.82519531  
0.46000    355157.62500000 187676.87500000 506955.09375000 495.40249634    17796.73046875  12942.41015625  
0.46100    355364.28125000 187727.51562500 507154.00000000 492.62091064    17738.83203125  12902.78222656  
0.46200    355575.37500000 187783.96875000 507361.40625000 489.84765625    17679.32226562  12861.85253906  
0.46300    355725.96875000 187803.29687500 507482.28125000 487.05633545    17615.86718750  12818.03320312  
0.46400    355829.65625000 187796.65625000 507524.31250000 484.26315308    17549.16406250  12771.57128906  
0.46500    355910.87500000 187780.65625000 507533.37500000 481.46722412    17479.72851562  12723.14355469  
0.46600    355936.81250000 187727.96875000 507461.43750000 478.66842651    17406.61914062  12672.21484375  
0.46700    355904.71875000 187645.06250000 507292.34375000 475.86196899    17330.23242188  12618.53320312  
0.46800    355874.09375000 187563.54687500 507136.18750000 473.06954956    17252.16015625  12563.67871094  
0.46900    355760.18750000 187433.21875000 506847.37500000 470.27526855    17169.93945312  12505.75292969  
0.47000    355612.46875000 187284.54687500 506504.68750000 467.49026489    17085.08789062  12445.93652344  
0.47100    355429.09375000 187116.95312500 506117.96875000 464.71408081    16997.81250000  12384.29199219  
0.47200    355200.15625000 186922.95312500 505652.53125000 461.94937134    16907.71484375  12320.64550781  
0.47300    354939.12500000 186714.79687500 505148.50000000 459.20272827    16815.35546875  12255.40039062  
0.47400    354606.53125000 186460.39062500 504524.96875000 456.46005249    16719.51171875  12187.41992188  
0.47500    354246.31250000 186195.89062500 503871.96875000 453.74868774    16621.80664062  12118.39062500  
0.47600    353868.75000000 185922.89062500 503191.12500000 451.06277466    16522.82617188  12048.28613281  
0.47700    353397.00000000 185591.84375000 502363.25000000 448.38226318    16419.52148438  11975.12304688  
0.47800    352910.15625000 185256.89062500 501516.25000000 445.73498535    16315.30957031  11901.32519531  
0.47900    352392.34375000 184907.98437500 500632.68750000 443.12231445    16209.23535156  11826.46093750  
0.48000    351805.84375000 184518.18750000 499635.00000000 440.53262329    16100.40722656  11749.33496094  
0.48100    351224.09375000 184133.90625000 498649.28125000 437.98654175    15990.94628906  11672.11816406  
0.48200    350535.40625000 183688.14062500 497501.50000000 435.45153809    15877.95703125  11592.13964844  
0.48300    349830.12500000 183234.04687500 496329.28125000 432.96896362    15764.17285156  11511.64550781  
0.48400    349098.37500000 182769.37500000 495129.87500000 430.52114868    15649.11230469  11430.61621094  
0.48500    348319.06250000 182276.64062500 493850.28125000 428.11511230    15532.54394531  11348.34472656  
0.48600    347514.53125000 181774.31250000 492540.71875000 425.75830078    15415.11328125  11265.54394531  
0.48700    346661.03125000 181246.18750000 491157.75000000 423.44183350    15296.20703125  11181.82128906  
0.48800    345750.40625000 180681.50000000 489688.03125000 421.16381836    15175.52148438  11096.91796875  
0.48900    344816.96875000 180109.95312500 488189.06250000 418.93484497    15054.16503906  11011.57910156  
0.49000    343854.15625000 179524.00000000 486648.46875000 416.76217651    14932.60742188  10926.17578125  
0.49100    342864.71875000 178925.70312500 485074.46875000 414.64419556    14810.58496094  10840.59375000  
0.49200    341822.09375000 178296.04687500 483413.09375000 412.57391357    14687.06054688  10754.09863281  
0.49300    340755.90625000 177657.23437500 481721.31250000 410.55749512    14563.70214844  10667.73339844  
0.49400    339656.37500000 177000.12500000 479984.03125000 408.59475708    14439.94238281  10581.04589844  
0.49500    338517.90625000 176324.00000000 478193.21875000 406.68850708    14315.74707031  10494.33300781  
0.49600    337365.75000000 175646.78125000 476388.81250000 404.85043335    14192.03027344  10408.13964844  
0.49700    336165.65625000 174939.70312500 474506.62500000 403.05578613    14067.73632812  10321.55273438  
0.49800    334956.43750000 174229.85937500 472616.87500000 401.32946777    13944.20605469  10235.57714844  
0.49900    333696.56250000 173492.18750000 470649.43750000 399.65283203    13820.09277344  10149.38183594  
0.50000    332428.87500000 172756.65625000 468683.18750000 398.05172729    13697.12890625  10064.04101562  
