# SAXS profile: number of points = 501, q_min = 0, q_max = 0.5, delta_q = 0.001
#    q    intensity 
0.00000    162237616.00000000 101201872.00000000 256271680.00000000 109711.07031250 8437866.00000000 6664212.50000000 
0.00100    162206784.00000000 101181752.00000000 256220816.00000000 109684.41406250 8435971.00000000 6662724.00000000 
0.00200    162110832.00000000 101121960.00000000 256069136.00000000 109601.56250000 8430275.00000000 6658185.50000000 
0.00300    161951440.00000000 101022448.00000000 255816048.00000000 109463.53906250 8420738.00000000 6650724.50000000 
0.00400    161726048.00000000 100883464.00000000 255462160.00000000 109271.53906250 8407420.00000000 6640249.00000000 
0.00500    161436800.00000000 100704728.00000000 255006992.00000000 109024.21093750 8390322.00000000 6626784.00000000 
0.00600    161083360.00000000 100486664.00000000 254452368.00000000 108723.39843750 8369493.00000000 6610409.00000000 
0.00700    160667344.00000000 100229088.00000000 253798112.00000000 108368.95312500 8344898.00000000 6591085.50000000 
0.00800    160188224.00000000 99933576.00000000 253046800.00000000 107961.23437500 8316693.50000000 6568851.00000000 
0.00900    159646128.00000000 99599672.00000000 252197712.00000000 107500.85937500 8284799.50000000 6543710.00000000 
0.01000    159045456.00000000 99228296.00000000 251252448.00000000 106988.92968750 8249304.50000000 6515803.00000000 
0.01100    158383696.00000000 98819392.00000000 250210784.00000000 106426.53906250 8210243.00000000 6485081.00000000 
0.01200    157663184.00000000 98373176.00000000 249076640.00000000 105813.70312500 8167722.00000000 6451584.00000000 
0.01300    156883952.00000000 97891496.00000000 247850624.00000000 105151.04687500 8121795.00000000 6415396.50000000 
0.01400    156045792.00000000 97373712.00000000 246532080.00000000 104440.82812500 8072420.50000000 6376553.00000000 
0.01500    155151216.00000000 96820512.00000000 245126848.00000000 103683.71875000 8019768.50000000 6335139.50000000 
0.01600    154199728.00000000 96233168.00000000 243632032.00000000 102880.10937500 7963904.50000000 6291114.50000000 
0.01700    153196400.00000000 95611792.00000000 242051424.00000000 102032.19531250 7904862.00000000 6244655.00000000 
0.01800    152137520.00000000 94957840.00000000 240389216.00000000 101140.33593750 7842755.00000000 6195733.50000000 
0.01900    151029904.00000000 94271880.00000000 238645056.00000000 100206.25781250 7777673.50000000 6144525.00000000 
0.02000    149869600.00000000 93555072.00000000 236819536.00000000 99232.17968750  7709655.50000000 6090984.50000000 
0.02100    148660352.00000000 92807784.00000000 234919440.00000000 98218.14843750  7638863.00000000 6035244.00000000 
0.02200    147403632.00000000 92031048.00000000 232942512.00000000 97165.85937500  7565315.50000000 5977326.50000000 
0.02300    146102208.00000000 91224800.00000000 230893984.00000000 96077.42187500  7489191.50000000 5917396.00000000 
0.02400    144754656.00000000 90391912.00000000 228776928.00000000 94954.82812500  7410491.00000000 5855464.00000000 
0.02500    143364688.00000000 89532560.00000000 226590432.00000000 93798.55468750  7329444.00000000 5791622.00000000 
0.02600    141934928.00000000 88647584.00000000 224338704.00000000 92610.25781250  7246069.00000000 5725958.50000000 
0.02700    140464864.00000000 87738456.00000000 222026432.00000000 91392.30468750  7160494.00000000 5658587.00000000 
0.02800    138956544.00000000 86804848.00000000 219653680.00000000 90146.50781250  7072855.50000000 5589564.00000000 
0.02900    137413440.00000000 85849632.00000000 217225104.00000000 88873.71093750  6983183.00000000 5518961.50000000 
0.03000    135835488.00000000 84873560.00000000 214742528.00000000 87576.85156250  6891678.50000000 5446927.00000000 
0.03100    134224384.00000000 83876584.00000000 212208560.00000000 86256.85156250  6798465.00000000 5373476.50000000 
0.03200    132583928.00000000 82861224.00000000 209627376.00000000 84915.14843750  6703576.50000000 5298735.00000000 
0.03300    130914480.00000000 81827432.00000000 207000320.00000000 83554.36718750  6607194.00000000 5222809.50000000 
0.03400    129218504.00000000 80777480.00000000 204330528.00000000 82175.79687500  6509403.00000000 5145784.50000000 
0.03500    127497344.00000000 79711848.00000000 201623344.00000000 80781.64843750  6410344.50000000 5067774.00000000 
0.03600    125753872.00000000 78632184.00000000 198877600.00000000 79373.24218750  6310121.00000000 4988789.50000000 
0.03700    123989064.00000000 77538880.00000000 196099584.00000000 77952.33593750  6208837.50000000 4909022.00000000 
0.03800    122204472.00000000 76434016.00000000 193291696.00000000 76521.42187500  6106641.00000000 4828521.00000000 
0.03900    120403392.00000000 75317872.00000000 190456640.00000000 75080.95312500  6003650.00000000 4747351.00000000 
0.04000    118586296.00000000 74192192.00000000 187595776.00000000 73634.14843750  5899956.50000000 4665652.00000000 
0.04100    116756784.00000000 73058768.00000000 184714400.00000000 72182.27343750  5795722.00000000 4583532.50000000 
0.04200    114914976.00000000 71917312.00000000 181815136.00000000 70726.46093750  5691002.50000000 4501003.50000000 
0.04300    113063504.00000000 70769912.00000000 178899904.00000000 69268.90625000  5585965.00000000 4418212.00000000 
0.04400    111204160.00000000 69617680.00000000 175972560.00000000 67811.04687500  5480678.00000000 4335253.00000000 
0.04500    109338712.00000000 68461912.00000000 173034912.00000000 66354.68750000  5375281.50000000 4252176.50000000 
0.04600    107470096.00000000 67302480.00000000 170090448.00000000 64901.27343750  5269877.00000000 4169079.25000000 
0.04700    105598128.00000000 66141352.00000000 167143120.00000000 63452.07421875  5164515.50000000 4086033.75000000 
0.04800    103726232.00000000 64979908.00000000 164193616.00000000 62009.00781250  5059386.50000000 4003169.25000000 
0.04900    101854520.00000000 63819072.00000000 161246640.00000000 60573.46875000  4954609.00000000 3920544.25000000 
0.05000    99986232.00000000 62659780.00000000 158302096.00000000 59146.89843750  4850196.00000000 3838206.25000000 
0.05100    98122792.00000000 61503256.00000000 155366432.00000000 57730.26562500  4746277.50000000 3756271.75000000 
0.05200    96264584.00000000 60350092.00000000 152437552.00000000 56325.60937500  4642944.00000000 3674785.00000000 
0.05300    94414448.00000000 59201852.00000000 149523360.00000000 54933.49609375  4540275.00000000 3593841.50000000 
0.05400    92573088.00000000 58058836.00000000 146622256.00000000 53555.76953125  4438441.50000000 3513492.25000000 
0.05500    90743384.00000000 56922428.00000000 143736912.00000000 52193.03515625  4337409.50000000 3433818.25000000 
0.05600    88925128.00000000 55793028.00000000 140871088.00000000 50846.67187500  4237340.00000000 3354873.75000000 
0.05700    87121264.00000000 54672364.00000000 138027504.00000000 49517.96093750  4138286.00000000 3276743.25000000 
0.05800    85331680.00000000 53560560.00000000 135206848.00000000 48207.23437500  4040331.25000000 3199446.25000000 
0.05900    83558704.00000000 52458832.00000000 132410280.00000000 46916.24218750  3943510.00000000 3123074.25000000 
0.06000    81802616.00000000 51367264.00000000 129642224.00000000 45645.27734375  3847938.75000000 3047644.25000000 
0.06100    80065784.00000000 50287760.00000000 126902952.00000000 44395.23828125  3753671.50000000 2973245.75000000 
0.06200    78348280.00000000 49220072.00000000 124194952.00000000 43167.12109375  3660741.00000000 2899907.25000000 
0.06300    76652664.00000000 48165212.00000000 121519816.00000000 41961.59375000  3569227.25000000 2827661.25000000 
0.06400    74977608.00000000 47123776.00000000 118878856.00000000 40779.11718750  3479165.25000000 2756594.50000000 
0.06500    73326360.00000000 46096584.00000000 116273344.00000000 39620.23828125  3390625.50000000 2686708.50000000 
0.06600    71698752.00000000 45083924.00000000 113706224.00000000 38485.64843750  3303644.50000000 2618019.50000000 
0.06700    70095768.00000000 44086652.00000000 111177016.00000000 37375.51562500  3218262.75000000 2550605.25000000 
0.06800    68518744.00000000 43104808.00000000 108688096.00000000 36290.46093750  3134522.00000000 2484459.50000000 
0.06900    66967468.00000000 42139188.00000000 106240384.00000000 35231.28125000  3052449.25000000 2419652.75000000 
0.07000    65443188.00000000 41189992.00000000 103835200.00000000 34197.10546875  2972059.75000000 2356153.25000000 
0.07100    63946860.00000000 40258104.00000000 101473288.00000000 33189.09765625  2893388.75000000 2294003.00000000 
0.07200    62478496.00000000 39343760.00000000 99155200.00000000 32207.49218750  2816457.25000000 2233242.25000000 
0.07300    61038924.00000000 38446512.00000000 96882560.00000000 31251.65625000  2741320.25000000 2173873.00000000 
0.07400    59628496.00000000 37567524.00000000 94655344.00000000 30322.15039062  2667948.00000000 2115890.50000000 
0.07500    58247200.00000000 36706900.00000000 92474808.00000000 29419.10937500  2596364.00000000 2059318.12500000 
0.07600    56895928.00000000 35864744.00000000 90341192.00000000 28541.81835938  2526596.50000000 2004161.62500000 
0.07700    55574776.00000000 35040816.00000000 88254968.00000000 27690.86718750  2458591.50000000 1950433.37500000 
0.07800    54283920.00000000 34235808.00000000 86215280.00000000 26866.06640625  2392421.75000000 1898104.87500000 
0.07900    53023284.00000000 33449886.00000000 84224792.00000000 26066.86328125  2328038.00000000 1847203.37500000 
0.08000    51793744.00000000 32682720.00000000 82282328.00000000 25293.18554688  2265445.50000000 1797720.00000000 
0.08100    50594744.00000000 31934574.00000000 80387520.00000000 24544.75781250  2204638.00000000 1749636.62500000 
0.08200    49426260.00000000 31205576.00000000 78541704.00000000 23821.25195312  2145629.75000000 1702948.75000000 
0.08300    48288612.00000000 30495562.00000000 76744224.00000000 23122.45703125  2088362.62500000 1657659.62500000 
0.08400    47181484.00000000 29804562.00000000 74995152.00000000 22447.83593750  2032833.00000000 1613734.50000000 
0.08500    46105212.00000000 29132406.00000000 73293608.00000000 21797.00000000  1979018.87500000 1571168.62500000 
0.08600    45058736.00000000 28479078.00000000 71639976.00000000 21169.48242188  1926923.75000000 1529950.00000000 
0.08700    44042308.00000000 27844598.00000000 70033680.00000000 20565.08203125  1876514.12500000 1490055.37500000 
0.08800    43055920.00000000 27228424.00000000 68474464.00000000 19982.84179688  1827749.87500000 1451460.12500000 
0.08900    42098560.00000000 26630698.00000000 66961748.00000000 19422.42382812  1780610.00000000 1414151.62500000 
0.09000    41170980.00000000 26051162.00000000 65495304.00000000 18883.45117188  1735059.00000000 1378089.37500000 
0.09100    40271932.00000000 25489564.00000000 64073548.00000000 18365.17968750  1691069.87500000 1343252.12500000 
0.09200    39401304.00000000 24945654.00000000 62697580.00000000 17866.93554688  1648598.12500000 1309636.75000000 
0.09300    38558440.00000000 24419174.00000000 61365280.00000000 17388.30468750  1607630.87500000 1277200.25000000 
0.09400    37743236.00000000 23909852.00000000 60076048.00000000 16928.43359375  1568110.00000000 1245895.37500000 
0.09500    36954648.00000000 23417378.00000000 58829776.00000000 16487.12109375  1530002.75000000 1215718.50000000 
0.09600    36193080.00000000 22941370.00000000 57625124.00000000 16063.22753906  1493270.87500000 1186622.87500000 
0.09700    35457056.00000000 22481436.00000000 56461416.00000000 15656.56054688  1457883.00000000 1158593.25000000 
0.09800    34745996.00000000 22037474.00000000 55337804.00000000 15266.15332031  1423789.37500000 1131586.00000000 
0.09900    34060172.00000000 21609010.00000000 54253788.00000000 14891.54882812  1390957.25000000 1105565.37500000 
0.10000    33398232.00000000 21195366.00000000 53206928.00000000 14532.03222656  1359323.87500000 1080502.12500000 
0.10100    32759744.00000000 20796574.00000000 52197832.00000000 14186.78027344  1328862.75000000 1056369.37500000 
0.10200    32144090.00000000 20412174.00000000 51224496.00000000 13855.54296875  1299532.62500000 1033129.37500000 
0.10300    31550316.00000000 20041542.00000000 50286208.00000000 13537.20117188  1271276.75000000 1010737.43750000 
0.10400    30978124.00000000 19684336.00000000 49382064.00000000 13231.43554688  1244075.25000000 989168.25000000 
0.10500    30426694.00000000 19340416.00000000 48511060.00000000 12937.55371094  1217860.62500000 968394.75000000 
0.10600    29895496.00000000 19008894.00000000 47671508.00000000 12654.95410156  1192599.25000000 948364.87500000 
0.10700    29383650.00000000 18689480.00000000 46863084.00000000 12383.05957031  1168248.25000000 929068.18750000 
0.10800    28890434.00000000 18382076.00000000 46083768.00000000 12121.15039062  1144773.25000000 910450.25000000 
0.10900    28415170.00000000 18085902.00000000 45333100.00000000 11868.74121094  1122109.12500000 892485.62500000 
0.11000    27957292.00000000 17800478.00000000 44609844.00000000 11625.18847656  1100239.37500000 875144.43750000 
0.11100    27515856.00000000 17525526.00000000 43913088.00000000 11390.10156250  1079112.00000000 858386.56250000 
0.11200    27090384.00000000 17260680.00000000 43241496.00000000 11162.80175781  1058692.75000000 842194.18750000 
0.11300    26680014.00000000 17005354.00000000 42593844.00000000 10942.79785156  1038924.62500000 826520.12500000 
0.11400    26284022.00000000 16759185.00000000 41969348.00000000 10729.74316406  1019795.12500000 811356.75000000 
0.11500    25901950.00000000 16521616.00000000 41366780.00000000 10522.85644531  1001252.25000000 796645.31250000 
0.11600    25532900.00000000 16292472.00000000 40784992.00000000 10321.99511719  983263.18750000 782381.68750000 
0.11700    25176302.00000000 16071181.00000000 40223012.00000000 10126.52929688  965781.25000000 768518.31250000 
0.11800    24831462.00000000 15857229.00000000 39679712.00000000 9936.16113281   948789.25000000 755039.93750000 
0.11900    24497944.00000000 15650388.00000000 39153976.00000000 9750.34179688   932243.56250000 741919.56250000 
0.12000    24174668.00000000 15450176.00000000 38645116.00000000 9568.79492188   916114.87500000 729125.87500000 
0.12100    23861348.00000000 15256285.00000000 38151928.00000000 9391.24218750   900382.43750000 716643.87500000 
0.12200    23557548.00000000 15068243.00000000 37673656.00000000 9217.20703125   885001.87500000 704444.37500000 
0.12300    23262244.00000000 14885746.00000000 37209392.00000000 9046.57714844   869947.75000000 692505.25000000 
0.12400    22975024.00000000 14708277.00000000 36757556.00000000 8878.84179688   855202.68750000 680809.18750000 
0.12500    22695590.00000000 14535659.00000000 36318228.00000000 8713.89453125   840734.31250000 669330.56250000 
0.12600    22423038.00000000 14367632.00000000 35889992.00000000 8551.41601562   826524.81250000 658058.75000000 
0.12700    22157102.00000000 14203623.00000000 35471956.00000000 8391.15625000   812545.18750000 646967.68750000 
0.12800    21897034.00000000 14043493.00000000 35063876.00000000 8233.09179688   798781.12500000 636047.18750000 
0.12900    21642724.00000000 13886799.00000000 34664300.00000000 8076.80029297   785205.62500000 625279.56250000 
0.13000    21393494.00000000 13733383.00000000 34273112.00000000 7922.29785156   771810.18750000 614641.25000000 
0.13100    21148840.00000000 13582850.00000000 33888984.00000000 7769.34033203   758566.25000000 604133.87500000 
0.13200    20908332.00000000 13435109.00000000 33511696.00000000 7617.86767578   745467.75000000 593739.06250000 
0.13300    20671786.00000000 13289731.00000000 33140750.00000000 7467.72119141   732498.87500000 583442.75000000 
0.13400    20438780.00000000 13146493.00000000 32775300.00000000 7318.85351562   719646.93750000 573235.87500000 
0.13500    20208828.00000000 13005246.00000000 32414482.00000000 7171.22558594   706898.87500000 563113.62500000 
0.13600    19981668.00000000 12865711.00000000 32058374.00000000 7024.63720703   694239.81250000 553062.31250000 
0.13700    19757008.00000000 12727770.00000000 31705922.00000000 6879.18457031   681674.56250000 543079.18750000 
0.13800    19534446.00000000 12591013.00000000 31356908.00000000 6734.79638672   669182.31250000 533150.87500000 
0.13900    19313932.00000000 12455581.00000000 31011020.00000000 6591.45703125   656763.68750000 523282.25000000 
0.14000    19095052.00000000 12321084.00000000 30667628.00000000 6449.15234375   644412.68750000 513464.03125000 
0.14100    18877584.00000000 12187432.00000000 30326646.00000000 6307.93798828   632122.12500000 503693.59375000 
0.14200    18661288.00000000 12054526.00000000 29987250.00000000 6167.76708984   619888.56250000 493962.81250000 
0.14300    18446100.00000000 11922169.00000000 29649548.00000000 6028.73046875   607712.43750000 484278.40625000 
0.14400    18231692.00000000 11790263.00000000 29312908.00000000 5890.79101562   595588.68750000 474633.09375000 
0.14500    18018070.00000000 11658768.00000000 28977652.00000000 5754.10156250   583526.50000000 465031.65625000 
0.14600    17805042.00000000 11527555.00000000 28642980.00000000 5618.65039062   571513.75000000 455468.81250000 
0.14700    17592424.00000000 11396396.00000000 28309074.00000000 5484.51660156   559563.12500000 445950.50000000 
0.14800    17380226.00000000 11265510.00000000 27975276.00000000 5351.69482422   547665.25000000 436471.46875000 
0.14900    17168230.00000000 11134582.00000000 27641932.00000000 5220.33789062   535829.12500000 427039.87500000 
0.15000    16956474.00000000 11003762.00000000 27309008.00000000 5090.51464844   524055.96875000 417655.03125000 
0.15100    16744830.00000000 10872810.00000000 26975722.00000000 4962.26708984   512352.25000000 408322.40625000 
0.15200    16533323.00000000 10741786.00000000 26642776.00000000 4835.72070312   500720.87500000 399045.21875000 
0.15300    16321905.00000000 10610738.00000000 26309572.00000000 4710.93798828   489165.37500000 389823.50000000 
0.15400    16110513.00000000 10479620.00000000 25976274.00000000 4587.94384766   477688.62500000 380665.12500000 
0.15500    15899212.00000000 10348278.00000000 25643190.00000000 4466.86572266   466301.34375000 371572.59375000 
0.15600    15687902.00000000 10216836.00000000 25309598.00000000 4347.73974609   455004.84375000 362549.59375000 
0.15700    15476838.00000000 10085351.00000000 24976442.00000000 4230.78857422   443810.31250000 353606.25000000 
0.15800    15265830.00000000 9953711.00000000 24642832.00000000 4115.86718750   432716.68750000 344738.50000000 
0.15900    15054964.00000000 9822095.00000000 24309518.00000000 4003.20288086   421739.56250000 335956.93750000 
0.16000    14844250.00000000 9690401.00000000 23976230.00000000 3892.80908203   410873.90625000 327266.78125000 
0.16100    14634052.00000000 9558718.00000000 23643280.00000000 3784.83032227   400139.46875000 318673.87500000 
0.16200    14423939.00000000 9427016.00000000 23310756.00000000 3679.21215820   389531.43750000 310182.43750000 
0.16300    14214408.00000000 9295421.00000000 22978346.00000000 3576.06103516   379058.87500000 301796.31250000 
0.16400    14005260.00000000 9163972.00000000 22646582.00000000 3475.45410156   368734.21875000 293521.18750000 
0.16500    13796714.00000000 9032647.00000000 22315652.00000000 3377.41552734   358556.56250000 285363.62500000 
0.16600    13588849.00000000 8901563.00000000 21985432.00000000 3281.99511719   348537.03125000 277329.59375000 
0.16700    13381643.00000000 8770738.00000000 21656004.00000000 3189.20825195   338676.37500000 269416.96875000 
0.16800    13175325.00000000 8640293.00000000 21327720.00000000 3099.10351562   328982.43750000 261635.12500000 
0.16900    12970014.00000000 8510255.00000000 21000756.00000000 3011.72753906   319466.31250000 253995.50000000 
0.17000    12765653.00000000 8380638.50000000 20675250.00000000 2927.05883789   310124.56250000 246490.25000000 
0.17100    12562357.00000000 8251520.50000000 20351266.00000000 2845.12963867   300967.68750000 239129.03125000 
0.17200    12360412.00000000 8122970.50000000 20028918.00000000 2765.92602539   291996.43750000 231917.00000000 
0.17300    12159775.00000000 7995176.00000000 19708588.00000000 2689.47924805   283216.15625000 224856.42187500 
0.17400    11960504.00000000 7868008.00000000 19390184.00000000 2615.78417969   274636.43750000 217950.42187500 
0.17500    11762800.00000000 7741627.50000000 19073836.00000000 2544.81298828   266251.93750000 211201.01562500 
0.17600    11566665.00000000 7616085.00000000 18760000.00000000 2476.50610352   258068.92187500 204610.15625000 
0.17700    11372306.00000000 7491442.00000000 18448716.00000000 2410.89916992   250095.46875000 198184.17187500 
0.17800    11179772.00000000 7367761.50000000 18139880.00000000 2347.92089844   242322.78125000 191920.18750000 
0.17900    10989087.00000000 7245105.50000000 17834034.00000000 2287.56372070   234763.10937500 185823.84375000 
0.18000    10800407.00000000 7123548.00000000 17531114.00000000 2229.78564453   227413.92187500 179893.50000000 
0.18100    10613801.00000000 7003117.50000000 17231372.00000000 2174.56152344   220278.35937500 174133.51562500 
0.18200    10429271.00000000 6883866.50000000 16934610.00000000 2121.74926758   213350.51562500 168538.29687500 
0.18300    10246997.00000000 6765862.50000000 16641116.00000000 2071.37646484   206636.95312500 163115.07812500 
0.18400    10067016.00000000 6649138.00000000 16351283.00000000 2023.37109375   200134.60937500 157860.68750000 
0.18500    9889423.00000000 6533829.50000000 16065028.00000000 1977.64489746   193845.39062500 152774.79687500 
0.18600    9714248.00000000 6419801.00000000 15782472.00000000 1934.13903809   187764.54687500 147856.75000000 
0.18700    9541496.00000000 6307314.00000000 15503482.00000000 1892.77355957   181894.50000000 143106.65625000 
0.18800    9371389.00000000 6196212.00000000 15228564.00000000 1853.47338867   176229.03125000 138521.17187500 
0.18900    9203815.00000000 6086705.00000000 14957671.00000000 1816.22814941   170772.87500000 134102.67187500 
0.19000    9038828.00000000 5978601.50000000 14690500.00000000 1780.81835938   165511.60937500 129842.92187500 
0.19100    8876595.00000000 5872234.50000000 14427697.00000000 1747.32739258   160456.81250000 125746.97656250 
0.19200    8716921.00000000 5767331.50000000 14168981.00000000 1715.54187012   155594.92187500 121804.91406250 
0.19300    8560100.00000000 5664135.50000000 13914543.00000000 1685.46032715   150926.84375000 118022.45312500 
0.19400    8405977.00000000 5562542.50000000 13664257.00000000 1656.93176270   146445.62500000 114389.03125000 
0.19500    8254594.50000000 5462679.50000000 13418295.00000000 1629.93835449   142150.50000000 110905.32812500 
0.19600    8105974.00000000 5364460.50000000 13176697.00000000 1604.34436035   138033.75000000 107566.11718750 
0.19700    7960210.00000000 5267905.00000000 12939383.00000000 1580.07983398   134093.17187500 104369.25781250 
0.19800    7817129.50000000 5173043.00000000 12706405.00000000 1557.05346680   130323.30468750 101310.62500000 
0.19900    7676964.50000000 5079947.00000000 12477950.00000000 1535.22192383   126720.01562500 98387.65625000  
0.20000    7539453.00000000 4988476.00000000 12253642.00000000 1514.44116211   123274.24218750 95592.36718750  
0.20100    7404788.50000000 4898760.50000000 12033791.00000000 1494.68127441   119984.30468750 92924.61718750  
0.20200    7272808.50000000 4810720.50000000 11818227.00000000 1475.82934570   116844.58593750 90376.67968750  
0.20300    7143588.50000000 4724420.50000000 11606961.00000000 1457.82873535   113848.77343750 87947.59375000  
0.20400    7017059.00000000 4639803.00000000 11400027.00000000 1440.59948730   110989.59375000 85630.71875000  
0.20500    6893175.50000000 4556815.00000000 11197302.00000000 1424.05798340   108263.53906250 83421.32812500  
0.20600    6771942.00000000 4475497.50000000 10998809.00000000 1408.14501953   105661.60937500 81313.71875000  
0.20700    6653332.00000000 4395851.00000000 10804387.00000000 1392.79821777   103181.29687500 79307.32812500  
0.20800    6537242.50000000 4317830.50000000 10614035.00000000 1377.93237305   100813.53125000 77392.75000000  
0.20900    6423792.00000000 4241425.50000000 10427857.00000000 1363.55371094   98559.29687500  75570.66406250  
0.21000    6312689.50000000 4166585.25000000 10245473.00000000 1349.49267578   96403.03125000  73828.80468750  
0.21100    6204069.00000000 4093316.00000000 10067149.00000000 1335.79321289   94345.46875000  72169.03125000  
0.21200    6097818.50000000 4021574.00000000 9892475.00000000 1322.36413574   92377.04687500  70584.05468750  
0.21300    5993864.00000000 3951344.00000000 9721595.00000000 1309.16320801   90494.59375000  69068.45312500  
0.21400    5892223.50000000 3882591.00000000 9554482.00000000 1296.15173340   88692.54687500  67620.36718750  
0.21500    5792817.00000000 3815297.50000000 9390972.00000000 1283.31201172   86966.10937500  66235.05468750  
0.21600    5695545.50000000 3749411.00000000 9230801.00000000 1270.55957031   85305.90625000  64904.56250000  
0.21700    5600325.00000000 3684906.75000000 9074132.00000000 1257.90112305   83709.87500000  63628.38281250  
0.21800    5507206.00000000 3621780.25000000 8920741.00000000 1245.30505371   82172.70312500  62401.08203125  
0.21900    5416000.00000000 3559913.25000000 8770571.00000000 1232.72399902   80687.38281250  61217.48828125  
0.22000    5326747.00000000 3499337.25000000 8623546.00000000 1220.17138672   79252.31250000  60075.27343750  
0.22100    5239379.50000000 3440023.00000000 8479618.00000000 1207.63110352   77862.85156250  58972.00781250  
0.22200    5153762.00000000 3381919.75000000 8338622.50000000 1195.06152344   76512.28906250  57901.97265625  
0.22300    5069919.00000000 3325003.50000000 8200424.00000000 1182.46789551   75196.90625000  56861.17968750  
0.22400    4987668.50000000 3269186.25000000 8064999.00000000 1169.82531738   73913.11718750  55847.33593750  
0.22500    4907129.00000000 3214525.75000000 7932288.50000000 1157.19238281   72659.76562500  54859.37890625  
0.22600    4828078.50000000 3160860.50000000 7802127.00000000 1144.49377441   71429.10937500  53890.33203125  
0.22700    4750572.50000000 3108274.00000000 7674480.50000000 1131.79272461   70221.10937500  52940.96484375  
0.22800    4674478.00000000 3056670.50000000 7549183.50000000 1119.04431152   69029.32812500  52006.23828125  
0.22900    4599712.00000000 3006010.00000000 7426139.00000000 1106.27526855   67853.34375000  51084.73046875  
0.23000    4526315.50000000 2956295.50000000 7305381.00000000 1093.52294922   66690.94531250  50174.76171875  
0.23100    4454206.00000000 2907473.00000000 7186698.50000000 1080.77099609   65538.29687500  49273.09375000  
0.23200    4383225.00000000 2859484.50000000 7070065.00000000 1068.03417969   64392.67968750  48378.75390625  
0.23300    4313439.00000000 2812341.50000000 6955416.00000000 1055.33117676   63253.85156250  47489.56640625  
0.23400    4244786.50000000 2765973.25000000 6842623.50000000 1042.68957520   62119.64062500  46604.28125000  
0.23500    4177161.75000000 2720338.75000000 6731549.50000000 1030.10705566   60986.31250000  45719.91406250  
0.23600    4110558.75000000 2675500.00000000 6622294.50000000 1017.63781738   59856.28125000  44837.75000000  
0.23700    4044938.50000000 2631317.50000000 6514658.00000000 1005.28778076   58724.87500000  43955.24609375  
0.23800    3980219.75000000 2587827.25000000 6408581.50000000 993.06506348    57593.58203125  43072.49218750  
0.23900    3916400.50000000 2544955.50000000 6304032.00000000 980.99237061    56458.91406250  42186.66796875  
0.24000    3853407.00000000 2502732.25000000 6200907.00000000 969.11822510    55323.21093750  41299.25000000  
0.24100    3791264.75000000 2461119.50000000 6099269.50000000 957.46472168    54185.63671875  40410.73437500  
0.24200    3729887.00000000 2420080.75000000 5998916.00000000 946.04302979    53045.64062500  39518.26562500  
0.24300    3669237.75000000 2379589.50000000 5899835.50000000 934.85174561    51901.28125000  38622.41796875  
0.24400    3609279.00000000 2339608.75000000 5801988.00000000 923.94226074    50754.10546875  37723.08984375  
0.24500    3550030.50000000 2300154.25000000 5705297.50000000 913.32769775    49603.72265625  36820.98828125  
0.24600    3491447.75000000 2261181.75000000 5609735.50000000 903.03533936    48451.62890625  35915.73046875  
0.24700    3433496.00000000 2222710.25000000 5515413.00000000 893.08868408    47297.50000000  35008.24218750  
0.24800    3376158.25000000 2184668.25000000 5422029.00000000 883.49584961    46142.07812500  34098.02343750  
0.24900    3319389.50000000 2147077.50000000 5329665.50000000 874.28259277    44985.53906250  33185.82812500  
0.25000    3263209.00000000 2109926.50000000 5238301.50000000 865.45501709    43828.97265625  32272.36328125  
0.25100    3207555.25000000 2073173.25000000 5147882.50000000 857.03393555    42673.13281250  31358.08984375  
0.25200    3152516.50000000 2036867.00000000 5058551.50000000 849.05780029    41520.53515625  30444.82031250  
0.25300    3097955.50000000 2000933.37500000 4969987.50000000 841.50848389    40369.42187500  29531.55859375  
0.25400    3043959.50000000 1965392.75000000 4882360.50000000 834.40570068    39222.98828125  28619.95117188  
0.25500    2990417.00000000 1930222.12500000 4795617.00000000 827.76336670    38080.83593750  27710.75585938  
0.25600    2937438.50000000 1895433.00000000 4709757.50000000 821.58007812    36945.33984375  26805.04882812  
0.25700    2884927.75000000 1861010.00000000 4624730.50000000 815.85858154    35816.40234375  25903.29687500  
0.25800    2832915.50000000 1826941.00000000 4540579.00000000 810.62634277    34696.09375000  25006.89062500  
0.25900    2781407.75000000 1793232.50000000 4457238.00000000 805.86645508    33585.76562500  24116.55664062  
0.26000    2730380.00000000 1759878.37500000 4374732.00000000 801.59069824    32486.53125000  23233.77343750  
0.26100    2679817.75000000 1726856.37500000 4293008.50000000 797.77862549    31397.30664062  22357.83789062  
0.26200    2629795.75000000 1694206.00000000 4212187.00000000 794.45874023    30324.31445312  21492.31835938  
0.26300    2580220.25000000 1661883.00000000 4132093.75000000 791.58544922    29262.90429688  20635.44140625  
0.26400    2531157.50000000 1629897.37500000 4052863.00000000 789.17877197    28218.01562500  19790.02539062  
0.26500    2482595.00000000 1598293.25000000 3974507.25000000 787.23199463    27189.62109375  18956.95117188  
0.26600    2434532.75000000 1566998.12500000 3896925.75000000 785.72003174    26178.82421875  18135.68750000  
0.26700    2386983.50000000 1536061.00000000 3820226.00000000 784.64385986    25187.22070312  17328.98242188  
0.26800    2339940.00000000 1505490.62500000 3744337.00000000 783.99548340    24215.06054688  16536.69335938  
0.26900    2293402.25000000 1475241.87500000 3669310.25000000 783.73797607    23262.77539062  15758.89257812  
0.27000    2247419.75000000 1445370.50000000 3595154.50000000 783.86993408    22332.67968750  14997.83398438  
0.27100    2201949.50000000 1415828.37500000 3521838.00000000 784.36761475    21424.16406250  14253.18554688  
0.27200    2157058.25000000 1386677.87500000 3449472.50000000 785.24255371    20540.98632812  13527.46679688  
0.27300    2112681.50000000 1357866.00000000 3377931.00000000 786.42736816    19678.93554688  12818.26660156  
0.27400    2068813.62500000 1329387.62500000 3307203.00000000 787.90844727    18840.19140625  12126.60449219  
0.27500    2025567.00000000 1301326.87500000 3237523.50000000 789.71209717    18029.05078125  11456.48632812  
0.27600    1982835.87500000 1273589.12500000 3168630.75000000 791.75305176    17240.64062500  10803.95410156  
0.27700    1940743.12500000 1246268.12500000 3100749.25000000 794.06921387    16480.16992188  10173.33984375  
0.27800    1899191.37500000 1219291.37500000 3033776.25000000 796.59014893    15744.81738281  9562.37207031   
0.27900    1858239.75000000 1192708.25000000 2967756.25000000 799.32470703    15036.16308594  8972.32324219   
0.28000    1817874.50000000 1166504.75000000 2902663.00000000 802.21716309    14353.69921875  8403.14453125   
0.28100    1778112.75000000 1140686.62500000 2838569.00000000 805.27349854    13698.08203125  7855.07617188   
0.28200    1738988.50000000 1115262.12500000 2775452.75000000 808.46069336    13069.89648438  7329.19824219   
0.28300    1700465.00000000 1090238.62500000 2713301.50000000 811.74249268    12468.04199219  6824.60253906   
0.28400    1662540.37500000 1065593.87500000 2652108.25000000 815.10412598    11892.75195312  6341.27392578   
0.28500    1625262.12500000 1041364.87500000 2591982.25000000 818.53076172    11344.82031250  5880.27929688   
0.28600    1588595.37500000 1017516.50000000 2532795.75000000 821.97662354    10822.28027344  5439.92480469   
0.28700    1552581.75000000 994082.81250000 2474670.75000000 825.43768311    10326.56445312  5021.15087891   
0.28800    1517165.62500000 971041.68750000 2417501.50000000 828.88891602    9856.50097656   4623.48730469   
0.28900    1482432.75000000 948434.87500000 2361416.25000000 832.31420898    9412.54199219   4247.77539062   
0.29000    1448320.00000000 926201.87500000 2306284.75000000 835.67724609    8993.17382812   3891.99145508   
0.29100    1414864.75000000 904407.56250000 2252246.50000000 838.97552490    8599.47460938   3557.75927734   
0.29200    1382049.37500000 883003.18750000 2199210.00000000 842.17248535    8229.26562500   3243.36572266   
0.29300    1349887.50000000 862023.87500000 2147226.50000000 845.27661133    7883.69091797   2949.60791016   
0.29400    1318329.12500000 841434.06250000 2096205.12500000 848.22576904    7559.59960938   2673.78515625   
0.29500    1287460.62500000 821276.00000000 2046290.12500000 851.06567383    7260.14062500   2418.95825195   
0.29600    1257213.75000000 801511.68750000 1997363.75000000 853.72808838    6981.49755859   2181.90820312   
0.29700    1227596.37500000 782156.18750000 1949422.75000000 856.21728516    6723.72753906   1962.77526855   
0.29800    1198643.87500000 763217.81250000 1902558.62500000 858.53594971    6487.63964844   1762.15295410   
0.29900    1170325.37500000 744686.50000000 1856712.37500000 860.66247559    6271.72119141   1578.95996094   
0.30000    1142612.50000000 726542.75000000 1811834.37500000 862.57830811    6074.07812500   1411.79321289   
0.30100    1115564.62500000 708820.37500000 1768020.87500000 864.28540039    5896.02685547   1261.81384277   
0.30200    1089104.62500000 691478.93750000 1725152.00000000 865.77563477    5735.27441406   1126.63989258   
0.30300    1063291.50000000 674548.31250000 1683302.37500000 867.05090332    5592.20312500   1007.31768799   
0.30400    1038089.25000000 658018.25000000 1642457.12500000 868.09259033    5465.94140625   902.69427490    
0.30500    1013460.87500000 641857.56250000 1602552.00000000 868.89996338    5354.17822266   811.38494873    
0.30600    989450.31250000 626085.87500000 1563596.87500000 869.47302246    5257.53710938   733.58404541    
0.30700    966058.31250000 610723.31250000 1525660.25000000 869.82916260    5176.52441406   669.82312012    
0.30800    943219.43750000 595714.06250000 1488613.12500000 869.93188477    5107.86816406   617.07635498    
0.30900    920982.37500000 581094.12500000 1452526.50000000 869.82464600    5053.17089844   577.04248047    
0.31000    899318.25000000 566844.37500000 1417391.50000000 869.47937012    5010.31982422   548.35180664    
0.31100    878192.37500000 552944.37500000 1383104.50000000 868.91894531    4979.09326172   529.91076660    
0.31200    857637.37500000 539422.25000000 1349748.25000000 868.12896729    4958.73193359   521.79919434    
0.31300    837631.06250000 526249.68750000 1317267.87500000 867.13018799    4949.19189453   523.48809814    
0.31400    818177.93750000 513442.46875000 1285701.87500000 865.94445801    4949.74560547   534.78259277    
0.31500    799237.62500000 500968.78125000 1254935.75000000 864.54125977    4958.87744141   554.07470703    
0.31600    780817.75000000 488838.75000000 1225040.37500000 862.95458984    4977.18017578   581.94439697    
0.31700    762918.56250000 477044.06250000 1195979.75000000 861.19561768    5003.79541016   617.97930908    
0.31800    745505.50000000 465578.90625000 1167716.50000000 859.25463867    5037.14453125   660.39855957    
0.31900    728611.93750000 454443.75000000 1140295.62500000 857.17803955    5079.40820312   711.05670166    
0.32000    712191.62500000 443625.43750000 1113635.25000000 854.93719482    5127.52783203   767.40954590    
0.32100    696234.75000000 433112.21875000 1087727.00000000 852.56964111    5182.21386719   830.07519531    
0.32200    680765.18750000 422921.00000000 1062622.25000000 850.07293701    5243.57373047   899.05981445    
0.32300    665712.81250000 413002.75000000 1038198.18750000 847.46716309    5309.52294922   972.46868896    
0.32400    651126.00000000 403393.12500000 1014518.75000000 844.74615479    5381.15039062   1051.30395508   
0.32500    636970.43750000 394068.78125000 991545.50000000 841.94927979    5457.68994141   1134.70642090   
0.32600    623242.87500000 385031.62500000 969273.56250000 839.08007812    5539.03466797   1222.85546875   
0.32700    609933.25000000 376268.34375000 947701.75000000 836.14337158    5625.25000000   1315.27026367   
0.32800    597052.68750000 367791.50000000 926800.87500000 833.16644287    5716.15527344   1412.10034180   
0.32900    584542.50000000 359562.00000000 906517.50000000 830.13757324    5810.24755859   1512.04797363   
0.33000    572443.81250000 351599.78125000 886907.56250000 827.08953857    5908.90722656   1615.77062988   
0.33100    560687.56250000 343869.15625000 867850.75000000 824.01562500    6009.83886719   1721.99865723   
0.33200    549359.56250000 336420.62500000 849489.25000000 820.95709229    6116.51513672   1832.74645996   
0.33300    538368.56250000 329196.62500000 831677.37500000 817.89007568    6225.39306641   1945.60827637   
0.33400    527739.00000000 322217.03125000 814471.18750000 814.85137939    6338.11572266   2061.71752930   
0.33500    517447.59375000 315460.00000000 797804.81250000 811.83453369    6453.44140625   2179.96923828   
0.33600    507492.75000000 308924.46875000 781684.68750000 808.84490967    6571.98437500   2300.52636719   
0.33700    497867.00000000 302610.28125000 766112.43750000 805.90954590    6693.68408203   2423.81127930   
0.33800    488585.06250000 296518.09375000 751086.93750000 803.02947998    6818.76611328   2549.54858398   
0.33900    479591.87500000 290617.43750000 736540.50000000 800.20288086    6945.99609375   2676.78613281   
0.34000    470911.65625000 284931.90625000 722498.50000000 797.43725586    7076.23828125   2806.26733398   
0.34100    462542.78125000 279437.56250000 708950.62500000 794.75634766    7209.48242188   2937.69531250   
0.34200    454485.81250000 274161.84375000 695921.62500000 792.16229248    7346.33447266   3071.85961914   
0.34300    446678.06250000 269046.43750000 683301.25000000 789.62603760    7484.88378906   3206.71582031   
0.34400    439195.28125000 264140.96875000 671198.31250000 787.20147705    7627.26513672   3344.32299805   
0.34500    431958.00000000 259397.76562500 659487.68750000 784.85314941    7771.50341797   3483.03564453   
0.34600    425016.87500000 254850.81250000 648267.68750000 782.61035156    7919.81835938   3624.10961914   
0.34700    418296.59375000 250442.64062500 637400.25000000 780.45220947    8068.95117188   3765.62084961   
0.34800    411854.96875000 246222.71875000 626973.75000000 778.37591553    8221.32226562   3908.84814453   
0.34900    405663.65625000 242164.43750000 616951.93750000 776.40887451    8376.89160156   4054.02539062   
0.35000    399711.28125000 238253.07812500 607322.31250000 774.53833008    8534.21386719   4200.03759766   
0.35100    394016.81250000 234518.17187500 598097.25000000 772.75775146    8695.11230469   4348.14404297   
0.35200    388513.81250000 230903.50000000 589188.37500000 771.05969238    8857.08496094   4496.42626953   
0.35300    383252.87500000 227439.26562500 580660.62500000 769.44818115    9021.63085938   4645.85156250   
0.35400    378233.31250000 224131.50000000 572511.06250000 767.93292236    9189.08593750   4796.87890625   
0.35500    373417.28125000 220957.35937500 564691.37500000 766.49603271    9358.34765625   4948.73779297   
0.35600    368796.59375000 217904.37500000 557185.18750000 765.13214111    9529.37207031   5101.18017578   
0.35700    364398.25000000 214989.85937500 550021.25000000 763.84082031    9702.51562500   5254.76269531   
0.35800    360203.21875000 212204.68750000 543186.50000000 762.61816406    9877.82324219   5409.05126953   
0.35900    356201.28125000 209544.34375000 536656.75000000 761.46026611    10054.88574219  5563.93310547   
0.36000    352406.90625000 207011.42187500 530452.25000000 760.36651611    10233.99902344  5719.90820312   
0.36100    348773.53125000 204577.03125000 524503.06250000 759.30261230    10413.78417969  5875.40917969   
0.36200    345363.78125000 202289.85937500 518911.50000000 758.30078125    10596.54492188  6032.83593750   
0.36300    342086.28125000 200078.98437500 513520.68750000 757.32531738    10778.53808594  6188.82910156   
0.36400    338988.53125000 197975.23437500 508405.03125000 756.37060547    10961.91406250  6345.07763672   
0.36500    336061.03125000 195977.25000000 503551.87500000 755.44342041    11145.82226562  6501.45556641   
0.36600    333319.62500000 194095.29687500 499000.46875000 754.54925537    11331.90527344  6658.60400391   
0.36700    330703.21875000 192292.98437500 494642.53125000 753.64007568    11516.58789062  6814.08984375   
0.36800    328293.53125000 190613.98437500 490601.31250000 752.75805664    11703.68457031  6970.98535156   
0.36900    326016.43750000 189015.09375000 486765.84375000 751.85992432    11890.21777344  7126.81396484   
0.37000    323848.71875000 187480.84375000 483104.56250000 750.92352295    12074.82031250  7280.76806641   
0.37100    321837.28125000 186041.84375000 479676.09375000 749.99053955    12259.84765625  7434.39697266   
0.37200    319995.46875000 184703.76562500 476511.03125000 749.03515625    12445.12988281  7588.00292969   
0.37300    318254.28125000 183428.40625000 473506.12500000 748.03192139    12628.89257812  7739.56201172   
0.37400    316661.93750000 182242.32812500 470729.40625000 747.00720215    12812.38769531  7890.88574219   
0.37500    315193.90625000 181128.57812500 468137.56250000 745.93200684    12994.82031250  8040.85205078   
0.37600    313857.34375000 180095.01562500 465756.37500000 744.80908203    13175.30175781  8188.89453125   
0.37700    312611.71875000 179112.79687500 463508.93750000 743.62274170    13353.49902344  8335.00781250   
0.37800    311495.25000000 178206.92187500 461462.09375000 742.38604736    13530.49902344  8479.99804688   
0.37900    310510.15625000 177378.93750000 459611.78125000 741.08654785    13705.89453125  8623.55761719   
0.38000    309599.50000000 176598.54687500 457885.96875000 739.71691895    13878.19824219  8764.31738281   
0.38100    308781.46875000 175867.78125000 456284.93750000 738.27227783    14047.56835938  8902.96093750   
0.38200    308084.56250000 175212.73437500 454881.09375000 736.75628662    14215.16210938  9039.81933594   
0.38300    307454.93750000 174594.43750000 453575.31250000 735.15649414    14378.57226562  9173.68945312   
0.38400    306947.34375000 174049.06250000 452462.53125000 733.48266602    14540.09277344  9305.90234375   
0.38500    306489.34375000 173530.48437500 451413.25000000 731.72497559    14697.13476562  9434.68554688   
0.38600    306146.75000000 173083.40625000 450558.81250000 729.89270020    14852.03808594  9561.68359375   
0.38700    305850.75000000 172660.31250000 449759.68750000 727.96813965    15001.95800781  9684.94238281   
0.38800    305634.06250000 172285.81250000 449087.65625000 725.96014404    15148.29101562  9805.60351562   
0.38900    305478.75000000 171947.42187500 448511.06250000 723.87158203    15290.44921875  9923.11132812   
0.39000    305419.43750000 171666.79687500 448090.93750000 721.70886230    15429.46582031  10038.36523438  
0.39100    305401.84375000 171407.54687500 447714.81250000 719.46417236    15563.61718750  10150.09570312  
0.39200    305451.75000000 171192.60937500 447451.81250000 717.13720703    15693.63964844  10258.79589844  
0.39300    305543.09375000 170998.67187500 447254.68750000 714.73095703    15818.75488281  10363.97265625  
0.39400    305716.93750000 170858.75000000 447190.03125000 712.25732422    15940.34667969  10466.71289062  
0.39500    305905.09375000 170722.09375000 447138.68750000 709.70056152    16056.16406250  10565.01562500  
0.39600    306141.37500000 170619.62500000 447168.81250000 707.07354736    16167.29101562  10660.32031250  
0.39700    306420.15625000 170538.23437500 447261.03125000 704.39001465    16273.97070312  10752.26171875  
0.39800    306751.40625000 170493.89062500 447439.31250000 701.64099121    16376.15039062  10841.08886719  
0.39900    307107.06250000 170460.51562500 447653.21875000 698.83154297    16473.39257812  10926.38281250  
0.40000    307487.59375000 170446.65625000 447914.59375000 695.96575928    16565.55468750  11008.28808594  
0.40100    307899.90625000 170450.12500000 448216.09375000 693.05297852    16652.48046875  11086.50585938  
0.40200    308351.81250000 170480.09375000 448591.43750000 690.10107422    16735.44335938  11161.83398438  
0.40300    308804.65625000 170512.17187500 448968.62500000 687.09594727    16812.64257812  11233.30468750  
0.40400    309293.62500000 170567.06250000 449397.96875000 684.06097412    16885.83984375  11301.90039062  
0.40500    309797.53125000 170631.93750000 449853.00000000 680.99822998    16953.76953125  11366.86035156  
0.40600    310329.18750000 170716.79687500 450365.18750000 677.91113281    17017.97460938  11429.48144531  
0.40700    310862.03125000 170803.62500000 450874.68750000 674.79992676    17076.75781250  11488.23242188  
0.40800    311398.50000000 170897.62500000 451401.81250000 671.66790771    17130.96289062  11543.92187500  
0.40900    311944.75000000 170997.43750000 451938.93750000 668.52136230    17180.62304688  11596.29199219  
0.41000    312521.15625000 171117.95312500 452527.62500000 665.38244629    17226.70312500  11646.48925781  
0.41100    313085.40625000 171233.57812500 453101.84375000 662.23046875    17267.84570312  11693.08300781  
0.41200    313642.34375000 171347.12500000 453669.46875000 659.07366943    17304.50976562  11736.47265625  
0.41300    314219.90625000 171477.90625000 454275.21875000 655.93713379    17337.77539062  11777.96777344  
0.41400    314775.46875000 171598.29687500 454856.03125000 652.80273438    17366.63867188  11816.16308594  
0.41500    315348.90625000 171733.15625000 455474.06250000 649.68603516    17392.48046875  11852.27539062  
0.41600    315886.78125000 171849.18750000 456027.71875000 646.56756592    17413.17773438  11884.80957031  
0.41700    316449.62500000 171984.56250000 456633.68750000 643.50250244    17431.39062500  11915.94335938  
0.41800    317023.78125000 172129.01562500 457257.65625000 640.44769287    17446.98242188  11945.04785156  
0.41900    317530.90625000 172234.35937500 457785.56250000 637.40124512    17457.00000000  11970.09082031  
0.42000    318069.12500000 172364.81250000 458367.90625000 634.39855957    17465.26562500  11994.30566406  
0.42100    318603.18750000 172498.29687500 458954.12500000 631.43371582    17470.86132812  12016.43750000  
0.42200    319121.34375000 172622.81250000 459510.71875000 628.49658203    17473.11914062  12036.46679688  
0.42300    319607.59375000 172733.82812500 460028.96875000 625.58337402    17472.20703125  12054.05957031  
0.42400    320092.84375000 172845.40625000 460549.75000000 622.70867920    17468.72460938  12069.85644531  
0.42500    320566.84375000 172956.17187500 461060.62500000 619.87207031    17462.93554688  12084.12988281  
0.42600    321006.15625000 173051.10937500 461524.65625000 617.06243896    17454.37304688  12096.27539062  
0.42700    321462.75000000 173158.14062500 462020.71875000 614.29895020    17444.45117188  12107.42578125  
0.42800    321877.37500000 173245.96875000 462457.31250000 611.56127930    17431.39843750  12116.40429688  
0.42900    322306.65625000 173344.93750000 462921.59375000 608.86688232    17417.30859375  12124.62109375  
0.43000    322703.68750000 173427.29687500 463342.96875000 606.20184326    17400.85937500  12130.92968750  
0.43100    323058.34375000 173487.56250000 463699.12500000 603.55377197    17381.52343750  12135.00878906  
0.43200    323431.43750000 173562.43750000 464088.25000000 600.95281982    17361.82812500  12138.95312500  
0.43300    323760.87500000 173618.45312500 464425.37500000 598.36456299    17339.56445312  12140.94726562  
0.43400    324088.81250000 173673.76562500 464754.68750000 595.80273438    17315.95703125  12141.70410156  
0.43500    324379.87500000 173715.25000000 465039.68750000 593.26239014    17290.69140625  12141.10546875  
0.43600    324690.78125000 173766.21875000 465358.75000000 590.75921631    17265.04101562  12140.23046875  
0.43700    324950.00000000 173792.43750000 465598.00000000 588.25537109    17236.87304688  12137.33691406  
0.43800    325180.21875000 173804.10937500 465801.84375000 585.75885010    17207.01171875  12133.01953125  
0.43900    325410.59375000 173820.26562500 466006.50000000 583.27905273    17176.54296875  12128.09082031  
0.44000    325622.43750000 173827.45312500 466191.25000000 580.80041504    17144.82812500  12121.84179688  
0.44100    325813.18750000 173825.06250000 466345.00000000 578.32727051    17111.79296875  12114.55078125  
0.44200    325988.00000000 173815.76562500 466477.40625000 575.84844971    17077.56250000  12106.19238281  
0.44300    326143.65625000 173801.71875000 466580.28125000 573.36187744    17042.27539062  12096.71972656  
0.44400    326284.75000000 173776.95312500 466672.40625000 570.87542725    17005.71289062  12086.24804688  
0.44500    326369.06250000 173722.32812500 466675.25000000 568.35235596    16966.96875000  12073.53808594  
0.44600    326450.84375000 173669.45312500 466681.75000000 565.81903076    16927.30273438  12060.10937500  
0.44700    326536.00000000 173620.89062500 466690.00000000 563.27624512    16887.35742188  12045.98730469  
0.44800    326568.00000000 173544.85937500 466629.90625000 560.68688965    16845.15429688  12030.15625000  
0.44900    326611.09375000 173476.42187500 466584.46875000 558.08166504    16802.49023438  12013.51757812  
0.45000    326638.68750000 173401.23437500 466512.31250000 555.44860840    16758.85351562  11996.00195312  
0.45100    326605.81250000 173291.89062500 466353.84375000 552.75372314    16712.38281250  11975.92968750  
0.45200    326585.59375000 173191.26562500 466212.71875000 550.03442383    16665.58984375  11955.24804688  
0.45300    326525.46875000 173069.64062500 466016.21875000 547.27062988    16616.85742188  11932.78906250  
0.45400    326457.34375000 172946.14062500 465812.15625000 544.45220947    16566.97656250  11909.14648438  
0.45500    326370.59375000 172815.06250000 465577.18750000 541.59729004    16515.79101562  11884.23730469  
0.45600    326254.15625000 172664.70312500 465296.62500000 538.67675781    16462.41015625  11857.37304688  
0.45700    326129.21875000 172511.65625000 465008.25000000 535.71038818    16407.91406250  11829.41601562  
0.45800    325967.03125000 172338.46875000 464661.21875000 532.68218994    16351.51367188  11799.56152344  
0.45900    325786.65625000 172156.59375000 464291.84375000 529.59814453    16293.25292969  11767.90136719  
0.46000    325613.21875000 171980.57812500 463930.53125000 526.47247314    16234.55175781  11735.64160156  
0.46100    325373.06250000 171765.34375000 463469.87500000 523.26342773    16172.07324219  11700.31933594  
0.46200    325155.21875000 171564.43750000 463039.81250000 520.01263428    16109.08398438  11664.36621094  
0.46300    324894.06250000 171343.18750000 462548.96875000 516.69464111    16043.82714844  11626.11230469  
0.46400    324606.21875000 171103.75000000 462017.68750000 513.32067871    15976.33886719  11586.04980469  
0.46500    324319.90625000 170866.90625000 461486.71875000 509.89324951    15907.55175781  11544.82519531  
0.46600    323997.31250000 170607.15625000 460897.09375000 506.40542603    15836.31835938  11501.33007812  
0.46700    323639.65625000 170331.15625000 460259.71875000 502.85852051    15762.60644531  11455.48730469  
0.46800    323304.53125000 170068.34375000 459654.46875000 499.26965332    15688.10546875  11409.16601562  
0.46900    322906.87500000 169771.42187500 458956.96875000 495.62344360    15610.38183594  11359.86914062  
0.47000    322496.09375000 169466.01562500 458236.90625000 491.92700195    15530.84277344  11309.05566406  
0.47100    322074.53125000 169156.45312500 457503.50000000 488.19607544    15449.70410156  11256.70898438  
0.47200    321632.40625000 168833.35937500 456731.62500000 484.41943359    15366.31835938  11202.33984375  
0.47300    321177.53125000 168506.79687500 455950.53125000 480.60955811    15281.14257812  11146.69726562  
0.47400    320676.84375000 168149.89062500 455087.15625000 476.75857544    15192.99023438  11088.36328125  
0.47500    320170.28125000 167793.98437500 454223.46875000 472.88992310    15103.49804688  11028.92968750  
0.47600    319669.06250000 167441.64062500 453365.62500000 468.99899292    15012.79980469  10968.37988281  
0.47700    319096.46875000 167047.92187500 452396.21875000 465.07919312    14918.30175781  10904.79589844  
0.47800    318529.84375000 166658.84375000 451437.68750000 461.15310669    14823.14648438  10840.41601562  
0.47900    317961.12500000 166270.00000000 450474.59375000 457.22396851    14726.38867188  10774.85742188  
0.48000    317341.90625000 165851.96875000 449438.09375000 453.28726196    14626.97460938  10707.06445312  
0.48100    316749.65625000 165450.93750000 448446.87500000 449.37203979    14527.15234375  10638.85058594  
0.48200    316075.81250000 165003.07812500 447321.96875000 445.44021606    14423.80664062  10567.76074219  
0.48300    315405.43750000 164556.53125000 446205.00000000 441.53948975    14319.48925781  10496.00097656  
0.48400    314733.46875000 164109.64062500 445086.65625000 437.66256714    14214.30957031  10423.45605469  
0.48500    314035.40625000 163649.53125000 443928.96875000 433.81814575    14107.25976562  10349.57324219  
0.48600    313331.18750000 163189.46875000 442757.09375000 430.01693726    13999.52636719  10274.98632812  
0.48700    312598.90625000 162713.12500000 441556.90625000 426.25186157    13890.18359375  10199.19042969  
0.48800    311835.62500000 162216.82812500 440293.78125000 422.53125000    13779.17187500  10121.91699219  
0.48900    311067.06250000 161718.71875000 439033.90625000 418.87631226    13667.54003906  10044.38964844  
0.49000    310287.84375000 161219.21875000 437753.09375000 415.28189087    13555.54101562  9966.41503906   
0.49100    309506.71875000 160719.84375000 436474.09375000 411.76446533    13443.02343750  9888.15136719   
0.49200    308687.75000000 160196.70312500 435131.50000000 408.31542969    13329.25390625  9808.89257812   
0.49300    307866.50000000 159673.85937500 433788.78125000 404.94979858    13215.43066406  9729.62304688   
0.49400    307030.90625000 159144.35937500 432423.15625000 401.67874146    13101.22070312  9650.09082031   
0.49500    306175.34375000 158605.23437500 431032.21875000 398.49273682    12986.57714844  9570.35253906   
0.49600    305324.93750000 158073.64062500 429657.34375000 395.42010498    12872.68359375  9491.12500000   
0.49700    304442.25000000 157521.40625000 428226.62500000 392.43896484    12758.11132812  9411.54785156   
0.49800    303565.84375000 156974.76562500 426806.34375000 389.57482910    12644.44238281  9332.71777344   
0.49900    302661.12500000 156412.59375000 425343.28125000 386.81506348    12530.38281250  9253.70312500   
0.50000    301766.00000000 155858.64062500 423901.50000000 384.19375610    12417.69628906  9175.64062500   
