# SAXS profile: number of points = 501, q_min = 0, q_max = 0.5, delta_q = 0.001
#    q    intensity 
0.00000    162238336.00000000 101202400.00000000 256271248.00000000 108258.68750000 8381804.00000000 6619947.50000000 
0.00100    162205856.00000000 101181008.00000000 256218464.00000000 108230.81250000 8379866.00000000 6618406.00000000 
0.00200    162106320.00000000 101118752.00000000 256060112.00000000 108147.93750000 8374012.50000000 6613797.50000000 
0.00300    161939056.00000000 101014504.00000000 255796288.00000000 108009.82812500 8364289.50000000 6606168.00000000 
0.00400    161704288.00000000 100869776.00000000 255427296.00000000 107816.39843750 8350717.50000000 6595464.50000000 
0.00500    161402624.00000000 100683240.00000000 254951408.00000000 107568.03125000 8333215.50000000 6581747.50000000 
0.00600    161033360.00000000 100455144.00000000 254373328.00000000 107267.03906250 8311969.00000000 6565003.00000000 
0.00700    160598368.00000000 100186888.00000000 253690000.00000000 106910.60156250 8286876.00000000 6545300.50000000 
0.00800    160098048.00000000 99878720.00000000 252906256.00000000 106501.25781250 8258033.50000000 6522585.00000000 
0.00900    159531728.00000000 99529992.00000000 252020480.00000000 106039.77343750 8225478.00000000 6496980.50000000 
0.01000    158904224.00000000 99142776.00000000 251034112.00000000 105525.76562500 8189245.50000000 6468505.00000000 
0.01100    158216272.00000000 98716216.00000000 249948880.00000000 104960.90625000 8149359.50000000 6437135.50000000 
0.01200    157464944.00000000 98252568.00000000 248766288.00000000 104345.79687500 8105966.00000000 6403016.00000000 
0.01300    156651376.00000000 97749704.00000000 247487504.00000000 103681.36718750 8059036.50000000 6366106.00000000 
0.01400    155777664.00000000 97210112.00000000 246114480.00000000 102968.29687500 8008671.00000000 6326484.00000000 
0.01500    154844160.00000000 96634152.00000000 244648896.00000000 102208.34375000 7954921.00000000 6284230.50000000 
0.01600    153855040.00000000 96021936.00000000 243092672.00000000 101402.01562500 7897928.00000000 6239401.00000000 
0.01700    152808784.00000000 95375744.00000000 241448720.00000000 100550.74218750 7837685.50000000 6192026.00000000 
0.01800    151708224.00000000 94695544.00000000 239717744.00000000 99656.32031250  7774315.00000000 6142187.50000000 
0.01900    150553664.00000000 93982432.00000000 237901936.00000000 98719.41406250  7707955.50000000 6089985.50000000 
0.02000    149347360.00000000 93236872.00000000 236006176.00000000 97741.69531250  7638591.50000000 6035451.00000000 
0.02100    148090528.00000000 92459904.00000000 234029392.00000000 96724.16406250  7566421.50000000 5978664.50000000 
0.02200    146784880.00000000 91652904.00000000 231975648.00000000 95669.16406250  7491440.00000000 5919683.50000000 
0.02300    145430720.00000000 90816672.00000000 229849232.00000000 94577.18750000  7413850.00000000 5858635.50000000 
0.02400    144032144.00000000 89952528.00000000 227648928.00000000 93450.71875000  7333717.50000000 5795600.00000000 
0.02500    142589984.00000000 89061216.00000000 225381232.00000000 92291.01562500  7251114.00000000 5730645.50000000 
0.02600    141106032.00000000 88143704.00000000 223048016.00000000 91100.07031250  7166187.50000000 5663825.50000000 
0.02700    139581872.00000000 87201488.00000000 220650896.00000000 89878.51562500  7079096.50000000 5595310.00000000 
0.02800    138018704.00000000 86235592.00000000 218194016.00000000 88629.10156250  6989864.00000000 5525063.50000000 
0.02900    136420608.00000000 85247536.00000000 215680032.00000000 87353.31250000  6898622.50000000 5453315.50000000 
0.03000    134787344.00000000 84237368.00000000 213111424.00000000 86052.92968750  6805539.50000000 5380055.50000000 
0.03100    133121280.00000000 83207968.00000000 210491696.00000000 84729.89843750  6710685.00000000 5305446.00000000 
0.03200    131425160.00000000 82159200.00000000 207823712.00000000 83385.14843750  6614217.00000000 5229558.50000000 
0.03300    129700280.00000000 81093248.00000000 205112864.00000000 82020.94531250  6516253.00000000 5152433.00000000 
0.03400    127949664.00000000 80010096.00000000 202358928.00000000 80639.95312500  6416925.50000000 5074258.50000000 
0.03500    126174208.00000000 78912048.00000000 199565696.00000000 79242.75000000  6316286.50000000 4995047.50000000 
0.03600    124376968.00000000 77800616.00000000 196738736.00000000 77831.21875000  6214524.00000000 4914966.00000000 
0.03700    122559144.00000000 76676336.00000000 193879456.00000000 76408.42968750  6111735.50000000 4834069.00000000 
0.03800    120722784.00000000 75540024.00000000 190990912.00000000 74974.67968750  6008042.50000000 4752451.00000000 
0.03900    118870768.00000000 74394320.00000000 188077664.00000000 73532.53906250  5903597.00000000 4670234.00000000 
0.04000    117004208.00000000 73239800.00000000 185141504.00000000 72083.54687500  5798464.50000000 4587477.50000000 
0.04100    115125984.00000000 72077648.00000000 182187120.00000000 70629.42968750  5692841.00000000 4504313.00000000 
0.04200    113236680.00000000 70909536.00000000 179215648.00000000 69172.34375000  5586762.50000000 4420800.00000000 
0.04300    111340344.00000000 69735648.00000000 176230800.00000000 67713.25000000  5480427.00000000 4337034.50000000 
0.04400    109437728.00000000 68558248.00000000 173237392.00000000 66254.49218750  5373866.50000000 4253173.00000000 
0.04500    107530352.00000000 67377536.00000000 170235984.00000000 64797.02343750  5267237.00000000 4169190.25000000 
0.04600    105620704.00000000 66195880.00000000 167231120.00000000 63342.70703125  5160667.50000000 4085261.00000000 
0.04700    103711208.00000000 65013368.00000000 164225984.00000000 61893.28906250  5054238.50000000 4001452.00000000 
0.04800    101802872.00000000 63832088.00000000 161222416.00000000 60450.14062500  4948061.50000000 3917822.00000000 
0.04900    99898160.00000000 62652488.00000000 158225936.00000000 59014.67968750  4842274.00000000 3834479.00000000 
0.05000    97998184.00000000 61476060.00000000 155235504.00000000 57588.68750000  4736933.00000000 3751493.50000000 
0.05100    96105608.00000000 60303756.00000000 152255504.00000000 56172.81640625  4632142.50000000 3668952.25000000 
0.05200    94220576.00000000 59136088.00000000 149289440.00000000 54769.17578125  4528056.00000000 3586913.50000000 
0.05300    92346416.00000000 57975416.00000000 146338304.00000000 53378.44531250  4424696.50000000 3505473.50000000 
0.05400    90484168.00000000 56821604.00000000 143406944.00000000 52002.37500000  4322194.00000000 3424693.25000000 
0.05500    88635360.00000000 55675628.00000000 140494480.00000000 50641.85937500  4220616.00000000 3344629.25000000 
0.05600    86800992.00000000 54539004.00000000 137606544.00000000 49297.91015625  4120050.25000000 3265367.50000000 
0.05700    84983144.00000000 53412320.00000000 134744352.00000000 47971.77343750  4020602.75000000 3186957.00000000 
0.05800    83183208.00000000 52296544.00000000 131910872.00000000 46664.38281250  3922308.25000000 3109458.50000000 
0.05900    81401848.00000000 51191952.00000000 129105720.00000000 45376.98046875  3825255.75000000 3032941.25000000 
0.06000    79641336.00000000 50100076.00000000 126332536.00000000 44109.87109375  3729512.25000000 2957431.75000000 
0.06100    77902120.00000000 49021364.00000000 123592776.00000000 42864.41796875  3635154.50000000 2883022.50000000 
0.06200    76185816.00000000 47956908.00000000 120888744.00000000 41640.82421875  3542229.50000000 2809710.50000000 
0.06300    74493312.00000000 46906840.00000000 118222208.00000000 40440.55078125  3450810.50000000 2737594.50000000 
0.06400    72825264.00000000 45871648.00000000 115593840.00000000 39263.55859375  3360932.50000000 2666672.00000000 
0.06500    71182888.00000000 44852688.00000000 113007288.00000000 38110.87890625  3272641.75000000 2597003.25000000 
0.06600    69567696.00000000 43849940.00000000 110461288.00000000 36982.77343750  3186015.50000000 2528634.25000000 
0.06700    67979608.00000000 42864456.00000000 107959376.00000000 35879.76171875  3101045.75000000 2461569.00000000 
0.06800    66420528.00000000 41896032.00000000 105501320.00000000 34802.46484375  3017824.75000000 2395858.00000000 
0.06900    64890240.00000000 40945604.00000000 103089216.00000000 33750.96484375  2936339.50000000 2331510.00000000 
0.07000    63389456.00000000 40013168.00000000 100723392.00000000 32725.80273438  2856639.00000000 2268581.75000000 
0.07100    61919136.00000000 39099588.00000000 98405160.00000000 31726.82617188  2778759.25000000 2207059.00000000 
0.07200    60479672.00000000 38204928.00000000 96135144.00000000 30754.15820312  2702680.25000000 2146950.00000000 
0.07300    59071588.00000000 37329404.00000000 93914920.00000000 29808.95898438  2628491.25000000 2088321.75000000 
0.07400    57694904.00000000 36474028.00000000 91743976.00000000 28890.07031250  2556143.75000000 2031140.25000000 
0.07500    56350340.00000000 35637364.00000000 89622984.00000000 27998.07226562  2485648.25000000 1975426.50000000 
0.07600    55037852.00000000 34821060.00000000 87552184.00000000 27132.81640625  2417049.25000000 1921189.37500000 
0.07700    53758172.00000000 34024616.00000000 85532528.00000000 26294.13867188  2350331.75000000 1868415.00000000 
0.07800    52510840.00000000 33248576.00000000 83564624.00000000 25482.13867188  2285499.25000000 1817137.00000000 
0.07900    51296096.00000000 32492228.00000000 81647848.00000000 24696.53906250  2222517.75000000 1767315.75000000 
0.08000    50114300.00000000 31756098.00000000 79782064.00000000 23937.07421875  2161427.75000000 1718980.00000000 
0.08100    48965420.00000000 31040428.00000000 77968152.00000000 23203.43945312  2102212.00000000 1672100.50000000 
0.08200    47849032.00000000 30344652.00000000 76205584.00000000 22495.47265625  2044833.50000000 1626669.25000000 
0.08300    46764644.00000000 29669002.00000000 74493488.00000000 21812.87304688  1989275.12500000 1582680.75000000 
0.08400    45713472.00000000 29013194.00000000 72832744.00000000 21154.82421875  1935544.87500000 1540105.00000000 
0.08500    44693780.00000000 28377408.00000000 71221912.00000000 20521.57421875  1883607.37500000 1498951.75000000 
0.08600    43706084.00000000 27761100.00000000 69661544.00000000 19912.15039062  1833426.25000000 1459184.87500000 
0.08700    42749904.00000000 27164294.00000000 68150424.00000000 19326.40820312  1785006.75000000 1420789.87500000 
0.08800    41825092.00000000 26586596.00000000 66688048.00000000 18763.64648438  1738285.87500000 1383743.50000000 
0.08900    40930508.00000000 26028044.00000000 65274200.00000000 18223.30273438  1693256.87500000 1348025.87500000 
0.09000    40066508.00000000 25488190.00000000 63908092.00000000 17705.25195312  1649877.75000000 1313603.87500000 
0.09100    39232236.00000000 24966736.00000000 62589088.00000000 17208.31445312  1608132.00000000 1280454.00000000 
0.09200    38427240.00000000 24463324.00000000 61315212.00000000 16732.35351562  1567952.25000000 1248551.50000000 
0.09300    37651388.00000000 23977756.00000000 60087088.00000000 16276.69335938  1529331.37500000 1217862.00000000 
0.09400    36903044.00000000 23509480.00000000 58903232.00000000 15840.55761719  1492202.37500000 1188362.12500000 
0.09500    36182708.00000000 23058154.00000000 57762304.00000000 15423.36425781  1456539.50000000 1160008.37500000 
0.09600    35488852.00000000 22623630.00000000 56664184.00000000 15024.62304688  1422302.37500000 1132780.75000000 
0.09700    34821452.00000000 22205288.00000000 55607412.00000000 14643.45898438  1389445.62500000 1106642.00000000 
0.09800    34179396.00000000 21802878.00000000 54590420.00000000 14279.49414062  1357941.00000000 1081562.87500000 
0.09900    33562664.00000000 21415586.00000000 53612732.00000000 13931.91015625  1327721.12500000 1057506.50000000 
0.10000    32969104.00000000 21043288.00000000 52672840.00000000 13599.95312500  1298749.87500000 1034420.31250000 
0.10100    32399496.00000000 20685626.00000000 51769740.00000000 13283.08300781  1270985.87500000 1012302.31250000 
0.10200    31852706.00000000 20341970.00000000 50902340.00000000 12980.65722656  1244382.75000000 991092.12500000 
0.10300    31327442.00000000 20011752.00000000 50069200.00000000 12691.87402344  1218884.00000000 970757.12500000 
0.10400    30823338.00000000 19694646.00000000 49269236.00000000 12416.36328125  1194464.25000000 951272.37500000 
0.10500    30339548.00000000 19390226.00000000 48501464.00000000 12153.22558594  1171067.62500000 932592.50000000 
0.10600    29875246.00000000 19097720.00000000 47764560.00000000 11901.82128906  1148649.25000000 914679.50000000 
0.10700    29429594.00000000 18816926.00000000 47056744.00000000 11661.84375000  1127154.62500000 897514.06250000 
0.10800    29002006.00000000 18547324.00000000 46377392.00000000 11432.12695312  1106555.87500000 881048.93750000 
0.10900    28591252.00000000 18288346.00000000 45724884.00000000 11212.46093750  1086786.25000000 865237.25000000 
0.11000    28197164.00000000 18039422.00000000 45098256.00000000 11002.20410156  1067832.62500000 850068.00000000 
0.11100    27818512.00000000 17800334.00000000 44496128.00000000 10800.73925781  1049618.87500000 835495.25000000 
0.11200    27454536.00000000 17570224.00000000 43917084.00000000 10607.46386719  1032115.12500000 821488.56250000 
0.11300    27104440.00000000 17349188.00000000 43360284.00000000 10421.76660156  1015286.62500000 808007.06250000 
0.11400    26767798.00000000 17136068.00000000 42824404.00000000 10243.31933594  999091.93750000 795027.62500000 
0.11500    26443548.00000000 16930682.00000000 42308356.00000000 10071.42285156  983482.93750000 782520.87500000 
0.11600    26130874.00000000 16732897.00000000 41810744.00000000 9905.73046875   968420.31250000 770442.75000000 
0.11700    25829344.00000000 16541798.00000000 41330528.00000000 9745.65429688   953874.56250000 758782.31250000 
0.11800    25537994.00000000 16357182.00000000 40866268.00000000 9590.59667969   939797.25000000 747488.43750000 
0.11900    25256230.00000000 16178527.00000000 40417484.00000000 9440.35937500   926156.31250000 736551.06250000 
0.12000    24983448.00000000 16005399.00000000 39982508.00000000 9294.37988281   912924.31250000 725930.25000000 
0.12100    24718818.00000000 15837479.00000000 39560784.00000000 9152.48925781   900061.81250000 715612.93750000 
0.12200    24461758.00000000 15674318.00000000 39151232.00000000 9013.97753906   887538.50000000 705566.62500000 
0.12300    24211728.00000000 15515567.00000000 38752432.00000000 8878.68945312   875320.06250000 695756.50000000 
0.12400    23967922.00000000 15360710.00000000 38363632.00000000 8746.23925781   863387.81250000 686184.81250000 
0.12500    23729760.00000000 15209557.00000000 37984076.00000000 8616.24414062   851699.56250000 676815.18750000 
0.12600    23497054.00000000 15061654.00000000 37612904.00000000 8488.55761719   840242.62500000 667616.62500000 
0.12700    23268852.00000000 14916688.00000000 37249008.00000000 8362.75292969   828979.62500000 658588.81250000 
0.12800    23044916.00000000 14774342.00000000 36891996.00000000 8238.68554688   817890.18750000 649696.25000000 
0.12900    22824496.00000000 14634417.00000000 36540356.00000000 8116.06396484   806963.00000000 640933.93750000 
0.13000    22607396.00000000 14496325.00000000 36193960.00000000 7994.61669922   796157.37500000 632279.31250000 
0.13100    22392688.00000000 14360095.00000000 35851768.00000000 7874.22607422   785470.18750000 623718.75000000 
0.13200    22180416.00000000 14225239.00000000 35513472.00000000 7754.66259766   774869.81250000 615232.75000000 
0.13300    21969942.00000000 14091723.00000000 35178048.00000000 7635.79736328   764362.81250000 606817.00000000 
0.13400    21761042.00000000 13959133.00000000 34845032.00000000 7517.50488281   753908.43750000 598452.12500000 
0.13500    21553374.00000000 13827247.00000000 34514012.00000000 7399.59033203   743502.50000000 590127.31250000 
0.13600    21346422.00000000 13696016.00000000 34184208.00000000 7282.00781250   733134.68750000 581836.18750000 
0.13700    21139992.00000000 13565111.00000000 33855464.00000000 7164.63232422   722785.75000000 573569.68750000 
0.13800    20933866.00000000 13434387.00000000 33527082.00000000 7047.38623047   712458.43750000 565318.43750000 
0.13900    20727602.00000000 13303655.00000000 33198622.00000000 6930.23388672   702132.00000000 557075.68750000 
0.14000    20521302.00000000 13172908.00000000 32869952.00000000 6813.08203125   691801.68750000 548832.87500000 
0.14100    20314158.00000000 13041885.00000000 32540402.00000000 6695.97851562   681469.18750000 540589.93750000 
0.14200    20106596.00000000 12910439.00000000 32209954.00000000 6578.79394531   671115.75000000 532329.00000000 
0.14300    19898272.00000000 12778447.00000000 31878248.00000000 6461.56494141   660744.56250000 524066.31250000 
0.14400    19688770.00000000 12645983.00000000 31544960.00000000 6344.29687500   650348.81250000 515780.06250000 
0.14500    19478352.00000000 12512811.00000000 31210144.00000000 6227.00000000   639929.62500000 507482.78125000 
0.14600    19266570.00000000 12378966.00000000 30873352.00000000 6109.68994141   629483.43750000 499163.65625000 
0.14700    19053524.00000000 12244254.00000000 30534688.00000000 5992.41210938   619009.56250000 490827.65625000 
0.14800    18839140.00000000 12108799.00000000 30193672.00000000 5875.17187500   608502.75000000 482474.03125000 
0.14900    18623320.00000000 11972419.00000000 29850596.00000000 5758.00683594   597982.37500000 474097.00000000 
0.15000    18405992.00000000 11835230.00000000 29505326.00000000 5640.96582031   587426.81250000 465703.34375000 
0.15100    18187194.00000000 11697045.00000000 29157580.00000000 5524.21875000   576853.62500000 457298.62500000 
0.15200    17967008.00000000 11558058.00000000 28807698.00000000 5407.73095703   566259.12500000 448879.75000000 
0.15300    17745358.00000000 11418128.00000000 28455478.00000000 5291.57861328   555645.37500000 440447.71875000 
0.15400    17522316.00000000 11277314.00000000 28100892.00000000 5175.79443359   545028.25000000 432009.59375000 
0.15500    17297762.00000000 11135604.00000000 27744172.00000000 5060.57275391   534399.12500000 423568.93750000 
0.15600    17071940.00000000 10993148.00000000 27385510.00000000 4945.86035156   523764.93750000 415125.71875000 
0.15700    16844870.00000000 10849859.00000000 27024914.00000000 4831.83984375   513143.12500000 406689.50000000 
0.15800    16616671.00000000 10705808.00000000 26662114.00000000 4718.46289062   502523.21875000 398258.28125000 
0.15900    16387330.00000000 10561119.00000000 26297918.00000000 4605.98535156   491924.09375000 389843.56250000 
0.16000    16156968.00000000 10415810.00000000 25931966.00000000 4494.38867188   481342.68750000 381442.68750000 
0.16100    15925823.00000000 10269966.00000000 25564758.00000000 4383.79736328   470795.31250000 373069.03125000 
0.16200    15693821.00000000 10123551.00000000 25196134.00000000 4274.25195312   460279.06250000 364725.75000000 
0.16300    15461294.00000000 9976729.00000000 24826524.00000000 4165.83154297   449806.87500000 356413.59375000 
0.16400    15228137.00000000 9829618.00000000 24456314.00000000 4058.68945312   439384.25000000 348139.93750000 
0.16500    14994626.00000000 9682155.00000000 24085138.00000000 3952.83447266   429017.56250000 339912.46875000 
0.16600    14760885.00000000 9534615.00000000 23713814.00000000 3848.34814453   418716.06250000 331734.09375000 
0.16700    14526986.00000000 9386903.00000000 23342066.00000000 3745.38476562   408481.62500000 323611.68750000 
0.16800    14293049.00000000 9239157.00000000 22970398.00000000 3643.86596680   398324.46875000 315548.68750000 
0.16900    14059526.00000000 9091597.00000000 22599160.00000000 3544.02221680   388256.09375000 307554.40625000 
0.17000    13826200.00000000 8944148.00000000 22228300.00000000 3445.83178711   378276.71875000 299630.84375000 
0.17100    13593328.00000000 8797019.00000000 21858118.00000000 3349.36352539   368395.90625000 291785.03125000 
0.17200    13361114.00000000 8650162.00000000 21488890.00000000 3254.66992188   358620.06250000 284022.78125000 
0.17300    13129773.00000000 8503832.00000000 21121026.00000000 3161.85034180   348951.84375000 276343.68750000 
0.17400    12899382.00000000 8358083.50000000 20754288.00000000 3070.93457031   339403.96875000 268760.75000000 
0.17500    12669999.00000000 8212970.00000000 20389684.00000000 2981.94555664   329977.18750000 261270.48437500 
0.17600    12441896.00000000 8068502.50000000 20026490.00000000 2894.92382812   320676.90625000 253879.45312500 
0.17700    12215218.00000000 7924906.50000000 19665730.00000000 2809.97436523   311513.37500000 246595.50000000 
0.17800    11989966.00000000 7782197.50000000 19307234.00000000 2727.01342773   302483.78125000 239420.26562500 
0.17900    11766414.00000000 7640469.00000000 18951326.00000000 2646.19775391   293600.50000000 232355.62500000 
0.18000    11544710.00000000 7499838.00000000 18598208.00000000 2567.46972656   284866.00000000 225407.62500000 
0.18100    11324968.00000000 7360364.00000000 18248130.00000000 2490.87915039   276286.46875000 218580.51562500 
0.18200    11107220.00000000 7222084.50000000 17901038.00000000 2416.40380859   267858.25000000 211873.25000000 
0.18300    10891591.00000000 7085148.00000000 17557602.00000000 2344.09399414   259587.34375000 205291.26562500 
0.18400    10678312.00000000 6949591.00000000 17217528.00000000 2273.96166992   251480.93750000 198836.15625000 
0.18500    10467543.00000000 6815504.00000000 16881224.00000000 2205.99316406   243541.29687500 192511.59375000 
0.18600    10259112.00000000 6682919.50000000 16548904.00000000 2140.18408203   235767.40625000 186317.29687500 
0.18700    10053398.00000000 6551914.00000000 16220477.00000000 2076.54785156   228163.98437500 180256.35937500 
0.18800    9850341.00000000 6422525.00000000 15896540.00000000 2015.02233887   220730.04687500 174329.98437500 
0.18900    9650114.00000000 6294906.00000000 15576884.00000000 1955.68725586   213472.85937500 168539.98437500 
0.19000    9452750.00000000 6168919.50000000 15261415.00000000 1898.42163086   206383.20312500 162884.39062500 
0.19100    9258500.00000000 6044865.00000000 14950986.00000000 1843.33020020   199475.46875000 157369.56250000 
0.19200    9067078.00000000 5922510.50000000 14645016.00000000 1790.24707031   192739.50000000 151989.45312500 
0.19300    8878803.00000000 5802188.00000000 14344026.00000000 1739.27282715   186182.32812500 146750.12500000 
0.19400    8693674.00000000 5683720.00000000 14047830.00000000 1690.29309082   179795.84375000 141645.37500000 
0.19500    8511763.00000000 5567141.00000000 13756690.00000000 1643.30163574   173586.01562500 136679.46875000 
0.19600    8333015.00000000 5452645.50000000 13470626.00000000 1598.26782227   167551.20312500 131849.98437500 
0.19700    8157554.50000000 5340120.50000000 13189651.00000000 1555.18994141   161688.78125000 127157.35156250 
0.19800    7985484.00000000 5229599.50000000 12913825.00000000 1513.95007324   155998.62500000 122599.46093750 
0.19900    7816725.00000000 5121122.50000000 12643371.00000000 1474.58691406   150479.96875000 118177.37500000 
0.20000    7651254.50000000 5014709.00000000 12377928.00000000 1436.99914551   145127.48437500 113885.52343750 
0.20100    7489261.50000000 4910384.00000000 12117950.00000000 1401.18261719   139943.32812500 109726.46875000 
0.20200    7330531.50000000 4808069.00000000 11863077.00000000 1367.05615234   134922.28125000 105696.34375000 
0.20300    7175199.00000000 4707890.00000000 11613651.00000000 1334.60949707   130064.93750000 101794.85937500 
0.20400    7023253.50000000 4609783.50000000 11369478.00000000 1303.76354980   125365.27343750 98018.22656250  
0.20500    6874658.00000000 4513741.50000000 11130550.00000000 1274.49011230   120823.70312500 94366.39062500  
0.20600    6729360.00000000 4419740.50000000 10896801.00000000 1246.71765137   116433.90625000 90833.80468750  
0.20700    6587455.00000000 4327819.00000000 10668367.00000000 1220.41992188   112196.45312500 87422.07812500  
0.20800    6448812.00000000 4237883.00000000 10445074.00000000 1195.51184082   108104.85937500 84125.10156250  
0.20900    6313504.00000000 4150034.50000000 10227108.00000000 1172.02587891   104161.12500000 80947.26562500  
0.21000    6181311.00000000 4064160.00000000 10014042.00000000 1149.79260254   100354.05468750 77875.86718750  
0.21100    6052383.50000000 3980298.50000000 9805997.00000000 1128.84362793   96685.34375000  74914.90625000  
0.21200    5926607.00000000 3898371.00000000 9603064.00000000 1109.06896973   93149.82812500  72059.86718750  
0.21300    5803865.50000000 3818341.00000000 9404764.00000000 1090.46459961   89743.73437500  69306.77343750  
0.21400    5684291.50000000 3740292.50000000 9211548.00000000 1072.97717285   86464.52343750  66655.08593750  
0.21500    5567675.00000000 3664103.50000000 9023116.00000000 1056.53967285   83309.05468750  64101.57812500  
0.21600    5454015.50000000 3589715.50000000 8839165.00000000 1041.09606934   80269.49218750  61640.89453125  
0.21700    5343276.00000000 3517171.75000000 8659879.00000000 1026.61462402   77346.89062500  59272.40625000  
0.21800    5235333.50000000 3446397.00000000 8485081.00000000 1013.03747559   74532.68750000  56991.62109375  
0.21900    5130161.50000000 3377334.75000000 8314605.50000000 1000.30780029   71824.92968750  54795.87109375  
0.22000    5027700.00000000 3310000.25000000 8148419.50000000 988.39459229    69221.77343750  52682.17187500  
0.22100    4927911.00000000 3244349.75000000 7986617.50000000 977.26611328    66719.06250000  50650.39453125  
0.22200    4830699.00000000 3180301.25000000 7828780.50000000 966.85095215    64311.48046875  48694.15234375  
0.22300    4735978.50000000 3117838.00000000 7674897.50000000 957.10668945    61994.05078125  46811.32031250  
0.22400    4643679.00000000 3056888.00000000 7524884.00000000 947.99749756    59764.78906250  44998.28906250  
0.22500    4553836.00000000 2997492.25000000 7378785.50000000 939.51513672    57623.46875000  43256.33203125  
0.22600    4466217.50000000 2939524.75000000 7236222.50000000 931.55303955    55559.88671875  41577.15625000  
0.22700    4380851.00000000 2883015.00000000 7097316.00000000 924.14233398    53576.08593750  39962.65625000  
0.22800    4297653.00000000 2827852.75000000 6961795.50000000 917.20477295    51665.80468750  38406.65625000  
0.22900    4216538.00000000 2774020.75000000 6829574.00000000 910.70050049    49824.83984375  36907.63281250  
0.23000    4137423.00000000 2721478.50000000 6700632.00000000 904.63360596    48053.03906250  35465.01171875  
0.23100    4060318.50000000 2670221.00000000 6574895.50000000 898.95489502    46346.08984375  34074.46875000  
0.23200    3985021.75000000 2620113.25000000 6452017.00000000 893.59924316    44699.79296875  32733.08984375  
0.23300    3911574.75000000 2571214.00000000 6332143.50000000 888.57867432    43112.06640625  31439.88476562  
0.23400    3839880.75000000 2523444.25000000 6215068.00000000 883.86108398    41580.42968750  30192.82617188  
0.23500    3769819.25000000 2476707.75000000 6100611.00000000 879.38244629    40099.62890625  28987.24804688  
0.23600    3701424.25000000 2431074.00000000 5988891.00000000 875.16931152    38671.39843750  27824.40039062  
0.23700    3634534.25000000 2386430.00000000 5879549.00000000 871.17370605    37290.03906250  26700.70507812  
0.23800    3569177.50000000 2342767.50000000 5772683.50000000 867.37640381    35954.81250000  25614.64257812  
0.23900    3505221.50000000 2300019.25000000 5668088.50000000 863.74468994    34661.03125000  24563.24804688  
0.24000    3442595.25000000 2258144.25000000 5565647.50000000 860.27227783    33408.58203125  23545.89648438  
0.24100    3381371.75000000 2217201.00000000 5465462.50000000 856.94976807    32196.43359375  22561.93554688  
0.24200    3321349.00000000 2177060.75000000 5367309.00000000 853.74639893    31020.54101562  21608.16601562  
0.24300    3262534.00000000 2137705.25000000 5271062.00000000 850.64276123    29879.01562500  20683.10937500  
0.24400    3204865.00000000 2099126.50000000 5176696.50000000 847.62622070    28771.15625000  19785.81445312  
0.24500    3148290.50000000 2061254.87500000 5084111.50000000 844.69305420    27693.93359375  18914.65625000  
0.24600    3092766.00000000 2024095.50000000 4993264.00000000 841.82708740    26647.38867188  18069.16406250  
0.24700    3038266.75000000 1987630.50000000 4904077.00000000 839.02270508    25629.57031250  17247.62500000  
0.24800    2984731.50000000 1951801.25000000 4816517.50000000 836.25946045    24638.70507812  16449.08984375  
0.24900    2932087.75000000 1916587.25000000 4730341.50000000 833.52801514    23673.25195312  15671.97949219  
0.25000    2880338.75000000 1881976.25000000 4645721.00000000 830.83880615    22733.18945312  14915.93945312  
0.25100    2829422.50000000 1847938.25000000 4562428.50000000 828.15722656    21815.76367188  14179.42675781  
0.25200    2779351.25000000 1814462.00000000 4480574.50000000 825.51635742    20923.29492188  13463.91601562  
0.25300    2730040.75000000 1781520.50000000 4399911.00000000 822.87725830    20051.51562500  12765.94921875  
0.25400    2681458.00000000 1749084.37500000 4320566.50000000 820.25567627    19201.11328125  12085.99316406  
0.25500    2633576.50000000 1717124.87500000 4242328.50000000 817.63226318    18370.04492188  11422.58789062  
0.25600    2586422.25000000 1685655.75000000 4165278.50000000 815.02471924    17559.80273438  10776.96582031  
0.25700    2539904.25000000 1654642.12500000 4089301.75000000 812.40679932    16767.96875000  10146.75488281  
0.25800    2494033.75000000 1624082.12500000 4014409.25000000 809.80780029    15994.83105469  9532.67968750   
0.25900    2448780.75000000 1593950.25000000 3940551.25000000 807.21520996    15240.12207031  8933.94921875   
0.26000    2404120.00000000 1564225.62500000 3867692.25000000 804.62414551    14503.16406250  8350.22851562   
0.26100    2360008.75000000 1534899.25000000 3795780.75000000 802.03381348    13782.41503906  7780.15820312   
0.26200    2316525.75000000 1505984.75000000 3724868.50000000 799.47186279    13080.63964844  7226.11669922   
0.26300    2273516.50000000 1477440.87500000 3654794.75000000 796.89404297    12394.13769531  6684.66259766   
0.26400    2231087.00000000 1449264.37500000 3585643.00000000 794.34271240    11724.72558594  6157.79052734   
0.26500    2189184.00000000 1421462.37500000 3517401.50000000 791.81237793    11072.38671875  5645.32470703   
0.26600    2147770.50000000 1394026.75000000 3449988.25000000 789.30218506    10435.61035156  5145.64550781   
0.26700    2106872.25000000 1366951.12500000 3383441.75000000 786.82818604    9816.07421875   4659.96972656   
0.26800    2066489.75000000 1340222.25000000 3317744.00000000 784.37567139    9212.93847656   4188.33154297   
0.26900    2026570.87500000 1313814.62500000 3252807.25000000 781.95880127    8625.11425781   3728.94091797   
0.27000    1987154.87500000 1287770.37500000 3188749.25000000 779.59271240    8054.68603516   3283.64672852   
0.27100    1948205.00000000 1262037.12500000 3125438.75000000 777.26153564    7499.77880859   2851.50976562   
0.27200    1909783.00000000 1236680.25000000 3063017.00000000 775.00677490    6963.25976562   2433.88696289   
0.27300    1871798.00000000 1211630.75000000 3001328.75000000 772.79278564    6441.04931641   2028.34802246   
0.27400    1834246.25000000 1186868.50000000 2940369.25000000 770.62121582    5934.21777344   1634.86791992   
0.27500    1797252.37500000 1162490.50000000 2880314.75000000 768.55725098    5446.86328125   1257.34692383   
0.27600    1760646.25000000 1138389.25000000 2820914.00000000 766.53784180    4973.53125000   890.80773926    
0.27700    1724576.00000000 1114657.75000000 2762425.75000000 764.62536621    4518.92138672   539.43768311    
0.27800    1688962.25000000 1091217.12500000 2704634.50000000 762.79046631    4080.43481445   200.98889160    
0.27900    1653844.62500000 1068126.00000000 2647685.00000000 761.05792236    3659.31860352   -123.78289032   
0.28000    1619198.62500000 1045340.43750000 2591510.75000000 759.41882324    3255.30786133   -435.05209351   
0.28100    1585032.62500000 1022901.56250000 2536151.00000000 757.88281250    2868.10449219   -732.85284424   
0.28200    1551370.62500000 1000788.93750000 2481596.75000000 756.47027588    2499.05322266   -1016.52832031  
0.28300    1518201.00000000 979007.18750000 2427830.75000000 755.17681885    2147.17358398   -1286.60131836  
0.28400    1485499.12500000 957538.37500000 2374853.75000000 753.99963379    1812.03039551   -1543.27453613  
0.28500    1453323.25000000 936426.37500000 2322731.25000000 752.95373535    1495.64819336   -1785.43981934  
0.28600    1421623.37500000 915627.18750000 2271390.00000000 752.04309082    1195.46386719   -2014.68286133  
0.28700    1390447.37500000 895168.00000000 2220888.50000000 751.26629639    913.83721924    -2229.75903320  
0.28800    1359782.87500000 875043.68750000 2171187.50000000 750.63427734    649.56958008    -2431.36865234  
0.28900    1329641.75000000 855272.56250000 2122392.25000000 750.15728760    403.86880493    -2618.27026367  
0.29000    1299992.12500000 835816.06250000 2074359.62500000 749.82812500    175.02267456    -2792.47436523  
0.29100    1270888.50000000 816727.50000000 2027220.50000000 749.65789795    -35.38319016    -2951.93945312  
0.29200    1242303.62500000 797962.50000000 1980895.75000000 749.64733887    -228.18318176   -3097.98876953  
0.29300    1214259.25000000 779561.93750000 1935454.50000000 749.80993652    -402.79916382   -3229.67700195  
0.29400    1186721.87500000 761478.00000000 1890821.00000000 750.11309814    -561.31982422   -3349.22680664  
0.29500    1159736.62500000 743765.93750000 1847101.12500000 750.60913086    -700.10235596   -3453.66894531  
0.29600    1133266.87500000 726384.87500000 1804192.37500000 751.26409912    -822.70941162   -3545.35278320  
0.29700    1107336.25000000 709347.93750000 1762163.87500000 752.08575439    -928.21276855   -3623.99829102  
0.29800    1081962.00000000 692669.50000000 1720988.62500000 753.08801270    -1015.47216797  -3688.80786133  
0.29900    1057130.25000000 676342.56250000 1680715.50000000 754.27044678    -1085.41064453  -3740.05175781  
0.30000    1032817.87500000 660353.31250000 1641275.12500000 755.60888672    -1139.41479492  -3779.24658203  
0.30100    1009069.43750000 644721.68750000 1602739.12500000 757.14178467    -1175.46374512  -3804.30200195  
0.30200    985831.31250000 629423.00000000 1565009.75000000 758.83709717    -1195.77319336  -3817.60571289  
0.30300    963175.81250000 614490.62500000 1528206.00000000 760.70245361    -1198.89038086  -3817.71264648  
0.30400    941054.93750000 599898.68750000 1492271.12500000 762.75000000    -1185.51660156  -3805.12426758  
0.30500    919441.31250000 585641.56250000 1457142.75000000 764.95465088    -1157.19384766  -3780.90820312  
0.30600    898364.18750000 571728.50000000 1422887.87500000 767.32830811    -1112.90026855  -3744.87500000  
0.30700    877864.62500000 558176.43750000 1389540.75000000 769.87951660    -1052.13330078  -3695.92797852  
0.30800    857861.56250000 544946.93750000 1356975.00000000 772.58142090    -977.25817871   -3636.18334961  
0.30900    838418.62500000 532071.68750000 1325317.00000000 775.44824219    -886.40417480   -3564.14672852  
0.31000    819495.37500000 519530.34375000 1294485.75000000 778.46319580    -781.42852783   -3481.32080078  
0.31100    801073.31250000 507307.50000000 1264451.87500000 781.62786865    -662.37133789   -3387.85644531  
0.31200    783186.00000000 495430.96875000 1235285.12500000 784.94665527    -529.23474121   -3283.39404297  
0.31300    765817.87500000 483874.18750000 1206924.12500000 788.39654541    -382.26159668   -3168.37768555  
0.31400    748975.93750000 472663.59375000 1179422.75000000 791.99188232    -221.33207703   -3042.77270508  
0.31500    732607.68750000 461756.37500000 1152680.00000000 795.69976807    -48.49445343    -2907.99462891  
0.31600    716758.18750000 451179.40625000 1126748.75000000 799.53802490    137.54487610    -2763.16894531  
0.31700    701399.75000000 440913.28125000 1101620.62500000 803.50006104    335.81988525    -2608.65869141  
0.31800    686529.18750000 430953.75000000 1077256.62500000 807.54949951    544.85382080    -2446.05468750  
0.31900    672150.37500000 421315.09375000 1053683.12500000 811.72332764    766.93157959    -2273.25561523  
0.32000    658241.31250000 411974.28125000 1030862.31250000 815.98388672    999.50579834    -2092.87646484  
0.32100    644785.81250000 402931.46875000 1008769.06250000 820.32232666    1242.11364746   -1904.13598633  
0.32200    631821.37500000 394195.50000000 987458.43750000 824.74792480    1495.84582520   -1706.85668945  
0.32300    619271.31250000 385718.81250000 966804.25000000 829.23535156    1758.22509766   -1503.18896484  
0.32400    607179.00000000 377546.68750000 946887.25000000 833.77099609    2030.29772949   -1291.92944336  
0.32500    595520.75000000 369646.62500000 927678.81250000 838.37316895    2311.01000977   -1073.88659668  
0.32600    584292.56250000 362029.75000000 909138.68750000 843.00097656    2600.45922852   -849.12774658   
0.32700    573484.06250000 354677.09375000 891288.75000000 847.67376709    2897.82373047   -617.98950195   
0.32800    563108.37500000 347605.59375000 874125.00000000 852.37432861    3203.52685547   -380.55621338   
0.32900    553104.50000000 340772.84375000 857558.50000000 857.07226562    3515.19702148   -138.02038574   
0.33000    543521.06250000 334202.68750000 841664.87500000 861.77911377    3834.44409180   110.11732483    
0.33100    534270.25000000 327858.96875000 826308.81250000 866.46765137    4158.48681641   362.02578735    
0.33200    525459.81250000 321795.71875000 811660.75000000 871.15545654    4490.42480469   620.39050293    
0.33300    516981.87500000 315946.71875000 797551.81250000 875.80468750    4826.25000000   881.87030029    
0.33400    508873.75000000 310339.00000000 784039.43750000 880.42285156    5167.56103516   1147.78100586   
0.33500    501103.09375000 304948.06250000 771063.37500000 884.98229980    5512.67089844   1416.82250977   
0.33600    493668.43750000 299773.15625000 758629.68750000 889.48571777    5861.69824219   1689.22058105   
0.33700    486551.00000000 294815.09375000 746727.68750000 893.91772461    6214.42724609   1964.46276855   
0.33800    479781.68750000 290075.56250000 735364.06250000 898.27551270    6570.66699219   2242.81469727   
0.33900    473291.62500000 285515.84375000 724459.50000000 902.53210449    6928.44531250   2522.52587891   
0.34000    467107.15625000 281162.43750000 714048.81250000 906.68927002    7288.72998047   2804.34326172   
0.34100    461213.59375000 276998.28125000 704109.50000000 910.74420166    7650.82080078   3087.90209961   
0.34200    455635.87500000 273033.71875000 694687.18750000 914.68011475    8015.25195312   3373.58007812   
0.34300    450284.71875000 269229.84375000 685633.81250000 918.47869873    8379.03515625   3659.01928711   
0.34400    445237.46875000 265619.56250000 677070.87500000 922.15649414    8744.49316406   3946.17065430   
0.34500    440414.46875000 262158.90625000 668874.12500000 925.67364502    9109.28320312   4232.88134766   
0.34600    435871.81250000 258881.90625000 661147.12500000 929.04132080    9474.76464844   4520.66259766   
0.34700    431518.81250000 255732.98437500 653709.93750000 932.23339844    9837.74218750   4806.96875000   
0.34800    427417.78125000 252750.70312500 646690.31250000 935.25024414    10200.06445312  5093.00048828   
0.34900    423535.59375000 249917.54687500 640040.06250000 938.08703613    10561.31347656  5378.38427734   
0.35000    419858.71875000 247217.01562500 633714.56250000 940.73419189    10919.87792969  5662.35009766   
0.35100    416403.37500000 244666.50000000 627759.12500000 943.18823242    11277.19726562  5945.65380859   
0.35200    413094.59375000 242218.06250000 622045.75000000 945.42279053    11630.14746094  6225.98535156   
0.35300    409989.96875000 239903.65625000 616662.68750000 947.44592285    11980.14843750  6504.42041016   
0.35400    407077.75000000 237717.60937500 611601.68750000 949.26147461    12327.21582031  6781.13427734   
0.35500    404324.46875000 235642.50000000 606802.68750000 950.83746338    12670.29687500  7054.96484375   
0.35600    401715.71875000 233665.03125000 602240.75000000 952.18908691    13008.69628906  7325.65625000   
0.35700    399267.65625000 231794.67187500 597952.68750000 953.30090332    13342.54199219  7593.47802734   
0.35800    396973.75000000 230036.31250000 593910.31250000 954.17041016    13671.90039062  7857.91650391   
0.35900    394810.56250000 228363.84375000 590103.87500000 954.79449463    13995.73437500  8118.84765625   
0.36000    392796.93750000 226795.31250000 586528.50000000 955.17407227    14314.66406250  8376.35156250   
0.36100    390874.12500000 225291.62500000 583117.00000000 955.28930664    14626.63574219  8628.87988281   
0.36200    389120.71875000 223903.07812500 579979.56250000 955.16082764    14934.28808594  8878.61328125   
0.36300    387421.31250000 222557.29687500 576943.50000000 954.75622559    15233.75292969  9122.14648438   
0.36400    385833.12500000 221287.03125000 574091.25000000 954.09100342    15526.44335938  9361.21289062   
0.36500    384341.03125000 220082.39062500 571398.50000000 953.15655518    15812.15429688  9595.41796875   
0.36600    382957.96875000 218962.62500000 568907.50000000 951.97644043    16091.94921875  9825.27734375   
0.36700    381630.87500000 217881.10937500 566499.31250000 950.50079346    16362.79199219  10048.58300781  
0.36800    380433.71875000 216888.79687500 564308.50000000 948.78442383    16627.60742188  10267.94238281  
0.36900    379290.53125000 215938.75000000 562213.25000000 946.79333496    16884.30273438  10481.24023438  
0.37000    378170.84375000 215011.87500000 560176.43750000 944.51879883    17131.06640625  10687.48730469  
0.37100    377126.34375000 214138.04687500 558260.43750000 941.98748779    17370.10546875  10888.01855469  
0.37200    376167.96875000 213332.39062500 556492.62500000 939.19885254    17602.03515625  11083.49414062  
0.37300    375239.78125000 212541.82812500 554773.31250000 936.13720703    17824.02343750  11271.70703125  
0.37400    374370.15625000 211803.60937500 553172.75000000 932.82037354    18038.33984375  11454.50097656  
0.37500    373545.56250000 211092.32812500 551631.12500000 929.25463867    18243.66601562  11630.62500000  
0.37600    372756.93750000 210418.64062500 550175.50000000 925.43145752    18439.50390625  11799.95800781  
0.37700    371983.71875000 209761.29687500 548742.93750000 921.35083008    18626.12500000  11962.32226562  
0.37800    371250.15625000 209132.50000000 547388.75000000 917.02636719    18803.77148438  12118.18847656  
0.37900    370567.28125000 208543.03125000 546112.06250000 912.47778320    18973.15039062  12267.91601562  
0.38000    369879.25000000 207957.28125000 544846.68750000 907.68487549    19132.10351562  12409.99121094  
0.38100    369195.68750000 207379.35937500 543598.68750000 902.65173340    19281.29296875  12544.82226562  
0.38200    368552.56250000 206832.92187500 542409.06250000 897.40332031    19422.17382812  12673.47363281  
0.38300    367892.59375000 206284.01562500 541211.68750000 891.93371582    19552.45312500  12794.45019531  
0.38400    367278.90625000 205767.82812500 540087.37500000 886.26141357    19674.54101562  12909.00097656  
0.38500    366627.59375000 205237.26562500 538919.12500000 880.37786865    19786.08398438  13015.78808594  
0.38600    366021.06250000 204737.81250000 537821.18750000 874.31921387    19889.45312500  13116.73730469  
0.38700    365377.50000000 204219.10937500 536675.12500000 868.04528809    19982.25195312  13209.44921875  
0.38800    364738.71875000 203712.57812500 535542.87500000 861.60565186    20066.27148438  13295.59082031  
0.38900    364093.68750000 203202.50000000 534403.81250000 854.99017334    20140.48828125  13374.54101562  
0.39000    363466.21875000 202712.75000000 533306.00000000 848.22937012    20206.88281250  13447.39746094  
0.39100    362809.75000000 202207.53125000 532163.18750000 841.30615234    20263.59570312  13513.05859375  
0.39200    362154.53125000 201708.79687500 531026.00000000 834.24237061    20311.60156250  13571.88964844  
0.39300    361475.90625000 201195.53125000 529855.87500000 827.04364014    20350.36718750  13623.85058594  
0.39400    360817.31250000 200701.64062500 528717.50000000 819.72973633    20381.76171875  13670.04687500  
0.39500    360107.71875000 200179.81250000 527511.12500000 812.29418945    20403.38476562  13708.74023438  
0.39600    359386.43750000 199655.95312500 526289.00000000 804.74908447    20417.08593750  13741.25390625  
0.39700    358654.31250000 199124.45312500 525047.37500000 797.12030029    20422.31835938  13767.66113281  
0.39800    357923.59375000 198597.70312500 523815.21875000 789.41479492    20420.43750000  13788.25781250  
0.39900    357155.87500000 198054.37500000 522527.53125000 781.62512207    20410.53515625  13802.40429688  
0.40000    356370.53125000 197503.53125000 521222.81250000 773.78216553    20393.20507812  13811.01464844  
0.40100    355566.68750000 196938.46875000 519880.09375000 765.88415527    20368.20703125  13813.47851562  
0.40200    354766.87500000 196380.15625000 518542.40625000 757.95532227    20336.78125000  13810.99902344  
0.40300    353920.65625000 195797.14062500 517146.62500000 749.99249268    20297.85546875  13802.50781250  
0.40400    353074.40625000 195213.06250000 515740.28125000 742.00964355    20253.18359375  13789.37109375  
0.40500    352207.75000000 194618.14062500 514316.50000000 734.02471924    20202.03515625  13771.05664062  
0.40600    351342.37500000 194028.39062500 512884.03125000 726.04730225    20145.81640625  13748.73730469  
0.40700    350452.93750000 193418.59375000 511411.40625000 718.07849121    20083.06054688  13721.01660156  
0.40800    349538.43750000 192796.70312500 509903.18750000 710.13250732    20014.98437500  13689.02343750  
0.40900    348609.62500000 192168.04687500 508377.93750000 702.22064209    19941.71875000  13652.83203125  
0.41000    347693.37500000 191546.67187500 506862.34375000 694.36279297    19864.70312500  13613.30468750  
0.41100    346752.25000000 190907.31250000 505304.50000000 686.55084229    19782.49609375  13569.57421875  
0.41200    345788.87500000 190256.45312500 503716.71875000 678.79302979    19695.71484375  13522.14453125  
0.41300    344841.87500000 189611.73437500 502147.40625000 671.13439941    19606.28125000  13472.11425781  
0.41400    343863.71875000 188950.56250000 500537.46875000 663.54241943    19512.67968750  13418.52050781  
0.41500    342906.46875000 188297.17187500 498950.75000000 656.05090332    19416.36132812  13362.71093750  
0.41600    341916.62500000 187620.78125000 497299.78125000 648.64447021    19316.41406250  13303.38964844  
0.41700    340946.87500000 186960.92187500 495689.75000000 641.35833740    19215.03906250  13242.73046875  
0.41800    340002.56250000 186309.40625000 494108.03125000 634.20477295    19111.82421875  13180.36425781  
0.41900    338997.59375000 185618.95312500 492429.62500000 627.14019775    19005.03320312  13114.56347656  
0.42000    338038.34375000 184957.21875000 490822.71875000 620.23406982    18898.02343750  13048.36132812  
0.42100    337091.28125000 184299.21875000 489231.25000000 613.46618652    18789.92187500  12980.86914062  
0.42200    336151.56250000 183640.15625000 487638.56250000 606.84039307    18681.29687500  12912.43164062  
0.42300    335201.25000000 182972.87500000 486027.78125000 600.35839844    18570.94726562  12842.30761719  
0.42400    334274.15625000 182315.14062500 484445.62500000 594.03497314    18460.75000000  12771.88085938  
0.42500    333366.50000000 181663.59375000 482890.78125000 587.88397217    18350.89257812  12701.11132812  
0.42600    332455.81250000 181011.40625000 481322.71875000 581.88403320    18240.69921875  12629.68261719  
0.42700    331595.28125000 180383.23437500 479826.87500000 576.07299805    18132.21093750  12559.19140625  
0.42800    330734.31250000 179749.15625000 478320.62500000 570.42199707    18023.59375000  12488.11816406  
0.42900    329924.84375000 179142.35937500 476895.00000000 564.96844482    17917.44726562  12418.31347656  
0.43000    329126.28125000 178537.20312500 475473.78125000 559.68090820    17811.93554688  12348.87695312  
0.43100    328324.65625000 177926.06250000 474044.09375000 554.56738281    17707.18359375  12279.27148438  
0.43200    327592.78125000 177350.71875000 472710.21875000 549.65692139    17605.78320312  12211.85742188  
0.43300    326871.25000000 176778.60937500 471390.37500000 544.92980957    17505.61328125  12145.04687500  
0.43400    326191.43750000 176227.35937500 470127.75000000 540.38940430    17407.89648438  12079.68750000  
0.43500    325534.00000000 175682.70312500 468892.78125000 536.03021240    17312.49609375  12015.46972656  
0.43600    324953.00000000 175177.39062500 467761.12500000 531.87530518    17221.13281250  11954.00292969  
0.43700    324370.84375000 174668.34375000 466625.21875000 527.89752197    17131.18750000  11893.40429688  
0.43800    323821.50000000 174172.95312500 465530.78125000 524.09655762    17044.20703125  11834.50976562  
0.43900    323335.62500000 173709.32812500 464533.09375000 520.49566650    16960.91992188  11778.16406250  
0.44000    322891.18750000 173264.60937500 463586.12500000 517.07336426    16880.91601562  11723.91210938  
0.44100    322486.31250000 172841.62500000 462696.28125000 513.83624268    16804.27539062  11671.73632812  
0.44200    322131.65625000 172441.62500000 461874.18750000 510.76815796    16731.26757812  11622.10351562  
0.44300    321820.46875000 172064.15625000 461116.50000000 507.88311768    16661.53906250  11574.83105469  
0.44400    321563.31250000 171712.59375000 460432.93750000 505.16802979    16595.86523438  11530.17773438  
0.44500    321317.34375000 171359.15625000 459750.12500000 502.60791016    16532.50195312  11486.97167969  
0.44600    321136.12500000 171041.37500000 459168.03125000 500.21453857    16473.34570312  11446.87890625  
0.44700    321020.40625000 170761.90625000 458686.34375000 497.98870850    16418.60156250  11409.62304688  
0.44800    320927.28125000 170487.31250000 458226.50000000 495.90219116    16366.64355469  11374.57324219  
0.44900    320906.87500000 170253.04687500 457874.18750000 493.97790527    16319.00683594  11342.65429688  
0.45000    320937.43750000 170047.90625000 457602.06250000 492.19305420    16275.46582031  11313.52539062  
0.45100    320984.31250000 169843.03125000 457332.87500000 490.53234863    16234.00585938  11285.76855469  
0.45200    321102.56250000 169676.50000000 457178.62500000 489.01077271    16196.91113281  11261.23144531  
0.45300    321253.40625000 169526.37500000 457062.93750000 487.60598755    16162.75976562  11238.96679688  
0.45400    321459.34375000 169407.07812500 457038.87500000 486.31942749    16132.20996094  11219.24511719  
0.45500    321711.84375000 169313.32812500 457075.50000000 485.14212036    16105.25195312  11202.15039062  
0.45600    321998.59375000 169234.78125000 457161.40625000 484.06909180    16080.57324219  11186.70312500  
0.45700    322337.34375000 169187.45312500 457323.65625000 483.08840942    16059.24804688  11174.03320312  
0.45800    322704.37500000 169149.59375000 457527.96875000 482.19372559    16040.61328125  11163.17773438  
0.45900    323113.65625000 169136.53125000 457787.43750000 481.37835693    16024.19824219  11154.02539062  
0.46000    323588.53125000 169159.65625000 458152.18750000 480.64535522    16011.48144531  11147.93164062  
0.46100    324049.68750000 169174.39062500 458493.15625000 479.96188354    15999.25390625  11142.05273438  
0.46200    324589.59375000 169235.73437500 458953.53125000 479.35220337    15990.50000000  11138.94824219  
0.46300    325139.68750000 169302.23437500 459437.00000000 478.78186035    15983.07324219  11136.98339844  
0.46400    325714.43750000 169378.42187500 459939.37500000 478.26107788    15977.00781250  11136.19726562  
0.46500    326335.21875000 169486.87500000 460525.84375000 477.77716064    15973.04980469  11137.11035156  
0.46600    326961.12500000 169599.07812500 461123.28125000 477.31280518    15969.78417969  11138.76367188  
0.46700    327604.87500000 169718.62500000 461739.62500000 476.87124634    15967.27734375  11141.03906250  
0.46800    328302.25000000 169873.76562500 462447.50000000 476.45199585    15966.40625000  11145.04687500  
0.46900    328982.87500000 170016.81250000 463121.93750000 476.03314209    15965.10839844  11148.70800781  
0.47000    329680.28125000 170174.04687500 463834.56250000 475.61791992    15964.03125000  11152.90625000  
0.47100    330399.59375000 170346.21875000 464585.12500000 475.19662476    15963.69335938  11157.89453125  
0.47200    331124.43750000 170523.20312500 465335.84375000 474.76733398    15962.93066406  11162.74609375  
0.47300    331862.09375000 170712.89062500 466124.37500000 474.31808472    15962.00488281  11167.68457031  
0.47400    332568.81250000 170887.51562500 466867.75000000 473.84017944    15959.20410156  11171.77539062  
0.47500    333299.78125000 171078.87500000 467646.78125000 473.33947754    15956.45507812  11176.05175781  
0.47600    334040.50000000 171283.04687500 468456.12500000 472.81201172    15953.09570312  11180.20800781  
0.47700    334727.81250000 171455.20312500 469182.87500000 472.22708130    15946.61621094  11182.22558594  
0.47800    335428.68750000 171641.42187500 469938.34375000 471.61328125    15939.48242188  11184.31250000  
0.47900    336129.78125000 171837.39062500 470704.21875000 470.95199585    15930.87402344  11185.63964844  
0.48000    336776.46875000 172006.57812500 471399.09375000 470.23251343    15919.37304688  11184.93359375  
0.48100    337456.18750000 172198.39062500 472143.81250000 469.47695923    15906.85253906  11184.01953125  
0.48200    338044.43750000 172344.12500000 472757.34375000 468.63562012    15889.96582031  11179.93945312  
0.48300    338624.81250000 172488.98437500 473370.31250000 467.74578857    15870.98437500  11174.95703125  
0.48400    339185.65625000 172634.34375000 473972.18750000 466.79879761    15849.73437500  11168.39453125  
0.48500    339707.96875000 172764.07812500 474514.90625000 465.78384399    15824.97656250  11159.69726562  
0.48600    340201.90625000 172884.10937500 475032.65625000 464.70718384    15797.44824219  11149.28613281  
0.48700    340644.18750000 172982.70312500 475481.34375000 463.55838013    15766.16796875  11136.47460938  
0.48800    341027.15625000 173050.10937500 475841.65625000 462.33630371    15730.66308594  11120.81640625  
0.48900    341375.75000000 173108.15625000 476167.84375000 461.04782104    15691.90136719  11103.14062500  
0.49000    341679.81250000 173150.37500000 476439.40625000 459.69363403    15649.79003906  11083.30273438  
0.49100    341943.56250000 173180.42187500 476661.56250000 458.27447510    15603.97265625  11061.17089844  
0.49200    342126.75000000 173170.95312500 476771.40625000 456.77841187    15553.26562500  11035.68554688  
0.49300    342265.90625000 173145.32812500 476827.31250000 455.22006226    15499.01757812  11007.86132812  
0.49400    342343.84375000 173093.06250000 476804.31250000 453.59585571    15440.53515625  10977.31152344  
0.49500    342350.93750000 173010.92187500 476693.37500000 451.90676880    15377.61328125  10943.75878906  
0.49600    342319.56250000 172914.20312500 476526.09375000 450.15924072    15311.07617188  10907.91699219  
0.49700    342196.81250000 172775.64062500 476236.50000000 448.34039307    15239.52929688  10868.64746094  
0.49800    342024.00000000 172619.04687500 475887.96875000 446.47692871    15164.23730469  10826.82910156  
0.49900    341763.00000000 172420.65625000 475413.25000000 444.54650879    15084.06640625  10781.76660156  
0.50000    341448.18750000 172201.92187500 474877.12500000 442.57653809    15000.13378906  10734.39550781  
