# SAXS profile: number of points = 501, q_min = 0, q_max = 0.5, delta_q = 0.001
#    q    intensity 
0.00000    162227936.00000000 101202080.00000000 256268960.00000000 117403.89062500 8728702.00000000 6893894.50000000 
0.00100    162186144.00000000 101171656.00000000 256193840.00000000 117357.75781250 8725610.00000000 6891470.00000000 
0.00200    162049728.00000000 101081760.00000000 255964336.00000000 117220.54687500 8716530.00000000 6884304.00000000 
0.00300    161810240.00000000 100931528.00000000 255582032.00000000 116992.60937500 8701326.00000000 6872393.00000000 
0.00400    161463632.00000000 100723080.00000000 255048560.00000000 116673.48437500 8680210.00000000 6855782.00000000 
0.00500    161024128.00000000 100450464.00000000 254360480.00000000 116264.96093750 8653004.00000000 6834360.50000000 
0.00600    160489392.00000000 100124288.00000000 253527776.00000000 115768.74218750 8619938.00000000 6808482.00000000 
0.00700    159859952.00000000 99740056.00000000 252545776.00000000 115185.70312500 8581029.00000000 6777937.50000000 
0.00800    159142784.00000000 99299504.00000000 251419056.00000000 114517.57031250 8536562.00000000 6742965.50000000 
0.00900    158336368.00000000 98802512.00000000 250150896.00000000 113766.24218750 8486446.00000000 6703593.00000000 
0.01000    157441328.00000000 98249456.00000000 248742112.00000000 112935.03125000 8430919.00000000 6659944.00000000 
0.01100    156455248.00000000 97644352.00000000 247199168.00000000 112024.55468750 8370101.00000000 6612163.50000000 
0.01200    155385600.00000000 96985024.00000000 245522336.00000000 111038.61718750 8304165.50000000 6560326.50000000 
0.01300    154238352.00000000 96278432.00000000 243719248.00000000 109980.57031250 8233292.00000000 6504641.00000000 
0.01400    153008432.00000000 95521352.00000000 241790336.00000000 108852.13281250 8157653.00000000 6445187.50000000 
0.01500    151703632.00000000 94717816.00000000 239741664.00000000 107658.78906250 8077501.00000000 6382110.00000000 
0.01600    150324784.00000000 93868424.00000000 237577664.00000000 106400.31250000 7992883.00000000 6315654.50000000 
0.01700    148875456.00000000 92976296.00000000 235303552.00000000 105083.67187500 7904221.50000000 6245914.00000000 
0.01800    147359280.00000000 92041848.00000000 232923552.00000000 103710.79687500 7811552.00000000 6173053.50000000 
0.01900    145779248.00000000 91067944.00000000 230439904.00000000 102284.93750000 7715266.00000000 6097303.00000000 
0.02000    144139536.00000000 90056584.00000000 227864560.00000000 100811.71875000 7615509.50000000 6018876.00000000 
0.02100    142444128.00000000 89009160.00000000 225198368.00000000 99293.90625000  7512550.00000000 5937856.00000000 
0.02200    140694048.00000000 87929392.00000000 222450928.00000000 97734.60937500  7406628.00000000 5854548.00000000 
0.02300    138894688.00000000 86819112.00000000 219623664.00000000 96139.98437500  7297967.00000000 5769041.00000000 
0.02400    137047376.00000000 85679256.00000000 216722864.00000000 94511.97656250  7186860.00000000 5681620.00000000 
0.02500    135160688.00000000 84513896.00000000 213755056.00000000 92856.28906250  7073524.00000000 5592399.00000000 
0.02600    133234944.00000000 83323264.00000000 210728096.00000000 91176.17187500  6958284.50000000 5501713.50000000 
0.02700    131275224.00000000 82112048.00000000 207646304.00000000 89474.61718750  6841283.50000000 5409610.50000000 
0.02800    129285016.00000000 80879952.00000000 204514320.00000000 87756.28906250  6722833.50000000 5316296.50000000 
0.02900    127267408.00000000 79632528.00000000 201342688.00000000 86026.46093750  6603173.00000000 5222111.00000000 
0.03000    125227296.00000000 78370984.00000000 198131600.00000000 84286.38281250  6482585.00000000 5127158.50000000 
0.03100    123166136.00000000 77095712.00000000 194887920.00000000 82541.60156250  6361308.00000000 5031599.00000000 
0.03200    121090448.00000000 75809128.00000000 191620320.00000000 80795.35156250  6239473.50000000 4935647.00000000 
0.03300    119002344.00000000 74514408.00000000 188332512.00000000 79050.64843750  6117394.00000000 4839417.00000000 
0.03400    116906008.00000000 73214472.00000000 185030256.00000000 77310.17187500  5995249.50000000 4743191.00000000 
0.03500    114803560.00000000 71910760.00000000 181718512.00000000 75577.19531250  5873284.00000000 4646994.00000000 
0.03600    112699536.00000000 70605056.00000000 178403840.00000000 73856.37500000  5751703.00000000 4551162.50000000 
0.03700    110598096.00000000 69300192.00000000 175090912.00000000 72149.55468750  5630679.00000000 4455723.00000000 
0.03800    108500128.00000000 67997832.00000000 171784544.00000000 70458.89843750  5510412.50000000 4360883.50000000 
0.03900    106410800.00000000 66697692.00000000 168488176.00000000 68787.19531250  5391049.00000000 4266705.50000000 
0.04000    104330128.00000000 65404732.00000000 165208032.00000000 67136.92968750  5272844.50000000 4173391.00000000 
0.04100    102264008.00000000 64119540.00000000 161949568.00000000 65510.40234375  5155894.00000000 4081080.75000000 
0.04200    100214184.00000000 62843360.00000000 158714400.00000000 63909.38281250  5040334.00000000 3989894.00000000 
0.04300    98182208.00000000 61578572.00000000 155507984.00000000 62335.54296875  4926340.00000000 3899888.00000000 
0.04400    96170896.00000000 60325920.00000000 152334752.00000000 60790.96093750  4813994.00000000 3811161.50000000 
0.04500    94184192.00000000 59087288.00000000 149195136.00000000 59277.44531250  4703474.00000000 3723851.75000000 
0.04600    92221144.00000000 57863152.00000000 146097232.00000000 57794.93750000  4594783.50000000 3638008.75000000 
0.04700    90286512.00000000 56655952.00000000 143040752.00000000 56345.11718750  4488121.00000000 3553736.00000000 
0.04800    88379512.00000000 55466544.00000000 140028912.00000000 54929.01953125  4383518.00000000 3471036.25000000 
0.04900    86504680.00000000 54295760.00000000 137064304.00000000 53547.05859375  4281039.00000000 3390053.00000000 
0.05000    84660848.00000000 53144244.00000000 134152056.00000000 52199.87890625  4180757.25000000 3310781.50000000 
0.05100    82850656.00000000 52013436.00000000 131289920.00000000 50888.06250000  4082714.75000000 3233270.75000000 
0.05200    81075912.00000000 50903764.00000000 128483640.00000000 49611.31640625  3986946.75000000 3157543.00000000 
0.05300    79336824.00000000 49816528.00000000 125732200.00000000 48370.14453125  3893527.25000000 3083626.75000000 
0.05400    77634360.00000000 48751324.00000000 123039144.00000000 47164.34375000  3802419.00000000 3011577.00000000 
0.05500    75969280.00000000 47709408.00000000 120404760.00000000 45993.69531250  3713678.25000000 2941372.50000000 
0.05600    74341960.00000000 46691956.00000000 117830720.00000000 44857.67187500  3627246.00000000 2873001.75000000 
0.05700    72753552.00000000 45697268.00000000 115317456.00000000 43756.35937500  3543210.00000000 2806505.75000000 
0.05800    71204968.00000000 44726848.00000000 112865984.00000000 42688.80078125  3461510.50000000 2741842.25000000 
0.05900    69693880.00000000 43781112.00000000 110475344.00000000 41654.57421875  3382098.25000000 2678980.50000000 
0.06000    68223320.00000000 42859960.00000000 108147296.00000000 40652.22656250  3304994.75000000 2617939.50000000 
0.06100    66792164.00000000 41963304.00000000 105881880.00000000 39681.96875000  3230153.25000000 2558732.00000000 
0.06200    65400224.00000000 41091680.00000000 103679576.00000000 38742.77343750  3157501.50000000 2501234.00000000 
0.06300    64047812.00000000 40244532.00000000 101538512.00000000 37833.25000000  3087079.75000000 2445472.25000000 
0.06400    62734076.00000000 39421768.00000000 99458896.00000000 36952.53906250  3018749.50000000 2391367.50000000 
0.06500    61459060.00000000 38623028.00000000 97440760.00000000 36099.53125000  2952537.50000000 2338984.75000000 
0.06600    60222420.00000000 37848668.00000000 95482392.00000000 35273.70703125  2888327.00000000 2288153.75000000 
0.06700    59023132.00000000 37097748.00000000 93585088.00000000 34473.57812500  2826087.25000000 2238891.50000000 
0.06800    57860524.00000000 36370308.00000000 91746384.00000000 33698.20703125  2765754.75000000 2191153.50000000 
0.06900    56734940.00000000 35666048.00000000 89965064.00000000 32946.67968750  2707283.25000000 2144882.00000000 
0.07000    55644368.00000000 34984556.00000000 88241040.00000000 32217.49414062  2650611.25000000 2100035.25000000 
0.07100    54589376.00000000 34324764.00000000 86571704.00000000 31509.73242188  2595636.00000000 2056560.50000000 
0.07200    53568052.00000000 33686652.00000000 84957384.00000000 30822.84570312  2542300.00000000 2014381.12500000 
0.07300    52579872.00000000 33070672.00000000 83395736.00000000 30155.10351562  2490585.00000000 1973476.12500000 
0.07400    51623708.00000000 32474382.00000000 81886536.00000000 29505.75781250  2440372.25000000 1933790.25000000 
0.07500    50699684.00000000 31898576.00000000 80426928.00000000 28874.35742188  2391632.75000000 1895269.12500000 
0.07600    49805776.00000000 31341946.00000000 79016320.00000000 28259.03515625  2344292.00000000 1857869.37500000 
0.07700    48941304.00000000 30804204.00000000 77652344.00000000 27659.66992188  2298279.25000000 1821512.25000000 
0.07800    48105784.00000000 30284910.00000000 76334520.00000000 27075.36523438  2253532.75000000 1786174.00000000 
0.07900    47297656.00000000 29783096.00000000 75061040.00000000 26504.97070312  2210018.00000000 1751806.62500000 
0.08000    46516172.00000000 29298668.00000000 73830176.00000000 25947.77343750  2167662.25000000 1718379.62500000 
0.08100    45759968.00000000 28830384.00000000 72640264.00000000 25403.56250000  2126395.50000000 1685806.12500000 
0.08200    45028616.00000000 28377766.00000000 71489496.00000000 24870.95117188  2086177.37500000 1654079.25000000 
0.08300    44321092.00000000 27940650.00000000 70376816.00000000 24349.65039062  2046952.62500000 1623125.62500000 
0.08400    43635752.00000000 27517978.00000000 69300176.00000000 23839.40820312  2008680.00000000 1592947.75000000 
0.08500    42972904.00000000 27109202.00000000 68258248.00000000 23339.35546875  1971304.25000000 1563480.75000000 
0.08600    42329956.00000000 26713820.00000000 67250232.00000000 22849.24609375  1934784.12500000 1534695.62500000 
0.08700    41707016.00000000 26331290.00000000 66273804.00000000 22368.54882812  1899090.37500000 1506559.75000000 
0.08800    41103192.00000000 25960590.00000000 65326832.00000000 21896.98632812  1864159.37500000 1479044.87500000 
0.08900    40517308.00000000 25601586.00000000 64409564.00000000 21434.14453125  1829981.87500000 1452104.62500000 
0.09000    39948408.00000000 25253772.00000000 63519508.00000000 20979.67773438  1796481.00000000 1425722.12500000 
0.09100    39395704.00000000 24916100.00000000 62655688.00000000 20533.64648438  1763678.37500000 1399889.00000000 
0.09200    38858772.00000000 24588248.00000000 61816040.00000000 20095.47265625  1731507.87500000 1374568.87500000 
0.09300    38336772.00000000 24269986.00000000 61000088.00000000 19665.34570312  1699971.75000000 1349718.25000000 
0.09400    37827880.00000000 23960230.00000000 60205828.00000000 19242.64453125  1669020.25000000 1325340.62500000 
0.09500    37332688.00000000 23658868.00000000 59432700.00000000 18827.48437500  1638642.50000000 1301418.37500000 
0.09600    36849132.00000000 23365392.00000000 58679572.00000000 18420.05273438  1608810.75000000 1277928.37500000 
0.09700    36377800.00000000 23079382.00000000 57944768.00000000 18019.70898438  1579510.37500000 1254842.50000000 
0.09800    35917516.00000000 22800270.00000000 57227220.00000000 17626.69921875  1550748.87500000 1232174.00000000 
0.09900    35467820.00000000 22527674.00000000 56526804.00000000 17241.12695312  1522457.25000000 1209894.00000000 
0.10000    35027924.00000000 22261018.00000000 55841700.00000000 16862.59765625  1494654.62500000 1187979.75000000 
0.10100    34597248.00000000 22000234.00000000 55170944.00000000 16491.24414062  1467337.87500000 1166452.62500000 
0.10200    34174984.00000000 21744706.00000000 54513700.00000000 16126.88281250  1440458.87500000 1145254.62500000 
0.10300    33760760.00000000 21494238.00000000 53868740.00000000 15769.75976562  1414039.50000000 1124416.62500000 
0.10400    33354370.00000000 21248262.00000000 53235768.00000000 15419.66308594  1388059.75000000 1103921.50000000 
0.10500    32955368.00000000 21006636.00000000 52614468.00000000 15076.57421875  1362504.37500000 1083761.87500000 
0.10600    32562562.00000000 20768682.00000000 52002820.00000000 14740.30957031  1337366.00000000 1063918.12500000 
0.10700    32176018.00000000 20534626.00000000 51401092.00000000 14411.30859375  1312653.62500000 1044398.75000000 
0.10800    31795514.00000000 20303972.00000000 50807980.00000000 14089.05175781  1288339.00000000 1025182.18750000 
0.10900    31420396.00000000 20076470.00000000 50223056.00000000 13773.65917969  1264415.87500000 1006284.75000000 
0.11000    31050168.00000000 19851584.00000000 49645832.00000000 13464.94628906  1240895.87500000 987687.25000000 
0.11100    30684794.00000000 19629708.00000000 49075820.00000000 13163.14062500  1217762.37500000 969383.06250000 
0.11200    30323786.00000000 19409958.00000000 48512436.00000000 12867.96093750  1194992.75000000 951367.50000000 
0.11300    29966676.00000000 19192170.00000000 47954596.00000000 12579.18750000  1172608.50000000 933638.31250000 
0.11400    29613306.00000000 18977026.00000000 47402288.00000000 12296.93164062  1150578.62500000 916189.37500000 
0.11500    29263736.00000000 18763158.00000000 46855364.00000000 12021.06738281  1128897.75000000 899017.62500000 
0.11600    28917336.00000000 18551358.00000000 46313164.00000000 11751.48339844  1107580.37500000 882125.25000000 
0.11700    28573804.00000000 18340808.00000000 45775404.00000000 11487.79589844  1086607.12500000 865490.31250000 
0.11800    28233040.00000000 18131746.00000000 45241136.00000000 11230.25683594  1065975.12500000 849112.81250000 
0.11900    27895062.00000000 17923872.00000000 44710788.00000000 10978.34277344  1045667.56250000 832998.50000000 
0.12000    27559374.00000000 17716996.00000000 44183432.00000000 10732.16699219  1025687.00000000 817134.37500000 
0.12100    27225718.00000000 17511390.00000000 43659700.00000000 10491.53320312  1006024.75000000 801515.56250000 
0.12200    26894426.00000000 17306694.00000000 43138276.00000000 10256.36328125  986671.56250000 786143.93750000 
0.12300    26565014.00000000 17102800.00000000 42619540.00000000 10026.12597656  967630.93750000 771006.31250000 
0.12400    26237426.00000000 16899334.00000000 42103488.00000000 9801.16308594   948883.68750000 756095.56250000 
0.12500    25911222.00000000 16697049.00000000 41589592.00000000 9581.07812500   930427.12500000 741411.93750000 
0.12600    25586792.00000000 16495202.00000000 41077244.00000000 9365.61425781   912261.75000000 726956.25000000 
0.12700    25263782.00000000 16293907.00000000 40567424.00000000 9154.58593750   894361.18750000 712710.12500000 
0.12800    24942088.00000000 16093116.00000000 40059272.00000000 8948.22949219   876742.00000000 698677.75000000 
0.12900    24622014.00000000 15892899.00000000 39552820.00000000 8745.99218750   859383.87500000 684850.56250000 
0.13000    24303008.00000000 15693239.00000000 39047920.00000000 8547.83691406   842285.50000000 671231.87500000 
0.13100    23985650.00000000 15493987.00000000 38544496.00000000 8353.74609375   825435.56250000 657808.25000000 
0.13200    23669010.00000000 15295216.00000000 38042652.00000000 8163.36621094   808835.12500000 644578.81250000 
0.13300    23353980.00000000 15097018.00000000 37543180.00000000 7976.81982422   792478.43750000 631540.06250000 
0.13400    23039974.00000000 14899289.00000000 37044976.00000000 7793.80371094   776349.12500000 618684.25000000 
0.13500    22727474.00000000 14701980.00000000 36548188.00000000 7614.30566406   760464.25000000 606017.31250000 
0.13600    22415976.00000000 14505254.00000000 36052848.00000000 7438.21679688   744793.06250000 593524.68750000 
0.13700    22105610.00000000 14309150.00000000 35559332.00000000 7265.42919922   729350.18750000 581208.68750000 
0.13800    21796816.00000000 14113606.00000000 35067976.00000000 7095.85449219   714126.93750000 569065.37500000 
0.13900    21489172.00000000 13918666.00000000 34578000.00000000 6929.47607422   699123.06250000 557094.56250000 
0.14000    21183146.00000000 13724494.00000000 34090388.00000000 6766.19628906   684329.43750000 545304.00000000 
0.14100    20878296.00000000 13530954.00000000 33604800.00000000 6606.02099609   669755.12500000 533658.56250000 
0.14200    20575014.00000000 13338184.00000000 33121388.00000000 6448.83837891   655371.62500000 522196.18750000 
0.14300    20273354.00000000 13146227.00000000 32640042.00000000 6294.65820312   641207.06250000 510894.90625000 
0.14400    19973328.00000000 12955116.00000000 32161036.00000000 6143.40478516   627237.12500000 499753.25000000 
0.14500    19675048.00000000 12765066.00000000 31684912.00000000 5995.19287109   613481.81250000 488774.09375000 
0.14600    19378450.00000000 12575968.00000000 31211244.00000000 5849.98583984   599931.37500000 477960.59375000 
0.14700    19084022.00000000 12387939.00000000 30740708.00000000 5707.68066406   586586.12500000 467310.81250000 
0.14800    18791300.00000000 12201115.00000000 30273184.00000000 5568.43359375   573432.93750000 456817.96875000 
0.14900    18500704.00000000 12015335.00000000 29808354.00000000 5432.00585938   560487.12500000 446485.06250000 
0.15000    18212396.00000000 11830908.00000000 29347236.00000000 5298.68847656   547751.81250000 436317.00000000 
0.15100    17926058.00000000 11647791.00000000 28889620.00000000 5168.32080078   535215.50000000 426310.96875000 
0.15200    17642444.00000000 11466136.00000000 28435168.00000000 5041.00683594   522889.31250000 416467.50000000 
0.15300    17360848.00000000 11285932.00000000 27984886.00000000 4916.76855469   510766.87500000 406786.31250000 
0.15400    17082138.00000000 11107189.00000000 27538332.00000000 4795.52294922   498848.34375000 397267.81250000 
0.15500    16805934.00000000 10930048.00000000 27096054.00000000 4677.40429688   487139.06250000 387918.21875000 
0.15600    16532570.00000000 10754633.00000000 26658008.00000000 4562.38378906   475634.90625000 378732.18750000 
0.15700    16261833.00000000 10580740.00000000 26224174.00000000 4450.46337891   464344.81250000 369708.00000000 
0.15800    15993845.00000000 10408691.00000000 25794886.00000000 4341.63525391   453261.62500000 360848.31250000 
0.15900    15728982.00000000 10238483.00000000 25370218.00000000 4235.95605469   442388.28125000 352156.37500000 
0.16000    15466941.00000000 10070059.00000000 24950280.00000000 4133.23486328   431723.81250000 343630.40625000 
0.16100    15208250.00000000 9903677.00000000 24535298.00000000 4033.74487305   421276.12500000 335273.62500000 
0.16200    14952432.00000000 9739228.00000000 24125182.00000000 3937.29736328   411034.50000000 327079.53125000 
0.16300    14700067.00000000 9576754.00000000 23720060.00000000 3843.87500000   401003.12500000 319055.28125000 
0.16400    14450910.00000000 9416190.00000000 23320114.00000000 3753.46826172   391180.28125000 311191.71875000 
0.16500    14204938.00000000 9257831.00000000 22925246.00000000 3666.05444336   381570.68750000 303497.18750000 
0.16600    13962286.00000000 9101530.00000000 22535916.00000000 3581.53369141   372165.84375000 295968.25000000 
0.16700    13723093.00000000 8947268.00000000 22151728.00000000 3499.87280273   362966.37500000 288593.78125000 
0.16800    13487287.00000000 8795108.00000000 21773014.00000000 3420.99511719   353968.09375000 281383.34375000 
0.16900    13254814.00000000 8645217.00000000 21399752.00000000 3344.85742188   345177.50000000 274337.25000000 
0.17000    13025767.00000000 8497319.00000000 21031566.00000000 3271.39111328   336583.03125000 267445.62500000 
0.17100    12800286.00000000 8351665.00000000 20669164.00000000 3200.46582031   328184.03125000 260706.17187500 
0.17200    12578070.00000000 8208149.50000000 20311902.00000000 3132.00683594   319980.87500000 254123.17187500 
0.17300    12359268.00000000 8066748.50000000 19960300.00000000 3065.89721680   311964.34375000 247689.40625000 
0.17400    12144059.00000000 7927588.50000000 19614088.00000000 3002.09277344   304136.37500000 241405.03125000 
0.17500    11932065.00000000 7790453.00000000 19273096.00000000 2940.42187500   296489.18750000 235260.90625000 
0.17600    11723504.00000000 7655519.00000000 18937172.00000000 2880.75463867   289018.12500000 229260.54687500 
0.17700    11518281.00000000 7522646.50000000 18607160.00000000 2823.09936523   281722.87500000 223396.87500000 
0.17800    11316210.00000000 7391821.50000000 18282186.00000000 2767.14746094   274595.40625000 217667.95312500 
0.17900    11117578.00000000 7263133.00000000 17962292.00000000 2712.96386719   267631.37500000 212070.23437500 
0.18000    10922118.00000000 7136488.50000000 17647516.00000000 2660.33569336   260828.35937500 206599.42187500 
0.18100    10729858.00000000 7011875.50000000 17337884.00000000 2609.20336914   254178.85937500 201250.92187500 
0.18200    10540556.00000000 6889126.50000000 17033228.00000000 2559.36181641   247675.73437500 196020.78125000 
0.18300    10354334.00000000 6768413.50000000 16733531.00000000 2510.73876953   241317.43750000 190907.59375000 
0.18400    10171406.00000000 6649577.50000000 16438440.00000000 2463.23974609   235098.21875000 185904.73437500 
0.18500    9991265.00000000 6532666.50000000 16148233.00000000 2416.75463867   229011.42187500 181008.95312500 
0.18600    9814097.00000000 6417626.50000000 15862592.00000000 2371.17431641   223055.25000000 176215.20312500 
0.18700    9639702.00000000 6304398.00000000 15581700.00000000 2326.40502930   217219.01562500 171523.98437500 
0.18800    9467994.00000000 6192978.00000000 15304969.00000000 2282.33496094   211503.76562500 166925.82812500 
0.18900    9299217.00000000 6083291.50000000 15032927.00000000 2238.97265625   205904.71875000 162423.98437500 
0.19000    9132994.00000000 5975219.50000000 14764881.00000000 2196.09594727   200410.51562500 158007.85937500 
0.19100    8969496.00000000 5869039.00000000 14501278.00000000 2153.75097656   195029.40625000 153682.26562500 
0.19200    8808389.00000000 5764319.00000000 14241481.00000000 2111.83837891   189744.64062500 149434.79687500 
0.19300    8649988.00000000 5661306.00000000 13986088.00000000 2070.33837891   184562.67187500 145271.06250000 
0.19400    8493964.00000000 5559886.50000000 13734384.00000000 2029.16381836   179474.75000000 141184.79687500 
0.19500    8340330.50000000 5459976.00000000 13486731.00000000 1988.31945801   174476.65625000 137172.59375000 
0.19600    8189032.50000000 5361576.50000000 13242682.00000000 1947.73913574   169569.45312500 133233.64062500 
0.19700    8040121.50000000 5264763.00000000 13002476.00000000 1907.45922852   164750.59375000 129365.78906250 
0.19800    7893465.50000000 5169344.00000000 12765796.00000000 1867.42358398   160014.64062500 125568.03906250 
0.19900    7749072.00000000 5075402.00000000 12532920.00000000 1827.68786621   155364.68750000 121838.90625000 
0.20000    7606822.50000000 4982835.50000000 12303365.00000000 1788.21423340   150793.10937500 118175.15625000 
0.20100    7466787.50000000 4891724.00000000 12077515.00000000 1749.05334473   146306.00000000 114579.60937500 
0.20200    7328854.00000000 4801938.00000000 11854928.00000000 1710.22290039   141897.07812500 111047.25781250 
0.20300    7192986.00000000 4713579.50000000 11635790.00000000 1671.74609375   137569.43750000 107581.64843750 
0.20400    7059319.00000000 4626535.50000000 11420028.00000000 1633.67736816   133319.20312500 104178.53125000 
0.20500    6927648.00000000 4540812.50000000 11207599.00000000 1596.05737305   129148.82031250 100841.29687500 
0.20600    6798041.00000000 4456422.50000000 10998521.00000000 1558.93798828   125057.96875000 97568.35156250  
0.20700    6670467.00000000 4373355.00000000 10792570.00000000 1522.35571289   121048.32031250 94360.24218750  
0.20800    6544893.00000000 4291579.00000000 10589937.00000000 1486.36840820   117118.03125000 91215.95312500  
0.20900    6421393.50000000 4211135.00000000 10390538.00000000 1451.09155273   113273.78906250 88141.64843750  
0.21000    6299842.00000000 4131941.50000000 10194321.00000000 1416.50683594   109507.51562500 85129.82812500  
0.21100    6180322.00000000 4054006.25000000 10001364.00000000 1382.69970703   105828.17187500 82186.17968750  
0.21200    6062768.00000000 3977374.25000000 9811506.00000000 1349.75830078   102231.90625000 79310.49218750  
0.21300    5947190.50000000 3901954.75000000 9624778.00000000 1317.72778320   98721.82031250  76504.43750000  
0.21400    5833599.00000000 3827861.50000000 9441319.00000000 1286.66650391   95300.95312500  73767.64062500  
0.21500    5722066.00000000 3755032.25000000 9261008.00000000 1256.64038086   91968.64062500  71102.24218750  
0.21600    5612376.00000000 3683426.75000000 9083883.00000000 1227.66333008   88725.39843750  68506.32031250  
0.21700    5504755.50000000 3613100.75000000 8909869.00000000 1199.83642578   85573.96093750  65983.99218750  
0.21800    5399069.50000000 3544027.00000000 8738968.00000000 1173.19152832   82513.45312500  63533.90625000  
0.21900    5295348.00000000 3476178.75000000 8571127.00000000 1147.74426270   79546.21093750  61155.77734375  
0.22000    5193616.50000000 3409574.00000000 8406510.00000000 1123.55920410   76672.17187500  58852.33593750  
0.22100    5093826.00000000 3344226.00000000 8245089.50000000 1100.66967773   73894.17968750  56624.57812500  
0.22200    4995955.00000000 3280154.00000000 8086693.00000000 1079.08410645   71210.68750000  54470.60156250  
0.22300    4900106.50000000 3217241.00000000 7931362.50000000 1058.81225586   68620.89062500  52391.13281250  
0.22400    4806092.00000000 3155574.75000000 7779101.50000000 1039.86462402   66124.15625000  50384.93359375  
0.22500    4714166.50000000 3095157.50000000 7629998.50000000 1022.27984619   63726.34375000  48455.93750000  
0.22600    4624024.50000000 3035916.25000000 7483834.50000000 1005.99047852   61418.98437500  46598.12890625  
0.22700    4535793.50000000 2977911.50000000 7340751.00000000 991.04327393    59207.70312500  44814.67968750  
0.22800    4449464.00000000 2921035.50000000 7200679.50000000 977.38464355    57086.36718750  43102.92187500  
0.22900    4364994.50000000 2865377.75000000 7063468.00000000 964.99700928    55055.61718750  41462.19921875  
0.23000    4282313.50000000 2810866.50000000 6929207.00000000 953.86212158    53114.92187500  39892.41796875  
0.23100    4201575.50000000 2757522.00000000 6797929.00000000 943.94305420    51262.00390625  38391.69921875  
0.23200    4122469.50000000 2705264.00000000 6669357.50000000 935.14233398    49493.15234375  36955.97265625  
0.23300    4045221.50000000 2654140.50000000 6543620.50000000 927.46905518    47807.56640625  35586.35156250  
0.23400    3969665.75000000 2604106.00000000 6420648.00000000 920.85443115    46202.21875000  34280.74218750  
0.23500    3895747.25000000 2555120.00000000 6300309.50000000 915.20214844    44672.01953125  33034.22656250  
0.23600    3823565.00000000 2507234.75000000 6182588.50000000 910.50207520    43219.56640625  31847.90234375  
0.23700    3752918.25000000 2460299.00000000 6067485.00000000 906.65197754    41836.99218750  30717.91796875  
0.23800    3683879.50000000 2414430.75000000 5954877.50000000 903.58612061    40523.37109375  29641.37695312  
0.23900    3616362.25000000 2369482.50000000 5844718.00000000 901.21374512    39272.76562500  28615.67968750  
0.24000    3550296.75000000 2325501.50000000 5736867.50000000 899.48748779    38082.97656250  27637.77148438  
0.24100    3485733.75000000 2282467.50000000 5631407.00000000 898.32287598    36952.30859375  26707.28320312  
0.24200    3422532.50000000 2240316.00000000 5528102.50000000 897.63525391    35874.98437500  25818.96093750  
0.24300    3360647.75000000 2199021.00000000 5427035.50000000 897.34686279    34846.08203125  24970.35351562  
0.24400    3300096.50000000 2158558.75000000 5327949.50000000 897.38214111    33863.20703125  24157.95117188  
0.24500    3240742.50000000 2118905.50000000 5230972.50000000 897.66552734    32921.78515625  23379.68750000  
0.24600    3182602.50000000 2080058.37500000 5135853.50000000 898.12463379    32019.75195312  22632.78320312  
0.24700    3125614.00000000 2041942.50000000 5042622.50000000 898.70074463    31152.06250000  21914.25781250  
0.24800    3069713.75000000 2004547.75000000 4951142.00000000 899.29943848    30315.03320312  21220.96484375  
0.24900    3014838.25000000 1967852.87500000 4861391.50000000 899.88226318    29505.04687500  20549.85546875  
0.25000    2961010.25000000 1931812.12500000 4773227.50000000 900.37896729    28719.37695312  19899.49218750  
0.25100    2908081.00000000 1896376.50000000 4686570.50000000 900.73016357    27953.34375000  19266.08984375  
0.25200    2856128.00000000 1861617.87500000 4601544.50000000 900.91516113    27207.37304688  18649.17382812  
0.25300    2805010.25000000 1827412.25000000 4517874.50000000 900.85522461    26474.76757812  18044.56835938  
0.25400    2754693.50000000 1793758.25000000 4435562.50000000 900.52716064    25754.70117188  17451.19531250  
0.25500    2705162.00000000 1760627.87500000 4354496.00000000 899.88287354    25042.98242188  16866.31054688  
0.25600    2656391.50000000 1728025.50000000 4274755.50000000 898.90911865    24339.80859375  16289.41601562  
0.25700    2608312.00000000 1695911.25000000 4196096.00000000 897.58001709    23641.64648438  15717.41894531  
0.25800    2560921.25000000 1664262.62500000 4118617.00000000 895.89837646    22947.19726562  15150.38183594  
0.25900    2514140.50000000 1633061.62500000 4042202.75000000 893.81860352    22254.59375000  14586.61718750  
0.26000    2468023.25000000 1602309.25000000 3966819.50000000 891.36718750    21563.69531250  14025.15429688  
0.26100    2422433.75000000 1571942.75000000 3892413.75000000 888.50970459    20870.98242188  13464.24023438  
0.26200    2377480.25000000 1542014.25000000 3819006.50000000 885.30694580    20179.52148438  12905.59667969  
0.26300    2332972.50000000 1512445.12500000 3746449.75000000 881.71582031    19484.30078125  12345.73144531  
0.26400    2289051.50000000 1483265.50000000 3674820.00000000 877.79193115    18788.47460938  11786.75683594  
0.26500    2245645.25000000 1454449.87500000 3604059.50000000 873.54284668    18091.42968750  11228.24902344  
0.26600    2202695.75000000 1425989.37500000 3534109.00000000 868.99176025    17392.20898438  10669.31933594  
0.26700    2160239.00000000 1397895.75000000 3465033.25000000 864.17877197    16692.61523438  10111.58886719  
0.26800    2118310.75000000 1370131.37500000 3396771.25000000 859.14477539    15993.29687500  9555.02832031   
0.26900    2076776.62500000 1342705.00000000 3329278.50000000 853.88916016    15292.93261719  8999.16210938   
0.27000    2035759.00000000 1315634.00000000 3262597.25000000 848.49468994    14594.93261719  8446.47265625   
0.27100    1995197.37500000 1288893.00000000 3196717.25000000 842.96618652    13898.55859375  7896.22900391   
0.27200    1955148.62500000 1262516.50000000 3131684.50000000 837.38812256    13208.28320312  7351.83447266   
0.27300    1915525.62500000 1236432.00000000 3067418.00000000 831.75573730    12521.45312500  6810.66357422   
0.27400    1876320.00000000 1210685.62500000 3003860.75000000 826.11981201    11839.59179688  6274.66308594   
0.27500    1837678.75000000 1185319.25000000 2941224.25000000 820.56329346    11169.26953125  5748.69580078   
0.27600    1799473.12500000 1160249.87500000 2879322.75000000 815.07507324    10505.88085938  5229.07812500   
0.27700    1761825.50000000 1135555.87500000 2818377.25000000 809.76727295    9856.42285156   4720.76806641   
0.27800    1724639.62500000 1111212.62500000 2758173.00000000 804.62176514    9219.00390625   4222.66845703   
0.27900    1687997.12500000 1087230.87500000 2698868.50000000 799.68957520    8597.30371094   3737.58471680   
0.28000    1651873.12500000 1063604.12500000 2640471.75000000 795.01867676    7991.85351562   3265.78906250   
0.28100    1616279.25000000 1040338.75000000 2582906.25000000 790.64410400    7404.31396484   2808.45312500   
0.28200    1581281.37500000 1017480.62500000 2526317.00000000 786.59613037    6837.83203125   2367.73657227   
0.28300    1546830.87500000 994975.87500000 2470637.25000000 782.90521240    6292.43994141   1944.16516113   
0.28400    1512936.25000000 972854.87500000 2415897.00000000 779.58740234    5769.19482422   1538.40759277   
0.28500    1479653.50000000 951149.43750000 2362149.50000000 776.67114258    5271.02441406   1152.46789551   
0.28600    1446965.87500000 929825.81250000 2309325.00000000 774.17633057    4797.44775391   785.84320068    
0.28700    1414898.12500000 908903.31250000 2257539.75000000 772.11535645    4350.99462891   440.44567871    
0.28800    1383432.25000000 888390.06250000 2206733.75000000 770.51031494    3931.94897461   116.79593658    
0.28900    1352632.37500000 868300.18750000 2156989.00000000 769.35961914    3542.22192383   -183.73030090   
0.29000    1322438.12500000 848607.68750000 2108224.25000000 768.65356445    3180.42065430   -462.49575806   
0.29100    1292917.12500000 829360.93750000 2060550.50000000 768.41461182    2849.43750000   -717.10290527   
0.29200    1264021.87500000 810509.43750000 2013901.75000000 768.63024902    2548.20410156   -948.55670166   
0.29300    1235820.87500000 792104.81250000 1968342.50000000 769.29107666    2278.13159180   -1155.34912109  
0.29400    1208228.75000000 774103.81250000 1923783.87500000 770.37231445    2037.19982910   -1340.13476562  
0.29500    1181366.00000000 756555.87500000 1880359.75000000 771.90020752    1828.50012207   -1499.25024414  
0.29600    1155125.62500000 739405.00000000 1837944.50000000 773.81140137    1649.37731934   -1635.55261230  
0.29700    1129560.25000000 722680.62500000 1796594.00000000 776.10864258    1500.29541016   -1748.94238281  
0.29800    1104653.37500000 706394.12500000 1756332.75000000 778.76373291    1381.15551758   -1838.65258789  
0.29900    1080418.00000000 690525.75000000 1717116.37500000 781.76092529    1291.72875977   -1905.45581055  
0.30000    1056808.62500000 675054.31250000 1678912.50000000 785.05566406    1229.65246582   -1951.06188965  
0.30100    1033887.31250000 660020.18750000 1641788.12500000 788.64294434    1196.37622070   -1974.46240234  
0.30200    1011572.31250000 645364.43750000 1605638.50000000 792.47265625    1188.75781250   -1978.07983398  
0.30300    989913.18750000 631132.31250000 1570521.87500000 796.52716064    1207.39990234   -1961.29785156  
0.30400    968904.31250000 617294.37500000 1536444.50000000 800.77551270    1251.23681641   -1925.13244629  
0.30500    948453.25000000 603834.25000000 1503262.00000000 805.17108154    1317.43737793   -1871.83325195  
0.30600    928639.00000000 590750.06250000 1471060.87500000 809.68811035    1406.01989746   -1801.19152832  
0.30700    909428.12500000 578054.00000000 1439832.37500000 814.31024170    1516.52539062   -1713.63610840  
0.30800    890767.75000000 565709.81250000 1409494.00000000 818.98809814    1645.96630859   -1611.68713379  
0.30900    872691.37500000 553732.31250000 1380075.25000000 823.70574951    1794.23315430   -1495.09301758  
0.31000    855175.25000000 542103.68750000 1351537.62500000 828.41918945    1959.45495605   -1365.65991211  
0.31100    838161.43750000 530799.25000000 1323810.75000000 833.10736084    2139.98071289   -1224.35913086  
0.31200    821695.68750000 519834.21875000 1296949.25000000 837.75317383    2335.23876953   -1071.87756348  
0.31300    805728.81250000 509188.62500000 1270858.62500000 842.32916260    2543.42285156   -909.43426514   
0.31400    790276.56250000 498866.28125000 1245604.75000000 846.79199219    2763.71801758   -737.81762695   
0.31500    775275.00000000 488825.40625000 1221058.87500000 851.15307617    2993.98266602   -558.81274414   
0.31600    760746.31250000 479085.40625000 1197274.75000000 855.37219238    3233.80737305   -372.17599487   
0.31700    746661.81250000 469622.93750000 1174186.12500000 859.44598389    3481.99682617   -179.51358032   
0.31800    732992.62500000 460434.50000000 1151763.12500000 863.33764648    3736.05029297   17.78422165     
0.31900    719766.00000000 451510.65625000 1130047.00000000 867.07891846    3997.50219727   220.92030334    
0.32000    706935.93750000 442844.18750000 1108948.62500000 870.61773682    4263.30810547   427.03689575    
0.32100    694478.12500000 434410.81250000 1088439.12500000 873.97027588    4533.01025391   636.21368408    
0.32200    682425.25000000 426234.34375000 1068584.00000000 877.12866211    4806.74755859   848.27050781    
0.32300    670678.87500000 418260.81250000 1049220.62500000 880.08300781    5081.82617188   1061.42077637   
0.32400    659310.56250000 410519.87500000 1030429.06250000 882.83489990    5359.04785156   1276.12963867   
0.32500    648260.62500000 402988.28125000 1012182.81250000 885.39929199    5637.27441406   1491.57666016   
0.32600    637551.18750000 395664.96875000 994467.25000000 887.76318359    5916.41796875   1707.80981445   
0.32700    627151.00000000 388541.62500000 977233.75000000 889.94146729    6195.79394531   1924.25354004   
0.32800    617067.37500000 381624.84375000 960513.56250000 891.95239258    6475.71093750   2141.25366211   
0.32900    607258.31250000 374879.21875000 944219.62500000 893.77539062    6754.17382812   2356.92260742   
0.33000    597738.12500000 368321.59375000 928410.68750000 895.44757080    7032.95361328   2572.86450195   
0.33100    588458.87500000 361920.40625000 912975.06250000 896.95587158    7309.29199219   2787.02612305   
0.33200    579508.37500000 355729.21875000 898072.93750000 898.34594727    7586.67919922   3002.27539062   
0.33300    570782.56250000 349681.43750000 883529.62500000 899.59326172    7861.83544922   3215.91699219   
0.33400    562325.31250000 343812.09375000 869410.56250000 900.72259521    8136.61523438   3429.11279297   
0.33500    554105.25000000 338089.53125000 855665.43750000 901.76116943    8409.79199219   3641.43359375   
0.33600    546129.18750000 332522.93750000 842328.68750000 902.70153809    8681.97265625   3853.20776367   
0.33700    538381.12500000 327110.75000000 829346.56250000 903.55889893    8953.19921875   4064.31762695   
0.33800    530889.93750000 321861.90625000 816777.25000000 904.35815430    9224.40429688   4275.67773438   
0.33900    523594.06250000 316738.65625000 804523.75000000 905.08996582    9493.88281250   4485.87207031   
0.34000    516534.18750000 311773.21875000 792660.31250000 905.79626465    9763.21875000   4696.18164062   
0.34100    509693.62500000 306951.78125000 781140.37500000 906.46343994    10031.99121094  4906.44531250   
0.34200    503108.53125000 302285.31250000 770026.43750000 907.09576416    10301.84375000  5117.67919922   
0.34300    496686.00000000 297739.12500000 759193.50000000 907.72344971    10569.89160156  5327.92871094   
0.34400    490519.34375000 293350.84375000 748762.43750000 908.33752441    10839.55371094  5539.63378906   
0.34500    484533.56250000 289088.75000000 738625.06250000 908.94580078    11108.33105469  5750.97021484   
0.34600    478785.50000000 284977.53125000 728878.75000000 909.55737305    11378.69726562  5963.79248047   
0.34700    473204.78125000 280970.90625000 719382.37500000 910.16143799    11647.68359375  6175.90771484   
0.34800    467843.81250000 277115.25000000 710255.25000000 910.78240967    11917.46289062  6389.00341797   
0.34900    462674.12500000 273388.71875000 701455.75000000 911.39349365    12188.06152344  6602.95605469   
0.35000    457702.46875000 269792.68750000 692955.56250000 912.01171875    12458.67773438  6817.26416016   
0.35100    452946.46875000 266333.59375000 684801.06250000 912.63519287    12730.47070312  7032.88574219   
0.35200    448336.34375000 262969.18750000 676893.12500000 913.23596191    13001.01074219  7247.82031250   
0.35300    443928.62500000 259742.31250000 669307.62500000 913.83630371    13272.05371094  7463.28222656   
0.35400    439714.00000000 256645.50000000 662044.68750000 914.41613770    13543.23925781  7679.43994141   
0.35500    435673.12500000 253661.48437500 655072.00000000 914.97241211    13814.20117188  7895.53906250   
0.35600    431793.65625000 250785.64062500 648347.62500000 915.48608398    14084.27343750  8111.25292969   
0.35700    428098.06250000 248027.46875000 641915.75000000 915.96508789    14354.00097656  8326.73339844   
0.35800    424569.84375000 245388.14062500 635778.56250000 916.39422607    14622.57421875  8542.08007812   
0.35900    421200.28125000 242857.17187500 629900.50000000 916.76324463    14890.00976562  8756.44824219   
0.36000    418009.06250000 240442.82812500 624304.37500000 917.05639648    15156.32812500  8970.22070312   
0.36100    414940.90625000 238110.68750000 618910.50000000 917.25891113    15419.65039062  9181.86816406   
0.36200    412072.90625000 235912.28125000 613849.81250000 917.38079834    15682.69335938  9393.50292969   
0.36300    409296.96875000 233778.42187500 608932.68750000 917.38293457    15940.95898438  9601.70996094   
0.36400    406668.43750000 231742.53125000 604262.06250000 917.25848389    16196.52929688  9807.72949219   
0.36500    404168.43750000 229797.65625000 599810.75000000 917.01239014    16448.39843750  10011.46582031  
0.36600    401822.84375000 227956.42187500 595608.50000000 916.63421631    16697.56445312  10213.16210938  
0.36700    399574.81250000 226178.53125000 591554.18750000 916.09625244    16941.33593750  10410.57617188  
0.36800    397482.37500000 224514.62500000 587779.37500000 915.41857910    17182.42187500  10606.01562500  
0.36900    395495.18750000 222917.68750000 584163.75000000 914.56939697    17418.12890625  10797.48339844  
0.37000    393574.34375000 221372.06250000 580666.87500000 913.53125000    17646.93554688  10983.60937500  
0.37100    391771.56250000 219903.87500000 577361.81250000 912.31079102    17870.74804688  11165.86523438  
0.37200    390092.37500000 218526.35937500 574269.81250000 910.93469238    18090.00390625  11344.62500000  
0.37300    388479.90625000 217193.35937500 571278.75000000 909.34954834    18302.17382812  11517.65917969  
0.37400    386969.84375000 215936.82812500 568467.18750000 907.58978271    18508.55859375  11686.75878906  
0.37500    385544.43750000 214734.62500000 565791.06250000 905.63739014    18708.60546875  11850.46582031  
0.37600    384203.18750000 213597.95312500 563269.68750000 903.47985840    18901.31445312  12008.98632812  
0.37700    382914.90625000 212497.21875000 560838.87500000 901.13397217    19086.96093750  12161.68261719  
0.37800    381712.40625000 211454.89062500 558534.43750000 898.60900879    19266.12890625  12309.36914062  
0.37900    380596.71875000 210477.40625000 556377.06250000 895.90118408    19438.74218750  12452.18164062  
0.38000    379518.93750000 209530.43750000 554306.06250000 893.00585938    19603.38476562  12588.59570312  
0.38100    378488.34375000 208618.15625000 552309.81250000 889.93176270    19760.53906250  12719.43554688  
0.38200    377539.21875000 207762.60937500 550438.43750000 886.70306396    19911.51757812  12845.26562500  
0.38300    376617.12500000 206932.81250000 548633.93750000 883.30371094    20054.72265625  12964.80468750  
0.38400    375778.71875000 206161.92187500 546966.68750000 879.76904297    20191.62695312  13080.03027344  
0.38500    374959.25000000 205405.00000000 545320.93750000 876.08612061    20320.86328125  13188.97265625  
0.38600    374217.50000000 204707.28125000 543812.93750000 872.28759766    20444.66210938  13293.98046875  
0.38700    373489.53125000 204020.03125000 542336.87500000 868.35705566    20560.35937500  13392.65820312  
0.38800    372812.59375000 203368.06250000 540952.56250000 864.32904053    20670.49804688  13486.94726562  
0.38900    372173.90625000 202747.03125000 539622.68750000 860.20684814    20774.36132812  13576.65136719  
0.39000    371595.46875000 202175.82812500 538412.25000000 856.01501465    20873.16406250  13662.46875000  
0.39100    371038.15625000 201617.21875000 537229.62500000 851.76062012    20965.85156250  13743.57812500  
0.39200    370533.43750000 201096.64062500 536135.68750000 847.44696045    21053.47460938  13821.07324219  
0.39300    370046.68750000 200592.70312500 535088.12500000 843.08557129    21135.83593750  13894.20214844  
0.39400    369637.37500000 200141.10937500 534163.18750000 838.71246338    21214.18554688  13964.76367188  
0.39500    369218.53125000 199692.79687500 533222.62500000 834.30841064    21286.94140625  14031.21386719  
0.39600    368850.90625000 199274.09375000 532368.68750000 829.91339111    21356.05664062  14094.91699219  
0.39700    368510.90625000 198880.25000000 531575.25000000 825.52075195    21420.92187500  14155.71093750  
0.39800    368221.34375000 198524.18750000 530863.37500000 821.14398193    21483.08398438  14214.49804688  
0.39900    367957.65625000 198185.51562500 530193.56250000 816.80346680    21541.14062500  14270.51171875  
0.40000    367725.43750000 197870.03125000 529581.00000000 812.49371338    21596.55078125  14324.63769531  
0.40100    367517.81250000 197578.28125000 529022.25000000 808.23663330    21648.40234375  14376.58300781  
0.40200    367368.65625000 197321.28125000 528548.31250000 804.03430176    21698.46093750  14427.30957031  
0.40300    367223.03125000 197075.10937500 528096.37500000 799.88073730    21745.34960938  14475.85546875  
0.40400    367125.84375000 196860.90625000 527718.62500000 795.79821777    21790.41601562  14523.44531250  
0.40500    367051.78125000 196665.90625000 527389.37500000 791.78125000    21832.92773438  14569.50781250  
0.40600    367023.84375000 196502.78125000 527131.18750000 787.84326172    21874.00976562  14615.12011719  
0.40700    367010.59375000 196354.62500000 526915.50000000 783.97204590    21913.29296875  14659.03222656  
0.40800    367023.00000000 196221.42187500 526735.93750000 780.17419434    21950.11132812  14701.95703125  
0.40900    367057.46875000 196108.92187500 526600.00000000 776.44531250    21985.18945312  14743.66601562  
0.41000    367141.96875000 196027.53125000 526542.06250000 772.80072021    22019.07421875  14785.18164062  
0.41100    367227.50000000 195953.93750000 526495.06250000 769.21789551    22050.61718750  14825.07031250  
0.41200    367327.90625000 195889.76562500 526479.68750000 765.68725586    22079.83984375  14863.79199219  
0.41300    367464.21875000 195856.76562500 526525.31250000 762.22723389    22107.91601562  14902.02636719  
0.41400    367602.46875000 195820.50000000 526576.12500000 758.81512451    22133.31445312  14938.65722656  
0.41500    367775.96875000 195814.42187500 526680.68750000 755.45849609    22157.30468750  14974.21582031  
0.41600    367922.25000000 195795.29687500 526761.50000000 752.12640381    22177.53710938  15007.68847656  
0.41700    368107.43750000 195804.67187500 526917.06250000 748.83728027    22196.79882812  15040.68066406  
0.41800    368323.21875000 195832.17187500 527104.75000000 745.58911133    22213.81640625  15072.38085938  
0.41900    368479.59375000 195829.79687500 527207.75000000 742.32275391    22225.83789062  15100.37792969  
0.42000    368682.09375000 195854.68750000 527390.00000000 739.07641602    22236.18554688  15127.83007812  
0.42100    368879.28125000 195885.37500000 527577.43750000 735.84045410    22243.55859375  15153.12109375  
0.42200    369077.15625000 195913.20312500 527763.12500000 732.58355713    22247.60937500  15176.03613281  
0.42300    369240.15625000 195928.37500000 527897.87500000 729.30041504    22246.89453125  15195.66601562  
0.42400    369402.78125000 195946.37500000 528044.50000000 725.99377441    22242.66992188  15212.92382812  
0.42500    369558.62500000 195963.92187500 528178.12500000 722.64709473    22234.79296875  15227.39648438  
0.42600    369677.90625000 195958.29687500 528263.43750000 719.24859619    22221.75781250  15238.26367188  
0.42700    369803.43750000 195966.46875000 528363.75000000 715.80731201    22205.21679688  15246.65917969  
0.42800    369890.71875000 195947.18750000 528396.31250000 712.30194092    22183.20117188  15250.99414062  
0.42900    369977.00000000 195934.35937500 528447.00000000 708.73120117    22157.28906250  15252.52539062  
0.43000    370019.90625000 195897.64062500 528428.81250000 705.08386230    22125.80078125  15249.88281250  
0.43100    370009.68750000 195829.79687500 528330.56250000 701.34637451    22088.30468750  15242.65625000  
0.43200    370002.59375000 195768.12500000 528241.87500000 697.53961182    22046.89648438  15232.56347656  
0.43300    369938.81250000 195679.73437500 528072.00000000 693.64459229    21999.22656250  15217.66894531  
0.43400    369856.62500000 195575.71875000 527867.31250000 689.64520264    21946.56835938  15198.85253906  
0.43500    369718.15625000 195445.71875000 527588.62500000 685.56799316    21887.96484375  15175.76855469  
0.43600    369580.78125000 195316.28125000 527311.62500000 681.40258789    21825.38671875  15149.23535156  
0.43700    369364.18750000 195142.70312500 526920.43750000 677.14477539    21755.98437500  15117.65722656  
0.43800    369104.03125000 194947.01562500 526456.87500000 672.78509521    21681.09570312  15081.87402344  
0.43900    368826.28125000 194743.15625000 525969.43750000 668.35644531    21601.72265625  15042.28125000  
0.44000    368501.84375000 194515.07812500 525416.06250000 663.83831787    21516.88476562  14998.72167969  
0.44100    368137.84375000 194263.42187500 524810.56250000 659.24047852    21427.11132812  14950.92968750  
0.44200    367741.90625000 193991.87500000 524148.46875000 654.56958008    21332.56054688  14899.47070312  
0.44300    367299.00000000 193700.96875000 523419.28125000 649.83575439    21233.41992188  14844.47558594  
0.44400    366826.09375000 193390.85937500 522649.56250000 645.04797363    21130.22070312  14785.90332031  
0.44500    366278.71875000 193040.51562500 521763.59375000 640.19219971    21021.11914062  14723.05273438  
0.44600    365712.81250000 192677.50000000 520851.56250000 635.29815674    20909.10351562  14657.43164062  
0.44700    365135.15625000 192315.40625000 519930.90625000 630.38299561    20793.98437500  14589.44238281  
0.44800    364491.71875000 191913.42187500 518898.31250000 625.43267822    20674.61523438  14518.11523438  
0.44900    363847.78125000 191514.37500000 517878.53125000 620.47015381    20553.37304688  14444.78027344  
0.45000    363176.15625000 191100.54687500 516814.03125000 615.51599121    20429.50585938  14369.58984375  
0.45100    362445.15625000 190651.68750000 515666.46875000 610.54827881    20301.92968750  14291.23632812  
0.45200    361713.81250000 190206.18750000 514509.50000000 605.61779785    20173.55859375  14212.13281250  
0.45300    360943.31250000 189739.03125000 513300.75000000 600.70941162    20043.22851562  14131.12597656  
0.45400    360166.37500000 189271.82812500 512094.87500000 595.83575439    19911.73828125  14049.10253906  
0.45500    359373.84375000 188797.67187500 510856.21875000 591.01831055    19779.52929688  13966.52539062  
0.45600    358560.00000000 188307.95312500 509583.00000000 586.26391602    19646.42773438  13882.81738281  
0.45700    357745.90625000 187820.17187500 508316.71875000 581.57983398    19513.52734375  13799.39648438  
0.45800    356902.71875000 187321.92187500 507011.18750000 576.97424316    19380.71093750  13715.50781250  
0.45900    356058.31250000 186819.42187500 505697.68750000 572.45629883    19247.81054688  13631.60351562  
0.46000    355240.56250000 186334.64062500 504429.59375000 568.04937744    19117.50390625  13549.39355469  
0.46100    354368.09375000 185822.10937500 503087.87500000 563.73205566    18986.12304688  13466.32031250  
0.46200    353546.71875000 185337.17187500 501812.37500000 559.53985596    18857.68750000  13385.09765625  
0.46300    352703.75000000 184841.50000000 500511.40625000 555.46441650    18730.40820312  13304.66601562  
0.46400    351862.50000000 184344.57812500 499204.46875000 551.51324463    18604.73242188  13225.25976562  
0.46500    351044.09375000 183867.15625000 497949.90625000 547.70275879    18481.74414062  13147.76269531  
0.46600    350221.12500000 183385.21875000 496678.59375000 544.01806641    18360.56054688  13071.61035156  
0.46700    349395.28125000 182903.31250000 495406.15625000 540.46826172    18241.47460938  12996.52148438  
0.46800    348622.31250000 182450.29687500 494222.12500000 537.06951904    18125.73437500  12924.38183594  
0.46900    347820.75000000 181983.07812500 492985.12500000 533.80468750    18011.97851562  12853.23925781  
0.47000    347044.43750000 181528.54687500 491786.65625000 530.68029785    17900.90429688  12784.03222656  
0.47100    346285.25000000 181087.06250000 490625.68750000 527.70648193    17792.87304688  12716.97656250  
0.47200    345543.75000000 180651.34375000 489473.15625000 524.85797119    17687.36718750  12651.89648438  
0.47300    344825.34375000 180231.03125000 488372.53125000 522.16009521    17584.85937500  12589.03515625  
0.47400    344090.53125000 179798.35937500 487233.15625000 519.58184814    17484.04492188  12527.15722656  
0.47500    343391.00000000 179389.17187500 486148.65625000 517.14532471    17386.49218750  12467.62890625  
0.47600    342721.75000000 178994.57812500 485113.81250000 514.84185791    17292.08593750  12410.38964844  
0.47700    342016.93750000 178578.96875000 484019.90625000 512.63763428    17198.38085938  12353.29003906  
0.47800    341350.90625000 178181.76562500 482980.65625000 510.56207275    17107.65820312  12298.62597656  
0.47900    340710.46875000 177800.95312500 481982.18750000 508.59460449    17019.18359375  12245.75976562  
0.48000    340045.46875000 177403.75000000 480939.50000000 506.72146606    16931.55468750  12193.12695312  
0.48100    339435.40625000 177040.87500000 479984.28125000 504.95358276    16846.96484375  12142.81152344  
0.48200    338769.28125000 176636.43750000 478929.31250000 503.24899292    16761.71484375  12091.80859375  
0.48300    338123.00000000 176245.50000000 477913.03125000 501.63751221    16678.34179688  12042.21972656  
0.48400    337489.34375000 175861.56250000 476913.34375000 500.09265137    16596.15234375  11993.34863281  
0.48500    336852.56250000 175470.39062500 475894.31250000 498.62365723    16514.51562500  11944.71093750  
0.48600    336218.78125000 175085.67187500 474887.43750000 497.19729614    16433.52343750  11896.57812500  
0.48700    335570.78125000 174686.48437500 473847.56250000 495.82119751    16352.14062500  11848.23339844  
0.48800    334893.00000000 174267.07812500 472763.09375000 494.47323608    16269.70703125  11799.05078125  
0.48900    334216.53125000 173850.18750000 471680.65625000 493.16198730    16187.46582031  11749.78320312  
0.49000    333535.75000000 173425.81250000 470577.68750000 491.87945557    16104.84960938  11700.19531250  
0.49100    332851.15625000 173001.59375000 469469.46875000 490.62261963    16021.69531250  11650.38281250  
0.49200    332119.18750000 172547.37500000 468291.25000000 489.36160278    15936.54199219  11598.79882812  
0.49300    331376.65625000 172085.48437500 467094.28125000 488.11352539    15850.50878906  11546.63769531  
0.49400    330610.84375000 171611.00000000 465857.09375000 486.86358643    15762.95312500  11493.18457031  
0.49500    329814.00000000 171115.68750000 464563.43750000 485.61022949    15673.31640625  11438.50292969  
0.49600    329008.40625000 170616.64062500 463262.46875000 484.35882568    15582.50292969  11382.78906250  
0.49700    328150.34375000 170086.84375000 461878.28125000 483.07992554    15489.38281250  11325.22265625  
0.49800    327277.93750000 169549.23437500 460466.03125000 481.79895020    15394.31250000  11266.52050781  
0.49900    326354.96875000 168980.73437500 458981.00000000 480.49047852    15296.64941406  11205.66113281  
0.50000    325417.81250000 168406.15625000 457470.34375000 479.18276978    15197.42578125  11143.87597656  
