# SAXS profile: number of points = 501, q_min = 0, q_max = 0.5, delta_q = 0.001
#    q    intensity 
0.00000    162231280.00000000 101202320.00000000 256269984.00000000 114394.45312500 8616105.00000000 6804968.00000000 
0.00100    162195312.00000000 101177392.00000000 256207168.00000000 114356.17968750 8613564.00000000 6802930.00000000 
0.00200    162081536.00000000 101103336.00000000 256020448.00000000 114240.91406250 8605957.00000000 6797009.50000000 
0.00300    161887360.00000000 100980944.00000000 255705968.00000000 114049.04687500 8593356.00000000 6787096.50000000 
0.00400    161605680.00000000 100808416.00000000 255265808.00000000 113780.91406250 8575697.00000000 6773260.50000000 
0.00500    161243344.00000000 100586224.00000000 254702128.00000000 113437.65625000 8553056.00000000 6755418.50000000 
0.00600    160804496.00000000 100316944.00000000 254017152.00000000 113019.56250000 8525500.00000000 6733857.00000000 
0.00700    160280976.00000000 100000712.00000000 253210656.00000000 112528.11718750 8493111.00000000 6708428.00000000 
0.00800    159688208.00000000 99638064.00000000 252281136.00000000 111964.79687500 8455891.00000000 6679193.50000000 
0.00900    159020992.00000000 99229504.00000000 251233808.00000000 111330.00000000 8413976.00000000 6646266.50000000 
0.01000    158282688.00000000 98773624.00000000 250071808.00000000 110626.77343750 8367389.50000000 6609738.50000000 
0.01100    157469088.00000000 98272168.00000000 248792160.00000000 109854.77343750 8316333.50000000 6569661.00000000 
0.01200    156578736.00000000 97727328.00000000 247402960.00000000 109017.83593750 8260857.00000000 6526080.50000000 
0.01300    155623056.00000000 97137944.00000000 245901968.00000000 108116.71093750 8201098.50000000 6479161.50000000 
0.01400    154598000.00000000 96509352.00000000 244295680.00000000 107154.16406250 8137148.50000000 6428932.00000000 
0.01500    153506592.00000000 95838416.00000000 242584048.00000000 106131.97656250 8069190.00000000 6375549.00000000 
0.01600    152349760.00000000 95128624.00000000 240773712.00000000 105053.24218750 7997307.50000000 6319129.00000000 
0.01700    151133728.00000000 94379752.00000000 238863936.00000000 103919.79687500 7921721.00000000 6259750.00000000 
0.01800    149855744.00000000 93593904.00000000 236858480.00000000 102735.50000000 7842580.50000000 6197549.00000000 
0.01900    148519504.00000000 92772792.00000000 234762992.00000000 101501.50781250 7759913.50000000 6132643.50000000 
0.02000    147128672.00000000 91916800.00000000 232582672.00000000 100221.52343750 7674048.50000000 6065145.50000000 
0.02100    145684608.00000000 91028688.00000000 230314064.00000000 98898.27343750  7585119.00000000 5995296.00000000 
0.02200    144187328.00000000 90108072.00000000 227968336.00000000 97533.82812500  7493235.50000000 5923109.00000000 
0.02300    142644800.00000000 89157416.00000000 225547120.00000000 96132.39062500  7398661.00000000 5848710.50000000 
0.02400    141056672.00000000 88179080.00000000 223052016.00000000 94696.18750000  7301494.50000000 5772370.50000000 
0.02500    139424144.00000000 87173360.00000000 220491968.00000000 93229.00781250  7202041.00000000 5694122.50000000 
0.02600    137752688.00000000 86143456.00000000 217864928.00000000 91732.87500000  7100335.50000000 5614188.50000000 
0.02700    136043024.00000000 85089144.00000000 215181312.00000000 90211.43750000  6996679.50000000 5532630.00000000 
0.02800    134299056.00000000 84013800.00000000 212442416.00000000 88667.53125000  6891189.00000000 5449690.00000000 
0.02900    132521712.00000000 82917968.00000000 209651392.00000000 87104.37500000  6784086.00000000 5365463.50000000 
0.03000    130717376.00000000 81803808.00000000 206814032.00000000 85524.47656250  6675532.50000000 5280086.00000000 
0.03100    128883832.00000000 80672896.00000000 203934288.00000000 83932.10937500  6565801.00000000 5193700.50000000 
0.03200    127028472.00000000 79526736.00000000 201018080.00000000 82328.28906250  6455020.00000000 5106515.50000000 
0.03300    125151216.00000000 78367832.00000000 198066992.00000000 80717.84375000  6343304.50000000 5018591.00000000 
0.03400    123255712.00000000 77196544.00000000 195088480.00000000 79101.09375000  6230913.50000000 4930158.50000000 
0.03500    121345024.00000000 76015408.00000000 192082032.00000000 77483.49218750  6118037.50000000 4841239.00000000 
0.03600    119420032.00000000 74825224.00000000 189054640.00000000 75866.13281250  6004763.50000000 4752069.50000000 
0.03700    117485744.00000000 73627624.00000000 186012176.00000000 74252.18750000  5891342.00000000 4662759.50000000 
0.03800    115543568.00000000 72425456.00000000 182953792.00000000 72642.84375000  5777924.50000000 4573342.00000000 
0.03900    113596144.00000000 71219672.00000000 179889952.00000000 71042.38281250  5664580.50000000 4484039.00000000 
0.04000    111646104.00000000 70011336.00000000 176817824.00000000 69450.34375000  5551536.00000000 4394982.50000000 
0.04100    109695576.00000000 68802080.00000000 173747056.00000000 67871.73437500  5439004.00000000 4306227.00000000 
0.04200    107746320.00000000 67594056.00000000 170678192.00000000 66306.85937500  5326995.50000000 4217971.50000000 
0.04300    105802280.00000000 66386804.00000000 167614544.00000000 64758.73828125  5215777.00000000 4130199.75000000 
0.04400    103864128.00000000 65183900.00000000 164559376.00000000 63228.02343750  5105311.00000000 4043098.75000000 
0.04500    101934688.00000000 63985924.00000000 161519648.00000000 61717.38671875  4995903.50000000 3956775.00000000 
0.04600    100015760.00000000 62793724.00000000 158493120.00000000 60227.78125000  4887558.00000000 3871272.75000000 
0.04700    98108880.00000000 61608752.00000000 155489232.00000000 58760.83593750  4780430.00000000 3786714.25000000 
0.04800    96217912.00000000 60432716.00000000 152504512.00000000 57317.58984375  4674584.00000000 3703163.50000000 
0.04900    94342176.00000000 59265784.00000000 149545984.00000000 55899.60156250  4570150.00000000 3620690.50000000 
0.05000    92485160.00000000 58109556.00000000 146616432.00000000 54507.44140625  4467117.00000000 3539359.25000000 
0.05100    90647536.00000000 56965064.00000000 143714880.00000000 53142.71875000  4365720.00000000 3459242.75000000 
0.05200    88830536.00000000 55833200.00000000 140848112.00000000 51805.41406250  4265932.50000000 3380381.50000000 
0.05300    87035728.00000000 54714844.00000000 138014160.00000000 50496.73046875  4167866.50000000 3302902.25000000 
0.05400    85265216.00000000 53610928.00000000 135218096.00000000 49217.25000000  4071548.00000000 3226739.75000000 
0.05500    83519816.00000000 52522020.00000000 132460144.00000000 47967.24609375  3977039.75000000 3152041.00000000 
0.05600    81800880.00000000 51449192.00000000 129743568.00000000 46746.74609375  3884378.00000000 3078729.00000000 
0.05700    80109072.00000000 50392280.00000000 127069392.00000000 45556.97265625  3793646.00000000 3006973.25000000 
0.05800    78445768.00000000 49353268.00000000 124440208.00000000 44396.97656250  3704814.00000000 2936714.75000000 
0.05900    76810152.00000000 48331428.00000000 121855520.00000000 43267.13281250  3617908.50000000 2867961.00000000 
0.06000    75205400.00000000 47328304.00000000 119317408.00000000 42167.99218750  3533018.50000000 2800748.25000000 
0.06100    73631656.00000000 46343432.00000000 116827520.00000000 41098.68359375  3450105.50000000 2735120.25000000 
0.06200    72088280.00000000 45377708.00000000 114385160.00000000 40059.17187500  3369171.25000000 2671029.75000000 
0.06300    70576840.00000000 44431348.00000000 111992904.00000000 39049.10156250  3290231.75000000 2608549.25000000 
0.06400    69096816.00000000 43504204.00000000 109650640.00000000 38068.28125000  3213275.50000000 2547578.50000000 
0.06500    67649096.00000000 42597308.00000000 107358920.00000000 37116.17578125  3138309.25000000 2488191.00000000 
0.06600    66234140.00000000 41710604.00000000 105118360.00000000 36192.53906250  3065308.75000000 2430367.00000000 
0.06700    64851360.00000000 40844236.00000000 102929424.00000000 35296.25390625  2994278.25000000 2374057.50000000 
0.06800    63501636.00000000 39997812.00000000 100791464.00000000 34427.16015625  2925177.75000000 2319294.50000000 
0.06900    62184876.00000000 39171912.00000000 98705856.00000000 33584.89843750  2857967.25000000 2266020.00000000 
0.07000    60900712.00000000 38366204.00000000 96671720.00000000 32768.16015625  2792625.25000000 2214226.00000000 
0.07100    59648940.00000000 37580916.00000000 94689008.00000000 31976.63281250  2729150.75000000 2163913.25000000 
0.07200    58429728.00000000 36815876.00000000 92756416.00000000 31209.41601562  2667467.25000000 2115006.25000000 
0.07300    57242920.00000000 36070960.00000000 90875472.00000000 30466.24414062  2607609.00000000 2067536.50000000 
0.07400    56087420.00000000 35345984.00000000 89045936.00000000 29745.59960938  2549450.25000000 2021432.87500000 
0.07500    54964204.00000000 34640764.00000000 87265616.00000000 29047.19531250  2492994.75000000 1976654.50000000 
0.07600    53871580.00000000 33955108.00000000 85533536.00000000 28369.90234375  2438195.75000000 1933192.00000000 
0.07700    52809688.00000000 33289180.00000000 83851808.00000000 27713.39648438  2385007.00000000 1891011.00000000 
0.07800    51777948.00000000 32641730.00000000 82216712.00000000 27076.54296875  2333341.75000000 1850057.12500000 
0.07900    50776068.00000000 32012888.00000000 80629520.00000000 26458.68945312  2283214.25000000 1810310.87500000 
0.08000    49803192.00000000 31402726.00000000 79088520.00000000 25859.19921875  2234557.50000000 1771733.37500000 
0.08100    48859076.00000000 30810634.00000000 77592432.00000000 25277.14062500  2187358.25000000 1734287.62500000 
0.08200    47942540.00000000 30235756.00000000 76140760.00000000 24711.79296875  2141459.75000000 1697919.62500000 
0.08300    47053760.00000000 29678492.00000000 74733152.00000000 24162.41210938  2096945.37500000 1662628.12500000 
0.08400    46191236.00000000 29137902.00000000 73367840.00000000 23628.33007812  2053667.75000000 1628333.37500000 
0.08500    45354488.00000000 28614104.00000000 72043056.00000000 23108.97265625  2011655.12500000 1595016.50000000 
0.08600    44543328.00000000 28106048.00000000 70759144.00000000 22603.64648438  1970800.00000000 1562648.62500000 
0.08700    43756148.00000000 27613760.00000000 69514384.00000000 22111.41406250  1931083.37500000 1531198.50000000 
0.08800    42993052.00000000 27136556.00000000 68306848.00000000 21632.42578125  1892465.50000000 1500597.50000000 
0.08900    42253124.00000000 26674044.00000000 67137144.00000000 21165.23046875  1854883.12500000 1470828.75000000 
0.09000    41535452.00000000 26225722.00000000 66002664.00000000 20709.71484375  1818330.25000000 1441872.25000000 
0.09100    40839244.00000000 25791196.00000000 64902904.00000000 20265.21484375  1782712.75000000 1413684.75000000 
0.09200    40164136.00000000 25370072.00000000 63835832.00000000 19831.31640625  1748021.25000000 1386220.00000000 
0.09300    39509020.00000000 24961570.00000000 62801132.00000000 19407.75000000  1714209.25000000 1359464.50000000 
0.09400    38872960.00000000 24565640.00000000 61797416.00000000 18993.72265625  1681240.87500000 1333373.50000000 
0.09500    38255528.00000000 24181694.00000000 60823540.00000000 18588.97070312  1649071.25000000 1307936.12500000 
0.09600    37656396.00000000 23809076.00000000 59878320.00000000 18193.11914062  1617668.62500000 1283099.50000000 
0.09700    37074092.00000000 23447410.00000000 58960528.00000000 17805.90625000  1587018.62500000 1258836.87500000 
0.09800    36508096.00000000 23096400.00000000 58068988.00000000 17426.95312500  1557046.50000000 1235146.00000000 
0.09900    35958484.00000000 22755590.00000000 57202648.00000000 17055.91992188  1527763.25000000 1211993.37500000 
0.10000    35422960.00000000 22424172.00000000 56360808.00000000 16692.50781250  1499108.25000000 1189362.25000000 
0.10100    34902424.00000000 22102128.00000000 55541340.00000000 16336.29003906  1471067.75000000 1167195.87500000 
0.10200    34395964.00000000 21788718.00000000 54744152.00000000 15987.37988281  1443621.75000000 1145512.62500000 
0.10300    33901804.00000000 21484232.00000000 53967884.00000000 15645.22753906  1416735.50000000 1124265.37500000 
0.10400    33420588.00000000 21187178.00000000 53211748.00000000 15309.97070312  1390386.75000000 1103452.50000000 
0.10500    32951140.00000000 20897658.00000000 52474556.00000000 14981.11523438  1364548.50000000 1083048.25000000 
0.10600    32492906.00000000 20615532.00000000 51755004.00000000 14658.65917969  1339199.00000000 1063023.12500000 
0.10700    32045460.00000000 20340234.00000000 51052724.00000000 14342.29589844  1314331.00000000 1043382.00000000 
0.10800    31607836.00000000 20071160.00000000 50366420.00000000 14032.00976562  1289920.37500000 1024100.62500000 
0.10900    31180092.00000000 19808374.00000000 49695784.00000000 13727.56835938  1265944.25000000 1005165.25000000 
0.11000    30761502.00000000 19551270.00000000 49039736.00000000 13429.08007812  1242393.50000000 986558.87500000 
0.11100    30351430.00000000 19299676.00000000 48396792.00000000 13136.26171875  1219256.25000000 968281.43750000 
0.11200    29949274.00000000 19053106.00000000 47766980.00000000 12849.01562500  1196491.37500000 950305.18750000 
0.11300    29554852.00000000 18811536.00000000 47149036.00000000 12567.32714844  1174129.12500000 932624.00000000 
0.11400    29167614.00000000 18574236.00000000 46542496.00000000 12290.85742188  1152117.12500000 915236.18750000 
0.11500    28787260.00000000 18341190.00000000 45946776.00000000 12019.72265625  1130463.62500000 898125.37500000 
0.11600    28413430.00000000 18112362.00000000 45361092.00000000 11753.91894531  1109154.37500000 881287.75000000 
0.11700    28045436.00000000 17886992.00000000 44785396.00000000 11493.25781250  1088189.50000000 864708.18750000 
0.11800    27683102.00000000 17665118.00000000 44217936.00000000 11237.46386719  1067531.62500000 848386.12500000 
0.11900    27325882.00000000 17446576.00000000 43659036.00000000 10986.89160156  1047203.43750000 832306.50000000 
0.12000    26973818.00000000 17230906.00000000 43107632.00000000 10741.16406250  1027183.12500000 816466.18750000 
0.12100    26626708.00000000 17018104.00000000 42563664.00000000 10500.20996094  1007466.37500000 800866.43750000 
0.12200    26283564.00000000 16808036.00000000 42026388.00000000 10264.08496094  988043.31250000 785494.56250000 
0.12300    25944848.00000000 16600306.00000000 41495620.00000000 10032.66210938  968912.00000000 770344.37500000 
0.12400    25609756.00000000 16394877.00000000 40970908.00000000 9805.64648438   950059.31250000 755411.00000000 
0.12500    25278214.00000000 16191552.00000000 40451540.00000000 9583.34277344   931478.81250000 740691.50000000 
0.12600    24950710.00000000 15989982.00000000 39937204.00000000 9365.47265625   913176.87500000 726187.18750000 
0.12700    24625852.00000000 15790609.00000000 39428088.00000000 9152.04296875   895143.18750000 711885.81250000 
0.12800    24304040.00000000 15592634.00000000 38922924.00000000 8942.84472656   877356.31250000 697785.43750000 
0.12900    23985294.00000000 15396459.00000000 38422580.00000000 8737.94531250   859837.81250000 683886.31250000 
0.13000    23669160.00000000 15201556.00000000 37925908.00000000 8537.18652344   842570.56250000 670184.18750000 
0.13100    23355490.00000000 15008050.00000000 37432896.00000000 8340.37988281   825544.31250000 656669.00000000 
0.13200    23044368.00000000 14815911.00000000 36943756.00000000 8147.64355469   808764.62500000 643344.25000000 
0.13300    22735448.00000000 14625016.00000000 36457828.00000000 7958.90673828   792228.62500000 630206.93750000 
0.13400    22428728.00000000 14435226.00000000 35975188.00000000 7773.92919922   775927.87500000 617249.68750000 
0.13500    22124176.00000000 14246433.00000000 35495408.00000000 7592.70214844   759865.81250000 604473.18750000 
0.13600    21821530.00000000 14058602.00000000 35018360.00000000 7415.14160156   744031.68750000 591872.31250000 
0.13700    21520834.00000000 13871911.00000000 34544356.00000000 7241.23095703   728417.56250000 579457.43750000 
0.13800    21222066.00000000 13686076.00000000 34072556.00000000 7070.82958984   713028.75000000 567213.18750000 
0.13900    20925196.00000000 13501096.00000000 33604284.00000000 6903.93554688   697864.87500000 555142.87500000 
0.14000    20630048.00000000 13317122.00000000 33137860.00000000 6740.39550781   682922.87500000 543235.12500000 
0.14100    20336698.00000000 13133908.00000000 32674174.00000000 6580.17675781   668198.62500000 531504.93750000 
0.14200    20045096.00000000 12951636.00000000 32212772.00000000 6423.22167969   653683.37500000 519937.09375000 
0.14300    19755088.00000000 12770178.00000000 31754032.00000000 6269.43750000   639374.62500000 508532.43750000 
0.14400    19466748.00000000 12589459.00000000 31297418.00000000 6118.73828125   625277.87500000 497292.71875000 
0.14500    19180412.00000000 12409720.00000000 30843424.00000000 5971.22558594   611390.37500000 486216.93750000 
0.14600    18895604.00000000 12230898.00000000 30391982.00000000 5826.65283203   597707.18750000 475299.03125000 
0.14700    18612634.00000000 12052852.00000000 29943076.00000000 5685.06201172   584227.37500000 464546.87500000 
0.14800    18331404.00000000 11875675.00000000 29496522.00000000 5546.41992188   570947.50000000 453948.37500000 
0.14900    18051980.00000000 11699439.00000000 29052610.00000000 5410.55029297   557868.56250000 443506.75000000 
0.15000    17774380.00000000 11524178.00000000 28611260.00000000 5277.55224609   544991.43750000 433221.09375000 
0.15100    17498610.00000000 11349802.00000000 28172748.00000000 5147.31982422   532311.50000000 423093.40625000 
0.15200    17224904.00000000 11176524.00000000 27736960.00000000 5019.88574219   519820.56250000 413122.06250000 
0.15300    16952902.00000000 11004205.00000000 27303912.00000000 4895.10644531   507534.00000000 403302.06250000 
0.15400    16683046.00000000 10832976.00000000 26874052.00000000 4772.99365234   495435.81250000 393633.53125000 
0.15500    16415185.00000000 10662817.00000000 26446952.00000000 4653.54052734   483531.31250000 384118.90625000 
0.15600    16149299.00000000 10493803.00000000 26022974.00000000 4536.68847656   471815.12500000 374754.31250000 
0.15700    15885748.00000000 10326041.00000000 25602378.00000000 4422.44335938   460295.46875000 365546.53125000 
0.15800    15624106.00000000 10159582.00000000 25184776.00000000 4310.71777344   448961.96875000 356486.59375000 
0.15900    15364979.00000000 9994273.00000000 24770870.00000000 4201.53271484   437821.06250000 347577.75000000 
0.16000    15107849.00000000 9830269.00000000 24360256.00000000 4094.85107422   426865.12500000 338819.00000000 
0.16100    14853291.00000000 9667653.00000000 23953344.00000000 3990.73950195   416100.43750000 330210.50000000 
0.16200    14601120.00000000 9506426.00000000 23550010.00000000 3889.06250000   405524.84375000 321749.93750000 
0.16300    14351342.00000000 9346748.00000000 23150478.00000000 3789.80273438   395135.28125000 313438.34375000 
0.16400    14104198.00000000 9188396.00000000 22754976.00000000 3693.01342773   384931.18750000 305279.40625000 
0.16500    13859674.00000000 9031638.00000000 22363384.00000000 3598.59936523   374915.78125000 297262.56250000 
0.16600    13617741.00000000 8876474.00000000 21975732.00000000 3506.62573242   365085.37500000 289397.68750000 
0.16700    13378413.00000000 8722820.00000000 21592426.00000000 3416.94995117   355435.31250000 281679.18750000 
0.16800    13141870.00000000 8570866.00000000 21213274.00000000 3329.65209961   345973.03125000 274106.34375000 
0.16900    12908187.00000000 8420738.00000000 20838552.00000000 3244.71044922   336698.53125000 266683.65625000 
0.17000    12677289.00000000 8272131.00000000 20467980.00000000 3162.04541016   327600.78125000 259403.85937500 
0.17100    12449265.00000000 8125411.50000000 20102426.00000000 3081.64257812   318687.71875000 252271.78125000 
0.17200    12224186.00000000 7980361.50000000 19740890.00000000 3003.49218750   309952.87500000 245282.90625000 
0.17300    12002045.00000000 7837232.00000000 19384476.00000000 2927.55957031   301404.37500000 238438.57812500 
0.17400    11783047.00000000 7695916.00000000 19032436.00000000 2853.86987305   293035.84375000 231741.71875000 
0.17500    11566893.00000000 7556463.00000000 18685280.00000000 2782.30566406   284840.90625000 225183.01562500 
0.17600    11353819.00000000 7418833.50000000 18342926.00000000 2712.83251953   276824.18750000 218765.43750000 
0.17700    11143850.00000000 7283235.00000000 18005524.00000000 2645.46508789   268983.96875000 212490.54687500 
0.17800    10936953.00000000 7149548.00000000 17672986.00000000 2580.15136719   261315.78125000 206352.84375000 
0.17900    10733216.00000000 7017737.00000000 17345238.00000000 2516.86743164   253825.00000000 200356.28125000 
0.18000    10532661.00000000 6887974.50000000 17022784.00000000 2455.52368164   246503.92187500 194496.57812500 
0.18100    10335251.00000000 6760177.50000000 16705075.00000000 2396.18090820   239357.37500000 188774.56250000 
0.18200    10140809.00000000 6634338.50000000 16392406.00000000 2338.62329102   232370.26562500 183182.43750000 
0.18300    9949814.00000000 6510531.50000000 16084746.00000000 2282.95776367   225554.51562500 177724.21875000 
0.18400    9761861.00000000 6388631.00000000 15782074.00000000 2229.07519531   218899.06250000 172397.37500000 
0.18500    9576943.00000000 6268793.00000000 15484519.00000000 2176.90795898   212406.68750000 167201.34375000 
0.18600    9395297.00000000 6150931.50000000 15191960.00000000 2126.44042969   206074.12500000 162131.25000000 
0.18700    9216730.00000000 6035043.00000000 14904364.00000000 2077.61718750   199898.65625000 157187.03125000 
0.18800    9041330.00000000 5921179.00000000 14621740.00000000 2030.35925293   193876.26562500 152366.70312500 
0.18900    8869109.00000000 5809286.50000000 14344201.00000000 1984.67578125   188007.15625000 147668.92187500 
0.19000    8699836.00000000 5699268.50000000 14071339.00000000 1940.41992188   182284.54687500 143087.57812500 
0.19100    8533770.00000000 5591330.50000000 13803675.00000000 1897.67224121   176712.51562500 138626.54687500 
0.19200    8370610.00000000 5485292.00000000 13540618.00000000 1856.23901367   171280.25000000 134279.26562500 
0.19300    8210565.50000000 5381214.50000000 13282571.00000000 1816.18688965   165992.71875000 130046.49218750 
0.19400    8053420.00000000 5278937.00000000 13029165.00000000 1777.37683105   160838.04687500 125922.21875000 
0.19500    7899278.00000000 5178651.00000000 12780597.00000000 1739.79064941   155819.03125000 121906.39843750 
0.19600    7748006.50000000 5080231.50000000 12536484.00000000 1703.36608887   150932.60937500 117995.92968750 
0.19700    7599621.00000000 4983593.50000000 12297119.00000000 1668.09497070   146175.15625000 114188.92968750 
0.19800    7454031.50000000 4888788.00000000 12062181.00000000 1633.87194824   141540.21875000 110481.54687500 
0.19900    7311296.50000000 4795815.50000000 11832001.00000000 1600.71350098   137032.53125000 106876.80468750 
0.20000    7171295.50000000 4704571.00000000 11606029.00000000 1568.51330566   132639.50000000 103362.82812500 
0.20100    7033976.00000000 4615087.50000000 11384354.00000000 1537.28735352   128364.71093750 99944.91406250  
0.20200    6899272.50000000 4527335.50000000 11166982.00000000 1506.94323730   124203.21875000 96615.82031250  
0.20300    6767242.50000000 4441262.50000000 10953804.00000000 1477.49841309   120151.09375000 93378.20312500  
0.20400    6637727.50000000 4356844.00000000 10744768.00000000 1448.86352539   116205.50781250 90225.10937500  
0.20500    6510787.50000000 4274077.50000000 10539776.00000000 1421.05053711   112365.60156250 87156.57812500  
0.20600    6386243.50000000 4192810.25000000 10338675.00000000 1393.96923828   108625.47656250 84167.92187500  
0.20700    6264143.00000000 4113249.25000000 10141544.00000000 1367.65039062   104985.03125000 81260.45312500  
0.20800    6144439.00000000 4035133.75000000 9948179.00000000 1342.03247070   101438.85937500 78429.10937500  
0.20900    6027012.50000000 3958590.00000000 9758660.00000000 1317.14794922   97991.00781250  75674.84375000  
0.21000    5911888.00000000 3883469.00000000 9572729.00000000 1292.88037109   94627.84375000  72991.48437500  
0.21100    5798998.50000000 3809801.50000000 9390405.00000000 1269.27429199   91355.62500000  70380.03906250  
0.21200    5688264.50000000 3737540.50000000 9211549.00000000 1246.29101562   88168.04687500  67835.96875000  
0.21300    5579653.00000000 3666676.50000000 9036113.00000000 1223.90832520   85064.03906250  65359.72265625  
0.21400    5473112.00000000 3597170.75000000 8864096.00000000 1202.14831543   82042.27343750  62949.78125000  
0.21500    5368673.50000000 3529004.50000000 8695381.00000000 1180.99438477   79100.16406250  60604.00390625  
0.21600    5266148.50000000 3462117.00000000 8529864.00000000 1160.40368652   76233.77343750  58318.24609375  
0.21700    5165672.00000000 3396523.00000000 8367538.00000000 1140.37988281   73444.51562500  56094.55859375  
0.21800    5067050.00000000 3332142.75000000 8208197.50000000 1120.93078613   70728.11718750  53930.14843750  
0.21900    4970261.00000000 3268937.50000000 8051861.50000000 1102.02050781   68081.41406250  51820.82812500  
0.22000    4875327.00000000 3206984.75000000 7898432.50000000 1083.67333984   65506.29687500  49769.14843750  
0.22100    4782213.50000000 3146204.25000000 7748061.50000000 1065.91992188   63000.70312500  47773.82421875  
0.22200    4690843.50000000 3086552.50000000 7600437.50000000 1048.68847656   60563.55078125  45831.12500000  
0.22300    4601162.50000000 3027993.50000000 7455531.00000000 1032.02990723   58190.04296875  43941.20703125  
0.22400    4513191.00000000 2970515.75000000 7313360.50000000 1015.89227295   55882.10156250  42102.07812500  
0.22500    4426885.00000000 2914151.00000000 7173929.50000000 1000.37164307   53639.62109375  40316.01562500  
0.22600    4342180.00000000 2858808.50000000 7036955.00000000 985.36291504    51456.92187500  38577.56250000  
0.22700    4259115.00000000 2804531.50000000 6902714.50000000 970.93823242    49338.75000000  36889.60937500  
0.22800    4177536.75000000 2751215.50000000 6770869.00000000 957.06854248    47279.32421875  35249.21875000  
0.22900    4097497.50000000 2698924.25000000 6641505.00000000 943.74755859    45279.33593750  33655.50390625  
0.23000    4018993.25000000 2647592.50000000 6514558.50000000 931.02172852    43339.85937500  32109.28710938  
0.23100    3941981.00000000 2597211.50000000 6390037.00000000 918.85388184    41458.67187500  30609.73437500  
0.23200    3866376.50000000 2547742.50000000 6267755.00000000 907.23937988    39632.99218750  29154.13476562  
0.23300    3792208.25000000 2499240.75000000 6147809.50000000 896.18475342    37864.92968750  27743.48437500  
0.23400    3719486.75000000 2451632.25000000 6030144.50000000 885.72277832    36154.33593750  26377.83789062  
0.23500    3648087.25000000 2404868.75000000 5914576.00000000 875.79443359    34495.58593750  25053.78710938  
0.23600    3578132.00000000 2359022.50000000 5801322.50000000 866.43731689    32894.28906250  23774.55273438  
0.23700    3509461.75000000 2314025.50000000 5690166.00000000 857.65216064    31346.29687500  22537.17968750  
0.23800    3442141.50000000 2269877.25000000 5581114.00000000 849.42108154    29852.74609375  21342.46875000  
0.23900    3376106.00000000 2226566.00000000 5474230.00000000 841.72619629    28409.62500000  20187.83203125  
0.24000    3311367.50000000 2184062.00000000 5369274.50000000 834.57830811    27020.06250000  19074.46289062  
0.24100    3247951.25000000 2142403.25000000 5266483.00000000 827.99121094    25683.28906250  18002.83789062  
0.24200    3185734.00000000 2101530.00000000 5165618.50000000 821.91998291    24396.57031250  16970.26171875  
0.24300    3124778.50000000 2061437.25000000 5066754.00000000 816.36779785    23159.05273438  15977.12109375  
0.24400    3065046.00000000 2022133.37500000 4969841.50000000 811.31750488    21971.05078125  15022.35839844  
0.24500    3006477.00000000 1983569.00000000 4874823.00000000 806.77392578    20832.51171875  14105.43750000  
0.24600    2949151.25000000 1945776.87500000 4781659.00000000 802.71325684    19741.28515625  13226.51464844  
0.24700    2892974.50000000 1908732.87500000 4690427.50000000 799.13671875    18698.07226562  12384.73437500  
0.24800    2837959.75000000 1872412.25000000 4601037.00000000 796.01135254    17700.93164062  11579.48339844  
0.24900    2784064.00000000 1836814.12500000 4513435.50000000 793.33471680    16748.96679688  10808.84082031  
0.25000    2731309.00000000 1801948.37500000 4427642.50000000 791.08715820    15841.73242188  10074.21582031  
0.25100    2679669.75000000 1767749.37500000 4343515.00000000 789.25177002    14977.24707031  9372.70312500   
0.25200    2629132.00000000 1734292.50000000 4261285.00000000 787.82910156    14157.61132812  8706.59570312   
0.25300    2579690.50000000 1701484.87500000 4180742.50000000 786.79559326    13379.29003906  8072.73730469   
0.25400    2531300.00000000 1669365.37500000 4101852.50000000 786.12445068    12641.37695312  7470.73095703   
0.25500    2483907.75000000 1637884.75000000 4024571.50000000 785.78979492    11943.05566406  6900.23144531   
0.25600    2437598.50000000 1607080.50000000 3949002.00000000 785.79107666    11283.70214844  6360.08203125   
0.25700    2392270.75000000 1576910.50000000 3875041.00000000 786.09973145    10661.83007812  5849.76416016   
0.25800    2347971.25000000 1547370.37500000 3802609.50000000 786.72113037    10077.14746094  5368.40771484   
0.25900    2304618.50000000 1518446.12500000 3731777.75000000 787.60876465    9527.61425781   4915.28125000   
0.26000    2262259.50000000 1490144.25000000 3662493.75000000 788.77532959    9012.91796875   4489.79931641   
0.26100    2220791.00000000 1462410.50000000 3594630.75000000 790.15997314    8529.96777344   4089.05249023   
0.26200    2180291.25000000 1435297.62500000 3528339.75000000 791.79791260    8081.29345703   3715.96606445   
0.26300    2140678.50000000 1408741.25000000 3463429.00000000 793.62951660    7661.35839844   3365.88891602   
0.26400    2101962.25000000 1382753.75000000 3399959.50000000 795.65344238    7272.11767578   3040.24023438   
0.26500    2064109.62500000 1357333.50000000 3337883.00000000 797.85900879    6911.68212891   2737.34594727   
0.26600    2027104.75000000 1332437.50000000 3277118.25000000 800.22344971    6577.85888672   2456.28100586   
0.26700    1990941.00000000 1308088.50000000 3217772.50000000 802.74499512    6271.28222656   2196.98706055   
0.26800    1955600.00000000 1284258.62500000 3159681.00000000 805.40747070    5990.25830078   1957.99157715   
0.26900    1921033.62500000 1260917.75000000 3102838.25000000 808.17315674    5732.01318359   1737.21972656   
0.27000    1887257.25000000 1238097.37500000 3047273.50000000 811.05957031    5497.72363281   1536.32983398   
0.27100    1854201.62500000 1215754.75000000 2992878.75000000 814.02331543    5284.22607422   1352.48010254   
0.27200    1821946.50000000 1193915.62500000 2939738.75000000 817.09613037    5094.20556641   1187.30334473   
0.27300    1790358.25000000 1172498.25000000 2887728.75000000 820.22454834    4921.58203125   1036.32702637   
0.27400    1759427.37500000 1151507.62500000 2836713.75000000 823.39019775    4766.13183594   899.76501465    
0.27500    1729272.25000000 1131023.50000000 2786976.25000000 826.64300537    4631.76806641   780.24584961    
0.27600    1699677.12500000 1110920.62500000 2738118.75000000 829.91296387    4511.71630859   672.50103760    
0.27700    1670772.75000000 1091247.87500000 2690411.25000000 833.23083496    4409.31005859   579.44842529    
0.27800    1642473.37500000 1071964.87500000 2643647.25000000 836.56555176    4320.84716797   497.75640869    
0.27900    1614783.25000000 1053098.75000000 2597890.50000000 839.92102051    4247.62304688   428.83471680    
0.28000    1587655.50000000 1034602.56250000 2553053.75000000 843.28509521    4187.08789062   370.87683105    
0.28100    1561090.25000000 1016470.50000000 2509129.50000000 846.65972900    4139.27099609   323.22006226    
0.28200    1535100.00000000 998713.56250000 2466138.25000000 850.03515625    4104.27246094   286.14248657    
0.28300    1509624.75000000 981304.37500000 2423967.75000000 853.40869141    4080.37500000   258.74743652    
0.28400    1484628.50000000 964213.75000000 2382601.50000000 856.76898193    4066.32104492   239.52299500    
0.28500    1460180.87500000 947476.56250000 2342110.75000000 860.11785889    4063.71093750   229.95028687    
0.28600    1436150.75000000 931045.43750000 2302327.25000000 863.44262695    4069.52465820   227.36964417    
0.28700    1412617.62500000 914923.56250000 2263315.50000000 866.75183105    4084.81396484   232.87780762    
0.28800    1389500.50000000 899087.75000000 2225036.25000000 870.03094482    4108.71972656   245.78651428    
0.28900    1366835.00000000 883567.87500000 2187512.50000000 873.30206299    4141.54101562   266.21914673    
0.29000    1344557.00000000 868306.31250000 2150597.50000000 876.53149414    4181.15820312   292.44384766    
0.29100    1322720.37500000 853334.25000000 2114405.00000000 879.74261475    4229.13525391   325.73287964    
0.29200    1301251.62500000 838602.87500000 2078794.75000000 882.91870117    4284.07226562   364.94216919    
0.29300    1280165.62500000 824154.93750000 2043864.50000000 886.06970215    4346.69384766   410.63500977    
0.29400    1259392.50000000 809916.25000000 2009445.75000000 889.16894531    4414.14892578   460.37899780    
0.29500    1239022.00000000 795954.81250000 1975698.87500000 892.25341797    4489.78662109   516.97564697    
0.29600    1218958.12500000 782200.31250000 1942430.00000000 895.28454590    4571.04687500   578.32049561    
0.29700    1199206.87500000 768657.18750000 1909717.12500000 898.27874756    4657.65478516   644.34564209    
0.29800    1179795.50000000 755353.25000000 1877531.62500000 901.24505615    4751.22900391   715.84503174    
0.29900    1160681.75000000 742256.93750000 1845888.00000000 904.17395020    4850.59082031   792.65484619    
0.30000    1141844.00000000 729363.62500000 1814687.87500000 907.05609131    4954.69482422   873.09716797    
0.30100    1123315.25000000 716679.06250000 1784001.62500000 909.91375732    5065.94042969   959.24853516    
0.30200    1105024.12500000 704160.81250000 1753718.12500000 912.71063232    5181.14355469   1048.94628906   
0.30300    1087036.37500000 691854.31250000 1723946.37500000 915.47680664    5302.97851562   1143.97875977   
0.30400    1069317.12500000 679735.93750000 1694605.00000000 918.21472168    5430.65234375   1243.47167969   
0.30500    1051815.25000000 667773.81250000 1665669.12500000 920.88586426    5561.97851562   1346.56958008   
0.30600    1034558.18750000 655987.93750000 1637111.75000000 923.52496338    5699.09521484   1453.99218750   
0.30700    1017594.06250000 644389.93750000 1609037.87500000 926.13146973    5842.97363281   1566.72644043   
0.30800    1000807.25000000 632941.56250000 1581295.75000000 928.67675781    5990.57031250   1682.63720703   
0.30900    984295.93750000 621670.18750000 1553980.25000000 931.19512939    6144.61132812   1803.62963867   
0.31000    967999.43750000 610550.25000000 1527062.37500000 933.65899658    6303.00097656   1928.15454102   
0.31100    951905.56250000 599590.25000000 1500466.62500000 936.07269287    6466.93994141   2056.73168945   
0.31200    936047.56250000 588785.18750000 1474267.50000000 938.44628906    6635.80371094   2189.43896484   
0.31300    920400.56250000 578132.06250000 1448439.25000000 940.76873779    6809.61279297   2326.27001953   
0.31400    904991.37500000 567649.43750000 1423003.12500000 943.04699707    6989.05468750   2467.19531250   
0.31500    889762.62500000 557283.93750000 1397869.25000000 945.26452637    7172.53955078   2611.54077148   
0.31600    874762.12500000 547094.25000000 1373119.50000000 947.43798828    7361.62988281   2760.21728516   
0.31700    859963.56250000 537029.31250000 1348698.12500000 949.57366943    7555.53710938   2912.70581055   
0.31800    845363.56250000 527124.50000000 1324632.12500000 951.62329102    7752.99707031   3067.83056641   
0.31900    830999.56250000 517364.56250000 1300942.12500000 953.65502930    7956.56054688   3227.81420898   
0.32000    816829.18750000 507748.34375000 1277556.50000000 955.61187744    8163.71093750   3390.75756836   
0.32100    802852.50000000 498270.78125000 1254526.75000000 957.50140381    8375.09960938   3556.76953125   
0.32200    789113.25000000 488949.37500000 1231885.37500000 959.35357666    8591.57714844   3726.90478516   
0.32300    775533.93750000 479746.03125000 1209514.00000000 961.11785889    8810.60546875   3898.98193359   
0.32400    762182.25000000 470701.46875000 1187514.37500000 962.83862305    9033.98339844   4074.53979492   
0.32500    749033.18750000 461793.87500000 1165849.87500000 964.48016357    9260.71582031   4252.68847656   
0.32600    736093.37500000 453031.93750000 1144550.62500000 966.05511475    9490.91699219   4433.75244141   
0.32700    723362.43750000 444414.12500000 1123592.37500000 967.56665039    9724.90429688   4617.39355469   
0.32800    710866.25000000 435953.43750000 1103000.75000000 969.01788330    9962.25683594   4803.85107422   
0.32900    698551.37500000 427619.03125000 1082727.50000000 970.37896729    10201.35156250  4991.75927734   
0.33000    686475.75000000 419449.37500000 1062837.12500000 971.66656494    10443.97949219  5182.33886719   
0.33100    674561.18750000 411398.18750000 1043234.00000000 972.85986328    10687.07421875  5373.50341797   
0.33200    662929.81250000 403523.90625000 1024088.56250000 974.00128174    10934.73339844  5568.22265625   
0.33300    651488.93750000 395785.93750000 1005242.56250000 975.03936768    11182.72949219  5763.12548828   
0.33400    640276.93750000 388196.68750000 986786.06250000 975.99432373    11432.81347656  5959.70361328   
0.33500    629273.18750000 380754.59375000 968666.06250000 976.84539795    11683.70996094  6157.09472656   
0.33600    618496.06250000 373459.87500000 950922.75000000 977.60992432    11935.78515625  6355.28320312   
0.33700    607940.00000000 366315.75000000 933537.00000000 978.27008057    12188.16894531  6554.18603516   
0.33800    597623.00000000 359336.71875000 916542.43750000 978.84356689    12441.73242188  6753.49755859   
0.33900    587514.31250000 352488.84375000 899886.12500000 979.29229736    12694.79882812  6952.82421875   
0.34000    577644.81250000 345800.31250000 883615.81250000 979.63775635    12947.50195312  7152.07568359   
0.34100    568000.50000000 339263.81250000 867718.18750000 979.87847900    13200.11621094  7351.02343750   
0.34200    558621.56250000 332905.34375000 852267.12500000 980.00701904    13453.12207031  7550.59472656   
0.34300    549441.81250000 326676.84375000 837111.12500000 980.00292969    13703.79882812  7748.40478516   
0.34400    540526.75000000 320625.31250000 822404.75000000 979.89227295    13954.66406250  7946.34082031   
0.34500    531828.56250000 314714.68750000 808043.12500000 979.64471436    14203.03613281  8142.66552734   
0.34600    523397.06250000 308985.68750000 794114.75000000 979.28918457    14450.96777344  8338.66796875   
0.34700    515158.53125000 303379.25000000 780505.37500000 978.77294922    14695.48144531  8532.08691406   
0.34800    507186.87500000 297945.18750000 767311.81250000 978.14208984    14938.09179688  8724.20800781   
0.34900    499448.34375000 292668.90625000 754527.00000000 977.36114502    15178.90332031  8914.97558594   
0.35000    491951.21875000 287548.25000000 742099.25000000 976.44177246    15416.66210938  9103.48437500   
0.35100    484714.68750000 282603.34375000 730109.68750000 975.39886475    15652.47460938  9290.95898438   
0.35200    477673.15625000 277779.59375000 718429.75000000 974.18664551    15883.95898438  9474.96093750   
0.35300    470880.15625000 273127.37500000 707165.00000000 972.82855225    16112.43750000  9656.54785156   
0.35400    464347.03125000 268639.90625000 696304.12500000 971.32501221    16337.82226562  9836.51367188   
0.35500    458041.15625000 264299.31250000 685821.43750000 969.67706299    16559.57031250  10013.56347656  
0.35600    451954.00000000 260103.92187500 675676.68750000 967.87286377    16777.05078125  10187.51367188  
0.35700    446107.21875000 256067.32812500 665940.75000000 965.90753174    16991.02148438  10358.70996094  
0.35800    440503.31250000 252187.48437500 656591.00000000 963.79791260    17201.01562500  10527.34960938  
0.35900    435124.28125000 248457.98437500 647599.93750000 961.53186035    17407.06445312  10692.87792969  
0.36000    429994.21875000 244885.53125000 639006.87500000 959.11700439    17609.21484375  10855.72753906  
0.36100    425057.46875000 241446.31250000 630728.81250000 956.54284668    17805.83789062  11014.52441406  
0.36200    420399.12500000 238181.51562500 622900.12500000 953.83697510    18000.13281250  11171.69628906  
0.36300    415901.06250000 235027.78125000 615339.81250000 950.95330811    18187.55664062  11324.06054688  
0.36400    411629.84375000 232018.60937500 608127.87500000 947.92376709    18370.86132812  11473.24414062  
0.36500    407570.12500000 229149.90625000 601275.93750000 944.74511719    18549.38476562  11619.29980469  
0.36600    403747.71875000 226436.09375000 594793.75000000 941.44360352    18724.25390625  11762.69140625  
0.36700    400094.62500000 223837.59375000 588602.87500000 937.97723389    18892.98046875  11901.53515625  
0.36800    396696.75000000 221401.39062500 582812.12500000 934.39532471    19058.84179688  12038.42382812  
0.36900    393476.96875000 219084.95312500 577314.00000000 930.66729736    19219.21679688  12171.78027344  
0.37000    390419.18750000 216872.34375000 572067.06250000 926.79705811    19373.49609375  12300.42578125  
0.37100    387556.34375000 214790.17187500 567143.62500000 922.80865479    19523.33007812  12426.00292969  
0.37200    384905.15625000 212849.64062500 562576.18750000 918.71173096    19669.62304688  12549.01464844  
0.37300    382413.87500000 211009.76562500 558252.56250000 914.48907471    19810.05273438  12668.12207031  
0.37400    380110.43750000 209294.28125000 554240.75000000 910.16302490    19946.58398438  12784.50390625  
0.37500    377967.59375000 207692.51562500 550491.50000000 905.72430420    20078.20703125  12897.60351562  
0.37600    376002.37500000 206202.54687500 547023.06250000 901.18450928    20204.71679688  13007.12695312  
0.37700    374171.03125000 204803.84375000 543781.62500000 896.55786133    20326.37500000  13113.11621094  
0.37800    372503.56250000 203514.12500000 540802.31250000 891.83984375    20443.82617188  13216.37011719  
0.37900    371000.90625000 202337.59375000 538103.50000000 887.04895020    20557.35742188  13316.90429688  
0.38000    369616.46875000 201240.28125000 535594.75000000 882.17932129    20665.35351562  13413.76074219  
0.38100    368357.31250000 200222.98437500 533280.75000000 877.23077393    20768.60156250  13506.97460938  
0.38200    367244.25000000 199308.10937500 531229.81250000 872.23089600    20868.33398438  13597.93652344  
0.38300    366235.46875000 198461.00000000 529330.43750000 867.16827393    20962.39257812  13685.18945312  
0.38400    365367.37500000 197713.21875000 527672.37500000 862.05975342    21053.33593750  13770.13085938  
0.38500    364582.53125000 197020.75000000 526147.00000000 856.90234375    21138.76562500  13851.38085938  
0.38600    363935.03125000 196421.25000000 524858.12500000 851.72247314    21221.28906250  13930.43652344  
0.38700    363352.15625000 195867.78125000 523662.84375000 846.49731445    21297.94335938  14005.56542969  
0.38800    362868.68750000 195382.04687500 522644.12500000 841.24523926    21370.92773438  14078.07812500  
0.38900    362469.56250000 194953.62500000 521757.09375000 835.96777344    21439.26953125  14147.51269531  
0.39000    362175.84375000 194604.06250000 521054.71875000 830.68768311    21504.57812500  14214.94628906  
0.39100    361929.65625000 194285.67187500 520443.25000000 825.39837646    21565.06054688  14278.94531250  
0.39200    361765.81250000 194027.15625000 519960.43750000 820.09808350    21621.67382812  14339.92480469  
0.39300    361654.03125000 193803.75000000 519563.71875000 814.79003906    21673.81445312  14397.88183594  
0.39400    361630.25000000 193645.40625000 519317.93750000 809.49090576    21723.04882812  14454.04882812  
0.39500    361627.90625000 193496.82812500 519105.12500000 804.19488525    21766.77734375  14505.88867188  
0.39600    361668.90625000 193390.42187500 518985.78125000 798.90234375    21806.73632812  14555.08984375  
0.39700    361755.18750000 193312.81250000 518935.50000000 793.61712646    21842.81835938  14601.48242188  
0.39800    361891.25000000 193272.51562500 518972.21875000 788.35729980    21875.15625000  14645.34375000  
0.39900    362047.37500000 193249.23437500 519050.59375000 783.10058594    21903.17578125  14685.88769531  
0.40000    362233.78125000 193248.17187500 519175.43750000 777.85797119    21927.46875000  14723.36523438  
0.40100    362435.00000000 193263.21875000 519331.34375000 772.63330078    21947.10937500  14757.69824219  
0.40200    362673.71875000 193303.00000000 519559.40625000 767.43920898    21963.49804688  14789.32617188  
0.40300    362900.12500000 193341.04687500 519770.28125000 762.24670410    21974.92773438  14817.28710938  
0.40400    363153.71875000 193398.20312500 520030.37500000 757.07354736    21983.04296875  14842.61425781  
0.40500    363409.71875000 193460.82812500 520294.37500000 751.91790771    21986.89648438  14864.41601562  
0.40600    363685.06250000 193538.73437500 520602.00000000 746.79168701    21987.50195312  14883.83886719  
0.40700    363942.96875000 193608.07812500 520885.25000000 741.66650391    21983.26953125  14899.55859375  
0.40800    364201.50000000 193679.68750000 521159.84375000 736.55541992    21974.94531250  14911.86230469  
0.40900    364446.37500000 193745.23437500 521427.59375000 731.45483398    21962.33593750  14920.74609375  
0.41000    364705.00000000 193822.70312500 521716.31250000 726.37335205    21946.65429688  14927.20507812  
0.41100    364934.18750000 193882.98437500 521968.06250000 721.29431152    21926.10546875  14929.59472656  
0.41200    365140.09375000 193930.20312500 522185.78125000 716.21466064    21901.32226562  14928.53710938  
0.41300    365356.53125000 193983.59375000 522414.40625000 711.15093994    21873.43164062  14924.76074219  
0.41400    365533.81250000 194014.75000000 522587.65625000 706.08624268    21840.62109375  14916.86425781  
0.41500    365710.87500000 194046.45312500 522764.00000000 701.02117920    21804.49804688  14906.25878906  
0.41600    365833.00000000 194044.43750000 522859.34375000 695.94183350    21763.05859375  14891.19726562  
0.41700    365965.75000000 194048.07812500 522960.53125000 690.87298584    21718.61132812  14873.88867188  
0.41800    366088.40625000 194051.43750000 523061.09375000 685.80590820    21671.07421875  14853.37109375  
0.41900    366128.62500000 193998.89062500 523025.84375000 680.70086670    21617.05273438  14827.73730469  
0.42000    366189.75000000 193954.32812500 523008.53125000 675.60217285    21560.59179688  14800.01953125  
0.42100    366225.90625000 193900.71875000 522972.84375000 670.49786377    21500.64062500  14769.18554688  
0.42200    366229.43750000 193827.18750000 522880.28125000 665.37170410    21436.66015625  14734.93066406  
0.42300    366189.78125000 193721.46875000 522717.78125000 660.23059082    21367.77343750  14696.51953125  
0.42400    366135.18750000 193606.21875000 522531.59375000 655.07391357    21295.42773438  14655.14062500  
0.42500    366052.53125000 193473.70312500 522297.84375000 649.90539551    21219.76367188  14610.86328125  
0.42600    365925.87500000 193311.68750000 521990.34375000 644.70324707    21139.73632812  14562.83984375  
0.42700    365804.25000000 193151.42187500 521696.59375000 639.50646973    21057.11914062  14512.42968750  
0.42800    365631.25000000 192958.89062500 521310.53125000 634.28228760    20970.05859375  14458.39160156  
0.42900    365457.68750000 192765.75000000 520932.43750000 629.05371094    20880.31445312  14402.08105469  
0.43000    365245.21875000 192546.15625000 520482.78125000 623.80139160    20786.65234375  14342.51074219  
0.43100    364976.50000000 192289.87500000 519956.90625000 618.52526855    20688.71289062  14279.36914062  
0.43200    364723.28125000 192040.82812500 519438.56250000 613.25457764    20589.08203125  14214.55566406  
0.43300    364416.84375000 191764.09375000 518848.50000000 607.96697998    20485.28125000  14146.27539062  
0.43400    364101.12500000 191476.64062500 518236.84375000 602.67260742    20378.55664062  14075.81933594  
0.43500    363747.62500000 191165.20312500 517564.09375000 597.37042236    20268.76367188  14002.59765625  
0.43600    363405.06250000 190860.48437500 516905.34375000 592.08337402    20157.32617188  13928.06445312  
0.43700    363005.96875000 190517.51562500 516156.96875000 586.77990723    20041.73828125  13850.37011719  
0.43800    362577.93750000 190160.00000000 515365.84375000 581.47857666    19923.58398438  13770.40234375  
0.43900    362144.31250000 189800.84375000 514567.37500000 576.20056152    19803.51757812  13688.86425781  
0.44000    361688.28125000 189425.81250000 513740.03125000 570.93273926    19680.79882812  13605.43359375  
0.44100    361213.46875000 189040.34375000 512872.43750000 565.68103027    19555.67968750  13520.21777344  
0.44200    360723.12500000 188643.40625000 511982.28125000 560.44763184    19428.81835938  13433.53906250  
0.44300    360212.31250000 188236.70312500 511049.90625000 555.24890137    19299.71289062  13345.29785156  
0.44400    359688.93750000 187824.07812500 510120.06250000 550.08361816    19169.07421875  13255.83593750  
0.44500    359111.65625000 187378.53125000 509093.62500000 544.93408203    19035.05664062  13164.06738281  
0.44600    358535.25000000 186935.07812500 508076.15625000 539.83703613    18900.38281250  13071.87402344  
0.44700    357963.15625000 186498.18750000 507062.28125000 534.79968262    18764.59375000  12979.00976562  
0.44800    357344.75000000 186033.01562500 505980.65625000 529.79223633    18626.67578125  12884.78808594  
0.44900    356741.06250000 185580.20312500 504920.81250000 524.85595703    18488.27148438  12790.35351562  
0.45000    356122.59375000 185125.18750000 503852.62500000 519.98559570    18349.08398438  12695.75195312  
0.45100    355457.93750000 184638.70312500 502701.18750000 515.15759277    18207.20898438  12599.30175781  
0.45200    354805.28125000 184165.79687500 501585.84375000 510.41668701    18065.54492188  12503.34570312  
0.45300    354119.34375000 183676.32812500 500412.12500000 505.74804688    17922.75585938  12406.86425781  
0.45400    353437.46875000 183193.14062500 499251.31250000 501.15213013    17779.36132812  12310.46972656  
0.45500    352745.81250000 182709.01562500 498080.71875000 496.65307617    17636.02929688  12214.22949219  
0.45600    352025.28125000 182212.81250000 496877.96875000 492.22183228    17491.32031250  12117.48339844  
0.45700    351308.78125000 181722.78125000 495674.18750000 487.89733887    17347.23437500  12021.57031250  
0.45800    350566.34375000 181222.92187500 494442.40625000 483.65899658    17202.63476562  11925.67089844  
0.45900    349811.31250000 180721.62500000 493194.87500000 479.51367188    17057.48437500  11829.87109375  
0.46000    349077.34375000 180235.54687500 491987.81250000 475.48767090    16913.68359375  11735.85449219  
0.46100    348285.09375000 179721.40625000 490697.15625000 471.53817749    16768.55664062  11640.68261719  
0.46200    347523.78125000 179233.56250000 489462.50000000 467.70993042    16624.91601562  11547.42480469  
0.46300    346736.09375000 178732.53125000 488191.34375000 463.98217773    16480.97460938  11454.47460938  
0.46400    345931.56250000 178228.00000000 486898.46875000 460.36206055    16337.62304688  11362.34570312  
0.46500    345136.25000000 177737.93750000 485634.37500000 456.85885620    16195.12890625  11271.44628906  
0.46600    344319.65625000 177238.81250000 484338.37500000 453.45526123    16053.07519531  11181.38378906  
0.46700    343481.96875000 176734.34375000 483021.81250000 450.16516113    15911.46289062  11091.87011719  
0.46800    342673.06250000 176255.87500000 481759.18750000 446.99252319    15771.84179688  11004.56152344  
0.46900    341821.09375000 175755.90625000 480432.93750000 443.92630005    15631.98339844  10917.43750000  
0.47000    340969.15625000 175263.51562500 479120.25000000 440.96820068    15493.42675781  10831.75683594  
0.47100    340123.28125000 174777.32812500 477810.06250000 438.12716675    15356.21289062  10747.51953125  
0.47200    339264.59375000 174293.45312500 476501.31250000 435.39651489    15220.33398438  10664.58984375  
0.47300    338412.28125000 173819.03125000 475208.12500000 432.77536011    15086.06640625  10583.46679688  
0.47400    337526.31250000 173328.06250000 473862.78125000 430.25396729    14952.06640625  10502.67871094  
0.47500    336651.62500000 172853.53125000 472555.00000000 427.84539795    14820.24023438  10424.03027344  
0.47600    335794.53125000 172394.98437500 471276.43750000 425.54748535    14690.84863281  10347.48339844  
0.47700    334886.43750000 171908.87500000 469918.18750000 423.33560181    14560.90332031  10270.94140625  
0.47800    334001.53125000 171441.79687500 468604.40625000 421.23162842    14434.11328125  10196.76269531  
0.47900    333125.50000000 170990.34375000 467317.21875000 419.23583984    14309.29492188  10124.50878906  
0.48000    332215.43750000 170520.53125000 465984.96875000 417.32553101    14185.28613281  10053.05566406  
0.48100    331352.96875000 170084.50000000 464724.87500000 415.52520752    14064.32031250  9984.15917969   
0.48200    330423.56250000 169610.64062500 463374.50000000 413.78762817    13943.28320312  9915.35742188   
0.48300    329513.87500000 169155.71875000 462054.96875000 412.15478516    13825.18945312  9848.77832031   
0.48400    328618.87500000 168710.64062500 460764.96875000 410.60760498    13709.33886719  9784.13671875   
0.48500    327709.62500000 168264.20312500 459461.25000000 409.14147949    13595.17968750  9720.76074219   
0.48600    326821.34375000 167832.12500000 458185.43750000 407.76260376    13483.69531250  9659.43554688   
0.48700    325919.71875000 167394.68750000 456895.68750000 406.45355225    13373.75390625  9599.32519531   
0.48800    324998.53125000 166945.17187500 455580.84375000 405.21154785    13265.46777344  9540.36718750   
0.48900    324089.31250000 166510.20312500 454292.21875000 404.05328369    13159.57324219  9483.23828125   
0.49000    323191.68750000 166079.82812500 453014.31250000 402.95919800    13056.17871094  9427.89648438   
0.49100    322307.90625000 165662.46875000 451766.43750000 401.94436646    12955.41210938  9374.45019531   
0.49200    321398.31250000 165229.90625000 450479.09375000 400.97628784    12856.01367188  9321.83398438   
0.49300    320503.46875000 164804.98437500 449211.46875000 400.07543945    12759.17285156  9271.03125000   
0.49400    319609.90625000 164383.45312500 447948.25000000 399.23181152    12664.46093750  9221.54296875   
0.49500    318713.37500000 163957.03125000 446679.18750000 398.43966675    12571.66699219  9173.53125000   
0.49600    317837.87500000 163546.07812500 445444.93750000 397.71582031    12481.83398438  9127.36914062   
0.49700    316941.50000000 163122.18750000 444179.18750000 397.02938843    12393.44531250  9081.95214844   
0.49800    316063.31250000 162707.85937500 442945.62500000 396.39236450    12307.81542969  9038.29101562   
0.49900    315173.71875000 162281.42187500 441679.31250000 395.79779053    12223.68750000  8995.38281250   
0.50000    314300.84375000 161868.26562500 440447.15625000 395.25717163    12142.13476562  8954.36132812   
