# SAXS profile: number of points = 501, q_min = 0, q_max = 0.5, delta_q = 0.001
#    q    intensity 
0.00000    162230176.00000000 101203232.00000000 256268672.00000000 110660.42968750 8474290.00000000 6693008.50000000 
0.00100    162190640.00000000 101174920.00000000 256197936.00000000 110620.03906250 8471556.00000000 6690848.00000000 
0.00200    162063984.00000000 101091496.00000000 255990512.00000000 110498.04687500 8463369.00000000 6684360.50000000 
0.00300    161845152.00000000 100954640.00000000 255638752.00000000 110295.57812500 8449705.00000000 6673649.00000000 
0.00400    161529504.00000000 100761272.00000000 255147440.00000000 110013.65625000 8430539.00000000 6658648.50000000 
0.00500    161123520.00000000 100511600.00000000 254514576.00000000 109651.51562500 8406042.00000000 6639413.50000000 
0.00600    160632976.00000000 100211568.00000000 253749888.00000000 109211.32031250 8376273.50000000 6616008.50000000 
0.00700    160048752.00000000 99857768.00000000 252845904.00000000 108693.50000000 8341190.50000000 6588495.50000000 
0.00800    159387840.00000000 99452248.00000000 251809136.00000000 108100.82031250 8300941.00000000 6556897.00000000 
0.00900    158645744.00000000 98994992.00000000 250638656.00000000 107432.99218750 8255672.50000000 6521293.00000000 
0.01000    157821744.00000000 98486376.00000000 249342432.00000000 106692.81250000 8205420.00000000 6481852.00000000 
0.01100    156910608.00000000 97927496.00000000 247916288.00000000 105882.88281250 8150356.50000000 6438628.00000000 
0.01200    155921776.00000000 97319368.00000000 246369056.00000000 105003.14843750 8090536.00000000 6391648.00000000 
0.01300    154857168.00000000 96665256.00000000 244699808.00000000 104059.38281250 8026218.50000000 6341089.50000000 
0.01400    153719600.00000000 95965496.00000000 242913504.00000000 103050.85156250 7957377.00000000 6287087.50000000 
0.01500    152508624.00000000 95220720.00000000 241013056.00000000 101981.80468750 7884430.00000000 6229733.50000000 
0.01600    151227312.00000000 94432968.00000000 239004112.00000000 100854.36718750 7807251.50000000 6169125.50000000 
0.01700    149880192.00000000 93603896.00000000 236891088.00000000 99671.53906250  7726249.00000000 6105466.50000000 
0.01800    148467936.00000000 92734664.00000000 234675264.00000000 98437.64062500  7641510.00000000 6038889.50000000 
0.01900    146993664.00000000 91827720.00000000 232363296.00000000 97153.34375000  7553183.50000000 5969511.00000000 
0.02000    145461376.00000000 90883944.00000000 229956160.00000000 95823.23437500  7461575.00000000 5897499.50000000 
0.02100    143872976.00000000 89905840.00000000 227463552.00000000 94450.20312500  7366790.50000000 5823029.00000000 
0.02200    142232096.00000000 88893872.00000000 224884544.00000000 93037.67187500  7269144.50000000 5746209.50000000 
0.02300    140540384.00000000 87851888.00000000 222231152.00000000 91589.15625000  7168744.50000000 5667266.50000000 
0.02400    138803056.00000000 86781280.00000000 219503072.00000000 90107.32031250  7065826.00000000 5586354.50000000 
0.02500    137021088.00000000 85682456.00000000 216705088.00000000 88596.23437500  6960603.50000000 5503599.50000000 
0.02600    135202096.00000000 84559488.00000000 213845856.00000000 87059.42187500  6853299.50000000 5419207.50000000 
0.02700    133344104.00000000 83412512.00000000 210927696.00000000 85499.20312500  6744133.50000000 5333344.50000000 
0.02800    131453184.00000000 82245504.00000000 207955696.00000000 83920.41406250  6633307.50000000 5246116.50000000 
0.02900    129532040.00000000 81058728.00000000 204935648.00000000 82324.58593750  6521009.50000000 5157796.00000000 
0.03000    127584336.00000000 79854976.00000000 201874816.00000000 80716.54687500  6407582.00000000 5068517.00000000 
0.03100    125613344.00000000 78637368.00000000 198774416.00000000 79098.92968750  6293090.50000000 4978365.50000000 
0.03200    123621832.00000000 77406952.00000000 195642560.00000000 77474.89062500  6177832.50000000 4887623.00000000 
0.03300    121612216.00000000 76164536.00000000 192482128.00000000 75847.62500000  6061951.00000000 4796387.00000000 
0.03400    119590640.00000000 74912432.00000000 189300048.00000000 74220.29687500  5945639.50000000 4704748.00000000 
0.03500    117556288.00000000 73653744.00000000 186099424.00000000 72594.79687500  5829158.50000000 4613001.00000000 
0.03600    115516016.00000000 72388912.00000000 182887456.00000000 70974.70312500  5712659.50000000 4521193.50000000 
0.03700    113469680.00000000 71121728.00000000 179665856.00000000 69362.66406250  5596310.00000000 4429495.00000000 
0.03800    111421968.00000000 69852168.00000000 176442016.00000000 67761.21093750  5480258.50000000 4338067.00000000 
0.03900    109376552.00000000 68583200.00000000 173219648.00000000 66172.04687500  5364813.00000000 4246989.00000000 
0.04000    107334736.00000000 67316104.00000000 170001824.00000000 64598.27343750  5249988.50000000 4156445.25000000 
0.04100    105298888.00000000 66051844.00000000 166792896.00000000 63041.90625000  5136006.50000000 4066529.75000000 
0.04200    103272240.00000000 64792856.00000000 163599520.00000000 61505.05468750  5022992.50000000 3977402.75000000 
0.04300    101257976.00000000 63541212.00000000 160421776.00000000 59989.67187500  4911132.50000000 3889135.75000000 
0.04400    99257064.00000000 62297492.00000000 157266864.00000000 58497.03515625  4800554.00000000 3801805.25000000 
0.04500    97273776.00000000 61063812.00000000 154137856.00000000 57029.05859375  4691316.50000000 3715615.25000000 
0.04600    95307824.00000000 59840280.00000000 151037040.00000000 55587.07031250  4583611.50000000 3630546.75000000 
0.04700    93362736.00000000 58629312.00000000 147967440.00000000 54172.56640625  4477474.00000000 3546733.50000000 
0.04800    91441104.00000000 57431832.00000000 144932752.00000000 52786.20703125  4373042.00000000 3464239.50000000 
0.04900    89542256.00000000 56248740.00000000 141936864.00000000 51429.34765625  4270371.00000000 3383154.75000000 
0.05000    87670472.00000000 55081980.00000000 138981184.00000000 50102.93359375  4169605.25000000 3303509.50000000 
0.05100    85826472.00000000 53931532.00000000 136066592.00000000 48807.28906250  4070778.25000000 3225371.50000000 
0.05200    84010944.00000000 52798460.00000000 133198576.00000000 47543.68359375  3973956.25000000 3148817.75000000 
0.05300    82226584.00000000 51684448.00000000 130379128.00000000 46312.07421875  3879190.50000000 3073899.25000000 
0.05400    80473488.00000000 50588904.00000000 127607424.00000000 45112.44140625  3786540.00000000 3000615.75000000 
0.05500    78752400.00000000 49513748.00000000 124887648.00000000 43945.66796875  3696025.75000000 2928988.50000000 
0.05600    77065688.00000000 48459052.00000000 122218768.00000000 42811.62109375  3607665.50000000 2859098.50000000 
0.05700    75413632.00000000 47425592.00000000 119605472.00000000 41710.41796875  3521520.75000000 2790918.75000000 
0.05800    73796840.00000000 46414036.00000000 117046944.00000000 40641.40625000  3437566.75000000 2724500.25000000 
0.05900    72214896.00000000 45423984.00000000 114544992.00000000 39605.17968750  3355843.00000000 2659774.25000000 
0.06000    70670320.00000000 44456332.00000000 112101264.00000000 38600.28906250  3276344.75000000 2596834.00000000 
0.06100    69162320.00000000 43511612.00000000 109712304.00000000 37627.22265625  3199033.75000000 2535622.50000000 
0.06200    67690272.00000000 42589668.00000000 107383776.00000000 36685.21093750  3123970.50000000 2476163.25000000 
0.06300    66257060.00000000 41691120.00000000 105113400.00000000 35773.81250000  3051058.75000000 2418404.50000000 
0.06400    64859836.00000000 40815336.00000000 102901096.00000000 34891.92578125  2980321.75000000 2362360.75000000 
0.06500    63500936.00000000 39963072.00000000 100748312.00000000 34039.54687500  2911714.50000000 2308007.25000000 
0.06600    62178552.00000000 39133724.00000000 98653696.00000000 33215.42187500  2845227.50000000 2255327.00000000 
0.06700    60893860.00000000 38327656.00000000 96618296.00000000 32419.49609375  2780760.25000000 2204271.00000000 
0.06800    59645560.00000000 37544472.00000000 94640720.00000000 31649.87304688  2718393.25000000 2154821.50000000 
0.06900    58433576.00000000 36783904.00000000 92720664.00000000 30906.26757812  2657931.50000000 2106953.50000000 
0.07000    57258464.00000000 36046256.00000000 90857816.00000000 30187.97070312  2599486.50000000 2060610.00000000 
0.07100    56117916.00000000 35330876.00000000 89051976.00000000 29493.71484375  2542863.50000000 2015749.00000000 
0.07200    55013252.00000000 34637508.00000000 87301448.00000000 28822.90039062  2488117.00000000 1972354.12500000 
0.07300    53942380.00000000 33965916.00000000 85605496.00000000 28174.55468750  2435116.25000000 1930370.37500000 
0.07400    52905792.00000000 33316340.00000000 83963960.00000000 27547.55859375  2383879.00000000 1889766.25000000 
0.07500    51901896.00000000 32687196.00000000 82374536.00000000 26941.17187500  2334306.75000000 1850477.50000000 
0.07600    50930812.00000000 32078376.00000000 80836096.00000000 26354.47070312  2286320.00000000 1812477.37500000 
0.07700    49991376.00000000 31489656.00000000 79348928.00000000 25786.54101562  2239899.25000000 1775717.25000000 
0.07800    49083468.00000000 30920780.00000000 77910760.00000000 25236.43164062  2194962.50000000 1740132.37500000 
0.07900    48204416.00000000 30370804.00000000 76519672.00000000 24703.42187500  2151485.25000000 1705689.75000000 
0.08000    47355236.00000000 29839288.00000000 75176640.00000000 24186.53710938  2109360.00000000 1672339.00000000 
0.08100    46534104.00000000 29326038.00000000 73877888.00000000 23684.81250000  2068554.62500000 1640045.62500000 
0.08200    45740752.00000000 28830012.00000000 72624112.00000000 23197.70117188  2029012.00000000 1608753.50000000 
0.08300    44973320.00000000 28350932.00000000 71411808.00000000 22724.53515625  1990668.62500000 1578412.87500000 
0.08400    44232384.00000000 27888632.00000000 70239768.00000000 22264.39648438  1953468.75000000 1548986.50000000 
0.08500    43515764.00000000 27441848.00000000 69108168.00000000 21816.60937500  1917373.62500000 1520433.25000000 
0.08600    42823180.00000000 27010288.00000000 68014088.00000000 21380.48828125  1882317.50000000 1492709.37500000 
0.08700    42153168.00000000 26593490.00000000 66957528.00000000 20955.50976562  1848231.37500000 1465762.75000000 
0.08800    41505208.00000000 26190744.00000000 65935328.00000000 20540.95117188  1815077.00000000 1439573.12500000 
0.08900    40877860.00000000 25801494.00000000 64947832.00000000 20136.37500000  1782827.37500000 1414094.50000000 
0.09000    40271228.00000000 25425162.00000000 63991656.00000000 19741.16210938  1751417.50000000 1389283.12500000 
0.09100    39683836.00000000 25061190.00000000 63066580.00000000 19354.75585938  1720790.12500000 1365094.12500000 
0.09200    39114760.00000000 24709066.00000000 62170916.00000000 18976.99609375  1690928.62500000 1341503.00000000 
0.09300    38562712.00000000 24368396.00000000 61303460.00000000 18607.24218750  1661765.00000000 1318474.12500000 
0.09400    38027732.00000000 24037894.00000000 60462192.00000000 18244.81640625  1633286.87500000 1295994.62500000 
0.09500    37508536.00000000 23717916.00000000 59646400.00000000 17889.86914062  1605422.62500000 1274012.87500000 
0.09600    37003916.00000000 23407272.00000000 58854856.00000000 17542.00781250  1578177.25000000 1252506.87500000 
0.09700    36513752.00000000 23105896.00000000 58085976.00000000 17200.51757812  1551481.25000000 1231443.25000000 
0.09800    36037088.00000000 22813126.00000000 57338228.00000000 16865.67773438  1525335.12500000 1210806.75000000 
0.09900    35573464.00000000 22528472.00000000 56611212.00000000 16536.52734375  1499695.87500000 1190571.75000000 
0.10000    35121280.00000000 22251456.00000000 55902856.00000000 16213.43359375  1474508.37500000 1170705.62500000 
0.10100    34679984.00000000 21981566.00000000 55212944.00000000 15895.97070312  1449796.25000000 1151206.00000000 
0.10200    34249316.00000000 21718406.00000000 54539472.00000000 15584.05859375  1425506.87500000 1132038.12500000 
0.10300    33828992.00000000 21461426.00000000 53881604.00000000 15277.27832031  1401623.25000000 1113185.75000000 
0.10400    33418018.00000000 21210478.00000000 53238980.00000000 14975.68945312  1378111.62500000 1094635.50000000 
0.10500    33015182.00000000 20964970.00000000 52609784.00000000 14679.11718750  1354979.87500000 1076363.25000000 
0.10600    32620786.00000000 20724520.00000000 51993388.00000000 14387.32421875  1332190.62500000 1058374.37500000 
0.10700    32233970.00000000 20488910.00000000 51389264.00000000 14100.33789062  1309727.12500000 1040636.25000000 
0.10800    31853702.00000000 20257562.00000000 50795572.00000000 13817.86035156  1287590.50000000 1023151.93750000 
0.10900    31480286.00000000 20030228.00000000 50212496.00000000 13540.05566406  1265745.37500000 1005900.12500000 
0.11000    31112636.00000000 19806736.00000000 49638384.00000000 13266.63476562  1244197.50000000 988869.93750000 
0.11100    30750508.00000000 19586450.00000000 49073320.00000000 12997.55078125  1222926.12500000 972057.43750000 
0.11200    30393542.00000000 19369306.00000000 48516412.00000000 12732.82519531  1201921.00000000 955449.25000000 
0.11300    30041290.00000000 19154976.00000000 47966428.00000000 12472.32031250  1181186.37500000 939053.06250000 
0.11400    29693340.00000000 18943394.00000000 47423144.00000000 12215.91796875  1160695.87500000 922837.25000000 
0.11500    29349568.00000000 18733778.00000000 46886092.00000000 11963.63867188  1140447.62500000 906812.87500000 
0.11600    29009152.00000000 18526858.00000000 46354864.00000000 11715.22265625  1120446.12500000 890976.06250000 
0.11700    28672180.00000000 18321484.00000000 45828440.00000000 11470.95312500  1100672.50000000 875314.06250000 
0.11800    28338194.00000000 18117862.00000000 45306324.00000000 11230.52441406  1081115.87500000 859826.68750000 
0.11900    28007066.00000000 17915644.00000000 44788784.00000000 10993.87304688  1061773.87500000 844502.18750000 
0.12000    27678418.00000000 17714970.00000000 44274508.00000000 10761.00390625  1042667.06250000 829342.25000000 
0.12100    27352100.00000000 17515270.00000000 43763896.00000000 10531.93652344  1023764.81250000 814350.43750000 
0.12200    27027688.00000000 17316784.00000000 43255844.00000000 10306.45996094  1005067.37500000 799526.31250000 
0.12300    26705286.00000000 17119092.00000000 42750988.00000000 10084.61328125  986578.68750000 784851.00000000 
0.12400    26384514.00000000 16922264.00000000 42248176.00000000 9866.27148438   968292.62500000 770335.56250000 
0.12500    26065236.00000000 16726230.00000000 41747580.00000000 9651.48730469   950211.18750000 755971.93750000 
0.12600    25747604.00000000 16530962.00000000 41248408.00000000 9440.15722656   932324.81250000 741766.37500000 
0.12700    25431000.00000000 16335979.00000000 40751860.00000000 9232.16796875   914644.00000000 727716.06250000 
0.12800    25115706.00000000 16141591.00000000 40256040.00000000 9027.53613281   897155.75000000 713812.37500000 
0.12900    24801818.00000000 15947519.00000000 39762508.00000000 8826.18457031   879864.68750000 700070.31250000 
0.13000    24488402.00000000 15753888.00000000 39269732.00000000 8628.16113281   862769.12500000 686468.37500000 
0.13100    24176258.00000000 15560519.00000000 38778080.00000000 8433.23632812   845862.31250000 673026.12500000 
0.13200    23864900.00000000 15367505.00000000 38287472.00000000 8241.38183594   829155.68750000 659726.87500000 
0.13300    23554386.00000000 15174772.00000000 37798072.00000000 8052.76367188   812635.68750000 646584.37500000 
0.13400    23244984.00000000 14982206.00000000 37309796.00000000 7867.16259766   796308.68750000 633593.87500000 
0.13500    22936180.00000000 14789964.00000000 36822336.00000000 7684.64257812   780175.62500000 620754.62500000 
0.13600    22628332.00000000 14597980.00000000 36335924.00000000 7505.08740234   764237.12500000 608062.12500000 
0.13700    22321338.00000000 14406339.00000000 35850672.00000000 7328.48339844   748490.62500000 595521.56250000 
0.13800    22015200.00000000 14214878.00000000 35366124.00000000 7154.84326172   732933.93750000 583134.06250000 
0.13900    21710060.00000000 14023773.00000000 34883268.00000000 6984.10253906   717581.06250000 570905.75000000 
0.14000    21405674.00000000 13833016.00000000 34401432.00000000 6816.25634766   702417.25000000 558820.50000000 
0.14100    21102524.00000000 13642620.00000000 33920652.00000000 6651.30322266   687447.62500000 546903.00000000 
0.14200    20800402.00000000 13452713.00000000 33441372.00000000 6489.19238281   672669.62500000 535136.75000000 
0.14300    20499210.00000000 13263149.00000000 32963446.00000000 6330.00000000   658089.18750000 523522.43750000 
0.14400    20199206.00000000 13074155.00000000 32487136.00000000 6173.52001953   643708.00000000 512064.46875000 
0.14500    19900606.00000000 12885801.00000000 32012588.00000000 6020.00048828   629531.50000000 500768.12500000 
0.14600    19603204.00000000 12697958.00000000 31540158.00000000 5869.30224609   615546.68750000 489624.40625000 
0.14700    19307298.00000000 12511013.00000000 31069456.00000000 5721.41357422   601765.81250000 478647.65625000 
0.14800    19012850.00000000 12324609.00000000 30600986.00000000 5576.33496094   588178.12500000 467822.25000000 
0.14900    18720054.00000000 12139062.00000000 30134686.00000000 5434.09521484   574794.25000000 457162.84375000 
0.15000    18428726.00000000 11954433.00000000 29671010.00000000 5294.75244141   561617.93750000 446662.09375000 
0.15100    18139336.00000000 11770797.00000000 29209780.00000000 5158.28613281   548643.00000000 436325.78125000 
0.15200    17851816.00000000 11587986.00000000 28751554.00000000 5024.66455078   535870.37500000 426153.59375000 
0.15300    17566250.00000000 11406507.00000000 28295924.00000000 4893.84667969   523313.40625000 416140.43750000 
0.15400    17282620.00000000 11225992.00000000 27843714.00000000 4765.93310547   510955.12500000 406293.06250000 
0.15500    17001200.00000000 11046787.00000000 27394826.00000000 4640.89355469   498802.53125000 396614.84375000 
0.15600    16722099.00000000 10868808.00000000 26948840.00000000 4518.71191406   486855.25000000 387098.09375000 
0.15700    16445607.00000000 10692246.00000000 26506896.00000000 4399.38818359   475123.65625000 377748.53125000 
0.15800    16171241.00000000 10516996.00000000 26068496.00000000 4282.97851562   463595.93750000 368562.25000000 
0.15900    15899445.00000000 10343310.00000000 25634044.00000000 4169.44921875   452276.78125000 359541.34375000 
0.16000    15630254.00000000 10171203.00000000 25203650.00000000 4058.79418945   441163.09375000 350687.21875000 
0.16100    15363914.00000000 10000709.00000000 24777482.00000000 3951.02954102   430268.00000000 342002.28125000 
0.16200    15100237.00000000 9831728.00000000 24355422.00000000 3846.05004883   419574.25000000 333477.59375000 
0.16300    14839463.00000000 9664695.00000000 23937820.00000000 3743.97387695   409089.46875000 325121.65625000 
0.16400    14581488.00000000 9499278.00000000 23525098.00000000 3644.72509766   398815.93750000 316935.28125000 
0.16500    14326752.00000000 9335787.00000000 23116922.00000000 3548.28125000   388742.31250000 308904.09375000 
0.16600    14074980.00000000 9174139.00000000 22713526.00000000 3454.59057617   378881.21875000 301039.75000000 
0.16700    13826468.00000000 9014390.00000000 22314988.00000000 3363.63549805   369223.06250000 293334.53125000 
0.16800    13580974.00000000 8856557.00000000 21921542.00000000 3275.40161133   359765.09375000 285791.59375000 
0.16900    13338919.00000000 8700890.00000000 21533196.00000000 3189.88964844   350513.00000000 278409.09375000 
0.17000    13100063.00000000 8547078.00000000 21149902.00000000 3107.00683594   341461.00000000 271188.25000000 
0.17100    12864616.00000000 8395277.00000000 20772152.00000000 3026.72973633   332605.06250000 264120.09375000 
0.17200    12632365.00000000 8245794.00000000 20399554.00000000 2948.97436523   323948.09375000 257210.46875000 
0.17300    12403635.00000000 8098285.50000000 20032376.00000000 2873.73559570   315481.18750000 250452.39062500 
0.17400    12178403.00000000 7952971.50000000 19670598.00000000 2800.93798828   307211.06250000 243846.32812500 
0.17500    11956508.00000000 7809796.00000000 19313956.00000000 2730.50488281   299127.84375000 237388.40625000 
0.17600    11738148.00000000 7668691.00000000 18963174.00000000 2662.39550781   291225.84375000 231076.79687500 
0.17700    11523250.00000000 7529868.00000000 18617722.00000000 2596.55249023   283510.75000000 224909.78125000 
0.17800    11311737.00000000 7393127.50000000 18277620.00000000 2532.89599609   275977.12500000 218882.76562500 
0.17900    11103790.00000000 7258630.00000000 17943392.00000000 2471.36962891   268617.62500000 212998.90625000 
0.18000    10899363.00000000 7126246.50000000 17614228.00000000 2411.89550781   261432.00000000 207249.68750000 
0.18100    10698305.00000000 6996124.50000000 17290958.00000000 2354.44067383   254416.81250000 201636.35937500 
0.18200    10500613.00000000 6868049.00000000 16972868.00000000 2298.81445312   247562.57812500 196151.59375000 
0.18300    10306433.00000000 6742150.00000000 16660009.00000000 2245.07592773   240875.12500000 190794.15625000 
0.18400    10115504.00000000 6618428.00000000 16352786.00000000 2193.08862305   234344.09375000 185562.71875000 
0.18500    9927975.00000000 6496830.00000000 16050995.00000000 2142.82153320   227968.82812500 180453.85937500 
0.18600    9743856.00000000 6377293.00000000 15754269.00000000 2094.16870117   221743.95312500 175464.95312500 
0.18700    9562935.00000000 6259845.00000000 15462867.00000000 2047.09387207   215663.92187500 170589.46875000 
0.18800    9385269.00000000 6144472.50000000 15176446.00000000 2001.47167969   209728.07812500 165828.93750000 
0.18900    9210791.00000000 6031072.50000000 14895336.00000000 1957.32568359   203934.25000000 161179.95312500 
0.19000    9039401.00000000 5919728.00000000 14619012.00000000 1914.48144531   198269.23437500 156632.31250000 
0.19100    8871231.00000000 5810402.00000000 14348044.00000000 1873.00451660   192744.71875000 152196.51562500 
0.19200    8706039.00000000 5702924.50000000 14081514.00000000 1832.72363281   187340.78125000 147856.31250000 
0.19300    8543892.00000000 5597507.00000000 13820053.00000000 1793.69750977   182065.50000000 143619.53125000 
0.19400    8384668.00000000 5493861.00000000 13563206.00000000 1755.73278809   176910.67187500 139476.04687500 
0.19500    8228406.50000000 5392066.50000000 13310885.00000000 1718.89733887   171873.23437500 135427.35937500 
0.19600    8074957.00000000 5292143.00000000 13063387.00000000 1683.11413574   166949.70312500 131468.21875000 
0.19700    7924233.00000000 5193934.00000000 12820165.00000000 1648.32482910   162136.79687500 127597.53125000 
0.19800    7776246.00000000 5097543.50000000 12581276.00000000 1614.49548340   157432.89062500 123813.54687500 
0.19900    7631072.50000000 5002888.50000000 12346816.00000000 1581.62158203   152836.40625000 120114.15625000 
0.20000    7488474.50000000 4909862.50000000 12116558.00000000 1549.65417480   148341.32812500 116495.76562500 
0.20100    7348359.50000000 4818525.50000000 11890347.00000000 1518.56005859   143947.92187500 112957.46875000 
0.20200    7210879.50000000 4728793.50000000 11668183.00000000 1488.31579590   139650.00000000 109497.85156250 
0.20300    7075851.00000000 4640679.00000000 11449973.00000000 1458.93115234   135450.43750000 106115.08593750 
0.20400    6943202.50000000 4554125.50000000 11235803.00000000 1430.35266113   131344.37500000 102805.78125000 
0.20500    6812906.50000000 4469047.00000000 11025238.00000000 1402.57812500   127330.28906250 99570.29687500  
0.20600    6684978.00000000 4385479.00000000 10818569.00000000 1375.58825684   123404.39062500 96406.61718750  
0.20700    6559283.50000000 4303383.00000000 10615369.00000000 1349.39648438   119568.98437500 93313.14843750  
0.20800    6435863.50000000 4222749.00000000 10415785.00000000 1323.99438477   115819.68750000 90289.38281250  
0.20900    6314702.00000000 4143568.00000000 10219854.00000000 1299.40417480   112159.00781250 87336.99218750  
0.21000    6195555.00000000 4065715.75000000 10027311.00000000 1275.55664062   108580.71875000 84448.77343750  
0.21100    6078583.00000000 3989237.75000000 9838202.00000000 1252.49255371   105084.86718750 81628.32031250  
0.21200    5963693.00000000 3914083.75000000 9652383.00000000 1230.21569824   101673.75000000 78873.10937500  
0.21300    5850778.00000000 3840245.25000000 9469731.00000000 1208.68737793   98342.81250000  76183.95312500  
0.21400    5739949.00000000 3767697.75000000 9290410.00000000 1187.97827148   95093.67187500  73558.17187500  
0.21500    5631084.50000000 3696454.50000000 9114312.00000000 1168.04907227   91927.72656250  70999.00000000  
0.21600    5524150.50000000 3626371.50000000 8941276.00000000 1148.89611816   88836.31250000  68501.36718750  
0.21700    5419087.00000000 3557583.00000000 8771167.00000000 1130.52966309   85827.01562500  66068.08593750  
0.21800    5315920.50000000 3490024.00000000 8604184.00000000 1112.95117188   82893.84375000  63695.89453125  
0.21900    5214594.50000000 3423594.50000000 8440180.00000000 1096.14440918   80039.23437500  61385.72265625  
0.22000    5115087.50000000 3358357.00000000 8278992.50000000 1080.13720703   77261.82031250  59137.15625000  
0.22100    5017470.00000000 3294307.75000000 8120872.50000000 1064.91711426   74563.63281250  56952.10156250  
0.22200    4921602.00000000 3231403.75000000 7965510.00000000 1050.47387695   71939.92187500  54826.49609375  
0.22300    4827461.00000000 3169609.50000000 7813008.00000000 1036.79479980   69390.50781250  52761.63671875  
0.22400    4735011.00000000 3108915.00000000 7663172.50000000 1023.86962891   66917.59375000  50755.08203125  
0.22500    4644443.50000000 3049377.50000000 7516359.00000000 1011.73303223   64521.11718750  48811.37890625  
0.22600    4555417.00000000 2990864.50000000 7372004.00000000 1000.30865479   62195.32421875  46924.02343750  
0.22700    4468156.50000000 2933489.50000000 7230504.50000000 989.62799072    59944.46484375  45096.82812500  
0.22800    4382565.00000000 2877145.25000000 7091549.50000000 979.64135742    57765.07421875  43326.16796875  
0.22900    4298548.00000000 2821832.25000000 6955199.00000000 970.34521484    55656.85937500  41612.92578125  
0.23000    4216121.50000000 2767589.50000000 6821549.00000000 961.72796631    53619.46875000  39956.35546875  
0.23100    4135407.50000000 2714366.75000000 6690466.50000000 953.76135254    51652.25000000  38355.59765625  
0.23200    4056187.50000000 2662164.00000000 6561789.00000000 946.40527344    49752.14843750  36809.16015625  
0.23300    3978571.50000000 2610912.00000000 6435688.00000000 939.64978027    47918.97265625  35316.75781250  
0.23400    3902511.00000000 2560718.75000000 6312056.00000000 933.46209717    46152.61718750  33877.43750000  
0.23500    3827910.75000000 2511418.75000000 6190798.00000000 927.79595947    44448.24609375  32488.42382812  
0.23600    3754845.50000000 2463132.00000000 6071962.00000000 922.63745117    42809.25390625  31151.10742188  
0.23700    3683227.00000000 2415769.75000000 5955508.50000000 917.96826172    41231.37500000  29863.48242188  
0.23800    3613112.75000000 2369351.75000000 5841372.50000000 913.71594238    39712.99218750  28624.78710938  
0.23900    3544382.25000000 2323860.75000000 5729539.50000000 909.87280273    38251.64062500  27431.77539062  
0.24000    3477072.25000000 2279245.25000000 5619930.50000000 906.39361572    36847.14843750  26284.74218750  
0.24100    3411194.25000000 2235560.25000000 5512596.50000000 903.26239014    35498.97656250  25183.22265625  
0.24200    3346631.50000000 2192714.25000000 5407498.50000000 900.43041992    34202.91796875  24123.90039062  
0.24300    3283428.00000000 2150759.75000000 5304485.50000000 897.85137939    32956.45703125  23106.05078125  
0.24400    3221500.25000000 2109652.50000000 5203550.50000000 895.49920654    31759.72460938  22127.87109375  
0.24500    3160876.50000000 2069347.25000000 5104638.00000000 893.34344482    30609.43359375  21187.84375000  
0.24600    3101494.75000000 2029860.87500000 5007771.50000000 891.34490967    29504.40625000  20284.71679688  
0.24700    3043351.00000000 1991189.50000000 4912938.00000000 889.48883057    28442.73828125  19417.69335938  
0.24800    2986399.75000000 1953254.75000000 4819989.00000000 887.72534180    27421.59375000  18583.86328125  
0.24900    2930604.75000000 1916101.50000000 4728920.50000000 886.04321289    26438.54296875  17781.47656250  
0.25000    2875929.50000000 1879699.87500000 4639702.00000000 884.40032959    25493.60156250  17010.69921875  
0.25100    2822406.50000000 1843979.75000000 4552235.00000000 882.76373291    24582.35742188  16268.13476562  
0.25200    2769982.00000000 1809030.75000000 4466622.50000000 881.15698242    23706.34570312  15554.57324219  
0.25300    2718578.50000000 1774744.37500000 4382686.50000000 879.51538086    22860.12500000  14866.38964844  
0.25400    2668204.75000000 1741122.00000000 4300363.00000000 877.84313965    22043.97460938  14203.09863281  
0.25500    2618805.75000000 1708136.25000000 4219623.00000000 876.10833740    21254.78710938  13562.61035156  
0.25600    2570396.75000000 1675821.62500000 4140507.25000000 874.30407715    20492.43359375  12944.37695312  
0.25700    2522870.25000000 1644114.75000000 4062870.50000000 872.43170166    19753.92968750  12346.92968750  
0.25800    2476288.50000000 1612991.87500000 3986705.75000000 870.46868896    19038.36132812  11769.15625000  
0.25900    2430569.00000000 1582472.25000000 3911982.00000000 868.42053223    18345.20312500  11209.62988281  
0.26000    2385701.75000000 1552516.62500000 3838664.75000000 866.28009033    17671.61914062  10667.48632812  
0.26100    2341631.75000000 1523083.75000000 3766635.50000000 864.03558350    17015.90429688  10140.77734375  
0.26200    2298420.75000000 1494221.00000000 3695966.50000000 861.71966553    16380.04296875  9630.91210938   
0.26300    2255885.50000000 1465833.87500000 3626500.25000000 859.29248047    15758.55859375  9133.62695312   
0.26400    2214128.75000000 1437963.25000000 3558264.25000000 856.79547119    15154.16308594  8650.70605469   
0.26500    2173108.00000000 1410585.75000000 3491228.75000000 854.22839355    14565.11230469  8180.92285156   
0.26600    2132755.00000000 1383669.50000000 3425314.50000000 851.60375977    13989.23437500  7723.36035156   
0.26700    2093096.00000000 1357217.25000000 3360520.00000000 848.93011475    13428.10839844  7277.50488281   
0.26800    2054077.37500000 1331202.62500000 3296828.25000000 846.20928955    12880.16699219  6843.53857422   
0.26900    2015682.12500000 1305615.12500000 3234123.25000000 843.46563721    12343.88476562  6419.20019531   
0.27000    1977896.50000000 1280440.37500000 3172481.50000000 840.71429443    11820.62500000  6006.45458984   
0.27100    1940706.87500000 1255680.37500000 3111743.50000000 837.97113037    11308.94335938  5603.44042969   
0.27200    1904144.37500000 1231339.25000000 3052092.00000000 835.26940918    10811.69824219  5212.04443359   
0.27300    1868085.00000000 1207351.50000000 2993258.25000000 832.58703613    10323.66992188  4829.20263672   
0.27400    1832528.75000000 1183715.37500000 2935300.50000000 829.95202637    9846.69042969   4455.33837891   
0.27500    1797580.25000000 1160492.50000000 2878330.00000000 827.41131592    9384.58007812   4093.47558594   
0.27600    1763094.87500000 1137586.37500000 2822113.75000000 824.94702148    8931.87500000   3739.50732422   
0.27700    1729155.62500000 1115046.75000000 2766782.75000000 822.60095215    8493.34082031   3397.38403320   
0.27800    1695709.50000000 1092848.87500000 2712290.00000000 820.38055420    8066.70263672   3064.46923828   
0.27900    1662747.50000000 1070983.62500000 2658593.25000000 818.29858398    7653.39306641   2742.42773438   
0.28000    1630249.50000000 1049444.50000000 2605689.00000000 816.36059570    7252.55566406   2430.78662109   
0.28100    1598239.25000000 1028236.81250000 2553582.25000000 814.59222412    6865.49414062   2129.66113281   
0.28200    1566709.75000000 1007352.43750000 2502252.50000000 813.01153564    6492.72949219   1840.17810059   
0.28300    1535638.37500000 986781.31250000 2451667.00000000 811.59832764    6134.30029297   1562.02160645   
0.28400    1505007.75000000 966503.75000000 2401832.25000000 810.38433838    5789.60156250   1294.64477539   
0.28500    1474855.25000000 946559.00000000 2352785.50000000 809.38903809    5461.13281250   1040.22692871   
0.28600    1445123.37500000 926896.18750000 2304444.50000000 808.58154297    5147.41796875   796.58660889    
0.28700    1415867.12500000 907553.12500000 2256858.50000000 807.99517822    4849.26562500   566.14508057    
0.28800    1387037.37500000 888493.75000000 2209973.00000000 807.61242676    4567.80224609   347.90386963    
0.28900    1358685.12500000 869767.56250000 2163885.50000000 807.45410156    4303.31787109   143.25810242    
0.29000    1330741.25000000 851314.68750000 2118468.25000000 807.50634766    4054.42089844   -49.11740494    
0.29100    1303286.25000000 833170.68750000 2073823.00000000 807.77368164    3823.97460938   -227.42152405   
0.29200    1276261.37500000 815315.87500000 2029882.75000000 808.23260498    3610.04711914   -392.64901733   
0.29300    1249695.87500000 797773.18750000 1986714.75000000 808.90838623    3414.61743164   -543.69567871   
0.29400    1223550.00000000 780496.18750000 1944199.12500000 809.75091553    3234.76953125   -682.71520996   
0.29500    1197880.37500000 763553.75000000 1902477.50000000 810.80798340    3074.70727539   -806.11578369   
0.29600    1172635.62500000 746878.50000000 1861435.50000000 812.01049805    2931.38330078   -916.72088623   
0.29700    1147841.00000000 730489.12500000 1821122.25000000 813.37530518    2805.32934570   -1013.77331543  
0.29800    1123522.25000000 714416.50000000 1781566.75000000 814.89776611    2698.06420898   -1096.28833008  
0.29900    1099648.25000000 698643.75000000 1742752.00000000 816.56054688    2608.47412109   -1164.96166992  
0.30000    1076214.75000000 683153.18750000 1704627.12500000 818.32666016    2534.99487305   -1220.96557617  
0.30100    1053263.87500000 667962.00000000 1667281.37500000 820.21691895    2480.34277344   -1262.55151367  
0.30200    1030717.62500000 653054.81250000 1630600.87500000 822.18414307    2441.57128906   -1291.93322754  
0.30300    1008659.50000000 638451.81250000 1594709.37500000 824.23632812    2420.25659180   -1307.46044922  
0.30400    987072.75000000 624147.56250000 1559561.62500000 826.34826660    2415.63671875   -1310.01062012  
0.30500    965900.43750000 610124.31250000 1525070.12500000 828.49749756    2425.61645508   -1300.76220703  
0.30600    945188.75000000 596383.68750000 1491329.87500000 830.67443848    2451.63476562   -1279.41540527  
0.30700    924952.31250000 582957.56250000 1458347.50000000 832.88220215    2493.85449219   -1245.31945801  
0.30800    905143.06250000 569800.81250000 1426068.87500000 835.07135010    2549.48437500   -1200.67834473  
0.30900    885800.50000000 556948.37500000 1394527.00000000 837.26452637    2620.14233398   -1144.21716309  
0.31000    866909.25000000 544383.43750000 1363707.87500000 839.42095947    2703.98242188   -1077.31225586  
0.31100    848450.93750000 532091.43750000 1333534.75000000 841.53009033    2800.75390625   -1000.48217773  
0.31200    830425.31250000 520086.21875000 1304129.75000000 843.60174561    2910.13623047   -913.59527588   
0.31300    812848.68750000 508366.46875000 1275408.75000000 845.60345459    3031.30224609   -817.43304443   
0.31400    795731.06250000 496938.21875000 1247426.87500000 847.54473877    3164.39868164   -711.99426270   
0.31500    779014.62500000 485771.65625000 1220094.25000000 849.38568115    3307.20288086   -598.77423096   
0.31600    762747.87500000 474885.62500000 1193458.12500000 851.15594482    3460.79223633   -477.17950439   
0.31700    746904.68750000 464276.50000000 1167523.37500000 852.83233643    3623.82348633   -347.97726440   
0.31800    731470.06250000 453924.18750000 1142238.00000000 854.38867188    3794.95751953   -212.72941589   
0.31900    716477.25000000 443855.37500000 1117634.50000000 855.86840820    3975.58374023   -69.69779968    
0.32000    701876.25000000 434043.09375000 1093681.37500000 857.24114990    4163.25634766   78.81110382     
0.32100    687682.93750000 424486.75000000 1070375.50000000 858.50067139    4358.10205078   232.78878784    
0.32200    673905.00000000 415202.53125000 1047743.31250000 859.65881348    4560.06884766   392.39147949    
0.32300    660482.68750000 406144.37500000 1025691.31250000 860.69873047    4767.11669922   555.86267090    
0.32400    647470.56250000 397344.31250000 1004268.12500000 861.64196777    4980.02734375   724.09265137    
0.32500    634842.87500000 388790.93750000 983471.68750000 862.48468018    5197.78662109   895.71459961    
0.32600    622590.81250000 380479.62500000 963266.81250000 863.23132324    5420.38232422   1071.51171875   
0.32700    610709.31250000 372407.31250000 943663.06250000 863.89416504    5647.08593750   1250.28698730   
0.32800    599210.93750000 364580.50000000 924677.12500000 864.46405029    5878.26562500   1432.18627930   
0.32900    588040.56250000 356965.96875000 906220.06250000 864.95526123    6111.78662109   1615.99658203   
0.33000    577251.06250000 349596.31250000 888347.93750000 865.37615967    6348.86669922   1802.67175293   
0.33100    566751.93750000 342415.00000000 870967.37500000 865.71850586    6587.36914062   1990.06591797   
0.33200    556660.56250000 335489.34375000 854232.18750000 866.02233887    6830.31835938   2180.93359375   
0.33300    546863.50000000 328760.75000000 837975.31250000 866.25762939    7073.94287109   2372.11987305   
0.33400    537409.06250000 322249.34375000 822251.25000000 866.46746826    7320.21630859   2564.99682617   
0.33500    528257.50000000 315932.18750000 807028.06250000 866.62414551    7567.07910156   2758.61352539   
0.33600    519423.34375000 309819.62500000 792307.37500000 866.75518799    7815.53906250   2952.82763672   
0.33700    510886.56250000 303902.03125000 778068.68750000 866.87664795    8065.23876953   3148.05639648   
0.33800    502674.46875000 298189.37500000 764339.00000000 866.98834229    8316.34375000   3344.07006836   
0.33900    494719.93750000 292648.40625000 751040.87500000 867.08477783    8567.58789062   3539.84985352   
0.34000    487063.12500000 287299.56250000 738206.81250000 867.18273926    8819.62597656   3736.26635742   
0.34100    479690.31250000 282132.31250000 725841.12500000 867.28643799    9072.43457031   3932.65820312   
0.34200    472621.53125000 277164.93750000 713960.37500000 867.41760254    9326.41699219   4130.30175781   
0.34300    465782.50000000 272342.18750000 702448.68750000 867.54705811    9579.85449219   4327.02294922   
0.34400    459245.90625000 267718.40625000 691410.75000000 867.71386719    9834.57226562   4524.87548828   
0.34500    452936.62500000 263241.62500000 680755.37500000 867.89605713    10088.70019531  4721.72363281   
0.34600    446915.09375000 258953.87500000 670549.18750000 868.11865234    10344.20800781  4919.67431641   
0.34700    441089.93750000 254789.53125000 660677.93750000 868.35534668    10598.24316406  5116.46093750   
0.34800    435532.87500000 250805.84375000 651218.31250000 868.62451172    10852.88574219  5313.45166016   
0.34900    430207.56250000 246971.18750000 642144.12500000 868.92474365    11108.00390625  5510.73095703   
0.35000    425110.87500000 243281.92187500 633441.62500000 869.24981689    11362.45703125  5707.37548828   
0.35100    420258.34375000 239759.65625000 625133.81250000 869.61285400    11617.71972656  5904.83251953   
0.35200    415581.59375000 236346.51562500 617102.12500000 869.98577881    11871.46777344  6100.98144531   
0.35300    411131.06250000 233087.25000000 609444.87500000 870.36993408    12125.21875000  6296.96240234   
0.35400    406900.43750000 229972.34375000 602142.37500000 870.78326416    12379.13867188  6493.38623047   
0.35500    402871.87500000 226986.14062500 595160.12500000 871.20367432    12632.25195312  6689.38623047   
0.35600    399021.15625000 224117.95312500 588469.06250000 871.62005615    12884.50488281  6884.68164062   
0.35700    395367.34375000 221384.95312500 582101.93750000 872.03497314    13136.19335938  7079.85156250   
0.35800    391915.59375000 218781.82812500 576057.50000000 872.45007324    13387.35839844  7274.91796875   
0.35900    388636.28125000 216293.48437500 570302.12500000 872.83880615    13637.55957031  7469.25292969   
0.36000    385549.56250000 213934.60937500 564855.93750000 873.20532227    13887.58496094  7663.84667969   
0.36100    382603.28125000 211672.95312500 559639.56250000 873.53485107    14135.26953125  7856.76171875   
0.36200    379874.34375000 209550.45312500 554783.75000000 873.83807373    14383.27246094  8050.73046875   
0.36300    377255.40625000 207507.01562500 550098.31250000 874.06671143    14628.16699219  8242.46289062   
0.36400    374796.15625000 205570.20312500 545683.87500000 874.23303223    14871.34570312  8433.34863281   
0.36500    372482.09375000 203732.26562500 541517.87500000 874.33489990    15113.21582031  8623.59863281   
0.36600    370345.75000000 202015.89062500 537620.81250000 874.35791016    15353.72265625  8813.42480469   
0.36700    368316.31250000 200372.14062500 533926.56250000 874.28546143    15591.07421875  9001.25390625   
0.36800    366471.31250000 198851.60937500 530522.31250000 874.14093018    15827.76953125  9189.06835938   
0.36900    364741.46875000 197408.84375000 527314.56250000 873.87005615    16061.53710938  9375.38476562   
0.37000    363098.65625000 196033.39062500 524245.21875000 873.46221924    16290.97265625  9558.96386719   
0.37100    361589.46875000 194746.50000000 521406.62500000 872.94439697    16518.00000000  9741.29003906   
0.37200    360226.21875000 193560.34375000 518808.00000000 872.30529785    16743.01562500  9922.65332031   
0.37300    358944.93750000 192438.60937500 516359.43750000 871.50952148    16963.88281250  10101.52832031  
0.37400    357790.78125000 191402.01562500 514118.06250000 870.58227539    17181.93945312  10278.96289062  
0.37500    356739.46875000 190433.23437500 512033.50000000 869.50347900    17396.07226562  10454.29101562  
0.37600    355790.03125000 189543.39062500 510140.28125000 868.24786377    17606.25585938  10627.07226562  
0.37700    354915.81250000 188703.59375000 508369.59375000 866.83154297    17812.06250000  10796.93847656  
0.37800    354138.40625000 187938.43750000 506768.84375000 865.24603271    18013.70703125  10964.66601562  
0.37900    353470.71875000 187249.64062500 505345.00000000 863.49713135    18211.86328125  11130.31640625  
0.38000    352859.25000000 186602.85937500 504031.81250000 861.56237793    18404.17382812  11292.15429688  
0.38100    352312.87500000 186003.46875000 502827.03125000 859.43762207    18591.44140625  11450.76464844  
0.38200    351858.84375000 185475.64062500 501782.46875000 857.14343262    18774.82421875  11606.80273438  
0.38300    351459.75000000 184984.10937500 500825.43750000 854.65692139    18951.59960938  11758.89355469  
0.38400    351145.75000000 184559.78125000 500018.75000000 851.98559570    19124.42187500  11908.45605469  
0.38500    350866.53125000 184160.87500000 499281.78125000 849.13067627    19290.70117188  12053.35058594  
0.38600    350676.90625000 183829.06250000 498696.21875000 846.10943604    19452.63281250  12195.85546875  
0.38700    350504.12500000 183514.78125000 498151.68750000 842.87561035    19607.34765625  12333.11035156  
0.38800    350388.00000000 183248.76562500 497708.75000000 839.47399902    19756.69140625  12467.03417969  
0.38900    350321.18750000 183013.37500000 497339.90625000 835.89477539    19899.73046875  12596.65039062  
0.39000    350321.25000000 182833.85937500 497108.09375000 832.14520264    20037.85546875  12722.98632812  
0.39100    350344.43750000 182673.07812500 496903.00000000 828.21899414    20169.10546875  12844.55078125  
0.39200    350409.40625000 182547.12500000 496788.50000000 824.12646484    20294.34179688  12961.98828125  
0.39300    350497.40625000 182445.07812500 496720.34375000 819.87542725    20412.91210938  13074.56152344  
0.39400    350652.28125000 182389.04687500 496757.71875000 815.46459961    20526.47656250  13183.66699219  
0.39500    350798.65625000 182336.89062500 496793.59375000 810.89910889    20632.19531250  13287.40234375  
0.39600    350978.28125000 182311.45312500 496892.81250000 806.18707275    20732.05273438  13386.62500000  
0.39700    351184.59375000 182309.59375000 497041.87500000 801.34204102    20825.32226562  13481.38671875  
0.39800    351425.43750000 182338.07812500 497257.87500000 796.36474609    20912.93554688  13571.83984375  
0.39900    351677.00000000 182377.37500000 497497.50000000 791.25787354    20993.54492188  13657.56542969  
0.40000    351944.87500000 182434.93750000 497775.15625000 786.03814697    21068.20703125  13738.71191406  
0.40100    352225.90625000 182506.79687500 498078.31250000 780.69842529    21136.36132812  13814.89257812  
0.40200    352535.65625000 182604.34375000 498438.59375000 775.27038574    21198.66992188  13887.07421875  
0.40300    352843.81250000 182703.87500000 498798.62500000 769.73327637    21254.16796875  13953.99023438  
0.40400    353176.78125000 182822.75000000 499197.96875000 764.11444092    21303.94140625  14016.89062500  
0.40500    353510.68750000 182953.92187500 499623.96875000 758.41870117    21347.97265625  14075.03808594  
0.40600    353872.87500000 183106.28125000 500097.78125000 752.65777588    21386.55859375  14129.48144531  
0.40700    354230.90625000 183258.25000000 500560.00000000 746.83886719    21418.69531250  14178.97460938  
0.40800    354598.00000000 183422.04687500 501042.59375000 740.95410156    21445.32031250  14224.01074219  
0.40900    354960.84375000 183589.60937500 501548.56250000 735.03198242    21466.21875000  14265.05078125  
0.41000    355356.46875000 183780.87500000 502091.25000000 729.08660889    21482.72265625  14302.33105469  
0.41100    355738.43750000 183970.56250000 502627.03125000 723.10070801    21493.32617188  14335.20605469  
0.41200    356125.25000000 184160.04687500 503157.34375000 717.08300781    21498.32617188  14363.94335938  
0.41300    356527.90625000 184373.62500000 503740.84375000 711.08453369    21499.46484375  14389.42382812  
0.41400    356915.50000000 184577.79687500 504299.37500000 705.06225586    21495.02343750  14411.04492188  
0.41500    357330.59375000 184802.60937500 504898.81250000 699.05426025    21486.82812500  14429.11230469  
0.41600    357711.34375000 185009.73437500 505461.18750000 693.04901123    21473.04101562  14443.05859375  
0.41700    358127.28125000 185241.00000000 506071.96875000 687.07635498    21456.44531250  14454.59960938  
0.41800    358563.43750000 185493.90625000 506731.68750000 681.14355469    21436.02539062  14463.51074219  
0.41900    358942.78125000 185708.45312500 507294.37500000 675.21563721    21409.91015625  14467.58789062  
0.42000    359365.40625000 185952.82812500 507932.93750000 669.35363770    21381.56054688  14470.00878906  
0.42100    359794.78125000 186209.82812500 508589.46875000 663.55157471    21349.96875000  14469.97070312  
0.42200    360220.28125000 186463.62500000 509241.25000000 657.79565430    21315.01757812  14467.20507812  
0.42300    360630.15625000 186709.01562500 509871.53125000 652.09497070    21276.32617188  14461.39062500  
0.42400    361055.06250000 186966.09375000 510522.12500000 646.47259521    21235.05468750  14453.61230469  
0.42500    361478.46875000 187226.43750000 511181.25000000 640.93017578    21191.44335938  14443.71679688  
0.42600    361886.34375000 187479.76562500 511817.15625000 635.45581055    21144.80859375  14431.41503906  
0.42700    362326.12500000 187754.67187500 512501.87500000 630.08837891    21096.76757812  14418.07128906  
0.42800    362742.18750000 188014.31250000 513153.78125000 624.79785156    21045.85156250  14402.28906250  
0.42900    363186.59375000 188296.48437500 513858.12500000 619.61389160    20994.01171875  14385.62792969  
0.43000    363619.09375000 188567.54687500 514539.71875000 614.52929688    20940.02929688  14367.27832031  
0.43100    364025.62500000 188823.90625000 515174.18750000 609.53570557    20883.25976562  14346.72949219  
0.43200    364463.43750000 189102.78125000 515876.78125000 604.66827393    20826.59960938  14326.09960938  
0.43300    364882.00000000 189370.81250000 516536.25000000 599.90197754    20767.67578125  14303.56347656  
0.43400    365312.71875000 189645.48437500 517212.43750000 595.24548340    20708.12304688  14280.28222656  
0.43500    365722.71875000 189908.54687500 517871.65625000 590.70635986    20646.95507812  14255.86718750  
0.43600    366170.34375000 190194.15625000 518572.87500000 586.29394531    20586.33398438  14231.59277344  
0.43700    366569.68750000 190454.68750000 519219.28125000 581.98999023    20523.27929688  14205.45312500  
0.43800    366971.34375000 190708.54687500 519853.15625000 577.80358887    20459.59960938  14178.62695312  
0.43900    367382.50000000 190972.09375000 520501.84375000 573.74609375    20395.90039062  14151.58789062  
0.44000    367785.25000000 191231.42187500 521138.87500000 569.80175781    20331.36718750  14123.93847656  
0.44100    368178.28125000 191482.68750000 521767.15625000 565.96783447    20266.33593750  14095.63183594  
0.44200    368572.65625000 191732.06250000 522378.96875000 562.26043701    20200.92578125  14066.89453125  
0.44300    368954.90625000 191976.43750000 522983.59375000 558.67236328    20134.86914062  14037.76074219  
0.44400    369330.31250000 192216.28125000 523579.43750000 555.19122314    20068.87109375  14008.16796875  
0.44500    369658.12500000 192423.18750000 524093.50000000 551.80566406    20000.80468750  13977.07128906  
0.44600    369994.25000000 192631.96875000 524618.00000000 548.53662109    19933.04492188  13945.97949219  
0.44700    370332.00000000 192846.54687500 525142.43750000 545.37841797    19865.35351562  13914.54687500  
0.44800    370633.46875000 193030.43750000 525606.43750000 542.31433105    19795.99609375  13882.15917969  
0.44900    370933.62500000 193220.29687500 526077.37500000 539.35858154    19726.98437500  13849.74609375  
0.45000    371226.81250000 193397.40625000 526522.93750000 536.49444580    19657.73437500  13816.86035156  
0.45100    371459.43750000 193539.39062500 526877.37500000 533.69500732    19586.17773438  13782.02832031  
0.45200    371699.28125000 193685.10937500 527235.93750000 530.99847412    19514.50781250  13747.21679688  
0.45300    371894.31250000 193800.26562500 527522.81250000 528.36859131    19441.58984375  13711.07031250  
0.45400    372079.93750000 193910.00000000 527797.75000000 525.80865479    19367.86132812  13674.16210938  
0.45500    372237.25000000 193999.59375000 528021.12500000 523.32543945    19293.16015625  13636.39453125  
0.45600    372355.78125000 194064.78125000 528182.93750000 520.88903809    19216.53515625  13596.91796875  
0.45700    372451.18750000 194115.53125000 528313.00000000 518.50518799    19138.99218750  13556.75585938  
0.45800    372502.12500000 194136.67187500 528360.43750000 516.18133545    19059.34179688  13514.89941406  
0.45900    372519.59375000 194135.93750000 528354.93750000 513.88745117    18977.91601562  13471.39355469  
0.46000    372529.09375000 194128.85937500 528341.06250000 511.64382935    18896.04687500  13427.36523438  
0.46100    372453.40625000 194070.46875000 528185.00000000 509.40487671    18810.36718750  13380.27148438  
0.46200    372378.81250000 194012.21875000 528031.62500000 507.20877075    18723.71679688  13332.53613281  
0.46300    372240.78125000 193913.26562500 527778.00000000 505.02896118    18634.52343750  13282.39550781  
0.46400    372051.96875000 193785.50000000 527444.25000000 502.85705566    18542.53125000  13230.30761719  
0.46500    371841.06250000 193643.42187500 527075.37500000 500.69781494    18448.62304688  13176.58105469  
0.46600    371564.28125000 193462.09375000 526607.50000000 498.54672241    18351.78906250  13120.43066406  
0.46700    371233.50000000 193245.10937500 526043.37500000 496.37542725    18251.85937500  13061.77539062  
0.46800    370892.28125000 193021.96875000 525460.31250000 494.20809937    18150.22265625  13001.72070312  
0.46900    370462.06250000 192747.04687500 524744.68750000 492.02944946    18044.43945312  12938.50683594  
0.47000    369990.62500000 192447.53125000 523959.68750000 489.83593750    17936.06250000  12873.05957031  
0.47100    369474.78125000 192121.71875000 523110.93750000 487.62973022    17824.71679688  12805.62792969  
0.47200    368902.62500000 191764.21875000 522169.03125000 485.40466309    17710.33398438  12735.39941406  
0.47300    368289.37500000 191379.95312500 521172.18750000 483.15954590    17593.04687500  12663.26660156  
0.47400    367590.56250000 190947.43750000 520035.34375000 480.88458252    17471.60937500  12587.60351562  
0.47500    366861.09375000 190497.90625000 518860.43750000 478.59124756    17347.73632812  12510.19628906  
0.47600    366095.68750000 190027.75000000 517619.15625000 476.27880859    17221.31835938  12430.71289062  
0.47700    365231.71875000 189496.43750000 516226.62500000 473.92657471    17089.88867188  12347.45507812  
0.47800    364332.93750000 188951.09375000 514791.21875000 471.55676270    16956.71484375  12262.80175781  
0.47900    363400.78125000 188387.84375000 513295.43750000 469.17224121    16820.80468750  12175.91601562  
0.48000    362381.78125000 187772.75000000 511673.84375000 466.75384521    16680.71289062  12085.82421875  
0.48100    361358.40625000 187156.39062500 510040.71875000 464.33700562    16539.22656250  11994.81738281  
0.48200    360218.59375000 186475.06250000 508237.15625000 461.87100220    16392.83398438  11900.02734375  
0.48300    359054.31250000 185775.62500000 506388.68750000 459.40740967    16244.69531250  11803.79394531  
0.48400    357851.65625000 185060.39062500 504484.50000000 456.93194580    16094.42968750  11706.03808594  
0.48500    356588.59375000 184310.92187500 502491.12500000 454.44964600    15941.34863281  11605.96582031  
0.48600    355295.06250000 183547.45312500 500453.84375000 451.96725464    15786.66015625  11504.77050781  
0.48700    353942.87500000 182749.00000000 498332.31250000 449.47970581    15629.48339844  11401.64746094  
0.48800    352529.84375000 181916.70312500 496110.71875000 446.98999023    15469.73730469  11296.58789062  
0.48900    351086.25000000 181069.23437500 493849.00000000 444.51837158    15308.87988281  11190.58007812  
0.49000    349606.43750000 180205.17187500 491541.12500000 442.06146240    15146.95117188  11083.64257812  
0.49100    348102.34375000 179329.68750000 489188.78125000 439.62789917    14983.99804688  10976.17578125  
0.49200    346541.31250000 178415.95312500 486745.03125000 437.21725464    14819.33496094  10867.28808594  
0.49300    344944.96875000 177490.73437500 484265.34375000 434.83416748    14654.29199219  10757.99121094  
0.49400    343326.96875000 176549.96875000 481748.34375000 432.49572754    14488.67578125  10648.29199219  
0.49500    341663.96875000 175589.54687500 479166.37500000 430.18649292    14322.75390625  10538.32031250  
0.49600    339994.65625000 174627.31250000 476579.81250000 427.93768311    14157.33300781  10428.73925781  
0.49700    338279.21875000 173637.04687500 473920.12500000 425.73071289    13991.45898438  10318.80273438  
0.49800    336558.68750000 172645.56250000 471252.59375000 423.58792114    13826.72656250  10209.45312500  
0.49900    334797.43750000 171633.87500000 468528.65625000 421.49475098    13661.96777344  10100.17578125  
0.50000    333037.12500000 170623.62500000 465812.21875000 419.48342896    13498.91894531  9992.15527344   
