# SAXS profile: number of points = 501, q_min = 0, q_max = 0.5, delta_q = 0.001
#    q    intensity 
0.00000    162238064.00000000 101201856.00000000 256272080.00000000 101412.50781250 8112479.50000000 6407211.50000000 
0.00100    162208736.00000000 101182672.00000000 256223120.00000000 101389.99218750 8110809.00000000 6405893.00000000 
0.00200    162117568.00000000 101125688.00000000 256077856.00000000 101321.03906250 8105737.50000000 6401907.00000000 
0.00300    161964400.00000000 101030728.00000000 255836624.00000000 101207.12500000 8097300.00000000 6395288.00000000 
0.00400    161749216.00000000 100896944.00000000 255497088.00000000 101047.68750000 8085537.00000000 6386004.50000000 
0.00500    161473104.00000000 100726624.00000000 255063888.00000000 100843.03125000 8070411.50000000 6374107.00000000 
0.00600    161136240.00000000 100517528.00000000 254534000.00000000 100593.41406250 8051964.50000000 6359586.50000000 
0.00700    160738944.00000000 100271232.00000000 253908560.00000000 100299.17187500 8030255.50000000 6342482.50000000 
0.00800    160281920.00000000 99988160.00000000 253189424.00000000 99960.90625000  8005249.50000000 6322801.00000000 
0.00900    159764976.00000000 99668608.00000000 252378224.00000000 99578.91406250  7977029.00000000 6300578.50000000 
0.01000    159189712.00000000 99312872.00000000 251473552.00000000 99153.59375000  7945588.00000000 6275806.50000000 
0.01100    158557120.00000000 98921064.00000000 250477840.00000000 98685.67187500  7910982.50000000 6248567.50000000 
0.01200    157867936.00000000 98494144.00000000 249392048.00000000 98175.55468750  7873263.50000000 6218876.00000000 
0.01300    157124352.00000000 98031856.00000000 248217392.00000000 97624.37500000  7832511.50000000 6186780.00000000 
0.01400    156321616.00000000 97535592.00000000 246955696.00000000 97032.80468750  7788678.50000000 6152269.00000000 
0.01500    155465168.00000000 97005568.00000000 245608992.00000000 96400.77343750  7741922.00000000 6115435.50000000 
0.01600    154556176.00000000 96441672.00000000 244177296.00000000 95730.47656250  7692239.00000000 6076338.00000000 
0.01700    153593920.00000000 95845304.00000000 242663440.00000000 95021.50781250  7639736.00000000 6034966.50000000 
0.01800    152580784.00000000 95217336.00000000 241067488.00000000 94276.07812500  7584452.00000000 5991443.50000000 
0.01900    151517888.00000000 94558696.00000000 239392960.00000000 93493.96093750  7526454.00000000 5945758.50000000 
0.02000    150405040.00000000 93869696.00000000 237642240.00000000 92676.75781250  7465803.00000000 5898011.00000000 
0.02100    149246128.00000000 93151712.00000000 235816976.00000000 91825.35156250  7402585.00000000 5848256.00000000 
0.02200    148039392.00000000 92403504.00000000 233917424.00000000 90941.52343750  7336893.00000000 5796522.00000000 
0.02300    146788416.00000000 91628608.00000000 231947984.00000000 90025.36718750  7268807.50000000 5742902.00000000 
0.02400    145494368.00000000 90826432.00000000 229911360.00000000 89078.36718750  7198378.00000000 5687406.00000000 
0.02500    144157952.00000000 89998288.00000000 227806544.00000000 88102.38281250  7125745.50000000 5630223.00000000 
0.02600    142781120.00000000 89145256.00000000 225638368.00000000 87097.83593750  7050890.50000000 5571289.00000000 
0.02700    141364816.00000000 88267728.00000000 223409296.00000000 86066.78906250  6974024.00000000 5510733.50000000 
0.02800    139911792.00000000 87366952.00000000 221122064.00000000 85009.56250000  6895153.50000000 5448631.00000000 
0.02900    138422560.00000000 86444504.00000000 218776496.00000000 83927.94531250  6814451.50000000 5385073.50000000 
0.03000    136899648.00000000 85500776.00000000 216379264.00000000 82823.54687500  6731911.00000000 5320086.00000000 
0.03100    135344464.00000000 84536048.00000000 213929760.00000000 81696.89062500  6647675.50000000 5253717.00000000 
0.03200    133758032.00000000 83553200.00000000 211431984.00000000 80550.34375000  6561855.50000000 5186153.00000000 
0.03300    132142728.00000000 82552016.00000000 208888640.00000000 79384.39062500  6474566.50000000 5117372.00000000 
0.03400    130499688.00000000 81533832.00000000 206301712.00000000 78200.81250000  6385824.00000000 5047484.00000000 
0.03500    128831328.00000000 80500048.00000000 203674464.00000000 77001.08593750  6295774.50000000 4976563.00000000 
0.03600    127139512.00000000 79450808.00000000 201010576.00000000 75786.57812500  6204547.50000000 4904723.50000000 
0.03700    125425224.00000000 78388464.00000000 198311584.00000000 74558.27343750  6112222.00000000 4831980.00000000 
0.03800    123690680.00000000 77313344.00000000 195579616.00000000 73318.02343750  6018874.50000000 4758454.50000000 
0.03900    121937664.00000000 76226520.00000000 192819424.00000000 72067.20312500  5924616.50000000 4684206.50000000 
0.04000    120167768.00000000 75129304.00000000 190031936.00000000 70806.61718750  5829559.50000000 4609304.00000000 
0.04100    118382512.00000000 74022624.00000000 187220816.00000000 69538.34375000  5733758.00000000 4533852.50000000 
0.04200    116584280.00000000 72907720.00000000 184389968.00000000 68263.27343750  5637377.50000000 4457924.00000000 
0.04300    114775000.00000000 71785656.00000000 181539776.00000000 66983.08593750  5540467.00000000 4381579.50000000 
0.04400    112955352.00000000 70658096.00000000 178674656.00000000 65698.72656250  5443159.50000000 4304920.00000000 
0.04500    111128232.00000000 69525048.00000000 175796544.00000000 64411.50000000  5345528.50000000 4227979.50000000 
0.04600    109294816.00000000 68388472.00000000 172909104.00000000 63123.11328125  5247631.50000000 4150874.75000000 
0.04700    107455968.00000000 67248352.00000000 170012960.00000000 61834.68359375  5149618.00000000 4073644.50000000 
0.04800    105614648.00000000 66106044.00000000 167112752.00000000 60547.51171875  5051578.50000000 3996386.50000000 
0.04900    103772088.00000000 64963668.00000000 164211712.00000000 59262.04296875  4953570.00000000 3919158.00000000 
0.05000    101930272.00000000 63821132.00000000 161310272.00000000 57980.67578125  4855700.00000000 3842044.75000000 
0.05100    100089200.00000000 62679868.00000000 158411136.00000000 56703.73046875  4758065.00000000 3765084.75000000 
0.05200    98252600.00000000 61540244.00000000 155516640.00000000 55432.94140625  4660719.50000000 3688369.00000000 
0.05300    96420216.00000000 60403900.00000000 152631408.00000000 54168.80859375  4563772.50000000 3611960.00000000 
0.05400    94595008.00000000 59271576.00000000 149755680.00000000 52912.59765625  4467281.00000000 3535924.25000000 
0.05500    92777384.00000000 58144232.00000000 146892512.00000000 51665.72265625  4371331.50000000 3460305.00000000 
0.05600    90969688.00000000 57022724.00000000 144044992.00000000 50428.24218750  4276036.00000000 3385172.25000000 
0.05700    89172848.00000000 55907476.00000000 141213440.00000000 49202.51953125  4181421.75000000 3310578.00000000 
0.05800    87387520.00000000 54799916.00000000 138402576.00000000 47988.28906250  4087569.00000000 3236619.25000000 
0.05900    85616072.00000000 53700520.00000000 135609744.00000000 46786.68750000  3994550.75000000 3163288.25000000 
0.06000    83859120.00000000 52610264.00000000 132841920.00000000 45598.77343750  3902444.75000000 3090660.00000000 
0.06100    82117760.00000000 51529756.00000000 130098232.00000000 44425.45703125  3811282.50000000 3018787.50000000 
0.06200    80394328.00000000 50459620.00000000 127381664.00000000 43266.92187500  3721145.25000000 2947716.00000000 
0.06300    78688328.00000000 49400876.00000000 124693872.00000000 42124.60156250  3632109.75000000 2877502.50000000 
0.06400    77001632.00000000 48353612.00000000 122035960.00000000 40998.65625000  3544180.75000000 2808139.00000000 
0.06500    75335056.00000000 47319500.00000000 119409880.00000000 39889.94140625  3457436.75000000 2739755.75000000 
0.06600    73689576.00000000 46298028.00000000 116817144.00000000 38799.01562500  3371941.75000000 2672314.75000000 
0.06700    72066728.00000000 45290348.00000000 114258856.00000000 37726.32031250  3287720.00000000 2605867.75000000 
0.06800    70466568.00000000 44296624.00000000 111736968.00000000 36672.50781250  3204803.25000000 2540477.25000000 
0.06900    68890208.00000000 43317780.00000000 109252952.00000000 35637.98828125  3123263.00000000 2476133.75000000 
0.07000    67338304.00000000 42354036.00000000 106806960.00000000 34622.81250000  3043104.00000000 2412902.75000000 
0.07100    65812280.00000000 41405876.00000000 104400928.00000000 33627.64453125  2964366.00000000 2350770.75000000 
0.07200    64312228.00000000 40473904.00000000 102035648.00000000 32653.28125000  2887084.25000000 2289796.75000000 
0.07300    62838080.00000000 39558084.00000000 99711744.00000000 31699.41992188  2811313.75000000 2229993.00000000 
0.07400    61391228.00000000 38658976.00000000 97431256.00000000 30766.39453125  2737020.00000000 2171353.50000000 
0.07500    59971888.00000000 37777220.00000000 95193008.00000000 29854.27929688  2664260.50000000 2113922.75000000 
0.07600    58580908.00000000 36912536.00000000 92999496.00000000 28963.48242188  2593060.50000000 2057708.87500000 
0.07700    57218148.00000000 36065368.00000000 90850608.00000000 28094.19531250  2523411.50000000 2002711.12500000 
0.07800    55884264.00000000 35236088.00000000 88746592.00000000 27246.41796875  2455327.00000000 1948960.62500000 
0.07900    54579164.00000000 34424840.00000000 86688680.00000000 26420.00781250  2388852.75000000 1896450.25000000 
0.08000    53303508.00000000 33631600.00000000 84676920.00000000 25615.16796875  2323929.50000000 1845193.25000000 
0.08100    52057528.00000000 32856590.00000000 82711080.00000000 24831.95312500  2260624.75000000 1795181.25000000 
0.08200    50840904.00000000 32099672.00000000 80792200.00000000 24069.98242188  2198923.25000000 1746424.50000000 
0.08300    49654012.00000000 31361412.00000000 78919832.00000000 23329.67968750  2138793.50000000 1698920.25000000 
0.08400    48496928.00000000 30641260.00000000 77094304.00000000 22610.33593750  2080255.75000000 1652662.37500000 
0.08500    47369560.00000000 29939820.00000000 75315200.00000000 21912.12500000  2023319.12500000 1607658.25000000 
0.08600    46272236.00000000 29256652.00000000 73583728.00000000 21234.94531250  1967938.37500000 1563884.25000000 
0.08700    45204068.00000000 28591778.00000000 71898000.00000000 20578.38476562  1914128.62500000 1521354.50000000 
0.08800    44165376.00000000 27945106.00000000 70258744.00000000 19942.28320312  1861882.50000000 1480031.12500000 
0.08900    43156504.00000000 27316740.00000000 68666424.00000000 19326.45898438  1811162.37500000 1439923.00000000 
0.09000    42176564.00000000 26706224.00000000 67118336.00000000 18730.49414062  1761987.37500000 1401012.62500000 
0.09100    41225136.00000000 26113580.00000000 65617080.00000000 18154.03906250  1714298.50000000 1363283.75000000 
0.09200    40302524.00000000 25538680.00000000 64160760.00000000 17596.93945312  1668094.00000000 1326730.12500000 
0.09300    39408556.00000000 24981196.00000000 62748556.00000000 17058.84375000  1623348.50000000 1291309.75000000 
0.09400    38542208.00000000 24441188.00000000 61380248.00000000 16539.13476562  1580050.62500000 1257032.50000000 
0.09500    37703200.00000000 23918210.00000000 60055576.00000000 16037.71289062  1538160.75000000 1223858.50000000 
0.09600    36891900.00000000 23411948.00000000 58773264.00000000 15554.09667969  1497660.62500000 1191785.62500000 
0.09700    36106996.00000000 22922056.00000000 57533100.00000000 15087.87792969  1458511.50000000 1160779.87500000 
0.09800    35348048.00000000 22448744.00000000 56334388.00000000 14638.47753906  1420702.25000000 1130814.75000000 
0.09900    34615140.00000000 21991292.00000000 55176148.00000000 14205.78320312  1384194.00000000 1101879.12500000 
0.10000    33907276.00000000 21549260.00000000 54057452.00000000 13789.05957031  1348952.12500000 1073941.62500000 
0.10100    33224060.00000000 21122760.00000000 52977688.00000000 13388.07128906  1314953.00000000 1046983.00000000 
0.10200    32565378.00000000 20711162.00000000 51935836.00000000 13002.14648438  1282149.75000000 1020968.68750000 
0.10300    31929936.00000000 20314054.00000000 50931196.00000000 12630.98242188  1250521.87500000 995880.00000000 
0.10400    31317462.00000000 19931358.00000000 49962712.00000000 12274.06738281  1220043.87500000 971691.18750000 
0.10500    30727458.00000000 19562348.00000000 49029288.00000000 11930.93359375  1190665.75000000 948375.87500000 
0.10600    30158814.00000000 19206766.00000000 48130228.00000000 11601.16894531  1162359.50000000 925894.12500000 
0.10700    29611682.00000000 18864354.00000000 47264292.00000000 11284.08007812  1135083.62500000 904234.50000000 
0.10800    29084654.00000000 18534632.00000000 46430624.00000000 10979.43750000  1108810.87500000 883364.12500000 
0.10900    28577748.00000000 18217292.00000000 45628084.00000000 10686.67871094  1083514.62500000 863254.06250000 
0.11000    28089780.00000000 17911714.00000000 44855552.00000000 10405.39160156  1059141.25000000 843879.81250000 
0.11100    27620392.00000000 17617588.00000000 44112292.00000000 10135.15332031  1035661.12500000 825211.18750000 
0.11200    27168672.00000000 17334708.00000000 43397400.00000000 9875.32910156   1013042.68750000 807213.18750000 
0.11300    26734284.00000000 17062274.00000000 42709220.00000000 9625.57519531   991247.12500000 789871.37500000 
0.11400    26316300.00000000 16800230.00000000 42047264.00000000 9385.50878906   970256.12500000 773152.37500000 
0.11500    25914240.00000000 16548148.00000000 41410140.00000000 9154.64160156   950003.87500000 757035.37500000 
0.11600    25527236.00000000 16305248.00000000 40796940.00000000 8932.47753906   930491.18750000 741489.50000000 
0.11700    25154920.00000000 16071446.00000000 40206252.00000000 8718.78906250   911667.62500000 726479.75000000 
0.11800    24796040.00000000 15846213.00000000 39637732.00000000 8512.90136719   893487.62500000 711999.75000000 
0.11900    24450442.00000000 15629197.00000000 39089776.00000000 8314.68554688   875942.75000000 698007.18750000 
0.12000    24117298.00000000 15419933.00000000 38561508.00000000 8123.56152344   858983.93750000 684478.75000000 
0.12100    23796322.00000000 15218134.00000000 38052580.00000000 7939.32812500   842596.75000000 671405.00000000 
0.12200    23486494.00000000 15023362.00000000 37560944.00000000 7761.44531250   826735.06250000 658749.43750000 
0.12300    23187146.00000000 14835226.00000000 37086304.00000000 7589.69677734   811387.68750000 646492.25000000 
0.12400    22898078.00000000 14653309.00000000 36627524.00000000 7423.63671875   796500.62500000 634608.81250000 
0.12500    22618174.00000000 14477249.00000000 36183292.00000000 7262.99511719   782074.93750000 623081.06250000 
0.12600    22347454.00000000 14306856.00000000 35753616.00000000 7107.54931641   768059.62500000 611882.56250000 
0.12700    22084848.00000000 14141592.00000000 35336904.00000000 6956.88623047   754440.43750000 601006.18750000 
0.12800    21830086.00000000 13981220.00000000 34932608.00000000 6810.73632812   741196.87500000 590411.56250000 
0.12900    21582672.00000000 13825368.00000000 34539448.00000000 6668.80273438   728298.43750000 580098.18750000 
0.13000    21341604.00000000 13673710.00000000 34156964.00000000 6531.00097656   715724.06250000 570047.18750000 
0.13100    21106880.00000000 13525783.00000000 33784332.00000000 6396.81982422   703443.75000000 560224.31250000 
0.13200    20877962.00000000 13381601.00000000 33420948.00000000 6266.20166016   691455.25000000 550625.68750000 
0.13300    20654408.00000000 13240644.00000000 33065438.00000000 6138.89306641   679723.43750000 541236.62500000 
0.13400    20435458.00000000 13102760.00000000 32717864.00000000 6014.70507812   668223.25000000 532041.75000000 
0.13500    20220866.00000000 12967630.00000000 32377002.00000000 5893.41406250   656956.87500000 523024.43750000 
0.13600    20010208.00000000 12834869.00000000 32042560.00000000 5774.85693359   645899.68750000 514168.78125000 
0.13700    19803196.00000000 12704383.00000000 31713924.00000000 5658.84960938   635032.18750000 505467.93750000 
0.13800    19599242.00000000 12575895.00000000 31389860.00000000 5545.28466797   624337.37500000 496908.68750000 
0.13900    19398244.00000000 12449322.00000000 31070568.00000000 5433.99267578   613810.06250000 488477.53125000 
0.14000    19199658.00000000 12324204.00000000 30755202.00000000 5324.88476562   603429.06250000 480168.50000000 
0.14100    19003330.00000000 12200421.00000000 30443438.00000000 5217.72753906   593188.75000000 471969.81250000 
0.14200    18808790.00000000 12077858.00000000 30134480.00000000 5112.52001953   583071.62500000 463869.43750000 
0.14300    18615796.00000000 11956368.00000000 29828228.00000000 5009.13134766   573076.56250000 455865.62500000 
0.14400    18424160.00000000 11835646.00000000 29523822.00000000 4907.43750000   563180.37500000 447945.53125000 
0.14500    18233576.00000000 11715677.00000000 29221368.00000000 4807.44482422   553392.62500000 440107.75000000 
0.14600    18044048.00000000 11596174.00000000 28920174.00000000 4709.01416016   543696.56250000 432345.46875000 
0.14700    17855000.00000000 11477193.00000000 28620066.00000000 4612.10351562   534085.93750000 424652.65625000 
0.14800    17666318.00000000 11358432.00000000 28320532.00000000 4516.67773438   524554.50000000 417021.09375000 
0.14900    17478042.00000000 11239910.00000000 28021600.00000000 4422.65966797   515099.12500000 409452.03125000 
0.15000    17289922.00000000 11121348.00000000 27722962.00000000 4330.04882812   505714.03125000 401938.03125000 
0.15100    17101746.00000000 11002907.00000000 27424212.00000000 4238.79736328   496394.12500000 394479.12500000 
0.15200    16913472.00000000 10884431.00000000 27125482.00000000 4148.90234375   487143.62500000 387074.81250000 
0.15300    16724931.00000000 10765728.00000000 26826246.00000000 4060.27075195   477951.50000000 379718.96875000 
0.15400    16536094.00000000 10646852.00000000 26526370.00000000 3972.97753906   468821.43750000 372409.81250000 
0.15500    16346808.00000000 10527744.00000000 26225970.00000000 3886.97851562   459749.84375000 365151.81250000 
0.15600    16157110.00000000 10408317.00000000 25924708.00000000 3802.29296875   450738.68750000 357936.40625000 
0.15700    15966970.00000000 10288608.00000000 25623018.00000000 3718.90991211   441787.93750000 350773.81250000 
0.15800    15776175.00000000 10168506.00000000 25320126.00000000 3636.78125000   432893.37500000 343656.93750000 
0.15900    15584890.00000000 10048025.00000000 25016300.00000000 3555.98315430   424063.18750000 336589.96875000 
0.16000    15392984.00000000 9927215.00000000 24711678.00000000 3476.53588867   415291.15625000 329567.25000000 
0.16100    15200596.00000000 9805992.00000000 24406252.00000000 3398.39794922   406584.21875000 322598.50000000 
0.16200    15007524.00000000 9684407.00000000 24099762.00000000 3321.60229492   397943.53125000 315684.96875000 
0.16300    14813997.00000000 9562509.00000000 23792374.00000000 3246.14648438   389368.25000000 308821.12500000 
0.16400    14619982.00000000 9440232.00000000 23484320.00000000 3172.09350586   380864.75000000 302014.15625000 
0.16500    14425495.00000000 9317643.00000000 23175386.00000000 3099.41967773   372432.25000000 295265.62500000 
0.16600    14230507.00000000 9194777.00000000 22865736.00000000 3028.16918945   364075.56250000 288576.28125000 
0.16700    14035226.00000000 9071627.00000000 22555574.00000000 2958.35131836   355799.53125000 281947.96875000 
0.16800    13839575.00000000 8948230.00000000 22244690.00000000 2889.93579102   347598.71875000 275381.78125000 
0.16900    13643826.00000000 8824748.00000000 21933512.00000000 2823.03442383   339491.87500000 268888.18750000 
0.17000    13447875.00000000 8701115.00000000 21622164.00000000 2757.56738281   331468.68750000 262464.75000000 
0.17100    13251818.00000000 8577334.00000000 21310606.00000000 2693.60986328   323536.93750000 256111.12500000 
0.17200    13055818.00000000 8453520.00000000 20998940.00000000 2631.15429688   315703.75000000 249833.01562500 
0.17300    12859966.00000000 8329769.00000000 20687396.00000000 2570.22802734   307962.84375000 243631.62500000 
0.17400    12664348.00000000 8206069.50000000 20376244.00000000 2510.84155273   300329.40625000 237513.92187500 
0.17500    12468978.00000000 8082496.50000000 20065390.00000000 2452.97778320   292797.71875000 231478.40625000 
0.17600    12273969.00000000 7959126.00000000 19755098.00000000 2396.62304688   285375.34375000 225524.75000000 
0.17700    12079477.00000000 7836015.50000000 19445536.00000000 2341.86962891   278063.56250000 219661.84375000 
0.17800    11885536.00000000 7713216.50000000 19136948.00000000 2288.62158203   270866.46875000 213887.95312500 
0.17900    11692410.00000000 7590822.50000000 18829346.00000000 2236.94702148   263789.06250000 208208.68750000 
0.18000    11500058.00000000 7468866.00000000 18522796.00000000 2186.81518555   256827.90625000 202623.48437500 
0.18100    11308723.00000000 7347450.50000000 18217834.00000000 2138.25854492   249994.84375000 197135.82812500 
0.18200    11118171.00000000 7226504.00000000 17914318.00000000 2091.19189453   243279.84375000 191743.28125000 
0.18300    10928827.00000000 7106281.00000000 17612430.00000000 2045.64477539   236694.23437500 186453.31250000 
0.18400    10740682.00000000 6986694.00000000 17312394.00000000 2001.63610840   230237.43750000 181264.14062500 
0.18500    10553912.00000000 6867906.50000000 17014480.00000000 1959.12280273   223912.14062500 176180.04687500 
0.18600    10368500.00000000 6749906.00000000 16718610.00000000 1918.08508301   217717.21875000 171198.73437500 
0.18700    10184596.00000000 6632775.00000000 16424967.00000000 1878.52746582   211657.26562500 166325.10937500 
0.18800    10002276.00000000 6516572.00000000 16133887.00000000 1840.39575195   205730.95312500 161555.96875000 
0.18900    9821688.00000000 6401400.50000000 15845347.00000000 1803.72546387   199942.23437500 156896.48437500 
0.19000    9642804.00000000 6287173.50000000 15559361.00000000 1768.38769531   194284.43750000 152340.59375000 
0.19100    9465813.00000000 6174156.00000000 15276421.00000000 1734.48046875   188769.60937500 147897.78125000 
0.19200    9290656.00000000 6062208.50000000 14996315.00000000 1701.87634277   183386.89062500 143560.31250000 
0.19300    9117670.00000000 5951478.00000000 14719502.00000000 1670.62133789   178145.00000000 139334.51562500 
0.19400    8946615.00000000 5841948.50000000 14445665.00000000 1640.58837891   173036.68750000 135213.64062500 
0.19500    8777747.00000000 5733728.00000000 14175222.00000000 1611.82397461   168065.84375000 131202.29687500 
0.19600    8611083.00000000 5626792.50000000 13908242.00000000 1584.27124023   163229.59375000 127297.66406250 
0.19700    8446629.00000000 5521208.00000000 13644633.00000000 1557.89062500   158527.45312500 123500.83593750 
0.19800    8284529.50000000 5417021.00000000 13384676.00000000 1532.61340332   153958.50000000 119809.62500000 
0.19900    8124779.00000000 5314294.00000000 13128400.00000000 1508.47424316   149522.75000000 116224.65625000 
0.20000    7967400.00000000 5212953.00000000 12875782.00000000 1485.36926270   145215.73437500 112742.89062500 
0.20100    7812518.00000000 5113117.00000000 12627019.00000000 1463.27661133   141038.59375000 109362.83593750 
0.20200    7660056.00000000 5014741.00000000 12381955.00000000 1442.15417480   136987.59375000 106084.92187500 
0.20300    7510137.50000000 4917926.50000000 12141063.00000000 1421.99218750   133062.59375000 102906.85156250 
0.20400    7362757.50000000 4822610.00000000 11903912.00000000 1402.69946289   129259.71875000 99827.30468750  
0.20500    7217849.50000000 4728905.00000000 11670870.00000000 1384.26831055   125576.98437500 96844.10937500  
0.20600    7075546.50000000 4636700.00000000 11441718.00000000 1366.63537598   122010.63281250 93953.41406250  
0.20700    6935864.00000000 4546115.00000000 11216709.00000000 1349.77868652   118562.07031250 91156.64062500  
0.20800    6798733.50000000 4457056.00000000 10995582.00000000 1333.63879395   115224.00000000 88448.56250000  
0.20900    6664269.50000000 4369680.00000000 10778808.00000000 1318.22485352   111999.35156250 85832.86718750  
0.21000    6532275.00000000 4283831.00000000 10565879.00000000 1303.42248535   108877.76562500 83299.89062500  
0.21100    6402925.00000000 4199566.00000000 10357032.00000000 1289.25329590   105861.07031250 80851.99218750  
0.21200    6276132.50000000 4116902.25000000 10152251.00000000 1275.64392090   102945.29687500 78483.77343750  
0.21300    6151923.00000000 4035839.25000000 9951482.00000000 1262.55163574   100125.21093750 76194.93750000  
0.21400    6030248.00000000 3956332.00000000 9754749.00000000 1249.97949219   97401.37500000  73983.44531250  
0.21500    5911143.50000000 3878422.75000000 9562042.00000000 1237.88830566   94770.14062500  71846.57031250  
0.21600    5794520.00000000 3802032.00000000 9373235.00000000 1226.19458008   92224.78125000  69778.97656250  
0.21700    5680392.50000000 3727199.00000000 9188411.00000000 1214.91625977   89764.32812500  67781.94531250  
0.21800    5568669.00000000 3653881.75000000 9007400.00000000 1203.99487305   87386.00781250  65849.94531250  
0.21900    5459374.50000000 3582090.00000000 8830167.00000000 1193.39746094   85083.98437500  63981.56640625  
0.22000    5352466.50000000 3511772.00000000 8656688.00000000 1183.10974121   82856.99218750  62174.71484375  
0.22100    5247978.00000000 3442987.25000000 8487138.00000000 1173.13220215   80704.75781250  60428.66015625  
0.22200    5145765.50000000 3375609.25000000 8321215.50000000 1163.38769531   78620.14843750  58737.89843750  
0.22300    5045812.00000000 3309676.75000000 8158772.50000000 1153.86596680   76599.57812500  57100.28515625  
0.22400    4948068.00000000 3245129.25000000 7999904.50000000 1144.54663086   74640.94531250  55514.00000000  
0.22500    4852573.50000000 3182009.00000000 7844567.50000000 1135.45166016   72744.31250000  53978.67578125  
0.22600    4759180.00000000 3120219.75000000 7692591.50000000 1126.49438477   70901.64062500  52488.41796875  
0.22700    4667957.50000000 3059796.25000000 7544075.00000000 1117.71801758   69114.46093750  51044.12500000  
0.22800    4578671.00000000 3000654.75000000 7398764.00000000 1109.03808594   67375.74218750  49640.97265625  
0.22900    4491415.00000000 2942773.00000000 7256619.00000000 1100.49523926   65686.03906250  48278.09375000  
0.23000    4406147.50000000 2886177.00000000 7117660.50000000 1092.06933594   64042.48046875  46953.61328125  
0.23100    4322793.50000000 2830775.50000000 6981739.50000000 1083.74438477   62441.23437500  45665.24218750  
0.23200    4241241.00000000 2776575.75000000 6848758.00000000 1075.48962402   60879.46093750  44410.14062500  
0.23300    4161530.50000000 2723551.75000000 6718714.00000000 1067.31762695   59356.31640625  43188.43750000  
0.23400    4083538.75000000 2671656.00000000 6591466.50000000 1059.23242188   57870.21875000  41997.02734375  
0.23500    4007227.25000000 2620818.75000000 6466855.50000000 1051.17602539   56414.23828125  40832.71093750  
0.23600    3932616.25000000 2571089.25000000 6345072.00000000 1043.20959473   54992.48046875  39697.15625000  
0.23700    3859580.75000000 2522415.50000000 6225811.00000000 1035.30651855   53599.81250000  38586.86718750  
0.23800    3788095.50000000 2474756.25000000 6109070.50000000 1027.45288086   52236.29687500  37501.22656250  
0.23900    3718082.50000000 2428053.00000000 5994723.00000000 1019.64965820   50896.86328125  36436.98828125  
0.24000    3649555.75000000 2382314.75000000 5882720.00000000 1011.91064453   49583.24609375  35394.27343750  
0.24100    3582458.25000000 2337544.25000000 5773102.50000000 1004.24468994   48294.21875000  34373.85156250  
0.24200    3516684.50000000 2293654.00000000 5665669.50000000 996.63171387    47026.57421875  33371.75390625  
0.24300    3452240.00000000 2250639.25000000 5560353.00000000 989.07904053    45778.99609375  32387.67968750  
0.24400    3389039.75000000 2208457.75000000 5457138.50000000 981.59741211    44551.13671875  31420.98437500  
0.24500    3327056.00000000 2167092.50000000 5355859.50000000 974.17913818    43341.58984375  30469.84570312  
0.24600    3266274.25000000 2126542.50000000 5256568.50000000 966.85418701    42150.08203125  29535.59375000  
0.24700    3206650.00000000 2086752.12500000 5159192.00000000 959.60131836    40976.47656250  28616.14648438  
0.24800    3148097.25000000 2047703.00000000 5063617.00000000 952.44866943    39818.75781250  27710.96093750  
0.24900    3090589.00000000 2009387.12500000 4969715.50000000 945.38519287    38675.62500000  26819.01171875  
0.25000    3034126.25000000 1971763.62500000 4877563.00000000 938.42907715    37548.69531250  25940.85742188  
0.25100    2978654.25000000 1934795.87500000 4787006.00000000 931.57269287    36435.76562500  25075.22265625  
0.25200    2924173.25000000 1898519.62500000 4698156.00000000 924.85412598    35338.96093750  24223.55273438  
0.25300    2870579.75000000 1862870.37500000 4610758.00000000 918.25140381    34255.50390625  23383.84179688  
0.25400    2817903.00000000 1827835.25000000 4524895.50000000 911.79223633    33186.46484375  22555.87890625  
0.25500    2766065.00000000 1793377.37500000 4440378.50000000 905.46673584    32130.75781250  21739.95312500  
0.25600    2715086.25000000 1759522.50000000 4357339.50000000 899.28698730    31089.30468750  20936.24804688  
0.25700    2664899.00000000 1726216.37500000 4275617.00000000 893.26403809    30061.71484375  20144.37500000  
0.25800    2615490.50000000 1693461.50000000 4195232.50000000 887.40966797    29049.16796875  19364.43359375  
0.25900    2566894.75000000 1661251.25000000 4116098.50000000 881.72399902    28050.25390625  18596.86914062  
0.26000    2518990.50000000 1629542.87500000 4038205.50000000 876.21484375    27066.22656250  17841.41015625  
0.26100    2471801.75000000 1598326.50000000 3961507.00000000 870.87542725    26096.05273438  17097.10546875  
0.26200    2425361.75000000 1567635.62500000 3886019.75000000 865.75463867    25143.18359375  16366.97558594  
0.26300    2379545.00000000 1537372.87500000 3811626.25000000 860.79473877    24203.29687500  15647.55859375  
0.26400    2334425.25000000 1507605.37500000 3738382.25000000 856.03857422    23280.37695312  14941.84960938  
0.26500    2289962.50000000 1478298.37500000 3666251.75000000 851.48596191    22373.21679688  14249.20117188  
0.26600    2246141.25000000 1449441.25000000 3595163.00000000 847.14672852    21482.65039062  13569.33398438  
0.26700    2202934.50000000 1421005.75000000 3525122.50000000 843.01940918    20609.74414062  12903.63769531  
0.26800    2160370.50000000 1393023.62500000 3456174.75000000 839.09954834    19754.87109375  12251.99511719  
0.26900    2118384.00000000 1365436.50000000 3388154.25000000 835.39166260    18916.05859375  11613.59960938  
0.27000    2077016.12500000 1338291.87500000 3321197.25000000 831.90295410    18097.20898438  10990.45996094  
0.27100    2036230.75000000 1311544.75000000 3255193.50000000 828.61993408    17296.15039062  10381.48730469  
0.27200    1996054.50000000 1285227.62500000 3190224.25000000 825.58306885    16516.46289062  9789.08007812   
0.27300    1956422.75000000 1259276.12500000 3126139.00000000 822.74053955    15754.68164062  9210.40429688   
0.27400    1917320.75000000 1233701.62500000 3062966.25000000 820.08300781    15011.12207031  8646.22949219   
0.27500    1878868.12500000 1208564.50000000 3000841.50000000 817.67980957    14291.52539062  8100.37060547   
0.27600    1840896.25000000 1183758.00000000 2939543.75000000 815.45843506    13589.81445312  7568.30615234   
0.27700    1803560.62500000 1159379.25000000 2879240.75000000 813.47436523    12911.66113281  7054.55419922   
0.27800    1766735.00000000 1135368.50000000 2819830.00000000 811.67083740    12254.14453125  6556.34423828   
0.27900    1730493.50000000 1111725.25000000 2761384.75000000 810.08209229    11618.82031250  6075.37548828   
0.28000    1694781.75000000 1088456.25000000 2703787.50000000 808.67974854    11005.76074219  5611.59521484   
0.28100    1659637.87500000 1065573.12500000 2647118.25000000 807.46850586    10414.77343750  5164.46142578   
0.28200    1625067.00000000 1043054.81250000 2591367.75000000 806.45404053    9847.36035156   4735.39697266   
0.28300    1591030.62500000 1020907.68750000 2536539.75000000 805.61907959    9302.49609375   4323.54980469   
0.28400    1557539.00000000 999125.25000000 2482585.25000000 804.94915771    8780.62402344   3929.06372070   
0.28500    1524620.00000000 977717.93750000 2429539.50000000 804.45721436    8282.56152344   3553.00073242   
0.28600    1492232.87500000 956664.25000000 2377387.75000000 804.11340332    7806.78515625   3193.80957031   
0.28700    1460429.87500000 935980.18750000 2326140.25000000 803.92803955    7354.98242188   2853.06982422   
0.28800    1429139.12500000 915650.43750000 2275774.50000000 803.88171387    6926.44091797   2529.53466797   
0.28900    1398460.50000000 895714.68750000 2226367.25000000 803.98138428    6521.80419922   2224.76196289   
0.29000    1368301.12500000 876106.75000000 2177792.00000000 804.20336914    6140.00634766   1937.21044922   
0.29100    1338720.75000000 856888.68750000 2130175.75000000 804.55627441    5782.30712891   1667.45666504   
0.29200    1309691.50000000 838018.18750000 2083408.37500000 805.01654053    5447.19335938   1415.38171387   
0.29300    1281242.12500000 819521.18750000 2037588.62500000 805.58569336    5135.90380859   1181.44165039   
0.29400    1253313.62500000 801359.18750000 1992599.87500000 806.23937988    4845.80078125   963.32073975    
0.29500    1225980.25000000 783589.43750000 1948585.00000000 806.99261475    4580.03906250   763.82763672    
0.29600    1199175.75000000 766151.75000000 1905408.87500000 807.80999756    4335.49902344   580.44110107    
0.29700    1172922.12500000 749071.31250000 1863100.87500000 808.70043945    4112.58154297   413.58926392    
0.29800    1147264.00000000 732355.56250000 1821729.00000000 809.65643311    3912.22412109   263.90161133    
0.29900    1122151.50000000 716003.62500000 1781269.00000000 810.66870117    3733.54663086   130.63285828    
0.30000    1097575.00000000 699985.68750000 1741647.00000000 811.71246338    3574.80102539   12.46589088     
0.30100    1073584.75000000 684340.06250000 1702954.00000000 812.79998779    3437.71264648   -89.09769440    
0.30200    1050110.87500000 669016.62500000 1665080.12500000 813.90728760    3319.44116211   -176.22200012   
0.30300    1027224.31250000 654063.93750000 1628119.37500000 815.04498291    3221.94580078   -247.75074768   
0.30400    1004878.31250000 639459.62500000 1592043.75000000 816.19262695    3143.81079102   -304.63851929   
0.30500    983055.00000000 625184.00000000 1556795.50000000 817.33349609    3082.88354492   -347.93856812   
0.30600    961774.06250000 611244.31250000 1522386.75000000 818.47045898    3040.54565430   -377.39071655   
0.30700    941066.50000000 597668.18750000 1488889.87500000 819.61523438    3017.08544922   -392.49151611   
0.30800    920841.81250000 584396.06250000 1456192.50000000 820.72668457    3008.99169922   -395.65762329   
0.30900    901189.81250000 571483.87500000 1424372.62500000 821.82049561    3018.54003906   -385.28564453   
0.31000    882047.37500000 558889.87500000 1393365.37500000 822.88800049    3043.45922852   -363.21368408   
0.31100    863415.31250000 546615.43750000 1363157.25000000 823.91827393    3083.50024414   -329.42034912   
0.31200    845308.00000000 534679.68750000 1333791.00000000 824.90332031    3138.38159180   -284.33465576   
0.31300    827700.81250000 523050.87500000 1305215.87500000 825.85327148    3207.63940430   -228.39416504   
0.31400    810616.75000000 511752.71875000 1277473.25000000 826.74798584    3290.37329102   -161.87327576   
0.31500    794015.00000000 500750.90625000 1250472.37500000 827.58660889    3385.73193359   -85.92060852    
0.31600    777905.56250000 490060.12500000 1224273.75000000 828.37011719    3493.60229492   0.03754567      
0.31700    762279.75000000 479676.43750000 1198831.50000000 829.09594727    3613.19458008   94.90119934     
0.31800    747119.50000000 469584.75000000 1174126.87500000 829.74194336    3742.87109375   197.52848816    
0.31900    732453.18750000 459799.34375000 1150192.12500000 830.34399414    3884.63305664   309.48202515    
0.32000    718235.81250000 450298.87500000 1126981.50000000 830.86437988    4035.54394531   428.56072998    
0.32100    704462.75000000 441073.68750000 1104475.12500000 831.30993652    4195.27636719   554.46154785    
0.32200    691159.75000000 432149.43750000 1082708.25000000 831.68817139    4364.73339844   687.95880127    
0.32300    678247.18750000 423474.96875000 1061578.00000000 831.98645020    4540.91650391   826.66735840    
0.32400    665782.06250000 415076.09375000 1041138.81250000 832.20129395    4725.00000000   971.41198730    
0.32500    653735.93750000 406939.00000000 1021357.00000000 832.34222412    4916.01464844   1121.62463379   
0.32600    642104.25000000 399067.09375000 1002242.81250000 832.40606689    5113.40820312   1277.02917480   
0.32700    630868.31250000 391445.31250000 983753.18750000 832.38879395    5316.96923828   1437.08703613   
0.32800    620050.37500000 384084.78125000 965920.00000000 832.30480957    5526.58105469   1601.83593750   
0.32900    609579.37500000 376951.09375000 948662.87500000 832.12396240    5739.91699219   1769.72619629   
0.33000    599511.31250000 370067.43750000 932021.43750000 831.88525391    5958.59179688   1941.54553223   
0.33100    589754.18750000 363387.34375000 915898.00000000 831.54724121    6179.68505859   2115.53979492   
0.33200    580413.50000000 356971.56250000 900440.87500000 831.15991211    6406.27929688   2293.82324219   
0.33300    571397.56250000 350756.50000000 885469.87500000 830.67901611    6634.70898438   2473.60327148   
0.33400    562728.75000000 344764.59375000 871063.18750000 830.13458252    6866.32958984   2655.84301758   
0.33500    554366.12500000 338970.81250000 857148.50000000 829.50848389    7099.43750000   2839.41552734   
0.33600    546331.12500000 333380.87500000 843756.50000000 828.80065918    7334.55908203   3024.55468750   
0.33700    538592.37500000 327990.43750000 830851.00000000 828.03564453    7571.16406250   3210.78344727   
0.33800    531172.18750000 322804.50000000 818441.25000000 827.20745850    7809.09375000   3398.18334961   
0.33900    524018.90625000 317781.09375000 806458.43750000 826.30261230    8047.01953125   3585.87670898   
0.34000    517155.50000000 312950.34375000 794949.68750000 825.33563232    8285.72070312   3773.97558594   
0.34100    510568.25000000 308292.75000000 783862.12500000 824.30554199    8524.45507812   3962.20947266   
0.34200    504267.18750000 303827.81250000 773250.43750000 823.22741699    8764.14453125   4151.09423828   
0.34300    498183.68750000 299502.46875000 762991.12500000 822.07354736    9001.92675781   4338.83886719   
0.34400    492384.93750000 295361.75000000 753188.62500000 820.87622070    9240.24902344   4526.86328125   
0.34500    486798.03125000 291358.06250000 743725.50000000 819.62573242    9477.19921875   4713.74462891   
0.34600    481480.46875000 287530.56250000 734684.43750000 818.32427979    9714.00781250   4900.78027344   
0.34700    476331.37500000 283813.15625000 725933.81250000 816.96185303    9947.84082031   5085.39746094   
0.34800    471426.43750000 280258.71875000 717562.68750000 815.54943848    10180.63378906  5269.22607422   
0.34900    466726.46875000 276837.21875000 709524.31250000 814.09594727    10412.36816406  5452.28759766   
0.35000    462219.62500000 273541.68750000 701799.81250000 812.59436035    10641.60156250  5633.28613281   
0.35100    457930.09375000 270391.15625000 694435.56250000 811.05798340    10869.89355469  5813.73828125   
0.35200    453785.78125000 267331.84375000 687293.43750000 809.46313477    11094.61914062  5991.30029297   
0.35300    449824.40625000 264401.15625000 680460.12500000 807.83557129    11317.06347656  6167.18945312   
0.35400    446057.09375000 261600.14062500 673931.37500000 806.17285156    11538.12011719  6341.63037109   
0.35500    442445.25000000 258896.14062500 667661.56250000 804.46978760    11756.06347656  6514.18896484   
0.35600    438969.53125000 256288.54687500 661619.62500000 802.72259521    11971.12304688  6684.04150391   
0.35700    435662.21875000 253787.79687500 655840.68750000 800.94329834    12183.66015625  6852.15771484   
0.35800    432505.56250000 251395.15625000 650313.12500000 799.13305664    12393.74316406  7018.18505859   
0.35900    429484.34375000 249091.39062500 644994.00000000 797.28594971    12600.65820312  7181.76855469   
0.36000    426608.59375000 246886.39062500 639942.00000000 795.41235352    12805.17285156  7343.74072266   
0.36100    423835.59375000 244749.75000000 635034.06250000 793.49163818    13005.94921875  7502.19628906   
0.36200    421237.34375000 242729.71875000 630412.93750000 791.56262207    13205.19628906  7660.00341797   
0.36300    418706.56250000 240757.51562500 625902.62500000 789.57806396    13399.67578125  7813.54833984   
0.36400    416291.71875000 238864.48437500 621591.12500000 787.56610107    13590.75195312  7964.89892578   
0.36500    413982.62500000 237042.17187500 617446.37500000 785.51483154    13778.94433594  8113.77636719   
0.36600    411808.46875000 235312.09375000 613524.75000000 783.45330811    13965.01171875  8260.87792969   
0.36700    409692.40625000 233625.85937500 609702.93750000 781.34008789    14146.18652344  8404.36523438   
0.36800    407726.96875000 232036.64062500 606125.75000000 779.20996094    14326.06250000  8546.57324219   
0.36900    405830.90625000 230501.03125000 602662.93750000 777.04357910    14501.95019531  8685.86035156   
0.37000    403986.25000000 229000.39062500 599290.62500000 774.83178711    14672.90332031  8821.24121094   
0.37100    402239.15625000 227566.07812500 596069.93750000 772.58569336    14841.00292969  8954.31640625   
0.37200    400599.25000000 226205.68750000 593025.18750000 770.32354736    15006.66894531  9085.77441406   
0.37300    399003.50000000 224878.73437500 590074.18750000 768.00988770    15167.81445312  9213.54785156   
0.37400    397501.06250000 223611.20312500 587261.87500000 765.67352295    15326.43750000  9339.45214844   
0.37500    396062.90625000 222394.84375000 584559.93750000 763.30371094    15481.49902344  9462.53515625   
0.37600    394701.15625000 221229.70312500 581987.81250000 760.88739014    15632.78710938  9582.70117188   
0.37700    393380.71875000 220093.00000000 579479.50000000 758.42742920    15780.03320312  9699.90234375   
0.37800    392132.84375000 219009.10937500 577089.56250000 755.94268799    15924.20410156  9814.71972656   
0.37900    390960.12500000 217977.54687500 574835.50000000 753.42108154    16065.45214844  9927.32714844   
0.38000    389823.25000000 216973.82812500 572630.00000000 750.85516357    16202.15136719  10036.46679688  
0.38100    388727.75000000 215993.34375000 570497.56250000 748.23883057    16334.72656250  10142.59375000  
0.38200    387698.46875000 215066.75000000 568486.37500000 745.59082031    16464.53515625  10246.79882812  
0.38300    386697.68750000 214160.35937500 566510.75000000 742.89379883    16589.78710938  10347.51953125  
0.38400    385774.65625000 213304.35937500 564671.50000000 740.15087891    16712.24218750  10446.17675781  
0.38500    384855.18750000 212458.95312500 562840.12500000 737.36645508    16829.95898438  10541.30957031  
0.38600    384010.34375000 211666.28125000 561141.87500000 734.54907227    16945.25781250  10634.71386719  
0.38700    383173.87500000 210877.39062500 559449.00000000 731.66784668    17055.13085938  10724.13378906  
0.38800    382382.12500000 210123.59375000 557838.00000000 728.74792480    17161.63085938  10811.21875000  
0.38900    381614.12500000 209388.95312500 556265.43750000 725.77520752    17263.91406250  10895.23730469  
0.39000    380914.06250000 208702.62500000 554810.43750000 722.76849365    17363.31054688  10977.30078125  
0.39100    380216.84375000 208019.76562500 553362.56250000 719.69952393    17458.16015625  11055.99511719  
0.39200    379560.46875000 207366.42187500 551984.25000000 716.59167480    17549.14843750  11132.05175781  
0.39300    378914.31250000 206726.96875000 550634.31250000 713.43066406    17635.70117188  11205.04882812  
0.39400    378332.06250000 206129.54687500 549378.87500000 710.22515869    17719.42187500  11276.09765625  
0.39500    377730.50000000 205525.76562500 548108.31250000 706.96350098    17797.58203125  11343.16503906  
0.39600    377159.18750000 204944.90625000 546883.43750000 703.65429688    17872.20898438  11407.70507812  
0.39700    376607.87500000 204378.15625000 545697.56250000 700.29058838    17942.37304688  11469.25195312  
0.39800    376090.21875000 203838.12500000 544571.25000000 696.89459229    18009.14453125  11528.67773438  
0.39900    375574.31250000 203304.89062500 543460.68750000 693.43457031    18071.12890625  11584.66308594  
0.40000    375074.96875000 202785.34375000 542373.56250000 689.93341064    18129.27734375  11637.96093750  
0.40100    374585.87500000 202276.06250000 541308.37500000 686.36785889    18182.51953125  11688.08593750  
0.40200    374127.15625000 201789.92187500 540296.50000000 682.77404785    18232.28320312  11736.00585938  
0.40300    373658.43750000 201300.64062500 539276.81250000 679.12213135    18277.09179688  11780.17871094  
0.40400    373211.37500000 200831.82812500 538294.31250000 675.42639160    18318.14062500  11822.32128906  
0.40500    372767.12500000 200367.85937500 537329.00000000 671.68725586    18354.64257812  11860.99511719  
0.40600    372349.06250000 199925.51562500 536410.12500000 667.90649414    18387.73828125  11897.85058594  
0.40700    371921.37500000 199479.26562500 535475.50000000 664.08142090    18415.94335938  11931.16210938  
0.40800    371497.00000000 199043.31250000 534555.87500000 660.20703125    18439.39257812  11961.52246094  
0.40900    371070.25000000 198610.37500000 533642.93750000 656.29119873    18458.63281250  11989.01855469  
0.41000    370676.03125000 198197.84375000 532779.31250000 652.34735107    18474.45312500  12014.54785156  
0.41100    370259.43750000 197780.53125000 531896.25000000 648.35742188    18485.34375000  12036.61132812  
0.41200    369835.90625000 197361.75000000 530999.25000000 644.32592773    18491.53515625  12055.60546875  
0.41300    369438.03125000 196961.04687500 530145.25000000 640.26892090    18494.31250000  12072.44726562  
0.41400    369016.40625000 196550.89062500 529265.75000000 636.17022705    18492.23242188  12086.09082031  
0.41500    368612.62500000 196158.45312500 528428.12500000 632.04675293    18486.48437500  12097.41406250  
0.41600    368171.00000000 195747.81250000 527533.18750000 627.87536621    18475.33398438  12105.34472656  
0.41700    367754.46875000 195355.71875000 526687.62500000 623.69458008    18461.34179688  12111.39355469  
0.41800    367354.90625000 194980.64062500 525867.18750000 619.49230957    18443.82617188  12115.20117188  
0.41900    366888.56250000 194565.20312500 524948.06250000 615.24395752    18419.67968750  12114.74902344  
0.42000    366459.09375000 194176.73437500 524094.37500000 610.98571777    18393.26367188  12112.68457031  
0.42100    366024.46875000 193795.59375000 523245.12500000 606.71295166    18363.01757812  12108.43066406  
0.42200    365579.87500000 193408.25000000 522374.65625000 602.41802979    18328.71875000  12101.41894531  
0.42300    365105.90625000 193006.53125000 521476.65625000 598.10223389    18289.58984375  12091.35058594  
0.42400    364636.34375000 192615.71875000 520582.37500000 593.77447510    18247.03125000  12079.08300781  
0.42500    364157.31250000 192218.81250000 519683.78125000 589.43548584    18200.88671875  12064.43554688  
0.42600    363653.71875000 191811.64062500 518747.62500000 585.08184814    18150.23437500  12047.20214844  
0.42700    363163.00000000 191424.00000000 517845.71875000 580.73419189    18096.85351562  12028.07519531  
0.42800    362643.09375000 191015.09375000 516899.81250000 576.37310791    18039.19531250  12006.20214844  
0.42900    362140.90625000 190623.70312500 515981.81250000 572.01928711    17979.07812500  11982.79980469  
0.43000    361606.21875000 190218.03125000 515029.87500000 567.65979004    17914.81640625  11956.71289062  
0.43100    361033.15625000 189790.57812500 514019.46875000 563.29272461    17846.12695312  11927.59375000  
0.43200    360489.90625000 189385.48437500 513053.40625000 558.94110107    17775.53320312  11897.58691406  
0.43300    359906.15625000 188961.87500000 512039.15625000 554.59313965    17700.85156250  11864.81445312  
0.43400    359324.84375000 188538.90625000 511026.34375000 550.25286865    17623.18750000  11830.13769531  
0.43500    358716.15625000 188107.71875000 509974.50000000 545.92376709    17542.28515625  11793.32714844  
0.43600    358127.00000000 187687.59375000 508964.68750000 541.61926270    17459.56250000  11755.48144531  
0.43700    357491.15625000 187245.59375000 507882.31250000 537.31695557    17372.72656250  11714.94531250  
0.43800    356832.03125000 186793.76562500 506774.78125000 533.03613281    17282.95703125  11672.33593750  
0.43900    356181.90625000 186349.54687500 505673.34375000 528.77801514    17190.93750000  11628.49218750  
0.44000    355515.00000000 185899.35937500 504558.06250000 524.54278564    17096.32031250  11582.84472656  
0.44100    354832.84375000 185439.75000000 503415.43750000 520.32336426    16999.08593750  11535.45605469  
0.44200    354140.06250000 184978.79687500 502264.53125000 516.13781738    16899.51953125  11486.54199219  
0.44300    353430.87500000 184512.68750000 501092.84375000 511.97811890    16797.74023438  11436.24121094  
0.44400    352713.50000000 184045.42187500 499915.93750000 507.84997559    16693.76953125  11384.57128906  
0.44500    351948.53125000 183545.54687500 498656.40625000 503.74252319    16586.38867188  11330.44921875  
0.44600    351183.96875000 183052.07812500 497408.28125000 499.67318726    16477.60351562  11275.34765625  
0.44700    350428.00000000 182566.79687500 496173.50000000 495.64413452    16367.48925781  11219.52734375  
0.44800    349624.03125000 182056.73437500 494873.46875000 491.64401245    16254.78417969  11161.71386719  
0.44900    348839.03125000 181561.03125000 493602.93750000 487.69091797    16140.94042969  11103.29003906  
0.45000    348043.06250000 181058.87500000 492311.50000000 483.78460693    16025.95214844  11044.19433594  
0.45100    347197.71875000 180528.10937500 490950.81250000 479.89898682    15907.80078125  10982.65136719  
0.45200    346366.03125000 180009.89062500 489611.71875000 476.06857300    15789.22851562  10920.92480469  
0.45300    345502.40625000 179472.35937500 488223.34375000 472.27905273    15668.84960938  10857.83886719  
0.45400    344640.25000000 178941.39062500 486843.15625000 468.53018188    15547.46191406  10793.96777344  
0.45500    343765.62500000 178402.92187500 485447.68750000 464.82931519    15425.13574219  10729.51367188  
0.45600    342871.06250000 177852.17187500 484012.34375000 461.17581177    15300.90136719  10663.65625000  
0.45700    341971.81250000 177302.95312500 482579.62500000 457.57315063    15176.44238281  10597.49218750  
0.45800    341043.12500000 176738.71875000 481105.84375000 454.01541138    15050.86718750  10530.40332031  
0.45900    340108.21875000 176171.14062500 479617.81250000 450.50885010    14923.85253906  10462.42871094  
0.46000    339191.96875000 175615.23437500 478158.62500000 447.05963135    14797.67675781  10394.79980469  
0.46100    338208.25000000 175024.48437500 476605.43750000 443.65158081    14669.03320312  10325.34667969  
0.46200    337263.68750000 174453.37500000 475106.75000000 440.30307007    14541.30078125  10256.36035156  
0.46300    336285.96875000 173866.81250000 473556.78125000 437.00091553    14412.30859375  10186.46191406  
0.46400    335288.37500000 173270.59375000 471979.53125000 433.75628662    14282.86621094  10116.02343750  
0.46500    334305.62500000 172682.18750000 470426.15625000 430.56765747    14153.85839844  10045.73828125  
0.46600    333295.93750000 172080.53125000 468827.65625000 427.43066406    14024.12304688  9974.72851562   
0.46700    332259.96875000 171466.98437500 467204.28125000 424.34478760    13893.86230469  9903.25781250   
0.46800    331260.28125000 170872.07812500 465621.28125000 421.32052612    13764.65625000  9832.39746094   
0.46900    330208.96875000 170250.59375000 463968.90625000 418.34509277    13634.41699219  9760.46875000   
0.47000    329156.12500000 169631.45312500 462319.40625000 415.42779541    13504.47558594  9688.67773438   
0.47100    328106.28125000 169013.04687500 460666.00000000 412.56988525    13375.12890625  9617.07324219   
0.47200    327046.84375000 168388.90625000 458998.18750000 409.76501465    13245.79980469  9545.24316406   
0.47300    325985.46875000 167770.14062500 457339.62500000 407.01895142    13117.31445312  9473.84960938   
0.47400    324890.81250000 167127.06250000 455623.93750000 404.31982422    12988.15429688  9401.54687500   
0.47500    323809.78125000 166496.34375000 453927.31250000 401.68652344    12860.13769531  9330.02050781   
0.47600    322739.78125000 165875.75000000 452258.28125000 399.11230469    12733.40332031  9259.25097656   
0.47700    321613.87500000 165221.64062500 450499.75000000 396.57803345    12605.46386719  9187.11328125   
0.47800    320511.12500000 164581.42187500 448777.12500000 394.11022949    12479.24023438  9116.09863281   
0.47900    319416.87500000 163950.89062500 447073.78125000 391.70141602    12354.17578125  9045.74804688   
0.48000    318287.15625000 163297.96875000 445309.18750000 389.34185791    12228.88085938  8974.74804688   
0.48100    317197.25000000 162674.92187500 443618.53125000 387.05340576    12105.88281250  8905.38769531   
0.48200    316040.71875000 162010.57812500 441820.78125000 384.79254150    11981.69140625  8834.60156250   
0.48300    314898.62500000 161357.53125000 440050.31250000 382.59936523    11859.22851562  8765.00683594   
0.48400    313767.84375000 160713.04687500 438300.06250000 380.46276855    11738.33203125  8696.04980469   
0.48500    312627.53125000 160064.18750000 436536.00000000 378.38043213    11618.09082031  8627.45312500   
0.48600    311493.15625000 159422.60937500 434783.90625000 376.35488892    11499.48828125  8559.65039062   
0.48700    310348.43750000 158775.71875000 433022.43750000 374.38055420    11381.51757812  8492.10156250   
0.48800    309180.21875000 158116.32812500 431221.15625000 372.45108032    11264.16503906  8424.56445312   
0.48900    308023.31250000 157466.03125000 429446.87500000 370.58236694    11148.47656250  8357.98632812   
0.49000    306867.53125000 156821.07812500 427674.65625000 368.76608276    11034.29785156  8292.25488281   
0.49100    305726.40625000 156184.87500000 425926.81250000 367.01013184    10921.97753906  8227.51269531   
0.49200    304557.53125000 155534.01562500 424136.50000000 365.29367065    10810.09570312  8162.76464844   
0.49300    303396.96875000 154891.64062500 422367.40625000 363.63583374    10699.98828125  8099.02929688   
0.49400    302234.84375000 154250.31250000 420604.25000000 362.02844238    10591.27246094  8036.07031250   
0.49500    301068.09375000 153608.17187500 418824.12500000 360.46896362    10483.82714844  7973.65234375   
0.49600    299915.40625000 152978.50000000 417086.56250000 358.96630859    10378.66699219  7912.55859375   
0.49700    298744.09375000 152338.10937500 415315.78125000 357.50668335    10274.16699219  7851.77734375   
0.49800    297592.43750000 151713.20312500 413574.03125000 356.10668945    10171.86816406  7792.16699219   
0.49900    296418.28125000 151075.00000000 411805.12500000 354.74346924    10070.48828125  7732.85693359   
0.50000    295263.00000000 150452.40625000 410073.84375000 353.44216919    9971.48632812   7675.13867188   
