# SAXS profile: number of points = 501, q_min = 0, q_max = 0.5, delta_q = 0.001
#    q    intensity 
0.00000    162236320.00000000 101202528.00000000 256271424.00000000 94278.69531250  7821920.50000000 6177756.00000000 
0.00100    162208464.00000000 101184384.00000000 256225424.00000000 94254.98437500  7820271.50000000 6176432.50000000 
0.00200    162124304.00000000 101131312.00000000 256091008.00000000 94184.20312500  7815226.00000000 6172466.00000000 
0.00300    161981440.00000000 101042344.00000000 255865184.00000000 94067.46875000  7806848.50000000 6165925.50000000 
0.00400    161780560.00000000 100919528.00000000 255549664.00000000 93903.21093750  7795185.00000000 6156749.00000000 
0.00500    161521872.00000000 100760680.00000000 255143776.00000000 93692.75781250  7780140.00000000 6144984.50000000 
0.00600    161205280.00000000 100567328.00000000 254649952.00000000 93436.50781250  7761796.00000000 6130629.50000000 
0.00700    160831360.00000000 100337832.00000000 254065856.00000000 93134.08593750  7740250.00000000 6113690.00000000 
0.00800    160402288.00000000 100075744.00000000 253396112.00000000 92786.90625000  7715405.50000000 6094244.00000000 
0.00900    159914640.00000000 99779312.00000000 252637632.00000000 92394.68750000  7687408.50000000 6072263.50000000 
0.01000    159374592.00000000 99449184.00000000 251792832.00000000 91958.85156250  7656214.00000000 6047797.00000000 
0.01100    158780672.00000000 99085928.00000000 250862176.00000000 91479.25000000  7621861.50000000 6020877.50000000 
0.01200    158134384.00000000 98689776.00000000 249849264.00000000 90956.88281250  7584422.00000000 5991550.50000000 
0.01300    157434512.00000000 98260704.00000000 248753408.00000000 90393.33593750  7544013.50000000 5959857.50000000 
0.01400    156681344.00000000 97799328.00000000 247574144.00000000 89788.50000000  7500594.50000000 5925807.50000000 
0.01500    155877712.00000000 97307144.00000000 246316304.00000000 89142.98437500  7454250.00000000 5889485.00000000 
0.01600    155022784.00000000 96783464.00000000 244978096.00000000 88459.13281250  7405074.50000000 5850899.50000000 
0.01700    154118208.00000000 96229456.00000000 243562864.00000000 87736.50781250  7353084.00000000 5810155.50000000 
0.01800    153166816.00000000 95646440.00000000 242073184.00000000 86977.95312500  7298362.50000000 5767233.50000000 
0.01900    152167760.00000000 95034672.00000000 240509248.00000000 86182.48437500  7241037.00000000 5722246.50000000 
0.02000    151122192.00000000 94394224.00000000 238872512.00000000 85352.48437500  7181080.00000000 5675251.00000000 
0.02100    150032288.00000000 93726384.00000000 237165888.00000000 84489.10156250  7118657.50000000 5626296.50000000 
0.02200    148898240.00000000 93030960.00000000 235390032.00000000 83593.53125000  7053815.00000000 5575389.00000000 
0.02300    147722672.00000000 92310760.00000000 233548464.00000000 82667.42968750  6986659.50000000 5522699.50000000 
0.02400    146504544.00000000 91563928.00000000 231642080.00000000 81711.61718750  6917204.00000000 5468216.50000000 
0.02500    145248016.00000000 90793160.00000000 229673712.00000000 80727.06250000  6845644.50000000 5412064.00000000 
0.02600    143953120.00000000 89999304.00000000 227645872.00000000 79717.03906250  6771991.50000000 5354261.50000000 
0.02700    142620464.00000000 89182216.00000000 225559040.00000000 78680.53125000  6696385.50000000 5294920.50000000 
0.02800    141253616.00000000 88342896.00000000 223416032.00000000 77620.54687500  6618854.50000000 5234068.50000000 
0.02900    139852064.00000000 87483336.00000000 221220432.00000000 76538.22656250  6539565.50000000 5171856.50000000 
0.03000    138419520.00000000 86603264.00000000 218973952.00000000 75434.74218750  6458587.50000000 5108241.00000000 
0.03100    136954128.00000000 85704016.00000000 216678464.00000000 74311.85156250  6376013.00000000 5043433.50000000 
0.03200    135460448.00000000 84786984.00000000 214337808.00000000 73171.20312500  6291951.00000000 4977431.50000000 
0.03300    133938904.00000000 83852192.00000000 211952784.00000000 72014.22656250  6206513.00000000 4910316.50000000 
0.03400    132391064.00000000 82901784.00000000 209526512.00000000 70842.19531250  6119752.50000000 4842185.00000000 
0.03500    130819456.00000000 81934936.00000000 207061584.00000000 69656.76562500  6031829.00000000 4773107.50000000 
0.03600    129224536.00000000 80955080.00000000 204560912.00000000 68459.71875000  5942804.00000000 4703193.50000000 
0.03700    127608088.00000000 79961032.00000000 202026640.00000000 67252.10156250  5852794.00000000 4632458.00000000 
0.03800    125971976.00000000 78955472.00000000 199458784.00000000 66035.81250000  5761906.00000000 4561021.00000000 
0.03900    124318544.00000000 77938056.00000000 196865440.00000000 64812.69921875  5670213.50000000 4488978.50000000 
0.04000    122647360.00000000 76909952.00000000 194244768.00000000 63583.13671875  5577864.00000000 4416389.00000000 
0.04100    120962248.00000000 75872912.00000000 191600240.00000000 62349.32031250  5484931.00000000 4343331.50000000 
0.04200    119263768.00000000 74827000.00000000 188934384.00000000 61112.98437500  5391524.50000000 4269877.00000000 
0.04300    117553800.00000000 73775304.00000000 186250800.00000000 59874.79296875  5297697.00000000 4196128.00000000 
0.04400    115833704.00000000 72715496.00000000 183551568.00000000 58636.71093750  5203612.00000000 4122106.00000000 
0.04500    114105328.00000000 71650776.00000000 180837440.00000000 57399.68750000  5109304.50000000 4047938.00000000 
0.04600    112370152.00000000 70581320.00000000 178111840.00000000 56165.41406250  5014923.50000000 3973671.75000000 
0.04700    110629160.00000000 69507752.00000000 175379152.00000000 54935.11718750  4920552.00000000 3899397.75000000 
0.04800    108885208.00000000 68432072.00000000 172638320.00000000 53709.60937500  4826219.00000000 3825163.50000000 
0.04900    107138696.00000000 67354256.00000000 169894816.00000000 52491.03906250  4732100.50000000 3751068.25000000 
0.05000    105391896.00000000 66275804.00000000 167150128.00000000 51279.88281250  4638209.00000000 3677152.00000000 
0.05100    103645672.00000000 65197124.00000000 164404064.00000000 50077.79687500  4544664.00000000 3603499.25000000 
0.05200    101900888.00000000 64119860.00000000 161661872.00000000 48884.86328125  4451536.00000000 3530166.00000000 
0.05300    100160392.00000000 63043948.00000000 158924560.00000000 47703.54687500  4358966.00000000 3457213.00000000 
0.05400    98423928.00000000 61970892.00000000 156195728.00000000 46534.00000000  4266926.50000000 3384712.50000000 
0.05500    96694224.00000000 60901224.00000000 153474576.00000000 45377.16796875  4175591.00000000 3312726.00000000 
0.05600    94972272.00000000 59835736.00000000 150764864.00000000 44234.39453125  4084967.75000000 3241275.50000000 
0.05700    93259344.00000000 58775612.00000000 148069056.00000000 43106.61328125  3995130.75000000 3170466.50000000 
0.05800    91555480.00000000 57721076.00000000 145387440.00000000 41994.09375000  3906168.25000000 3100317.25000000 
0.05900    89863440.00000000 56672792.00000000 142724624.00000000 40898.13671875  3818155.50000000 3030889.00000000 
0.06000    88183552.00000000 55631552.00000000 140078992.00000000 39818.92968750  3731111.25000000 2962220.25000000 
0.06100    86517256.00000000 54598144.00000000 137454752.00000000 38758.13671875  3645132.25000000 2894356.75000000 
0.06200    84864712.00000000 53573700.00000000 134852192.00000000 37715.09765625  3560239.50000000 2827347.50000000 
0.06300    83228560.00000000 52558276.00000000 132275104.00000000 36691.50000000  3476525.50000000 2761261.50000000 
0.06400    81608192.00000000 51552344.00000000 129721688.00000000 35687.32421875  3393978.75000000 2696080.75000000 
0.06500    80005544.00000000 50557056.00000000 127195144.00000000 34703.06250000  3312688.00000000 2631873.50000000 
0.06600    78421024.00000000 49572548.00000000 124697424.00000000 33739.30859375  3232710.25000000 2568689.25000000 
0.06700    76855728.00000000 48599164.00000000 122228504.00000000 32796.10937500  3154021.75000000 2506496.50000000 
0.06800    75311040.00000000 47637584.00000000 119790336.00000000 31874.30859375  3076716.25000000 2445403.50000000 
0.06900    73785616.00000000 46688960.00000000 117384464.00000000 30973.82617188  3000812.00000000 2385366.75000000 
0.07000    72282232.00000000 45752756.00000000 115010664.00000000 30094.92187500  2926329.25000000 2326456.50000000 
0.07100    70800544.00000000 44829396.00000000 112672256.00000000 29237.48046875  2853289.25000000 2268664.00000000 
0.07200    69340824.00000000 43920228.00000000 110367768.00000000 28402.49804688  2781701.00000000 2212037.00000000 
0.07300    67904720.00000000 43024560.00000000 108099600.00000000 27589.23437500  2711642.75000000 2156560.50000000 
0.07400    66492688.00000000 42143268.00000000 105867552.00000000 26798.16015625  2643061.25000000 2102277.75000000 
0.07500    65104020.00000000 41276516.00000000 103673624.00000000 26028.82617188  2576008.00000000 2049168.50000000 
0.07600    63739912.00000000 40424516.00000000 101516984.00000000 25281.82031250  2510498.75000000 1997252.87500000 
0.07700    62400548.00000000 39587408.00000000 99399216.00000000 24556.54492188  2446528.50000000 1946555.87500000 
0.07800    61086408.00000000 38765320.00000000 97320424.00000000 23853.10742188  2384096.50000000 1897069.87500000 
0.07900    59797284.00000000 37959152.00000000 95281512.00000000 23171.23437500  2323197.75000000 1848778.87500000 
0.08000    58534120.00000000 37167996.00000000 93281840.00000000 22510.76367188  2263859.75000000 1801711.37500000 
0.08100    57296672.00000000 36392888.00000000 91322608.00000000 21871.62695312  2206069.50000000 1755853.75000000 
0.08200    56084796.00000000 35633280.00000000 89404056.00000000 21253.20703125  2149804.75000000 1711195.37500000 
0.08300    54899068.00000000 34889592.00000000 87525816.00000000 20655.50000000  2095040.62500000 1667735.62500000 
0.08400    53739416.00000000 34161636.00000000 85687920.00000000 20078.08789062  2041840.00000000 1625466.25000000 
0.08500    52605756.00000000 33449904.00000000 83892064.00000000 19520.72460938  1990122.50000000 1584383.87500000 
0.08600    51497904.00000000 32753884.00000000 82135512.00000000 18982.88476562  1939894.00000000 1544483.37500000 
0.08700    50416396.00000000 32073728.00000000 80419728.00000000 18464.24609375  1891160.25000000 1505734.12500000 
0.08800    49360524.00000000 31409478.00000000 78744568.00000000 17964.21093750  1843875.00000000 1468119.25000000 
0.08900    48330276.00000000 30761178.00000000 77110136.00000000 17482.48242188  1798012.50000000 1431653.25000000 
0.09000    47325580.00000000 30128224.00000000 75514904.00000000 17018.69921875  1753562.75000000 1396283.00000000 
0.09100    46346008.00000000 29511356.00000000 73960192.00000000 16572.18164062  1710507.75000000 1362004.87500000 
0.09200    45391812.00000000 28909474.00000000 72444280.00000000 16142.75878906  1668804.25000000 1328807.75000000 
0.09300    44462612.00000000 28323200.00000000 70967400.00000000 15729.52050781  1628440.25000000 1296666.37500000 
0.09400    43557584.00000000 27751666.00000000 69529976.00000000 15332.10644531  1589391.37500000 1265555.00000000 
0.09500    42676596.00000000 27195548.00000000 68129424.00000000 14950.05371094  1551602.37500000 1235443.37500000 
0.09600    41819816.00000000 26653864.00000000 66767076.00000000 14582.82812500  1515071.25000000 1206334.50000000 
0.09700    40986580.00000000 26126878.00000000 65441272.00000000 14229.84667969  1479760.37500000 1178166.37500000 
0.09800    40176260.00000000 25614282.00000000 64152252.00000000 13890.57910156  1445621.00000000 1150951.50000000 
0.09900    39389008.00000000 25115764.00000000 62898740.00000000 13564.58789062  1412642.37500000 1124643.00000000 
0.10000    38623312.00000000 24630954.00000000 61680520.00000000 13251.10449219  1380774.87500000 1099207.12500000 
0.10100    37880044.00000000 24159662.00000000 60496740.00000000 12949.84765625  1349984.25000000 1074648.50000000 
0.10200    37157904.00000000 23701816.00000000 59346676.00000000 12660.10644531  1320248.75000000 1050907.87500000 
0.10300    36456380.00000000 23256842.00000000 58229056.00000000 12381.39550781  1291528.50000000 1027968.87500000 
0.10400    35775520.00000000 22824592.00000000 57143488.00000000 12113.13183594  1263780.87500000 1005817.93750000 
0.10500    35114400.00000000 22404912.00000000 56090156.00000000 11854.97851562  1236971.87500000 984412.81250000 
0.10600    34472640.00000000 21997190.00000000 55066840.00000000 11606.20996094  1211075.62500000 963719.87500000 
0.10700    33849560.00000000 21601256.00000000 54073600.00000000 11366.49609375  1186037.87500000 943726.06250000 
0.10800    33244470.00000000 21216942.00000000 53109204.00000000 11135.17187500  1161849.37500000 924388.18750000 
0.10900    32657658.00000000 20843474.00000000 52172732.00000000 10911.79980469  1138448.50000000 905698.81250000 
0.11000    32087608.00000000 20480960.00000000 51263604.00000000 10696.00976562  1115820.87500000 887615.37500000 
0.11100    31534474.00000000 20128996.00000000 50380964.00000000 10487.28027344  1093920.62500000 870110.25000000 
0.11200    30997134.00000000 19787128.00000000 49523668.00000000 10285.13671875  1072710.75000000 853166.37500000 
0.11300    30475638.00000000 19454968.00000000 48691200.00000000 10089.15625000  1052173.25000000 836755.75000000 
0.11400    29969168.00000000 19132406.00000000 47882756.00000000 9899.05175781   1032265.62500000 820846.25000000 
0.11500    29476898.00000000 18818950.00000000 47097000.00000000 9714.29785156   1012945.62500000 805421.68750000 
0.11600    28998424.00000000 18514438.00000000 46333400.00000000 9534.49707031   994200.43750000 790442.31250000 
0.11700    28533418.00000000 18218232.00000000 45591376.00000000 9359.31054688   975995.50000000 775900.68750000 
0.11800    28081400.00000000 17930322.00000000 44869544.00000000 9188.44238281   958281.68750000 761753.12500000 
0.11900    27641146.00000000 17650128.00000000 44167384.00000000 9021.49707031   941044.18750000 747999.56250000 
0.12000    27212934.00000000 17377418.00000000 43483512.00000000 8858.08398438   924263.81250000 734598.37500000 
0.12100    26795906.00000000 17111920.00000000 42818200.00000000 8698.15039062   907902.81250000 721543.37500000 
0.12200    26389600.00000000 16853328.00000000 42169908.00000000 8541.12011719   891930.50000000 708799.31250000 
0.12300    25993460.00000000 16601173.00000000 41537900.00000000 8386.99511719   876328.37500000 696358.00000000 
0.12400    25607042.00000000 16355389.00000000 40921284.00000000 8235.33789062   861062.68750000 684187.56250000 
0.12500    25229760.00000000 16115460.00000000 40319408.00000000 8086.00244141   846122.56250000 672282.93750000 
0.12600    24861496.00000000 15881320.00000000 39732208.00000000 7938.81152344   831486.31250000 660613.62500000 
0.12700    24501412.00000000 15652484.00000000 39157876.00000000 7793.50244141   817117.25000000 649175.62500000 
0.12800    24149120.00000000 15428799.00000000 38596380.00000000 7649.93652344   803003.50000000 637935.56250000 
0.12900    23804294.00000000 15209905.00000000 38047012.00000000 7507.95507812   789132.00000000 626899.12500000 
0.13000    23466304.00000000 14995517.00000000 37508960.00000000 7367.39013672   775477.87500000 616036.75000000 
0.13100    23135240.00000000 14785534.00000000 36981248.00000000 7228.12207031   762021.75000000 605332.68750000 
0.13200    22810238.00000000 14579635.00000000 36464080.00000000 7090.06054688   748754.43750000 594785.31250000 
0.13300    22491202.00000000 14377596.00000000 35956012.00000000 6953.10351562   735654.68750000 584381.12500000 
0.13400    22177704.00000000 14179072.00000000 35457252.00000000 6817.14111328   722720.81250000 574099.75000000 
0.13500    21869132.00000000 13984060.00000000 34966548.00000000 6682.13476562   709923.12500000 563936.31250000 
0.13600    21565576.00000000 13792155.00000000 34483740.00000000 6547.99707031   697263.50000000 553889.18750000 
0.13700    21266466.00000000 13603282.00000000 34008576.00000000 6414.69335938   684718.18750000 543933.06250000 
0.13800    20971728.00000000 13417114.00000000 33540048.00000000 6282.22216797   672289.00000000 534074.75000000 
0.13900    20680872.00000000 13233653.00000000 33077980.00000000 6150.52392578   659968.37500000 524300.56250000 
0.14000    20393748.00000000 13052693.00000000 32621856.00000000 6019.63574219   647740.56250000 514601.50000000 
0.14100    20109990.00000000 12873977.00000000 32171702.00000000 5889.50048828   635604.75000000 504977.40625000 
0.14200    19829472.00000000 12697378.00000000 31726438.00000000 5760.15966797   623548.93750000 495420.65625000 
0.14300    19552130.00000000 12522777.00000000 31286192.00000000 5631.67773438   611575.93750000 485928.00000000 
0.14400    19277354.00000000 12350025.00000000 30850542.00000000 5503.96728516   599670.56250000 476496.00000000 
0.14500    19005312.00000000 12179007.00000000 30419068.00000000 5377.16308594   587843.31250000 467120.09375000 
0.14600    18735522.00000000 12009707.00000000 29991634.00000000 5251.24658203   576082.25000000 457800.25000000 
0.14700    18468250.00000000 11841909.00000000 29568120.00000000 5126.32031250   564386.87500000 448537.53125000 
0.14800    18203172.00000000 11675391.00000000 29147946.00000000 5002.43750000   552757.87500000 439320.71875000 
0.14900    17939902.00000000 11510332.00000000 28730940.00000000 4879.55322266   541196.25000000 430157.53125000 
0.15000    17678632.00000000 11346491.00000000 28316938.00000000 4757.80322266   529698.87500000 421043.21875000 
0.15100    17419102.00000000 11183851.00000000 27906160.00000000 4637.26025391   518263.68750000 411982.03125000 
0.15200    17161536.00000000 11022317.00000000 27498070.00000000 4518.05712891   506901.43750000 402974.96875000 
0.15300    16905316.00000000 10861856.00000000 27092692.00000000 4400.12011719   495605.21875000 394020.96875000 
0.15400    16650664.00000000 10702358.00000000 26689472.00000000 4283.55908203   484377.68750000 385120.93750000 
0.15500    16397620.00000000 10543880.00000000 26288898.00000000 4168.50781250   473229.15625000 376276.37500000 
0.15600    16146106.00000000 10386328.00000000 25890714.00000000 4054.98437500   462153.21875000 367492.06250000 
0.15700    15896035.00000000 10229720.00000000 25495054.00000000 3943.13232422   451161.96875000 358769.75000000 
0.15800    15647232.00000000 10073917.00000000 25101142.00000000 3832.89868164   440249.71875000 350108.78125000 
0.15900    15400069.00000000 9919030.00000000 24709702.00000000 3724.46899414   429428.15625000 341520.43750000 
0.16000    15154046.00000000 9764978.00000000 24320254.00000000 3617.85864258   418697.09375000 332995.46875000 
0.16100    14909649.00000000 9611929.00000000 23933352.00000000 3513.17529297   408068.03125000 324548.75000000 
0.16200    14666653.00000000 9459616.00000000 23548470.00000000 3410.47241211   397534.37500000 316181.31250000 
0.16300    14425103.00000000 9308126.00000000 23165914.00000000 3309.74365234   387107.25000000 307891.68750000 
0.16400    14184945.00000000 9157670.00000000 22785604.00000000 3211.15747070   376793.03125000 299686.87500000 
0.16500    13946363.00000000 9007858.00000000 22407612.00000000 3114.70190430   366594.84375000 291570.21875000 
0.16600    13709312.00000000 8859161.00000000 22031954.00000000 3020.44189453   356513.75000000 283547.12500000 
0.16700    13473762.00000000 8711289.00000000 21658694.00000000 2928.44580078   346558.28125000 275616.53125000 
0.16800    13239897.00000000 8564396.00000000 21287924.00000000 2838.72875977   336733.15625000 267787.06250000 
0.16900    13007784.00000000 8418541.00000000 20919806.00000000 2751.39404297   327045.87500000 260061.32812500 
0.17000    12777313.00000000 8273654.50000000 20554280.00000000 2666.40454102   317493.84375000 252444.06250000 
0.17100    12548793.00000000 8129815.00000000 20191686.00000000 2583.82348633   308087.56250000 244935.56250000 
0.17200    12321993.00000000 7987055.50000000 19831792.00000000 2503.67749023   298830.62500000 237541.42187500 
0.17300    12097167.00000000 7845439.00000000 19474668.00000000 2426.01220703   289722.78125000 230265.56250000 
0.17400    11874427.00000000 7704951.50000000 19120870.00000000 2350.83740234   280775.87500000 223112.45312500 
0.17500    11653705.00000000 7565682.00000000 18770046.00000000 2278.14404297   271987.96875000 216081.40625000 
0.17600    11435024.00000000 7427639.50000000 18422558.00000000 2207.96215820   263363.03125000 209176.40625000 
0.17700    11218667.00000000 7290906.50000000 18078416.00000000 2140.24438477   254908.81250000 202402.79687500 
0.17800    11004515.00000000 7155417.50000000 17737754.00000000 2075.07714844   246624.62500000 195760.95312500 
0.17900    10792739.00000000 7021350.50000000 17400570.00000000 2012.40222168   238514.12500000 189255.64062500 
0.18000    10583376.00000000 6888676.50000000 17067194.00000000 1952.20874023   230581.75000000 182886.28125000 
0.18100    10376528.00000000 6757479.50000000 16737621.00000000 1894.54089355   222831.28125000 176659.32812500 
0.18200    10172191.00000000 6627699.00000000 16411776.00000000 1839.25476074   215255.34375000 170568.93750000 
0.18300    9970364.00000000 6499537.00000000 16090116.00000000 1786.45422363   207868.50000000 164625.04687500 
0.18400    9771312.00000000 6372822.00000000 15772344.00000000 1736.04553223   200665.00000000 158824.09375000 
0.18500    9575024.00000000 6247830.50000000 15459014.00000000 1688.02050781   193649.09375000 153170.29687500 
0.18600    9381420.00000000 6124403.00000000 15149699.00000000 1642.31628418   186817.70312500 147659.75000000 
0.18700    9190715.00000000 6002678.00000000 14844917.00000000 1598.94702148   180175.98437500 142299.14062500 
0.18800    9002833.00000000 5882631.00000000 14544459.00000000 1557.78442383   173722.62500000 137084.26562500 
0.18900    8818013.00000000 5764380.50000000 14248633.00000000 1518.88000488   167459.32812500 132019.65625000 
0.19000    8636088.00000000 5647802.50000000 13957303.00000000 1482.08166504   161379.29687500 127098.29687500 
0.19100    8457293.00000000 5533119.50000000 13670876.00000000 1447.45117188   155494.64062500 122330.78906250 
0.19200    8281329.50000000 5420236.00000000 13388862.00000000 1414.82482910   149789.68750000 117705.77343750 
0.19300    8108659.00000000 5309225.00000000 13111878.00000000 1384.23388672   144276.17187500 113230.96875000 
0.19400    7939051.50000000 5200027.00000000 12839628.00000000 1355.54541016   138944.15625000 108898.54687500 
0.19500    7772678.50000000 5092776.50000000 12572287.00000000 1328.74023438   133797.12500000 104712.28125000 
0.19600    7609424.00000000 4987387.00000000 12309952.00000000 1303.73669434   128830.04687500 100669.14843750 
0.19700    7449329.00000000 4883974.50000000 12052456.00000000 1280.47094727   124043.54687500 96769.14062500  
0.19800    7292430.50000000 4782445.50000000 11799954.00000000 1258.87145996   119431.19531250 93006.30468750  
0.19900    7138863.50000000 4682929.50000000 11552610.00000000 1238.89916992   114995.20312500 89384.83593750  
0.20000    6988397.00000000 4585310.50000000 11310168.00000000 1220.43872070   110728.32812500 85897.00000000  
0.20100    6841236.50000000 4489660.50000000 11072776.00000000 1203.45935059   106631.67968750 82544.00781250  
0.20200    6697254.00000000 4396001.50000000 10840378.00000000 1187.85083008   102698.46093750 79321.84375000  
0.20300    6556530.50000000 4304274.50000000 10613026.00000000 1173.59143066   98928.25781250  76230.11718750  
0.20400    6418963.50000000 4214519.50000000 10390726.00000000 1160.56652832   95314.41406250  73264.10156250  
0.20500    6284598.50000000 4126709.75000000 10173384.00000000 1148.72570801   91857.12500000  70422.08593750  
0.20600    6153389.00000000 4040862.00000000 9961042.00000000 1137.98193359   88547.02343750  67698.41406250  
0.20700    6025360.00000000 3956932.75000000 9753610.00000000 1128.27758789   85385.32031250  65094.34375000  
0.20800    5900413.50000000 3874950.50000000 9551064.00000000 1119.54248047   82363.58593750  62603.58984375  
0.20900    5778658.00000000 3794935.00000000 9353612.00000000 1111.74194336   79484.70312500  60226.64453125  
0.21000    5659862.00000000 3716747.00000000 9160769.00000000 1104.73876953   76734.62500000  57954.41406250  
0.21100    5544158.00000000 3640467.50000000 8972728.00000000 1098.52099609   74115.13281250  55787.61718750  
0.21200    5431374.50000000 3566032.50000000 8789390.00000000 1092.97253418   71620.32812500  53721.09765625  
0.21300    5321500.00000000 3493411.75000000 8610709.00000000 1088.08154297   69244.29687500  51752.62500000  
0.21400    5214610.50000000 3422623.50000000 8436644.00000000 1083.77209473   66985.16406250  49877.83203125  
0.21500    5110559.50000000 3353697.25000000 8267148.50000000 1079.97790527   64838.21484375  48094.92187500  
0.21600    5009270.00000000 3286448.25000000 8102002.50000000 1076.63269043   62795.23437500  46397.14453125  
0.21700    4910725.50000000 3220971.50000000 7941271.50000000 1073.69238281   60854.63281250  44783.42187500  
0.21800    4814870.00000000 3157181.50000000 7784786.50000000 1071.08776855   59011.22656250  43248.14062500  
0.21900    4721649.50000000 3095046.75000000 7632445.00000000 1068.77868652   57258.08203125  41789.03125000  
0.22000    4630933.50000000 3034546.75000000 7484223.50000000 1066.71020508   55594.15234375  40402.63671875  
0.22100    4542846.50000000 2975674.75000000 7340097.00000000 1064.85827637   54014.51562500  39086.14453125  
0.22200    4457168.00000000 2918345.00000000 7199903.50000000 1063.14074707   52512.97656250  37834.62500000  
0.22300    4373815.50000000 2862573.50000000 7063445.50000000 1061.53161621   51084.74218750  36644.52343750  
0.22400    4292801.00000000 2808250.00000000 6930678.50000000 1059.97326660   49726.14062500  35511.76171875  
0.22500    4214083.00000000 2755435.00000000 6801696.00000000 1058.48999023   48436.02734375  34437.72656250  
0.22600    4137533.50000000 2704008.75000000 6676077.00000000 1056.95227051   47204.91406250  33412.07031250  
0.22700    4063121.25000000 2653994.75000000 6553992.00000000 1055.40307617   46033.60937500  32437.49609375  
0.22800    3990733.00000000 2605285.75000000 6435168.50000000 1053.78247070   44914.00390625  31507.64843750  
0.22900    3920313.25000000 2557864.25000000 6319555.50000000 1052.04724121   43844.12500000  30619.45898438  
0.23000    3851813.50000000 2511720.00000000 6207037.50000000 1050.19995117   42820.85937500  29771.94921875  
0.23100    3785210.50000000 2466797.25000000 6097619.50000000 1048.21472168   41840.58984375  28960.88476562  
0.23200    3720318.00000000 2423031.50000000 5990944.00000000 1046.04882812   40897.89453125  28183.02734375  
0.23300    3657155.25000000 2380411.00000000 5887160.00000000 1043.69860840   39990.79296875  27436.68164062  
0.23400    3595678.50000000 2338887.50000000 5786053.00000000 1041.16052246   39116.89843750  26719.39257812  
0.23500    3535669.75000000 2298398.00000000 5687418.50000000 1038.37963867   38270.15625000  26026.43554688  
0.23600    3477251.25000000 2258943.75000000 5591369.50000000 1035.39721680   37451.49218750  25358.72265625  
0.23700    3420255.25000000 2220455.25000000 5497653.00000000 1032.18041992   36656.42968750  24712.08984375  
0.23800    3364655.25000000 2182910.00000000 5406223.50000000 1028.70129395   35882.19140625  24085.02734375  
0.23900    3310349.00000000 2146247.00000000 5316959.00000000 1024.98449707   35124.35546875  23474.31835938  
0.24000    3257304.75000000 2110446.00000000 5229758.50000000 1021.01336670   34384.11328125  22879.36523438  
0.24100    3205506.25000000 2075496.00000000 5144640.50000000 1016.80834961   33659.12109375  22299.40625000  
0.24200    3154780.25000000 2041316.50000000 5061354.00000000 1012.34582520   32944.94140625  21730.32226562  
0.24300    3105167.50000000 2007874.00000000 4979905.50000000 1007.63623047   32240.39648438  21171.63671875  
0.24400    3056559.00000000 1975161.75000000 4900125.00000000 1002.66644287   31544.06445312  20621.72656250  
0.24500    3008940.25000000 1943108.00000000 4821961.00000000 997.45770264    30854.00195312  20079.22460938  
0.24600    2962214.50000000 1911719.37500000 4745346.50000000 992.04388428    30169.91992188  19543.45117188  
0.24700    2916381.25000000 1880959.75000000 4670247.00000000 986.39166260    29489.87695312  19013.11914062  
0.24800    2871352.25000000 1850767.25000000 4596510.00000000 980.52764893    28812.36132812  18486.67773438  
0.24900    2827083.25000000 1821109.37500000 4524076.00000000 974.46148682    28136.22265625  17963.06054688  
0.25000    2783567.50000000 1791996.25000000 4452867.00000000 968.20172119    27461.07031250  17442.60937500  
0.25100    2740682.50000000 1763376.37500000 4382842.50000000 961.75238037    26785.34765625  16923.09960938  
0.25200    2698536.75000000 1735247.25000000 4313953.50000000 955.16967773    26110.88085938  16406.26562500  
0.25300    2656932.75000000 1707554.12500000 4246069.50000000 948.43383789    25434.13085938  15889.67871094  
0.25400    2615899.00000000 1680297.87500000 4179213.00000000 941.56158447    24756.39062500  15373.40234375  
0.25500    2575406.25000000 1653408.87500000 4113232.50000000 934.56231689    24076.40234375  14856.71191406  
0.25600    2535411.25000000 1626913.75000000 4048146.00000000 927.47460938    23395.05468750  14340.24609375  
0.25700    2495893.75000000 1600769.50000000 3983854.00000000 920.29534912    22710.95898438  13823.15429688  
0.25800    2456804.25000000 1574965.37500000 3920384.50000000 913.05792236    22025.69921875  13305.92089844  
0.25900    2418149.75000000 1549485.00000000 3857634.75000000 905.77124023    21338.49414062  12788.29003906  
0.26000    2379871.00000000 1524298.00000000 3795584.75000000 898.45220947    20649.93750000  12270.74414062  
0.26100    2341959.25000000 1499388.00000000 3734127.50000000 891.11901855    19958.66406250  11751.72363281  
0.26200    2304426.75000000 1474783.62500000 3673367.50000000 883.80578613    19268.69531250  11234.61718750  
0.26300    2267176.00000000 1450389.62500000 3613129.50000000 876.49114990    18576.05859375  10715.95214844  
0.26400    2230264.50000000 1426271.50000000 3553475.25000000 869.22723389    17884.29687500  10198.71289062  
0.26500    2193657.75000000 1402384.87500000 3494373.75000000 862.02429199    17193.23632812  9682.70410156   
0.26600    2157313.75000000 1378710.87500000 3435728.50000000 854.89892578    16502.99609375  9167.53027344   
0.26700    2121282.50000000 1355264.25000000 3377620.75000000 847.86010742    15815.17675781  8654.76953125   
0.26800    2085511.25000000 1332025.37500000 3320014.00000000 840.93109131    15129.96289062  8144.80419922   
0.26900    2049951.25000000 1308972.87500000 3262782.25000000 834.12255859    14447.07128906  7636.39111328   
0.27000    2014691.87500000 1286124.37500000 3206047.00000000 827.46112061    13769.37792969  7132.28759766   
0.27100    1979643.25000000 1263465.37500000 3149703.00000000 820.93939209    13095.55957031  6631.63623047   
0.27200    1944903.25000000 1241023.75000000 3093892.25000000 814.60473633    12429.64746094  6137.32910156   
0.27300    1910351.87500000 1218720.75000000 3038409.00000000 808.43969727    11768.26074219  5646.44921875   
0.27400    1875990.00000000 1196581.62500000 2983266.00000000 802.43804932    11112.43359375  5160.14599609   
0.27500    1841954.37500000 1174671.00000000 2928710.75000000 796.68426514    10468.61425781  4682.92724609   
0.27600    1808096.50000000 1152875.12500000 2874395.00000000 791.11041260    9830.67871094   4210.11718750   
0.27700    1774526.12500000 1131310.00000000 2820616.00000000 785.77429199    9205.18750000   3746.96118164   
0.27800    1741180.87500000 1109890.37500000 2767192.75000000 780.67114258    8589.21777344   3290.86279297   
0.27900    1708098.37500000 1088668.00000000 2714230.75000000 775.80834961    7985.21826172   2844.34204102   
0.28000    1675254.37500000 1067611.12500000 2661659.25000000 771.19116211    7393.50878906   2407.25439453   
0.28100    1642689.87500000 1046738.25000000 2609560.25000000 766.83074951    6814.92871094   1980.09948730   
0.28200    1610398.87500000 1026057.50000000 2557917.50000000 762.73681641    6251.22509766   1564.09875488   
0.28300    1578398.75000000 1005564.37500000 2506713.25000000 758.90393066    5701.90283203   1159.34057617   
0.28400    1546641.25000000 985248.56250000 2455944.75000000 755.34130859    5167.37353516   765.66088867    
0.28500    1515220.00000000 965148.25000000 2405708.75000000 752.04919434    4650.97802734   385.29537964    
0.28600    1484079.12500000 945230.18750000 2355911.75000000 749.02575684    4149.60253906   16.79457664     
0.28700    1453250.00000000 925519.93750000 2306661.00000000 746.27349854    3666.73168945   -337.89218140   
0.28800    1422747.75000000 906009.06250000 2257875.25000000 743.80102539    3201.74462891   -678.84930420   
0.28900    1392593.12500000 886725.93750000 2209702.50000000 741.59722900    2756.19726562   -1005.12145996  
0.29000    1362762.12500000 867649.56250000 2161993.50000000 739.66741943    2328.81909180   -1317.49523926  
0.29100    1333301.62500000 848815.25000000 2114918.25000000 738.01031494    1922.23620605   -1614.13110352  
0.29200    1304182.87500000 830193.43750000 2068374.37500000 736.61254883    1535.57507324   -1895.92639160  
0.29300    1275479.00000000 811819.31250000 2022468.25000000 735.47760010    1170.00927734   -2161.54614258  
0.29400    1247093.50000000 793658.68750000 1977094.25000000 734.58966064    823.64807129    -2412.65209961  
0.29500    1219152.25000000 775778.25000000 1932405.00000000 733.96734619    500.48040771    -2646.14208984  
0.29600    1191582.37500000 758122.12500000 1888308.50000000 733.56774902    197.30500793    -2864.28784180  
0.29700    1164418.37500000 740716.81250000 1844854.12500000 733.40521240    -84.62824249    -3066.35571289  
0.29800    1137701.12500000 723592.25000000 1802078.62500000 733.48449707    -343.42514038   -3250.97973633  
0.29900    1111417.62500000 706726.18750000 1760010.50000000 733.77941895    -580.36804199   -3418.87915039  
0.30000    1085527.37500000 690122.81250000 1718574.62500000 734.26922607    -796.66699219   -3571.17846680  
0.30100    1060138.62500000 673811.50000000 1677890.75000000 734.96954346    -989.73858643   -3705.73120117  
0.30200    1035160.81250000 657751.00000000 1637865.37500000 735.85681152    -1161.92211914  -3824.49633789  
0.30300    1010678.50000000 641996.43750000 1598603.50000000 736.92382812    -1311.48205566  -3925.80590820  
0.30400    986660.68750000 626534.87500000 1560083.50000000 738.17315674    -1439.17700195  -4010.83300781  
0.30500    963085.43750000 611339.62500000 1522248.75000000 739.55963135    -1546.55871582  -4080.05615234  
0.30600    939990.31250000 596438.18750000 1485173.25000000 741.09283447    -1632.21435547  -4133.21191406  
0.30700    917414.87500000 581863.00000000 1448908.25000000 742.77087402    -1696.13757324  -4169.20312500  
0.30800    895293.37500000 567557.12500000 1413355.50000000 744.55975342    -1740.48864746  -4190.60742188  
0.30900    873688.31250000 553571.75000000 1378623.75000000 746.46862793    -1763.08117676  -4195.59716797  
0.31000    852568.50000000 539894.56250000 1344655.50000000 748.46942139    -1766.40087891  -4185.82812500  
0.31100    831942.81250000 526506.37500000 1311440.00000000 750.55212402    -1750.19885254  -4160.84179688  
0.31200    811834.87500000 513439.62500000 1279032.25000000 752.70855713    -1714.70495605  -4121.46289062  
0.31300    792216.81250000 500672.18750000 1247419.75000000 754.92828369    -1660.54846191  -4067.60791016  
0.31400    773128.31250000 488232.40625000 1216620.75000000 757.20080566    -1587.56982422  -3999.60009766  
0.31500    754514.68750000 476083.46875000 1186562.62500000 759.49462891    -1497.72875977  -3918.62255859  
0.31600    736410.93750000 464257.53125000 1157323.25000000 761.81585693    -1390.19653320  -3824.13500977  
0.31700    718828.00000000 452739.34375000 1128882.25000000 764.15478516    -1265.93652344  -3717.05029297  
0.31800    701717.43750000 441519.53125000 1101209.62500000 766.47473145    -1126.70031738  -3598.44360352  
0.31900    685144.25000000 430628.25000000 1074355.12500000 768.80395508    -970.73260498   -3466.90698242  
0.32000    669050.81250000 420036.93750000 1048271.81250000 771.10247803    -800.68621826   -3324.58886719  
0.32100    653447.37500000 409745.15625000 1022940.25000000 773.36383057    -616.82794189   -3171.94262695  
0.32200    638357.50000000 399774.18750000 998437.43750000 775.58184814    -418.80657959   -3008.21948242  
0.32300    623717.12500000 390082.53125000 974628.93750000 777.74114990    -208.88139343   -2835.53125000  
0.32400    609562.06250000 380691.56250000 951602.00000000 779.82824707    12.95095921     -2653.64868164  
0.32500    595892.50000000 371600.03125000 929325.25000000 781.84515381    246.31660461    -2463.03686523  
0.32600    582694.43750000 362799.28125000 907797.68750000 783.77703857    490.34570312    -2264.05029297  
0.32700    569954.18750000 354294.71875000 886999.93750000 785.62048340    744.65838623    -2057.45385742  
0.32800    557696.43750000 346081.25000000 866952.50000000 787.36401367    1008.62438965   -1843.29895020  
0.32900    545858.68750000 338133.03125000 847583.50000000 788.99609375    1280.12768555   -1623.17138672  
0.33000    534487.43750000 330481.81250000 828935.62500000 790.51312256    1560.32263184   -1396.64501953  
0.33100    523506.28125000 323069.21875000 810916.68750000 791.90008545    1846.40722656   -1165.48693848  
0.33200    513015.81250000 315968.50000000 793674.56250000 793.17425537    2141.01269531   -927.86419678   
0.33300    502906.15625000 309111.93750000 777042.06250000 794.29882812    2440.12231445   -686.67517090   
0.33400    493229.03125000 302515.65625000 761087.25000000 795.30023193    2744.91625977   -441.06182861   
0.33500    483931.06250000 296168.00000000 745743.68750000 796.14453125    3053.73437500   -192.40455627   
0.33600    475025.84375000 290063.96875000 731011.81250000 796.84765625    3366.36621094   59.18075180     
0.33700    466499.78125000 284205.93750000 716894.68750000 797.40637207    3682.32373047   313.43090820    
0.33800    458364.81250000 278590.84375000 703398.00000000 797.80706787    4001.30322266   569.96582031    
0.33900    450564.00000000 273189.53125000 690436.18750000 798.05023193    4321.44677734   827.56317139    
0.34000    443125.43750000 268021.93750000 678051.50000000 798.13781738    4643.25634766   1086.30029297   
0.34100    436029.28125000 263070.09375000 666213.50000000 798.07507324    4965.93945312   1345.94140625   
0.34200    429294.78125000 258351.39062500 654951.93750000 797.85333252    5289.81005859   1606.54663086   
0.34300    422842.31250000 253815.65625000 644152.68750000 797.46435547    5612.33105469   1866.05810547   
0.34400    416739.03125000 249503.67187500 633907.12500000 796.93603516    5935.19140625   2125.85839844   
0.34500    410916.56250000 245368.84375000 624108.18750000 796.24426270    6256.24267578   2384.32983398   
0.34600    405416.68750000 241451.93750000 614826.18750000 795.39990234    6576.51220703   2642.54370117   
0.34700    400157.21875000 237680.57812500 605930.75000000 794.39569092    6893.50000000   2897.85791016   
0.34800    395183.12500000 234103.79687500 597508.56250000 793.24645996    7208.48779297   3151.94824219   
0.34900    390481.43750000 230697.29687500 589518.37500000 791.95141602    7520.93017578   3404.09521484   
0.35000    386022.90625000 227451.37500000 581919.56250000 790.51171875    7829.56542969   3653.45117188   
0.35100    381832.09375000 224387.12500000 574762.12500000 788.93688965    8135.73193359   3900.94458008   
0.35200    377825.87500000 221441.31250000 567902.31250000 787.21820068    8436.55566406   4144.55273438   
0.35300    374067.71875000 218653.15625000 561419.62500000 785.36364746    8733.32031250   4385.04541016   
0.35400    370528.50000000 216019.00000000 555327.62500000 783.39465332    9026.30078125   4622.58349609   
0.35500    367197.03125000 213515.78125000 549554.75000000 781.29412842    9314.14648438   4856.62207031   
0.35600    364038.50000000 211132.14062500 544072.31250000 779.07220459    9596.93945312   5086.47265625   
0.35700    361082.78125000 208880.03125000 538900.43750000 776.74664307    9874.62500000   5312.60888672   
0.35800    358310.59375000 206755.26562500 534045.68750000 774.31304932    10147.18261719  5535.11572266   
0.35900    355704.18750000 204738.46875000 529461.00000000 771.77325439    10414.18945312  5753.17968750   
0.36000    353277.71875000 202845.40625000 525168.18750000 769.14788818    10676.18652344  5967.53857422   
0.36100    350976.75000000 201037.59375000 521091.34375000 766.42309570    10931.35937500  6177.01318359   
0.36200    348875.28125000 199362.40625000 517330.25000000 763.63092041    11182.61328125  6383.20410156   
0.36300    346859.31250000 197750.75000000 513714.09375000 760.74554443    11426.02734375  6583.53955078   
0.36400    344979.06250000 196233.92187500 510329.34375000 757.78479004    11663.76464844  6779.59228516   
0.36500    343224.18750000 194802.98437500 507155.93750000 754.75598145    11895.16210938  6971.09375000   
0.36600    341625.18750000 193472.20312500 504216.28125000 751.69354248    12121.99316406  7159.08300781   
0.36700    340097.62500000 192200.70312500 501417.59375000 748.55120850    12341.07910156  7341.14697266   
0.36800    338731.28125000 191035.87500000 498884.59375000 745.38507080    12556.00781250  7520.39794922   
0.36900    337448.68750000 189928.92187500 496481.46875000 742.17315674    12764.75195312  7694.76074219   
0.37000    336224.03125000 188867.87500000 494183.78125000 738.90045166    12965.83203125  7863.36572266   
0.37100    335103.34375000 187878.59375000 492061.25000000 735.61450195    13161.73535156  8027.85644531   
0.37200    334100.59375000 186971.32812500 490127.12500000 732.31066895    13352.63769531  8188.93701172   
0.37300    333154.25000000 186107.46875000 488297.43750000 728.97564697    13537.07617188  8344.91113281   
0.37400    332302.21875000 185311.09375000 486618.71875000 725.63824463    13716.79003906  8497.39843750   
0.37500    331524.71875000 184563.45312500 485066.96875000 722.28552246    13890.80175781  8645.66015625   
0.37600    330819.15625000 183871.32812500 483646.93750000 718.93280029    14059.05078125  8789.52246094   
0.37700    330158.71875000 183215.17187500 482293.18750000 715.57141113    14221.75781250  8929.33886719   
0.37800    329582.00000000 182613.48437500 481076.15625000 712.22174072    14379.88769531  9065.46972656   
0.37900    329081.03125000 182070.96875000 479993.90625000 708.88647461    14533.60156250  9198.46191406   
0.38000    328612.31250000 181553.04687500 478969.81250000 705.55242920    14681.51171875  9326.96875000   
0.38100    328189.03125000 181068.68750000 478024.84375000 702.23181152    14824.38378906  9451.62402344   
0.38200    327839.06250000 180639.10937500 477208.87500000 698.93829346    14963.57519531  9573.57714844   
0.38300    327515.37500000 180228.06250000 476434.62500000 695.64923096    15097.32812500  9691.41210938   
0.38400    327273.56250000 179874.90625000 475786.93750000 692.40161133    15227.73242188  9806.85937500   
0.38500    327042.18750000 179534.18750000 475171.00000000 689.16894531    15353.18066406  9918.37207031   
0.38600    326893.78125000 179248.43750000 474682.06250000 685.97711182    15475.75488281  10027.79492188  
0.38700    326748.09375000 178969.96875000 474212.59375000 682.80456543    15593.13476562  10133.14355469  
0.38800    326651.81250000 178728.84375000 473822.75000000 679.66357422    15707.37011719  10236.23046875  
0.38900    326591.34375000 178514.85937500 473498.53125000 676.54949951    15817.68554688  10336.14062500  
0.39000    326597.28125000 178346.40625000 473282.06250000 673.48126221    15925.54296875  10434.47363281  
0.39100    326614.21875000 178190.56250000 473085.53125000 670.44128418    16029.68652344  10529.69140625  
0.39200    326682.12500000 178069.73437500 472973.78125000 667.43609619    16130.78808594  10622.71484375  
0.39300    326769.53125000 177962.98437500 472902.43750000 664.45904541    16228.43261719  10713.04199219  
0.39400    326925.65625000 177904.98437500 472939.84375000 661.52880859    16324.32617188  10801.99609375  
0.39500    327072.81250000 177842.40625000 472965.43750000 658.61743164    16416.04492188  10887.85253906  
0.39600    327260.78125000 177814.37500000 473068.96875000 655.73663330    16505.53320312  10971.88574219  
0.39700    327477.06250000 177803.57812500 473215.00000000 652.89733887    16592.42578125  11053.90039062  
0.39800    327746.28125000 177830.17187500 473442.90625000 650.08587646    16677.18750000  11134.39550781  
0.39900    328023.15625000 177864.37500000 473697.78125000 647.29602051    16759.38281250  11212.79785156  
0.40000    328335.50000000 177923.26562500 474000.18750000 644.53570557    16839.45898438  11289.48242188  
0.40100    328667.18750000 177997.31250000 474339.53125000 641.79498291    16916.65039062  11364.01464844  
0.40200    329047.71875000 178105.57812500 474763.93750000 639.08782959    16992.69140625  11437.38867188  
0.40300    329424.96875000 178215.20312500 475187.15625000 636.39306641    17065.50585938  11508.48535156  
0.40400    329849.78125000 178356.34375000 475683.28125000 633.71362305    17137.37890625  11578.48535156  
0.40500    330295.21875000 178509.54687500 476218.06250000 631.05529785    17206.45507812  11646.65039062  
0.40600    330779.75000000 178691.06250000 476818.34375000 628.41760254    17274.70507812  11713.97558594  
0.40700    331273.06250000 178884.20312500 477433.96875000 625.78741455    17340.31250000  11779.08789062  
0.40800    331789.93750000 179087.56250000 478085.21875000 623.15100098    17403.71289062  11842.50488281  
0.40900    332323.62500000 179305.85937500 478771.18750000 620.52410889    17465.24218750  11904.52246094  
0.41000    332907.90625000 179557.92187500 479524.43750000 617.90924072    17525.57617188  11965.59472656  
0.41100    333485.59375000 179809.51562500 480292.71875000 615.29229736    17583.50585938  12024.48046875  
0.41200    334079.96875000 180068.73437500 481078.25000000 612.66015625    17639.10937500  12081.63867188  
0.41300    334711.59375000 180359.67187500 481926.96875000 610.03491211    17693.75781250  12137.82324219  
0.41400    335344.75000000 180647.20312500 482774.15625000 607.39361572    17745.72265625  12192.07617188  
0.41500    336013.09375000 180961.10937500 483687.43750000 604.73980713    17796.23437500  12244.93554688  
0.41600    336658.06250000 181260.84375000 484561.34375000 602.06579590    17843.68359375  12295.37109375  
0.41700    337356.43750000 181593.84375000 485522.93750000 599.38531494    17890.04687500  12345.11035156  
0.41800    338083.00000000 181947.78125000 486530.71875000 596.68957520    17934.93945312  12393.52050781  
0.41900    338758.43750000 182269.15625000 487460.90625000 593.94470215    17975.30078125  12438.41601562  
0.42000    339487.65625000 182627.43750000 488469.15625000 591.19213867    18015.07421875  12482.66894531  
0.42100    340233.37500000 182996.73437500 489519.34375000 588.41650391    18052.79687500  12525.26660156  
0.42200    340981.31250000 183366.14062500 490560.71875000 585.60430908    18088.01953125  12565.80371094  
0.42300    341716.62500000 183725.46875000 491591.21875000 582.75421143    18120.10546875  12603.74218750  
0.42400    342461.31250000 184100.95312500 492641.62500000 579.87567139    18149.80664062  12639.96484375  
0.42500    343213.03125000 184478.00000000 493707.37500000 576.96423340    18177.29101562  12674.28027344  
0.42600    343956.21875000 184844.01562500 494746.46875000 574.00579834    18201.37304688  12705.99609375  
0.42700    344720.81250000 185234.79687500 495832.96875000 571.01843262    18223.74609375  12736.11230469  
0.42800    345463.25000000 185605.01562500 496877.18750000 567.98181152    18242.43554688  12763.42285156  
0.42900    346229.75000000 185995.01562500 497969.71875000 564.92095947    18259.22070312  12789.29199219  
0.43000    346975.40625000 186369.53125000 499025.56250000 561.80657959    18272.31835938  12812.14453125  
0.43100    347682.21875000 186722.23437500 500025.93750000 558.64007568    18281.33398438  12832.13476562  
0.43200    348423.87500000 187098.37500000 501072.75000000 555.44085693    18288.82421875  12850.42871094  
0.43300    349129.84375000 187450.21875000 502072.87500000 552.19299316    18292.19921875  12865.48828125  
0.43400    349836.06250000 187802.28125000 503068.53125000 548.90441895    18292.28710938  12878.19628906  
0.43500    350513.40625000 188136.78125000 504021.90625000 545.56530762    18288.83984375  12887.95703125  
0.43600    351210.96875000 188486.20312500 505007.28125000 542.19720459    18283.24218750  12895.97753906  
0.43700    351853.90625000 188799.90625000 505903.84375000 538.77490234    18272.69335938  12900.39257812  
0.43800    352467.78125000 189099.31250000 506764.06250000 535.30664062    18258.63281250  12901.89062500  
0.43900    353085.37500000 189398.15625000 507624.06250000 531.80285645    18241.09765625  12900.81933594  
0.44000    353674.46875000 189682.43750000 508443.87500000 528.25872803    18220.16015625  12896.85058594  
0.44100    354237.06250000 189948.60937500 509219.56250000 524.67474365    18195.14453125  12889.82910156  
0.44200    354781.15625000 190201.45312500 509964.75000000 521.05212402    18166.62500000  12880.07812500  
0.44300    355294.71875000 190436.29687500 510662.34375000 517.39746094    18134.06054688  12867.30859375  
0.44400    355784.34375000 190656.06250000 511322.34375000 513.70953369    18098.11328125  12851.72656250  
0.44500    356200.00000000 190831.71875000 511872.31250000 509.97232056    18056.89843750  12832.18847656  
0.44600    356603.34375000 190999.45312500 512402.81250000 506.21459961    18012.19335938  12809.93457031  
0.44700    356994.81250000 191159.71875000 512908.12500000 502.43685913    17964.19335938  12785.09960938  
0.44800    357322.81250000 191277.87500000 513311.87500000 498.61798096    17911.64257812  12756.71582031  
0.44900    357639.00000000 191391.81250000 513699.00000000 494.79525757    17855.71679688  12725.84667969  
0.45000    357926.31250000 191481.43750000 514030.43750000 490.94769287    17796.11523438  12692.17871094  
0.45100    358132.59375000 191527.04687500 514244.75000000 487.07412720    17731.22070312  12654.33203125  
0.45200    358323.37500000 191561.32812500 514434.75000000 483.19180298    17663.32421875  12614.23730469  
0.45300    358459.25000000 191559.50000000 514535.09375000 479.29479980    17591.17187500  12570.84277344  
0.45400    358564.21875000 191541.37500000 514582.84375000 475.39083862    17515.33007812  12524.61914062  
0.45500    358628.71875000 191493.62500000 514568.25000000 471.48440552    17435.88281250  12475.70214844  
0.45600    358636.21875000 191410.82812500 514464.00000000 467.56942749    17351.98828125  12423.41503906  
0.45700    358609.06250000 191308.64062500 514306.96875000 463.66284180    17264.94140625  12368.66992188  
0.45800    358525.43750000 191168.48437500 514048.06250000 459.75897217    17174.17382812  12311.04296875  
0.45900    358393.71875000 190999.64062500 513719.75000000 455.86315918    17079.02929688  12250.32617188  
0.46000    358248.43750000 190817.56250000 513367.59375000 451.99032593    16982.05078125  12188.02929688  
0.46100    358003.78125000 190579.20312500 512860.62500000 448.11160278    16879.88867188  12121.74023438  
0.46200    357757.15625000 190335.90625000 512346.46875000 444.26898193    16775.52734375  12053.91601562  
0.46300    357442.84375000 190051.43750000 511718.93750000 440.44183350    16667.54492188  11983.28027344  
0.46400    357072.75000000 189730.48437500 511012.34375000 436.64483643    16556.16992188  11910.00000000  
0.46500    356677.65625000 189394.15625000 510256.93750000 432.87493896    16442.37695312  11834.92480469  
0.46600    356221.84375000 189017.87500000 509401.78125000 429.13717651    16325.03515625  11757.40917969  
0.46700    355698.75000000 188604.35937500 508454.81250000 425.43048096    16204.71777344  11677.46875000  
0.46800    355177.62500000 188187.81250000 507490.34375000 421.77920532    16082.92187500  11596.38574219  
0.46900    354569.71875000 187715.56250000 506394.50000000 418.15765381    15957.22265625  11512.41406250  
0.47000    353919.18750000 187221.57812500 505236.78125000 414.58212280    15829.58984375  11426.93261719  
0.47100    353234.31250000 186702.39062500 504020.50000000 411.06250000    15699.88574219  11339.94042969  
0.47200    352501.40625000 186155.43750000 502723.34375000 407.59027100    15568.04785156  11251.34082031  
0.47300    351737.34375000 185588.71875000 501379.40625000 404.17749023    15434.52246094  11161.49218750  
0.47400    350897.43750000 184973.04687500 499910.68750000 400.81204224    15298.16503906  11069.46191406  
0.47500    350040.75000000 184347.78125000 498412.62500000 397.51602173    15160.80078125  10976.80078125  
0.47600    349156.71875000 183708.40625000 496879.25000000 394.28839111    15022.74902344  10883.57617188  
0.47700    348184.90625000 183011.31250000 495201.28125000 391.11175537    14881.41796875  10787.85449219  
0.47800    347199.43750000 182307.57812500 493497.43750000 388.00955200    14740.06250000  10692.16406250  
0.47900    346195.62500000 181591.10937500 491768.31250000 384.98541260    14598.00585938  10596.06347656  
0.48000    345115.68750000 180832.32812500 489922.12500000 382.02285767    14454.02441406  10498.41210938  
0.48100    344051.06250000 180081.14062500 488095.93750000 379.14660645    14310.63281250  10401.28613281  
0.48200    342887.59375000 179268.01562500 486112.46875000 376.32351685    14164.77636719  10302.13476562  
0.48300    341709.09375000 178448.56250000 484109.00000000 373.59045410    14019.34765625  10203.46582031  
0.48400    340516.18750000 177619.34375000 482079.40625000 370.93450928    13873.90136719  10104.89062500  
0.48500    339281.34375000 176766.34375000 479985.12500000 368.36141968    13728.09277344  10005.90136719  
0.48600    338031.81250000 175907.59375000 477873.87500000 365.86901855    13582.89355469  9907.47753906   
0.48700    336740.65625000 175024.34375000 475695.71875000 363.45843506    13437.32714844  9808.81445312   
0.48800    335404.84375000 174111.78125000 473440.93750000 361.11959839    13291.48730469  9709.87792969   
0.48900    334059.50000000 173196.43750000 471173.15625000 358.87222290    13146.54296875  9611.63964844   
0.49000    332692.93750000 172270.06250000 468883.15625000 356.70593262    13002.58203125  9514.18261719   
0.49100    331318.25000000 171342.93750000 466574.96875000 354.63314819    12859.53808594  9417.60449219   
0.49200    329894.71875000 170385.54687500 464192.37500000 352.63128662    12716.66894531  9320.82910156   
0.49300    328464.00000000 169425.39062500 461804.81250000 350.71893311    12575.24414062  9225.35839844   
0.49400    327011.96875000 168459.31250000 459383.18750000 348.88748169    12434.88671875  9130.70410156   
0.49500    325539.59375000 167478.48437500 456932.81250000 347.13839722    12295.54101562  9036.71386719   
0.49600    324068.81250000 166505.37500000 454490.71875000 345.48135376    12158.22558594  8944.31054688   
0.49700    322561.75000000 165512.60937500 451992.43750000 343.89617920    12021.71191406  8852.58007812   
0.49800    321059.31250000 164524.79687500 449501.96875000 342.39669800    11887.29003906  8762.37402344   
0.49900    319529.31250000 163520.68750000 446968.84375000 340.97232056    11753.87695312  8672.93457031   
0.50000    318003.09375000 162526.96875000 444457.87500000 339.63504028    11622.92871094  8585.38964844   
