# SAXS profile: number of points = 284, q_min = 0.0169308, q_max = 0.275656, delta_q = 0.00091422332155477
# offset = 0.00000000000000, scaling c = 0.000146868639982785, Chi = 1.79027883688561
#  q       exp_intensity   model_intensity
0.01693    361.80500000    343.63215083   
0.01785    357.06000000    341.17366863   
0.01876    348.80300000    338.61139623   
0.01967    346.88000000    335.94826525   
0.02059    345.84200000    333.18785176   
0.02150    345.29800000    330.35639090   
0.02242    340.81900000    327.43396194   
0.02333    334.95400000    324.40238849   
0.02424    332.41600000    321.28794207   
0.02516    329.95900000    318.09464251   
0.02607    326.92100000    314.82583193   
0.02699    323.95000000    311.48526508   
0.02790    321.77500000    308.07207326   
0.02882    314.29100000    304.59685361   
0.02973    307.02600000    301.06348176   
0.03064    301.95300000    297.47564834   
0.03156    300.08200000    293.83828031   
0.03247    297.11000000    290.15516116   
0.03339    291.43500000    286.43026651   
0.03430    287.19600000    282.66722149   
0.03522    284.36900000    278.87106557   
0.03613    278.99500000    275.05011044   
0.03704    274.51200000    271.23169960   
0.03796    269.46500000    267.35739511   
0.03887    265.21900000    263.46481820   
0.03979    261.63200000    259.55948803   
0.04070    255.16500000    255.64512353   
0.04161    251.67500000    251.72539016   
0.04253    246.81500000    247.80378108   
0.04344    244.40800000    243.88342684   
0.04436    238.38400000    239.96880957   
0.04527    234.78200000    236.06285501   
0.04619    230.54000000    232.16862735   
0.04710    227.12300000    228.29234870   
0.04801    226.28500000    224.45963664   
0.04893    222.12900000    220.62175302   
0.04984    217.66000000    216.80882423   
0.05076    210.88800000    213.02349112   
0.05167    204.40600000    209.26761143   
0.05259    201.45300000    205.54477927   
0.05350    200.16900000    201.85696974   
0.05441    196.85200000    198.20636201   
0.05533    194.95300000    194.60349312   
0.05624    190.55000000    191.05149673   
0.05716    185.15500000    187.52453546   
0.05807    182.96500000    184.04247825   
0.05899    176.30400000    180.60793877   
0.05990    172.34900000    177.22558174   
0.06081    170.29100000    173.89359208   
0.06173    168.47700000    170.61272150   
0.06264    164.16700000    167.38414751   
0.06356    161.22800000    164.22078974   
0.06447    157.45100000    161.10913897   
0.06538    155.30100000    158.04228075   
0.06630    153.70600000    155.03089161   
0.06721    150.26900000    152.07546903   
0.06813    147.97900000    149.17618542   
0.06904    145.73300000    146.33410014   
0.06996    141.77600000    143.55197333   
0.07087    136.37000000    140.84688571   
0.07178    134.83500000    138.18368143   
0.07270    132.48500000    135.57528071   
0.07361    131.17100000    133.02363275   
0.07453    129.61400000    130.52844255   
0.07544    126.13200000    128.08934324   
0.07636    123.45500000    125.71187156   
0.07727    122.22000000    123.39481750   
0.07818    121.09200000    121.12078256   
0.07910    116.51800000    118.90063963   
0.08001    113.65900000    116.73365521   
0.08093    110.96600000    114.62393538   
0.08184    108.80500000    112.57952778   
0.08275    106.66800000    110.57468596   
0.08367    104.73500000    108.61700450   
0.08458    104.54600000    106.70772808   
0.08550    103.63500000    104.84630129   
0.08641    102.36300000    103.03145110   
0.08733    100.52900000    101.26661487   
0.08824    99.36390000     99.55103202    
0.08915    96.87570000     97.86905843    
0.09007    94.60390000     96.22950857    
0.09098    94.94220000     94.63171796    
0.09190    93.77360000     93.07691643    
0.09281    91.33020000     91.57100050    
0.09373    87.71390000     90.09427525    
0.09464    86.62820000     88.65124609    
0.09555    86.25080000     87.24327152    
0.09647    86.84460000     85.87478005    
0.09738    84.24690000     84.53958972    
0.09830    83.31250000     83.22972793    
0.09921    83.92900000     81.95033555    
0.10013    82.28970000     80.70021828    
0.10104    80.26340000     79.47907065    
0.10195    78.46360000     78.29638398    
0.10287    76.34970000     77.12991713    
0.10378    74.55540000     75.98918192    
0.10470    73.77610000     74.87255085    
0.10561    74.08590000     73.78509890    
0.10652    73.55140000     72.71622213    
0.10744    73.60370000     71.66571985    
0.10835    70.94100000     70.63552655    
0.10927    70.03220000     69.62735196    
0.11018    69.34000000     68.64234682    
0.11110    68.48480000     67.66700134    
0.11201    66.72440000     66.70988636    
0.11292    66.57150000     65.77057010    
0.11384    66.17180000     64.85483883    
0.11475    64.92640000     63.94671413    
0.11567    64.61360000     63.05248616    
0.11658    63.17670000     62.17207359    
0.11750    62.25820000     61.30903754    
0.11841    60.17690000     60.45866063    
0.11932    58.98400000     59.61515879    
0.12024    57.99300000     58.78432727    
0.12115    57.48660000     57.96619700    
0.12207    56.83510000     57.16439068    
0.12298    57.24180000     56.36558921    
0.12390    56.62800000     55.57843765    
0.12481    54.85370000     54.80106363    
0.12572    53.44340000     54.03880005    
0.12664    51.85020000     53.28217743    
0.12755    51.71580000     52.53144950    
0.12847    51.92360000     51.79365804    
0.12938    51.98290000     51.06482412    
0.13029    51.69850000     50.34025940    
0.13121    50.11280000     49.62292603    
0.13212    48.86830000     48.91518926    
0.13304    48.36960000     48.22055157    
0.13395    47.60360000     47.52778552    
0.13487    46.81720000     46.84283599    
0.13578    47.38350000     46.16971809    
0.13669    46.77120000     45.50089728    
0.13761    45.21780000     44.83780010    
0.13852    43.63440000     44.18517117    
0.13944    42.61360000     43.53863898    
0.14035    41.93680000     42.89681271    
0.14127    42.58510000     42.26360201    
0.14218    42.49790000     41.64017754    
0.14309    42.75090000     41.01916230    
0.14401    41.59450000     40.40429177    
0.14492    41.08820000     39.79776768    
0.14584    39.35310000     39.20285875    
0.14675    37.70570000     38.61094303    
0.14766    38.31020000     38.02422408    
0.14858    38.60670000     37.44800804    
0.14949    36.93510000     36.87773041    
0.15041    36.04130000     36.31196978    
0.15132    35.87720000     35.75467269    
0.15224    34.72210000     35.20547010    
0.15315    34.19990000     34.66002626    
0.15406    34.11690000     34.12154548    
0.15498    33.47940000     33.59428800    
0.15589    32.41760000     33.06917101    
0.15681    32.04410000     32.55523784    
0.15772    32.21030000     32.04491100    
0.15863    32.10400000     31.54039902    
0.15955    31.27980000     31.04503524    
0.16046    30.68540000     30.55540534    
0.16138    30.15850000     30.07098603    
0.16229    29.67540000     29.59439838    
0.16321    28.97380000     29.12617264    
0.16412    28.63930000     28.66106056    
0.16503    28.14540000     28.20320363    
0.16595    27.77820000     27.75593950    
0.16686    27.95290000     27.31181938    
0.16778    27.15170000     26.87699416    
0.16869    26.34980000     26.44619164    
0.16961    26.03850000     26.02142819    
0.17052    25.38330000     25.60497484    
0.17143    24.92330000     25.19478880    
0.17235    24.75660000     24.78879651    
0.17326    24.31950000     24.39055609    
0.17418    23.74060000     24.00031226    
0.17509    23.42780000     23.61406059    
0.17600    23.39580000     23.23669515    
0.17692    22.44290000     22.86286204    
0.17783    22.38760000     22.49561453    
0.17875    22.57610000     22.13688119    
0.17966    21.84130000     21.78276021    
0.18058    21.22890000     21.43541908    
0.18149    20.48350000     21.09392530    
0.18241    20.49150000     20.75713057    
0.18332    20.40580000     20.42735395    
0.18423    19.99300000     20.10452401    
0.18515    20.02940000     19.78576475    
0.18606    18.95160000     19.47515802    
0.18698    18.88410000     19.16818606    
0.18789    19.38670000     18.86744742    
0.18881    19.22390000     18.57437614    
0.18972    18.49320000     18.28554942    
0.19063    18.54680000     18.00368361    
0.19155    18.44500000     17.72670152    
0.19246    17.72950000     17.45549359    
0.19338    17.83040000     17.18979677    
0.19429    17.68620000     16.92851131    
0.19520    16.82280000     16.67315556    
0.19612    17.01100000     16.42455724    
0.19703    16.68840000     16.17925133    
0.19795    16.77300000     15.94186158    
0.19886    16.49140000     15.70801143    
0.19978    16.15050000     15.48080729    
0.20069    15.66260000     15.25759521    
0.20160    15.05290000     15.03990605    
0.20252    15.45460000     14.82700512    
0.20343    15.27220000     14.61825493    
0.20435    14.36030000     14.41503954    
0.20526    13.91970000     14.21693053    
0.20617    13.94150000     14.02274991    
0.20709    13.90430000     13.83447799    
0.20800    14.28510000     13.64917340    
0.20892    13.78070000     13.47061944    
0.20983    13.94060000     13.29457931    
0.21075    13.76020000     13.12416734    
0.21166    13.62600000     12.95711211    
0.21257    13.62730000     12.79467827    
0.21349    13.08180000     12.63582932    
0.21440    12.65020000     12.48105624    
0.21532    12.23450000     12.33042757    
0.21623    12.05420000     12.18285032    
0.21715    11.83000000     12.03979637    
0.21806    11.97590000     11.89894680    
0.21897    12.12160000     11.76302915    
0.21989    11.69540000     11.62931267    
0.22080    11.40320000     11.50000909    
0.22172    10.52020000     11.37275498    
0.22263    11.03540000     11.24916244    
0.22354    11.53130000     11.12800003    
0.22446    11.95840000     11.00978337    
0.22537    11.59280000     10.89434876    
0.22629    10.89840000     10.78087695    
0.22720    10.62980000     10.67059143    
0.22812    10.63370000     10.56180740    
0.22903    10.34800000     10.45612380    
0.22995    10.35290000     10.35155593    
0.23086    10.69420000     10.25019565    
0.23177    10.05320000     10.14974643    
0.23269    9.75712000      10.05171658    
0.23360    9.96452000      9.95493346     
0.23452    10.22140000     9.85977145     
0.23543    9.44194000      9.76613775     
0.23634    9.86478000      9.67374235     
0.23726    9.93566000      9.58293958     
0.23817    9.69597000      9.49265067     
0.23909    9.31228000      9.40425284     
0.24000    8.60596000      9.31594472     
0.24091    8.20984000      9.22975197     
0.24183    8.79845000      9.14340190     
0.24274    8.44475000      9.05838666     
0.24366    8.46352000      8.97433745     
0.24457    8.24291000      8.89029870     
0.24549    8.59035000      8.80694056     
0.24640    8.78768000      8.72401466     
0.24732    8.02227000      8.64142125     
0.24823    7.91117000      8.55957441     
0.24914    8.30139000      8.47746472     
0.25006    8.94723000      8.39642207     
0.25097    8.61654000      8.31458574     
0.25189    8.37016000      8.23411044     
0.25280    8.37015000      8.15372403     
0.25371    8.36377000      8.07281318     
0.25463    7.95379000      7.99231264     
0.25554    7.65600000      7.91182455     
0.25646    7.85558000      7.83149735     
0.25737    7.59103000      7.75131548     
0.25828    7.42664000      7.67100721     
0.25920    7.88631000      7.59122487     
0.26011    7.62104000      7.51152543     
0.26103    7.37913000      7.43118614     
0.26194    7.05597000      7.35176571     
0.26286    6.84385000      7.27159912     
0.26377    6.84504000      7.19221542     
0.26469    7.17471000      7.11257332     
0.26560    7.12695000      7.03334586     
0.26651    6.89875000      6.95453579     
0.26743    6.75126000      6.87555183     
0.26834    6.82993000      6.79677062     
0.26926    6.83383000      6.71846521     
0.27017    6.74498000      6.64012262     
0.27109    6.88890000      6.56246844     
0.27200    7.16406000      6.48539494     
0.27291    6.59530000      6.40805357     
0.27383    5.83110000      6.33158592     
0.27474    5.99522000      6.25533846     
0.27566    5.84290000      6.17970504     
