# SAXS profile: number of points = 284, q_min = 0.0169307999312878, q_max = 0.275656014680862, delta_q = 0.000914223373673409
# offset = 0.00000000000000, scaling c = 7.36657090733268e-05, Chi = 1.76713118810888
#  q       exp_intensity   model_intensity
0.01693    361.80499268    360.96632074    10.37610  
0.01785    357.05999756    357.97184650    4.46218   
0.01876    348.80300903    354.73534357    3.26241   
0.01967    346.88000488    351.46712755    7.84288   
0.02059    345.84201050    348.10590858    3.39995   
0.02150    345.29800415    344.65717474    3.09733   
0.02242    340.81900024    341.10652440    3.01288   
0.02333    334.95401001    337.37594556    2.89956   
0.02424    332.41598511    333.50882733    6.22357   
0.02516    329.95901489    329.65537409    2.77980   
0.02607    326.92098999    325.75068634    2.39119   
0.02699    323.95001221    321.61995537    2.34006   
0.02790    321.77499390    317.56421609    2.30188   
0.02882    314.29098511    313.42656055    2.19010   
0.02973    307.02600098    309.21837008    2.12048   
0.03064    301.95300293    304.93437761    2.05161   
0.03156    300.08200073    300.65594689    2.01308   
0.03247    297.10998535    296.29963310    2.02542   
0.03339    291.43499756    291.88320809    1.95694   
0.03430    287.19601440    287.51709677    1.97224   
0.03522    284.36898804    283.15630779    1.97516   
0.03613    278.99499512    278.73538917    1.95807   
0.03704    274.51199341    274.20283017    1.91899   
0.03796    269.46499634    269.77054862    1.90407   
0.03887    265.21899414    265.33311047    1.91432   
0.03979    261.63198853    260.81384814    1.89919   
0.04070    255.16499329    256.35215555    1.83930   
0.04161    251.67500305    251.90145757    1.78070   
0.04253    246.81500244    247.55042930    1.75665   
0.04344    244.40800476    243.20208982    1.68749   
0.04436    238.38400269    238.82478131    1.62966   
0.04527    234.78199768    234.55397499    1.58885   
0.04619    230.53999329    230.33154863    1.57988   
0.04710    227.12300110    226.01206770    1.55868   
0.04801    226.28500366    221.78420849    1.54284   
0.04893    222.12899780    217.58509732    1.53342   
0.04984    217.66000366    213.56525166    1.56162   
0.05076    210.88800049    209.47487108    1.56527   
0.05167    204.40600586    205.42202318    1.60342   
0.05259    201.45300293    201.43576908    1.60087   
0.05350    200.16900635    197.50063899    1.57914   
0.05441    196.85200500    193.66670716    1.57719   
0.05533    194.95300293    189.93826463    1.54894   
0.05624    190.55000305    186.22376333    1.51377   
0.05716    185.15499878    182.56055178    1.47989   
0.05807    182.96499634    179.08430380    1.44903   
0.05898    176.30400085    175.54927059    1.43482   
0.05990    172.34899902    172.09635622    1.39989   
0.06081    170.29100037    168.77913409    1.41870   
0.06173    168.47700500    165.52927926    1.18772   
0.06264    164.16700745    162.29010595    1.17141   
0.06356    161.22799683    159.13592445    1.18020   
0.06447    157.45100403    156.04332748    1.15296   
0.06538    155.30099487    153.03159705    1.16479   
0.06630    153.70599365    150.13343151    1.16084   
0.06721    150.26899719    147.26843397    1.15101   
0.06813    147.97900391    144.43528763    1.14387   
0.06904    145.73300171    141.77963882    1.14232   
0.06996    141.77600098    139.12458854    1.14013   
0.07087    136.36999512    136.52212637    1.12073   
0.07178    134.83500671    134.04391062    1.10211   
0.07270    132.48500061    131.60925894    1.10275   
0.07361    131.17100525    129.21503131    1.10308   
0.07453    129.61399841    126.87154094    1.10416   
0.07544    126.13200378    124.61535365    1.11374   
0.07636    123.45500183    122.42710455    1.08857   
0.07727    122.22000122    120.26792578    1.09413   
0.07818    121.09200287    118.19558047    1.09127   
0.07910    116.51799774    116.20068545    1.11915   
0.08001    113.65899658    114.25312985    0.77079   
0.08093    110.96600342    112.31039014    0.76387   
0.08184    108.80500031    110.45811193    0.75297   
0.08275    106.66799927    108.67224335    0.74680   
0.08367    104.73500061    106.89957935    0.73918   
0.08458    104.54599762    105.15920856    0.73499   
0.08550    103.63500214    103.49174840    0.72940   
0.08641    102.36299896    101.85907687    0.72836   
0.08733    100.52899933    100.24401145    0.72278   
0.08824    99.36389923     98.68928745     0.71121   
0.08915    96.87570190     97.16378112     0.70586   
0.09007    94.60389709     95.70845979     0.70086   
0.09098    94.94219971     94.21319322     0.69367   
0.09190    93.77359772     92.81460370     0.69953   
0.09281    91.33020020     91.47944034     0.69937   
0.09373    87.71389771     90.11368730     0.69324   
0.09464    86.62819672     88.79448179     0.68775   
0.09555    86.25080109     87.50625270     0.68606   
0.09647    86.84459686     86.23958925     0.69176   
0.09738    84.24690247     85.01334065     0.69036   
0.09830    83.31250000     83.81070191     0.68259   
0.09921    83.92900085     82.60531912     0.66691   
0.10012    82.28970337     81.43394226     0.66457   
0.10104    80.26339722     80.28635943     0.64862   
0.10195    78.46360016     79.16465167     0.64658   
0.10287    76.34970093     78.08218933     0.64820   
0.10378    74.55539703     76.98478666     0.65468   
0.10470    73.77610016     75.89474595     0.65542   
0.10561    74.08589935     74.83918080     0.66872   
0.10652    73.55139923     73.81408562     0.66631   
0.10744    73.60369873     72.79152271     0.66299   
0.10835    70.94100189     71.77642305     0.65524   
0.10927    70.03220367     70.77708325     0.65006   
0.11018    69.33999634     69.80034961     0.63775   
0.11110    68.48480225     68.84422396     0.62656   
0.11201    66.72440338     67.88176766     0.62281   
0.11292    66.57150269     66.94374075     0.61442   
0.11384    66.17179871     66.01990369     0.61331   
0.11475    64.92639923     65.09037596     0.60625   
0.11567    64.61360168     64.18030519     0.60642   
0.11658    63.17670059     63.28559371     0.60659   
0.11750    62.25820160     62.40424796     0.60280   
0.11841    60.17689896     61.53456902     0.60021   
0.11932    58.98400116     60.67497307     0.59731   
0.12024    57.99300003     59.81612298     0.59240   
0.12115    57.48659897     58.98837364     0.58828   
0.12207    56.83509827     58.13212487     0.57740   
0.12298    57.24179840     57.30603761     0.58361   
0.12389    56.62799835     56.51362479     0.57768   
0.12481    54.85369873     55.71166304     0.57483   
0.12572    53.44340134     54.88395053     0.56750   
0.12664    51.85020065     54.09783152     0.56296   
0.12755    51.71580124     53.33024865     0.56671   
0.12847    51.92359924     52.56290058     0.56261   
0.12938    51.98289871     51.79868791     0.56050   
0.13029    51.69850159     51.05048372     0.55789   
0.13121    50.11280060     50.29990381     0.55703   
0.13212    48.86830139     49.57152030     0.55171   
0.13304    48.36959839     48.85686163     0.54653   
0.13395    47.60359955     48.11630486     0.54432   
0.13487    46.81719971     47.42688591     0.54066   
0.13578    47.38349915     46.72342903     0.53845   
0.13669    46.77119827     46.03401468     0.54490   
0.13761    45.21780014     45.36952696     0.54504   
0.13852    43.63439941     44.70434403     0.54416   
0.13944    42.61360168     44.03333689     0.54734   
0.14035    41.93679810     43.37190170     0.54864   
0.14127    42.58509827     42.73007079     0.54237   
0.14218    42.49789810     42.08684945     0.53996   
0.14309    42.75090027     41.45125711     0.54053   
0.14401    41.59450150     40.84858873     0.53748   
0.14492    41.08819962     40.22517886     0.53466   
0.14584    39.35309982     39.61675074     0.53104   
0.14675    37.70569992     39.02191856     0.53426   
0.14766    38.31019974     38.42410061     0.53535   
0.14858    38.60670090     37.85086399     0.52929   
0.14949    36.93510056     37.28713025     0.52751   
0.15041    36.04130173     36.72375792     0.55471   
0.15132    35.87720108     36.16722270     0.45986   
0.15224    34.72209930     35.61362720     0.45959   
0.15315    34.19990158     35.06732690     0.45522   
0.15406    34.11690140     34.55118811     0.45727   
0.15498    33.47940063     34.02589175     0.44969   
0.15589    32.41759872     33.50214698     0.45123   
0.15681    32.04410172     32.99635592     0.44592   
0.15772    32.21030045     32.49213025     0.43936   
0.15864    32.10400009     31.98898425     0.43678   
0.15955    31.27980042     31.48853626     0.43148   
0.16046    30.68540001     31.00672339     0.42933   
0.16138    30.15850067     30.53425685     0.42531   
0.16229    29.67539978     30.06097309     0.42240   
0.16321    28.97380066     29.60180321     0.42331   
0.16412    28.63929939     29.14734104     0.41962   
0.16503    28.14539909     28.68713524     0.42048   
0.16595    27.77820015     28.24107095     0.42387   
0.16686    27.95289993     27.80510808     0.42324   
0.16778    27.15169907     27.37546204     0.42227   
0.16869    26.34980011     26.95791559     0.42459   
0.16961    26.03849983     26.54104364     0.42546   
0.17052    25.38330078     26.12992913     0.42741   
0.17143    24.92329979     25.72055728     0.42686   
0.17235    24.75659943     25.31865328     0.42261   
0.17326    24.31949997     24.92834013     0.41658   
0.17418    23.74060059     24.53842983     0.41150   
0.17509    23.42779922     24.15836542     0.41050   
0.17601    23.39579964     23.78407686     0.40734   
0.17692    22.44289970     23.40895725     0.40664   
0.17783    22.38759995     23.04093949     0.40473   
0.17875    22.57609940     22.68342369     0.40287   
0.17966    21.84129906     22.33013215     0.40544   
0.18058    21.22890091     21.98290883     0.42270   
0.18149    20.48349953     21.63671223     0.39210   
0.18240    20.49150085     21.30064236     0.39480   
0.18332    20.40579987     20.97757909     0.39377   
0.18423    19.99300003     20.65078649     0.39429   
0.18515    20.02939987     20.32674946     0.39596   
0.18606    18.95159912     20.02050039     0.39246   
0.18698    18.88409996     19.71299670     0.39182   
0.18789    19.38669968     19.40977482     0.38543   
0.18880    19.22389984     19.11035479     0.38211   
0.18972    18.49320030     18.81923597     0.38310   
0.19063    18.54680061     18.53300440     0.37989   
0.19155    18.44499969     18.25119854     0.37506   
0.19246    17.72949982     17.97391735     0.37388   
0.19338    17.83040047     17.69828674     0.37554   
0.19429    17.68619919     17.42933094     0.37568   
0.19520    16.82279968     17.17004951     0.37597   
0.19612    17.01099968     16.91194098     0.37496   
0.19703    16.68840027     16.66344237     0.37831   
0.19795    16.77300072     16.41929350     0.38361   
0.19886    16.49139977     16.17033908     0.38019   
0.19977    16.15049934     15.93105214     0.37805   
0.20069    15.66259956     15.69953348     0.37914   
0.20160    15.05290031     15.46729657     0.37786   
0.20252    15.45460033     15.24328376     0.37740   
0.20343    15.27219963     15.02449545     0.37398   
0.20435    14.36030006     14.80642653     0.37295   
0.20526    13.91969967     14.59707319     0.37123   
0.20617    13.94149971     14.38866945     0.37092   
0.20709    13.90429974     14.18731920     0.36579   
0.20800    14.28509998     13.97951859     0.36445   
0.20892    13.78069973     13.78531391     0.36522   
0.20983    13.94060040     13.59109887     0.36898   
0.21075    13.76019955     13.40451399     0.36741   
0.21166    13.62600040     13.21607250     0.36776   
0.21257    13.62730026     13.03154681     0.36768   
0.21349    13.08180046     12.85306631     0.36841   
0.21440    12.65019989     12.67574949     0.36849   
0.21532    12.23449993     12.49982427     0.36755   
0.21623    12.05420017     12.32851927     0.36696   
0.21714    11.82999992     12.16169866     0.36327   
0.21806    11.97589970     11.99738039     0.36062   
0.21897    12.12160015     11.83733013     0.35902   
0.21989    11.69540024     11.67308553     0.36926   
0.22080    11.40320015     11.51879385     0.39548   
0.22172    10.52019978     11.36142893     0.37015   
0.22263    11.03540039     11.20935528     0.36019   
0.22354    11.53129959     11.05979317     0.35840   
0.22446    11.95839977     10.91244564     0.36044   
0.22537    11.59280014     10.76910253     0.36195   
0.22629    10.89840031     10.62584805     0.36178   
0.22720    10.62979984     10.48171879     0.36024   
0.22812    10.63370037     10.34287619     0.35862   
0.22903    10.34799957     10.20498665     0.35989   
0.22995    10.35289955     10.07388240     0.36016   
0.23086    10.69419956     9.94163058      0.35741   
0.23177    10.05319977     9.80892066      0.35864   
0.23269    9.75712013      9.68342652      0.35621   
0.23360    9.96452045      9.55440794      0.35473   
0.23452    10.22140026     9.42757688      0.37161   
0.23543    9.44194031      9.30541381      0.35207   
0.23634    9.86478043      9.18318168      0.33329   
0.23726    9.93566036      9.06138809      0.32195   
0.23817    9.69596958      8.94456751      0.31758   
0.23909    9.31227970      8.82412350      0.31884   
0.24000    8.60595989      8.70888156      0.31813   
0.24092    8.20983982      8.59078449      0.31922   
0.24183    8.79845047      8.48213218      0.32170   
0.24274    8.44474983      8.37022188      0.32110   
0.24366    8.46352005      8.26321093      0.32344   
0.24457    8.24291039      8.15395374      0.32992   
0.24549    8.59035015      8.04433975      0.32827   
0.24640    8.78767967      7.93815005      0.32892   
0.24732    8.02227020      7.83556652      0.32294   
0.24823    7.91117001      7.73538403      0.31923   
0.24914    8.30138969      7.63155912      0.31591   
0.25006    8.94723034      7.53378574      0.31256   
0.25097    8.61653996      7.43472550      0.31123   
0.25189    8.37016010      7.33832241      0.30966   
0.25280    8.37014961      7.24325163      0.30908   
0.25371    8.36376953      7.14943778      0.30674   
0.25463    7.95379019      7.05773260      0.30677   
0.25554    7.65600014      6.96687573      0.30767   
0.25646    7.85557985      6.87689307      0.30856   
0.25737    7.59103012      6.78759584      0.31289   
0.25828    7.42664003      6.70063232      0.31153   
0.25920    7.88631010      6.61663615      0.31426   
0.26011    7.62103987      6.53078797      0.31761   
0.26103    7.37912989      6.44373985      0.31717   
0.26194    7.05597019      6.36441339      0.31224   
0.26286    6.84385014      6.28369419      0.31203   
0.26377    6.84503984      6.20242998      0.31121   
0.26469    7.17470980      6.12398348      0.30722   
0.26560    7.12694979      6.04581611      0.30607   
0.26651    6.89874983      5.96865876      0.30417   
0.26743    6.75125980      5.89330622      0.30327   
0.26834    6.82992983      5.81904370      0.30363   
0.26926    6.83382988      5.74674369      0.30035   
0.27017    6.74497986      5.67499847      0.29879   
0.27108    6.88889980      5.60324634      0.30080   
0.27200    7.16406012      5.53339226      0.30317   
0.27291    6.59530020      5.46125856      0.30501   
0.27383    5.83109999      5.39471426      0.30574   
0.27474    5.99522018      5.32750696      0.31002   
0.27566    5.84289980      5.26091143      0.31291   
